-10
-9.97998
-9.95996
-9.93994
-9.91992
-9.8999
-9.87988
-9.85986
-9.83984
-9.81982
-9.7998
-9.77978
-9.75976
-9.73974
-9.71972
-9.6997
-9.67968
-9.65966
-9.63964
-9.61962
-9.5996
-9.57958
-9.55956
-9.53954
-9.51952
-9.4995
-9.47948
-9.45946
-9.43944
-9.41942
-9.3994
-9.37938
-9.35936
-9.33934
-9.31932
-9.2993
-9.27928
-9.25926
-9.23924
-9.21922
-9.1992
-9.17918
-9.15916
-9.13914
-9.11912
-9.0991
-9.07908
-9.05906
-9.03904
-9.01902
-8.999
-8.97898
-8.95896
-8.93894
-8.91892
-8.8989
-8.87888
-8.85886
-8.83884
-8.81882
-8.7988
-8.77878
-8.75876
-8.73874
-8.71872
-8.6987
-8.67868
-8.65866
-8.63864
-8.61862
-8.5986
-8.57858
-8.55856
-8.53854
-8.51852
-8.4985
-8.47848
-8.45846
-8.43844
-8.41842
-8.3984
-8.37838
-8.35836
-8.33834
-8.31832
-8.2983
-8.27828
-8.25826
-8.23824
-8.21822
-8.1982
-8.17818
-8.15816
-8.13814
-8.11812
-8.0981
-8.07808
-8.05806
-8.03804
-8.01802
-7.998
-7.97798
-7.95796
-7.93794
-7.91792
-7.8979
-7.87788
-7.85786
-7.83784
-7.81782
-7.7978
-7.77778
-7.75776
-7.73774
-7.71772
-7.6977
-7.67768
-7.65766
-7.63764
-7.61762
-7.5976
-7.57758
-7.55756
-7.53754
-7.51752
-7.4975
-7.47748
-7.45746
-7.43744
-7.41742
-7.3974
-7.37738
-7.35736
-7.33734
-7.31732
-7.2973
-7.27728
-7.25726
-7.23724
-7.21722
-7.1972
-7.17718
-7.15716
-7.13714
-7.11712
-7.0971
-7.07708
-7.05706
-7.03704
-7.01702
-6.997
-6.97698
-6.95696
-6.93694
-6.91692
-6.8969
-6.87688
-6.85686
-6.83684
-6.81682
-6.7968
-6.77678
-6.75676
-6.73674
-6.71672
-6.6967
-6.67668
-6.65666
-6.63664
-6.61662
-6.5966
-6.57658
-6.55656
-6.53654
-6.51652
-6.4965
-6.47648
-6.45646
-6.43644
-6.41642
-6.3964
-6.37638
-6.35636
-6.33634
-6.31632
-6.2963
-6.27628
-6.25626
-6.23624
-6.21622
-6.1962
-6.17618
-6.15616
-6.13614
-6.11612
-6.0961
-6.07608
-6.05606
-6.03604
-6.01602
-5.996
-5.97598
-5.95596
-5.93594
-5.91592
-5.8959
-5.87588
-5.85586
-5.83584
-5.81582
-5.7958
-5.77578
-5.75576
-5.73574
-5.71572
-5.6957
-5.67568
-5.65566
-5.63564
-5.61562
-5.5956
-5.57558
-5.55556
-5.53554
-5.51552
-5.4955
-5.47548
-5.45546
-5.43544
-5.41542
-5.3954
-5.37538
-5.35536
-5.33534
-5.31532
-5.2953
-5.27528
-5.25526
-5.23524
-5.21522
-5.1952
-5.17518
-5.15516
-5.13514
-5.11512
-5.0951
-5.07508
-5.05506
-5.03504
-5.01502
-4.99499
-4.97497
-4.95495
-4.93493
-4.91491
-4.89489
-4.87487
-4.85485
-4.83483
-4.81481
-4.79479
-4.77477
-4.75475
-4.73473
-4.71471
-4.69469
-4.67467
-4.65465
-4.63463
-4.61461
-4.59459
-4.57457
-4.55455
-4.53453
-4.51451
-4.49449
-4.47447
-4.45445
-4.43443
-4.41441
-4.39439
-4.37437
-4.35435
-4.33433
-4.31431
-4.29429
-4.27427
-4.25425
-4.23423
-4.21421
-4.19419
-4.17417
-4.15415
-4.13413
-4.11411
-4.09409
-4.07407
-4.05405
-4.03403
-4.01401
-3.99399
-3.97397
-3.95395
-3.93393
-3.91391
-3.89389
-3.87387
-3.85385
-3.83383
-3.81381
-3.79379
-3.77377
-3.75375
-3.73373
-3.71371
-3.69369
-3.67367
-3.65365
-3.63363
-3.61361
-3.59359
-3.57357
-3.55355
-3.53353
-3.51351
-3.49349
-3.47347
-3.45345
-3.43343
-3.41341
-3.39339
-3.37337
-3.35335
-3.33333
-3.31331
-3.29329
-3.27327
-3.25325
-3.23323
-3.21321
-3.19319
-3.17317
-3.15315
-3.13313
-3.11311
-3.09309
-3.07307
-3.05305
-3.03303
-3.01301
-2.99299
-2.97297
-2.95295
-2.93293
-2.91291
-2.89289
-2.87287
-2.85285
-2.83283
-2.81281
-2.79279
-2.77277
-2.75275
-2.73273
-2.71271
-2.69269
-2.67267
-2.65265
-2.63263
-2.61261
-2.59259
-2.57257
-2.55255
-2.53253
-2.51251
-2.49249
-2.47247
-2.45245
-2.43243
-2.41241
-2.39239
-2.37237
-2.35235
-2.33233
-2.31231
-2.29229
-2.27227
-2.25225
-2.23223
-2.21221
-2.19219
-2.17217
-2.15215
-2.13213
-2.11211
-2.09209
-2.07207
-2.05205
-2.03203
-2.01201
-1.99199
-1.97197
-1.95195
-1.93193
-1.91191
-1.89189
-1.87187
-1.85185
-1.83183
-1.81181
-1.79179
-1.77177
-1.75175
-1.73173
-1.71171
-1.69169
-1.67167
-1.65165
-1.63163
-1.61161
-1.59159
-1.57157
-1.55155
-1.53153
-1.51151
-1.49149
-1.47147
-1.45145
-1.43143
-1.41141
-1.39139
-1.37137
-1.35135
-1.33133
-1.31131
-1.29129
-1.27127
-1.25125
-1.23123
-1.21121
-1.19119
-1.17117
-1.15115
-1.13113
-1.11111
-1.09109
-1.07107
-1.05105
-1.03103
-1.01101
-0.990991
-0.970971
-0.950951
-0.930931
-0.910911
-0.890891
-0.870871
-0.850851
-0.830831
-0.810811
-0.790791
-0.770771
-0.750751
-0.730731
-0.710711
-0.690691
-0.670671
-0.650651
-0.630631
-0.610611
-0.590591
-0.570571
-0.550551
-0.530531
-0.510511
-0.49049
-0.47047
-0.45045
-0.43043
-0.41041
-0.39039
-0.37037
-0.35035
-0.33033
-0.31031
-0.29029
-0.27027
-0.25025
-0.23023
-0.21021
-0.19019
-0.17017
-0.15015
-0.13013
-0.11011
-0.0900901
-0.0700701
-0.0500501
-0.03003
-0.01001
0.01001
0.03003
0.0500501
0.0700701
0.0900901
0.11011
0.13013
0.15015
0.17017
0.19019
0.21021
0.23023
0.25025
0.27027
0.29029
0.31031
0.33033
0.35035
0.37037
0.39039
0.41041
0.43043
0.45045
0.47047
0.49049
0.510511
0.530531
0.550551
0.570571
0.590591
0.610611
0.630631
0.650651
0.670671
0.690691
0.710711
0.730731
0.750751
0.770771
0.790791
0.810811
0.830831
0.850851
0.870871
0.890891
0.910911
0.930931
0.950951
0.970971
0.990991
1.01101
1.03103
1.05105
1.07107
1.09109
1.11111
1.13113
1.15115
1.17117
1.19119
1.21121
1.23123
1.25125
1.27127
1.29129
1.31131
1.33133
1.35135
1.37137
1.39139
1.41141
1.43143
1.45145
1.47147
1.49149
1.51151
1.53153
1.55155
1.57157
1.59159
1.61161
1.63163
1.65165
1.67167
1.69169
1.71171
1.73173
1.75175
1.77177
1.79179
1.81181
1.83183
1.85185
1.87187
1.89189
1.91191
1.93193
1.95195
1.97197
1.99199
2.01201
2.03203
2.05205
2.07207
2.09209
2.11211
2.13213
2.15215
2.17217
2.19219
2.21221
2.23223
2.25225
2.27227
2.29229
2.31231
2.33233
2.35235
2.37237
2.39239
2.41241
2.43243
2.45245
2.47247
2.49249
2.51251
2.53253
2.55255
2.57257
2.59259
2.61261
2.63263
2.65265
2.67267
2.69269
2.71271
2.73273
2.75275
2.77277
2.79279
2.81281
2.83283
2.85285
2.87287
2.89289
2.91291
2.93293
2.95295
2.97297
2.99299
3.01301
3.03303
3.05305
3.07307
3.09309
3.11311
3.13313
3.15315
3.17317
3.19319
3.21321
3.23323
3.25325
3.27327
3.29329
3.31331
3.33333
3.35335
3.37337
3.39339
3.41341
3.43343
3.45345
3.47347
3.49349
3.51351
3.53353
3.55355
3.57357
3.59359
3.61361
3.63363
3.65365
3.67367
3.69369
3.71371
3.73373
3.75375
3.77377
3.79379
3.81381
3.83383
3.85385
3.87387
3.89389
3.91391
3.93393
3.95395
3.97397
3.99399
4.01401
4.03403
4.05405
4.07407
4.09409
4.11411
4.13413
4.15415
4.17417
4.19419
4.21421
4.23423
4.25425
4.27427
4.29429
4.31431
4.33433
4.35435
4.37437
4.39439
4.41441
4.43443
4.45445
4.47447
4.49449
4.51451
4.53453
4.55455
4.57457
4.59459
4.61461
4.63463
4.65465
4.67467
4.69469
4.71471
4.73473
4.75475
4.77477
4.79479
4.81481
4.83483
4.85485
4.87487
4.89489
4.91491
4.93493
4.95495
4.97497
4.99499
5.01502
5.03504
5.05506
5.07508
5.0951
5.11512
5.13514
5.15516
5.17518
5.1952
5.21522
5.23524
5.25526
5.27528
5.2953
5.31532
5.33534
5.35536
5.37538
5.3954
5.41542
5.43544
5.45546
5.47548
5.4955
5.51552
5.53554
5.55556
5.57558
5.5956
5.61562
5.63564
5.65566
5.67568
5.6957
5.71572
5.73574
5.75576
5.77578
5.7958
5.81582
5.83584
5.85586
5.87588
5.8959
5.91592
5.93594
5.95596
5.97598
5.996
6.01602
6.03604
6.05606
6.07608
6.0961
6.11612
6.13614
6.15616
6.17618
6.1962
6.21622
6.23624
6.25626
6.27628
6.2963
6.31632
6.33634
6.35636
6.37638
6.3964
6.41642
6.43644
6.45646
6.47648
6.4965
6.51652
6.53654
6.55656
6.57658
6.5966
6.61662
6.63664
6.65666
6.67668
6.6967
6.71672
6.73674
6.75676
6.77678
6.7968
6.81682
6.83684
6.85686
6.87688
6.8969
6.91692
6.93694
6.95696
6.97698
6.997
7.01702
7.03704
7.05706
7.07708
7.0971
7.11712
7.13714
7.15716
7.17718
7.1972
7.21722
7.23724
7.25726
7.27728
7.2973
7.31732
7.33734
7.35736
7.37738
7.3974
7.41742
7.43744
7.45746
7.47748
7.4975
7.51752
7.53754
7.55756
7.57758
7.5976
7.61762
7.63764
7.65766
7.67768
7.6977
7.71772
7.73774
7.75776
7.77778
7.7978
7.81782
7.83784
7.85786
7.87788
7.8979
7.91792
7.93794
7.95796
7.97798
7.998
8.01802
8.03804
8.05806
8.07808
8.0981
8.11812
8.13814
8.15816
8.17818
8.1982
8.21822
8.23824
8.25826
8.27828
8.2983
8.31832
8.33834
8.35836
8.37838
8.3984
8.41842
8.43844
8.45846
8.47848
8.4985
8.51852
8.53854
8.55856
8.57858
8.5986
8.61862
8.63864
8.65866
8.67868
8.6987
8.71872
8.73874
8.75876
8.77878
8.7988
8.81882
8.83884
8.85886
8.87888
8.8989
8.91892
8.93894
8.95896
8.97898
8.999
9.01902
9.03904
9.05906
9.07908
9.0991
9.11912
9.13914
9.15916
9.17918
9.1992
9.21922
9.23924
9.25926
9.27928
9.2993
9.31932
9.33934
9.35936
9.37938
9.3994
9.41942
9.43944
9.45946
9.47948
9.4995
9.51952
9.53954
9.55956
9.57958
9.5996
9.61962
9.63964
9.65966
9.67968
9.6997
9.71972
9.73974
9.75976
9.77978
9.7998
9.81982
9.83984
9.85986
9.87988
9.8999
9.91992
9.93994
9.95996
9.97998
10
