(-0.0068607,-0.00324227)
(0.00324154,-0.00138758)
(0.00016838,0.000810463)
(0.00320464,-0.00182296)
(0.00418864,-0.00707316)
(0.00328051,-0.00529662)
(0.0104672,-0.00519348)
(-0.000887136,0.00531362)
(0.00863116,-0.00117813)
(-0.00673341,0.0139113)
(0.00301542,-0.000857694)
(-0.00756015,0.0150194)
(0.00171531,0.00214089)
(-0.0145637,0.00547735)
(-0.00501902,0.000459371)
(-0.0137362,0.00503953)
(-0.0113795,0.000530554)
(-0.0107246,0.00138248)
(-0.0102177,-0.000199835)
(-0.00527723,-0.00324986)
(0.00309017,-0.00202074)
(0.00597789,-0.00292922)
(0.00619111,-0.00629577)
(0.00229926,-0.00712461)
(0.0115317,-0.0145003)
(-0.0012539,-0.00891991)
(0.0147687,-0.0074312)
(-0.00534092,0.00823698)
(0.00891951,-0.000602146)
(-0.00701765,0.0219395)
(0.00022866,0.00793016)
(-0.00639178,0.0207002)
(-0.00419605,0.0092942)
(-0.0144383,0.00968228)
(-0.0125108,0.00567208)
(-0.0204709,0.00410571)
(-0.0108493,0.00496092)
(-0.0215923,0.00156916)
(-0.00495173,-0.00363166)
(-0.012933,-0.000685385)
(0.0107139,-0.00137892)
(0.0025166,-0.00218418)
(0.0156276,-0.0070084)
(-0.00465744,-0.00720249)
(0.0180301,-0.0176627)
(-0.00693448,0.000340085)
(0.0121594,-0.0151351)
(-0.00781751,0.00634712)
(0.00915343,-0.00807645)
(-0.00634809,0.0114423)
(-0.00543568,0.00252939)
(-0.00893874,0.0109671)
(-0.00465951,0.00451837)
(-0.0141412,-0.00305146)
(-0.0112319,0.00330171)
(-0.0123683,-0.00196271)
(-0.00762165,-0.00244515)
(-0.0172264,0.00511629)
(0.00044005,0.000534876)
(-0.0119522,-0.000395872)
(0.00512861,-0.0063665)
(-0.00835346,-0.00432221)
(0.0107234,-0.00613245)
(0.000278966,-0.00396553)
(0.0114219,-0.0103477)
(-0.00848774,-0.00233064)
(0.0177313,-0.00656259)
(-0.0127195,0.00803841)
(0.00730356,-0.00204357)
(-0.0111973,0.0109322)
(-0.00450505,0.00300202)
(-0.0181716,0.00127488)
(-0.00969033,-0.00615733)
(-0.0124586,-0.00556509)
(-0.00983863,-0.00218781)
(-0.00292072,-0.0118181)
(-0.001695,-0.00234393)
(-0.00690579,-0.00131368)
(0.00350813,0.000594063)
(-0.0063084,0.000118754)
(0.000205931,0.00397889)
(-0.00133008,0.00119198)
(0.00476207,-0.00164999)
(-0.00403742,-0.00544259)
(0.0180721,-0.00520941)
(-0.0058065,0.00466811)
(0.0138084,-0.0043177)
(-0.0115441,0.0055981)
(0.00548906,0.00709929)
(-0.0258314,0.00783399)
(-0.0051852,-0.00347416)
(-0.0235919,0.00487465)
(-0.00629194,-0.00762778)
(-0.00744536,-0.0112388)
(0.0014571,-0.00331498)
(-0.00864001,-0.0078123)
(0.00353764,0.000581826)
(-0.00639107,-0.00665024)
(0.00102358,0.00656325)
(-0.00621933,-0.0052177)
(-0.00616917,0.00274114)
(0.00202415,-0.00908704)
(-0.007197,0.00442215)
(-0.000301309,-0.0105464)
(-0.00210609,-0.00495232)
(-0.00531172,0.000336682)
(0.00588756,-0.00604673)
(-0.0163482,0.0123095)
(-0.00589674,-0.00368883)
(-0.0190375,0.0192971)
(-0.00653475,-0.00207986)
(-0.0141966,0.010205)
(-0.00621017,-0.00836143)
(-0.00207386,0.00118144)
(0.00128066,-0.00300023)
(0.00131685,-0.0115066)
(-0.00121205,0.00102998)
(-0.00814552,-0.00990792)
(-0.000135347,0.00320599)
(-0.000120711,-0.00849654)
(-0.00603528,0.00781197)
(0.00216741,-0.0115658)
(-0.0082186,0.00471288)
(-0.00189295,-0.0103905)
(-0.00236706,-0.00247306)
(-0.00879187,-0.00144695)
(-0.00475679,-0.00458618)
(-0.012468,0.0169297)
(-0.00859839,-0.000767826)
(-0.0191871,0.0193788)
(-0.00851485,-0.000854785)
(-0.000860339,0.0103783)
(-0.00974155,-0.00207332)
(0.0115135,-0.00560414)
(-0.0105916,-0.00257996)
(0.0110465,-0.00527595)
(-0.00799305,-0.00215054)
(0.00657797,-0.01325)
(-0.003556,0.00105663)
(0.00398192,-0.00697037)
(-0.00284655,0.00272106)
(0.00587002,-0.00617851)
(-0.00524149,0.00449184)
(-0.00078769,-0.0140657)
(-0.00198831,0.00494572)
(-0.00778159,-0.00797102)
(-0.00912987,0.00169482)
(-0.015745,0.00675747)
(-0.00815786,-0.00476339)
(-0.00799436,0.0117708)
(-0.00286012,-0.00736766)
(0.00139967,0.00456154)
(-0.00705312,-0.00605773)
(0.010709,-0.0042203)
(-0.0092934,-0.00198102)
(0.0148271,-0.0108038)
(-0.00679663,0.00129557)
(0.0153643,-0.0119781)
(-0.00391868,-0.000413142)
(0.00869782,-0.00594017)
(0.00077767,0.00136445)
(0.00749888,-0.00332746)
(-0.000850781,-0.000177107)
(0.0105061,-0.00910357)
(-0.00411716,-7.36742e-05)
(0.00153764,-0.0146036)
(-0.00626934,-9.94894e-06)
(-0.00992543,-0.000750231)
(-0.0049741,-0.00440058)
(-0.0127361,0.00411951)
(-0.00364178,-0.00185484)
(-0.00898743,0.000259699)
(-0.00644538,-0.00272366)
(0.00255377,-0.0058491)
(-0.00930868,-0.00306444)
(0.011148,-0.00882624)
(-0.00225353,0.000800605)
(0.0122435,-0.00910104)
(-0.00149865,-0.00459507)
(0.00876115,-0.00799682)
(-0.000657608,-0.0092341)
(0.0115621,-0.0049288)
(-0.00220062,0.00200239)
(0.0143778,-0.00643788)
(-0.00490671,0.000776713)
(0.00341597,-0.00632741)
(-0.00646324,-0.00982133)
(-0.00542569,-0.00653928)
(-0.00683341,-0.00772673)
(-0.0102914,-0.00288419)
(-0.00211633,-0.00282524)
(-0.00852754,-0.00244555)
(-0.00120225,-0.000731392)
(-0.000481674,-0.00715258)
(-0.00288954,-0.00254609)
(0.00353655,-0.00606053)
(0.00494361,-0.0025393)
(0.005678,-0.00662087)
(0.00477295,0.000826033)
(-0.000234953,-0.00687158)
(-0.00273891,-0.000866882)
(0.00827485,0.000298194)
(-0.00645026,-0.00660336)
(0.004195,-0.00529964)
(0.00507652,-0.00956833)
(-0.0073868,-0.00598925)
(0.00539962,-0.00558947)
(-0.0172029,0.0042554)
(0.00662871,-0.00343546)
(-0.010525,0.0183158)
(-0.00157205,0.00244061)
(-0.00801694,0.0155837)
(-0.00207979,0.0051802)
(-0.0165553,0.00571983)
(-0.00826841,0.00470462)
(-0.0147684,0.00816805)
(-0.00637697,0.00548677)
(-0.0179449,-0.00589777)
(-0.0119815,-0.000216552)
(-0.00976836,-0.0032363)
(-0.00339206,0.000760623)
(0.00585109,-0.00166705)
(0.00502514,-0.00373197)
(-0.00442409,-0.0114348)
(0.0188029,-0.0137441)
(-0.017894,-0.00621977)
(0.0178928,-0.00329291)
(-0.0225946,0.0117942)
(0.0110509,-0.00730229)
(-0.0174018,0.0198404)
(-0.00713524,0.0106424)
(-0.0096961,0.018215)
(-0.00425021,0.0126625)
(-0.013026,0.00508387)
(-0.014432,0.00742107)
(-0.0229361,0.00373736)
(-0.00951548,0.0052369)
(-0.0283206,-0.00369671)
(-0.00434114,0.0025634)
(-0.0189185,-0.00895019)
(0.00112774,-0.00382572)
(-0.00307487,-0.00278741)
(0.00714924,-0.0109247)
(-0.00839776,-0.00285859)
(0.0243986,-0.0151616)
(-0.0252499,-0.000117226)
(0.0358337,-0.0147254)
(-0.0206453,0.0110986)
(0.00710809,-0.00468388)
(-0.0138652,0.0184936)
(-0.00354414,0.0036053)
(-0.00553365,0.00953971)
(-0.0119188,0.00636737)
(-0.0102497,-0.00206598)
(-0.00363075,-0.00610487)
(-0.0142088,-0.0128112)
(0.00124633,0.0017185)
(-0.0184265,-0.00773266)
(0.00824581,-0.000601768)
(-0.0142389,7.25844e-05)
(-0.000275639,-0.00689923)
(0.00552929,0.00028448)
(0.00328596,-0.00730077)
(-0.0134501,-0.00405642)
(0.0233362,-0.00992157)
(-0.0168748,0.00650636)
(0.025471,-0.00469944)
(-0.0166547,0.0130533)
(0.0135181,-0.00758346)
(-0.0240854,0.0104456)
(-0.00152401,-0.00646129)
(-0.0288907,-0.0016032)
(-0.00536505,-0.0064094)
(-0.00978625,-0.0157326)
(0.00219809,-0.0126707)
(-0.0121636,-0.016158)
(0.00764267,-0.00624039)
(-0.00674249,-0.0145913)
(0.00647139,-0.00113582)
(-0.00686291,-0.00880714)
(-0.00346944,0.00655973)
(0.00214969,0.000487644)
(0.00673884,0.00533796)
(-0.00348876,-0.00347053)
(0.0220992,0.00317069)
(-0.0045529,-0.00152442)
(0.0313118,0.00274214)
(-0.0138461,-0.000315191)
(0.00251573,-0.00198118)
(-0.0255246,0.00539723)
(-0.0112417,-0.00864298)
(-0.0327101,-0.00833232)
(-0.0129345,-0.0149034)
(-0.0214258,-0.0175137)
(0.00431047,-0.0174693)
(-0.013138,-0.0270591)
(0.00532546,0.000447942)
(-0.0109061,-0.0202908)
(0.00580818,-0.000918191)
(-0.00438994,-0.00950427)
(-0.0103728,0.00465717)
(0.00361727,-0.00855903)
(-0.00866549,0.0125944)
(0.000557198,-0.00989652)
(0.0206823,0.00724917)
(-0.00418574,0.00245639)
(0.0149792,-0.00427051)
(-0.0105309,0.0130972)
(0.00472352,-0.00225987)
(-0.025114,0.0196132)
(-0.00462505,-0.01041)
(-0.0222694,0.00485253)
(-0.00304394,-0.0185036)
(0.00135579,-0.0132284)
(-0.000922302,-0.0110628)
(-0.00357905,-0.018334)
(0.0024642,-0.00757924)
(-0.00782338,-0.0286673)
(-0.00149859,-0.00039078)
(-0.00639261,-0.0113556)
(-0.00485068,0.0139312)
(0.00427325,-0.00871139)
(-0.0109302,0.0128443)
(0.00105548,-0.00593972)
(0.00095728,0.00781725)
(-0.00568639,-0.000149218)
(0.00664873,0.00311988)
(-0.0123356,0.0146781)
(-0.0147355,-0.00788754)
(-0.00733644,0.015859)
(-0.00938375,-0.00151763)
(0.00383264,0.00614167)
(-0.0144079,-0.00572269)
(0.0173678,-0.0102267)
(-0.0208852,-0.00804922)
(0.00769458,-0.028014)
(-0.0190354,-0.0031903)
(-0.000538773,-0.026897)
(-0.0135946,0.00173866)
(0.00126569,-0.0132486)
(0.000900269,0.0073508)
(0.00415391,-0.00921884)
(-0.00120657,0.0116026)
(0.00276652,-0.00997203)
(-0.00962062,0.0137502)
(-0.00412271,-0.00430437)
(-0.00135058,0.00447749)
(-0.00965067,0.00185134)
(-0.00760934,-0.00383795)
(-0.00283901,0.0120571)
(-0.00911803,-0.008276)
(0.00617683,0.00193484)
(-0.0162966,-0.00540048)
(0.0195011,-0.0122008)
(-0.0326161,-0.00257798)
(0.0154881,-0.0246819)
(-0.0343046,-0.00140677)
(0.0129573,-0.0251228)
(-0.019456,-0.00331918)
(0.00886267,-0.0159137)
(0.0030795,-0.000486609)
(0.0146524,-0.00909596)
(-0.00584011,0.00271643)
(0.0159554,-0.0160933)
(-0.00397826,0.00512726)
(0.00676124,-0.0112183)
(-0.0107429,-0.00588209)
(-0.00018812,-0.00120109)
(-0.0112207,-0.0154158)
(-0.011958,0.00356447)
(-0.00557784,-0.0140454)
(-0.00314779,-0.0013467)
(-0.0159506,-0.0116271)
(0.00102018,-0.00980763)
(-0.0244207,-0.00684164)
(0.0137371,-0.0154056)
(-0.0293099,-0.00924676)
(0.019595,-0.0207476)
(-0.0208213,-0.00228642)
(0.00884358,-0.0109526)
(-0.00645362,-0.00348101)
(0.0192434,-0.00825043)
(-0.00974683,-0.00261561)
(0.023501,-0.0108579)
(-0.00850615,-0.00387051)
(0.0165398,-0.00982164)
(-0.00752951,-0.00496904)
(0.0040664,-0.0064245)
(-0.00872168,-0.010191)
(-0.00970442,-0.0016788)
(-0.00680871,-0.00567002)
(-0.0145788,0.00196988)
(-0.00706581,-0.00509346)
(-0.00413841,-0.00603772)
(-0.0132287,-0.0112578)
(0.00246777,-0.0177631)
(-0.0114998,-0.0072947)
(0.00897431,-0.0157739)
(-0.00149495,0.00197799)
(-0.00118435,-0.0107253)
(-0.00861956,-0.0055199)
(0.00620353,-0.00294332)
(-0.00985099,-0.0077028)
(-0.00796894,-0.00257698)
(0.00205218,-0.0118404)
(-0.00982359,-0.00191871)
(0.00692407,-0.00514287)
(-0.0209087,0.00359987)
(0.000238037,-0.0128494)
(-0.0134045,0.0112964)
(-0.00797184,-0.00117517)
(-0.00443418,0.00667093)
(-0.00554272,-0.00487334)
(-0.00230658,0.000266436)
(-0.00633713,0.00173754)
(-0.0155031,-0.0069069)
(-0.00548889,-0.00162226)
(-0.0132332,-0.00549074)
(-0.000369361,-0.00604039)
(-0.00582578,-0.00795321)
(-0.00505593,-0.00277133)
(0.00111639,-0.000577318)
(-0.0020089,-0.00667372)
(-0.00960951,-0.00612039)
(0.00752382,-0.00826684)
(-0.0291008,-0.00245303)
(0.0192457,-0.0123642)
(-0.0351412,0.00818978)
(0.000676973,-0.000421668)
(-0.0212966,0.016022)
(-0.0105692,-0.00155305)
(-0.00431164,0.0113217)
(-0.0118465,0.00360639)
(-0.00058603,-0.00164875)
(-0.00292446,-0.00590167)
(-0.009784,-0.00470991)
(-0.000713453,0.00178759)
(-0.0157513,-0.0101247)
(0.00064619,-0.00101674)
(-0.00865502,-0.00427951)
(-0.0105065,-0.00474356)
(0.00392877,0.000610353)
(-0.000520427,-0.00672846)
(-0.0156421,-0.00701271)
(0.022926,-0.0146653)
(-0.0244752,0.00741565)
(0.0219271,-0.00891396)
(-0.0248011,0.0114347)
(0.0174713,-0.00893622)
(-0.021862,0.0153481)
(0.00653011,0.00609245)
(-0.0155554,0.0105869)
(-0.00356681,0.00508577)
(-0.0027939,-0.00411861)
(0.00845412,-0.005723)
(-0.00588352,-0.0101013)
(0.0172093,-0.00311449)
(-0.00422975,-0.0140332)
(0.00980349,-0.00329988)
(-0.00963152,-0.00281914)
(-0.0160747,-0.00329788)
(0.00515524,-0.00148623)
(0.0090518,-0.00309386)
(-0.0027419,-0.00424382)
(0.0203434,0.00140853)
(-0.0120784,0.00677624)
(0.0317907,-0.00634)
(-0.0160346,0.00163401)
(0.0160374,-0.0142154)
(-0.0191844,0.0135489)
(0.00301675,-0.00356052)
(-0.032682,-0.00775364)
(0.00785674,-0.00425293)
(-0.0176787,-0.00887982)
(0.0128769,-0.00618231)
(-0.00554079,-0.0207174)
(0.0162929,-0.00237924)
(0.00469052,-0.0206348)
(0.0153023,0.00210061)
(0.0076182,-0.00218033)
(-0.012678,0.00116484)
(0.00576095,-0.00636589)
(0.0021435,0.0114112)
(-0.000681818,-0.00487494)
(0.0383785,0.0162129)
(0.00648996,-0.00674509)
(0.0281125,-0.00310534)
(-0.00310794,-0.00520302)
(0.0085746,-0.033823)
(-0.0111111,0.00458154)
(-0.0188836,-0.00399667)
(-0.00798767,0.00110856)
(-0.0036104,-0.00572278)
(-0.0109675,-0.0112752)
(0.00377677,-0.0109088)
(-0.00304137,-0.0297088)
(0.022974,-0.000743754)
(-0.00218488,-0.0378701)
(0.0145074,0.000173074)
(0.00935027,-0.0179309)
(-0.0143742,0.00794436)
(0.00241634,-0.00796736)
(0.0117423,0.0133474)
(-0.00310347,-0.00315584)
(0.0306052,0.00888497)
(-0.00114153,-0.000107661)
(0.0344499,-0.00137412)
(-0.00389169,0.000548303)
(0.0162015,-0.0157028)
(-0.0236202,0.0151162)
(0.0160699,0.000612921)
(-0.023666,0.00196108)
(0.0157221,-0.02521)
(0.00920144,-0.00996215)
(0.00441391,-0.0156751)
(-0.0055355,-0.0333655)
(0.00933454,-0.00396674)
(-7.18673e-07,-0.0328693)
(0.00618422,0.00380695)
(-0.00806152,-0.016387)
(-0.00534328,0.0127541)
(0.00108109,-0.000685658)
(0.00726468,0.0138127)
(-0.00153714,-0.000922117)
(0.0269789,0.0170701)
(0.0031014,0.000396579)
(0.00595106,0.00957483)
(0.00302157,-0.00514783)
(-0.00339847,0.00106261)
(-0.00732495,-0.00040921)
(-0.00742059,-0.000846046)
(0.0105937,-0.00462433)
(-0.0103382,-0.0012108)
(0.0285628,-0.0193431)
(-0.0242994,-0.00885364)
(0.0127016,-0.0352502)
(-0.0280263,-0.000900732)
(-0.00505207,-0.0372538)
(-0.0172223,-0.000797484)
(-0.0022968,-0.0175802)
(0.00731442,0.0122449)
(0.00697061,-0.0063203)
(0.00426416,0.0181335)
(0.00228876,-0.000266703)
(0.0133459,0.0168443)
(0.00142079,0.000133619)
(0.00211949,0.0134182)
(0.0110731,-0.00558272)
(-0.0107796,0.0105238)
(0.0151094,0.000658341)
(-0.0137695,0.0066486)
(0.015724,0.00148299)
(-0.0273795,0.00660283)
(0.0213822,-0.0228066)
(-0.0496987,0.00241997)
(0.0135473,-0.0276703)
(-0.0505031,0.000691116)
(0.00639969,-0.0263972)
(-0.0324368,-0.00635547)
(0.00594423,-0.00449997)
(-0.00440299,-0.00144809)
(0.0160721,-0.00702238)
(-0.00450329,0.00848167)
(0.0182922,-0.00707409)
(-0.01244,0.0157694)
(0.0159247,-0.0111849)
(-0.00201423,0.00332535)
(0.0145628,-0.00655864)
(-0.00824767,-0.00530778)
(0.0105224,0.000625428)
(-0.00564241,-0.00378027)
(0.00261224,-0.00381797)
(-0.0225389,-0.00161322)
(0.00548312,-0.0120372)
(-0.046787,-0.0116055)
(0.00174683,-0.0193095)
(-0.0512854,-0.00780169)
(0.00907526,-0.0172902)
(-0.0333558,-0.00759546)
(0.0095203,-0.0108429)
(-0.00532949,-0.000200198)
(0.0161806,-0.00563719)
(-0.01364,-0.0033755)
(0.0254515,-0.0103401)
(-0.0118861,-0.00197976)
(0.0206583,-0.0100013)
(-0.00874438,-0.00991012)
(0.0138036,-0.00636976)
(0.00116714,-0.00928247)
(0.00133107,-0.00220878)
(-0.00197132,-0.00837371)
(-0.00392401,0.00261796)
(-0.00819878,-0.0119232)
(-0.00701775,-0.0121117)
(-0.0222017,-0.0102298)
(-0.00175764,-0.0111559)
(-0.0221956,-0.00842868)
(0.00768965,-0.0162785)
(-0.0199323,-0.00636068)
(0.00131839,-0.00652588)
(-0.00588119,-0.00102091)
(-0.00131671,-0.00152677)
(-0.00889376,-0.00908444)
(-0.00584709,-0.00379161)
(-0.00535541,-0.00693706)
(-0.0173579,0.000615626)
(0.00170135,-0.00861971)
(-0.0195088,0.00557891)
(-0.00179368,-0.00337004)
(-0.0146296,0.00649796)
(-0.00941286,0.00107762)
(0.0039445,0.0033196)
(-0.00494652,0.000782549)
(0.0082356,0.00211974)
(0.00740667,6.44556e-05)
(-0.000489615,-0.00211586)
(-0.001274,-0.00706874)
(-0.00306469,-0.00588894)
(-0.00329091,-0.00518855)
(0.00261073,-0.00107188)
(-0.00613951,0.00475482)
(-0.00386131,-0.00180227)
(-0.00465766,-0.00531048)
(-0.0163998,-0.00333822)
(0.00446791,-0.00560116)
(-0.0252126,-0.0016915)
(0.00514875,-0.00482067)
(-0.029947,0.00409083)
(-0.00141359,-0.00110052)
(-0.0169621,0.0124217)
(-0.0054962,0.003704)
(0.00539353,0.0171921)
(-0.00504907,0.00869656)
(0.0133682,0.00165538)
(0.00388343,0.00159078)
(0.0098719,-0.00690534)
(0.00663196,0.000231098)
(0.00100612,-0.00499593)
(-0.000689574,0.00158525)
(0.00796257,-0.00371026)
(-0.00444926,-0.00982479)
(-0.00651048,0.00517889)
(0.00312398,-0.00361553)
(-0.0126732,-0.00515403)
(0.00674285,0.000998369)
(-0.0170685,0.00288829)
(0.0100822,-0.00341299)
(-0.0210903,0.008994)
(0.0111471,0.00647132)
(-0.00676472,0.021596)
(0.00351411,0.0107801)
(-0.0110937,0.00277199)
(0.013331,0.0189324)
(0.00882924,-0.00225552)
(0.010255,0.0129132)
(0.0154619,2.48727e-05)
(0.0119893,0.00791386)
(0.0107888,-0.0058224)
(0.00933623,0.0054579)
(0.00837183,-0.00479809)
(-0.00556688,-0.00556144)
(0.00396536,-0.00902115)
(0.00279799,-0.00137847)
(0.00200981,-0.00389164)
(0.0148155,0.00563026)
(-0.00194987,-0.00268796)
(0.0164272,0.00381954)
(-0.00411559,-0.00068271)
(0.0207996,-0.00369344)
(0.0018528,0.00814166)
(0.0298431,0.00226593)
(-0.017564,-0.0257127)
(0.000224156,0.0265306)
(0.000305605,-0.00503532)
(0.00693574,0.0211227)
(0.0145547,-0.0154257)
(0.0181824,0.0148607)
(0.0174114,-0.0159027)
(0.0192424,0.005456)
(0.0201358,-0.00424927)
(-0.00709505,0.000511929)
(0.00556463,-0.00521812)
(0.0123647,0.00337501)
(0.014086,-0.0140464)
(0.0242406,0.00485838)
(0.00213396,-0.0127225)
(-0.00384807,-0.031676)
(0.0219077,-0.023243)
(-0.0264679,-0.102691)
(0.0566218,0.0278487)
(-0.0692016,0.0145809)
(0.0602723,-0.00665992)
(-0.041341,0.0134632)
(0.0460984,0.0395907)
(0.000780252,0.0125797)
(0.0144512,-0.0112351)
(0.0183966,0.00850125)
(0.0200549,-0.0304399)
(0.0157553,0.00528241)
(0.0102998,-0.0193499)
(-0.00608138,-0.00417446)
(0.00268422,0.000649232)
(0.006494,0.00568011)
(-0.00865537,0.000964049)
(0.0221761,0.00365558)
(-0.00164328,0.0100234)
(0.00587962,-0.0160001)
(-0.0311973,-0.0122158)
(0.00418708,-0.00745166)
(-0.0553879,0.00466895)
(0.0158748,0.0906437)
(-0.0504098,-0.000727653)
(0.0560996,-0.0150696)
(0.0113386,0.0451072)
(0.0205879,-0.00981813)
(0.0107869,-0.0126625)
(0.0171144,0.00390331)
(0.00266849,-0.0315854)
(0.0144506,-0.00123339)
(0.00912999,-0.0138357)
(0.00210691,0.0122544)
(-0.000606548,0.00319016)
(0.0120348,0.0106614)
(-0.00306895,0.00367262)
(0.0131441,0.0109213)
(0.00272366,-0.00330421)
(0.0087227,0.0115757)
(-0.00937536,-0.00826453)
(0.00740405,0.0218902)
(-0.0140675,0.0113455)
(0.00338173,0.018506)
(-0.00964134,-0.00101771)
(0.00593653,0.00748387)
(0.0231862,0.00728005)
(-0.0140976,0.00241139)
(0.00681851,-0.0177266)
(-0.0119543,-0.00260274)
(0.000403781,-0.0281507)
(-0.0105201,-0.00121593)
(-0.00723214,-0.0102545)
(0.00466428,0.00785516)
(0.00223449,0.00292446)
(0.0144812,0.0134006)
(-0.00220825,0.00727687)
(0.0128394,0.0134079)
(0.00972952,-0.00814833)
(-0.00503574,0.0194249)
(0.0142094,-0.0225964)
(-0.0124984,0.0167064)
(-0.00170076,-0.00757536)
(-0.0140478,0.0255677)
(0.0146259,0.00519303)
(-0.0275874,0.0221118)
(0.0182576,-0.00441816)
(-0.0435561,0.0113272)
(0.00152931,-0.0188113)
(-0.044971,0.00488736)
(-0.00357156,-0.0228486)
(-0.0222381,-0.00162825)
(0.00438657,-0.00850917)
(0.000654323,0.00564864)
(0.00744669,-0.00385077)
(0.000923299,0.00993896)
(0.0122638,-0.00743234)
(0.000680635,0.0119165)
(0.0143557,-0.00963518)
(-0.00174324,0.00566908)
(0.0204116,-0.024814)
(-0.00146118,0.0079113)
(0.0097975,-0.000372802)
(-0.00660671,0.0128121)
(0.00704038,0.000771878)
(-0.0234565,0.00765244)
(0.00193882,-0.0118445)
(-0.0397452,0.00489482)
(-0.00191543,-0.0168572)
(-0.0446968,-0.0062728)
(0.0104016,-0.0160682)
(-0.0297274,-0.00187134)
(0.00358586,-0.00246583)
(-0.0038405,0.00354262)
(0.00627006,-9.67929e-05)
(-0.00801146,0.00296261)
(0.0133876,-0.00244399)
(-0.00623678,0.00269384)
(0.0207057,-0.0105301)
(0.00263889,-0.000413279)
(0.0228492,-0.0115365)
(0.00452813,-0.00129685)
(0.0133146,-0.00107513)
(0.0015329,0.00177506)
(0.000783979,-0.00135594)
(-0.00747918,-0.000913098)
(-0.0047279,-0.00989052)
(-0.0208575,-0.00593318)
(-0.00242738,-0.0117896)
(-0.0241232,-0.00852199)
(0.00445878,-0.00235774)
(-0.0177691,-0.00131277)
(0.00599908,-0.00323408)
(-0.00273846,-0.00179992)
(-0.00449765,-0.00209955)
(-0.00536994,0.00179048)
(-0.0154209,-0.00546829)
(-0.00656542,0.00241581)
(-0.0142685,-0.00753923)
(0.00314042,-0.0112646)
(-0.017737,-0.00406398)
(0.00360174,-0.00715724)
(-0.00368295,0.00322117)
(0.00384157,-0.00279468)
(0.00853084,0.00637955)
(0.00995515,-0.00126223)
(0.0201193,-0.000837769)
(0.0151056,-0.00548839)
(0.0130422,-0.00596585)
(0.00584962,-0.00771842)
(0.00688394,-0.0110842)
(0.00264251,-0.010638)
(0.01319,-0.00716268)
(-0.00154151,0.0029528)
(-0.00761138,0.000789922)
(-0.00883551,-4.7732e-05)
(-0.0131752,-0.00341653)
(-0.000852111,0.000300885)
(-0.0169873,-0.00264275)
(0.00383073,-0.00202835)
(-0.0147851,0.00211759)
(0.00517648,0.0150589)
(0.0015328,0.0147826)
(0.00336465,0.00560258)
(0.0128436,0.0126808)
(0.0148212,0.013232)
(0.0282635,0.00711079)
(0.0130275,0.00980117)
(0.0307796,-3.18146e-05)
(0.0102703,0.00603247)
(0.0158327,-0.012598)
(0.00369269,2.69156e-05)
(0.0144768,-0.0127204)
(-0.00557179,-0.00480687)
(-0.00827323,-0.0034858)
(-0.00973449,-0.00217914)
(-0.00320291,-0.00224813)
(-0.00129495,0.00281229)
(-0.0105253,0.00250081)
(0.00668333,0.0147516)
(0.00242323,0.00662975)
(0.0142492,0.0330678)
(0.0171386,0.0209083)
(0.0391547,0.00719228)
(-0.0160212,-0.0070102)
(0.0187116,0.0217215)
(0.0224518,0.0040426)
(0.0129835,0.0295432)
(0.0282035,0.00137473)
(0.0146622,0.016179)
(0.0214838,-0.00252363)
(0.00911221,0.0104599)
(0.0116877,-0.00460591)
(-0.00478496,-0.00613054)
(0.00694574,-0.00857929)
(-0.00275317,-0.00303984)
(0.0129655,-0.00795434)
(0.00438457,0.00520257)
(0.0140586,-0.00775002)
(0.0137272,0.0382667)
(0.0327738,-0.00236486)
(0.00192956,0.104397)
(0.0792647,0.026639)
(0.0750689,-0.0325129)
(-0.0915848,-0.127313)
(0.00646594,0.0287072)
(-0.00289185,-0.00349981)
(0.0012479,0.0352168)
(0.0193593,-0.010303)
(0.0182442,0.0261698)
(0.0244908,-0.0148249)
(0.0194014,0.00521799)
(0.0136697,-0.00809314)
(-0.00582681,-0.00981057)
(0.0140865,-0.0101018)
(0.0044341,-0.00132328)
(0.0223672,-0.00570491)
(-0.0110506,-0.000206056)
(0.0253362,-0.00719196)
(-0.00478242,-0.0166026)
(0.0281969,-0.0637858)
(0.00286236,0.0037529)
(-0.0209829,-0.000158363)
(0.00788474,-0.00400331)
(-0.00413707,-0.00495389)
(-0.118026,0.0242275)
(0.0803642,0.111485)
(-0.0178902,0.0223223)
(0.0222479,0.0128822)
(0.0184638,0.00994186)
(0.0182648,-0.0181107)
(0.021893,0.00723456)
(0.0149229,-0.0103737)
(-0.0056632,-0.00443617)
(0.00781948,0.000311722)
(-0.00834229,-0.00468544)
(0.00947775,0.0105212)
(-0.0161095,-0.0114087)
(-0.00656043,0.013757)
(-0.0682031,-0.0443898)
(-0.0585563,-0.0154242)
(0.0131444,0.00477868)
(0.016286,-0.0003708)
(-0.0270092,0.00779747)
(0.0080735,-0.0236846)
(0.138229,-0.0997508)
(0.028272,0.136425)
(0.0406824,-0.0113813)
(0.00148421,0.0183275)
(0.029086,0.00465556)
(0.00412615,-0.0146591)
(0.0166821,0.000678577)
(0.00380606,-0.00314334)
(-0.00493431,0.00476919)
(0.00258818,0.00292251)
(-0.002083,0.0144173)
(0.00725052,0.0154218)
(-0.0148654,0.00820469)
(0.00450196,0.0210286)
(-0.0325122,0.0137322)
(0.0070262,0.00831433)
(0.0412421,0.0286121)
(0.0235585,0.0705499)
(-0.0253778,-0.0810088)
(-0.0368353,-0.0156421)
(0.0325575,-0.0127872)
(0.000128246,0.0442629)
(0.0057591,0.0160156)
(-0.00881351,0.000301863)
(-0.00176049,0.00391933)
(-0.0101141,-0.0105928)
(0.00434074,-0.00349819)
(-0.00449014,0.000741113)
(0.00368869,0.0109218)
(0.00416664,0.00895228)
(0.00210686,0.0064389)
(0.00304776,0.00976703)
(-0.00263579,0.00926127)
(0.0135925,0.00611453)
(-0.0147449,0.015322)
(0.0112168,-0.00812032)
(-0.0093473,0.0395303)
(0.00818033,0.0152436)
(-0.0271647,0.0192307)
(0.00246952,0.00964254)
(-0.0202341,0.0363685)
(0.00507951,0.0132081)
(-0.0325912,0.0275988)
(-0.00476478,-0.00398244)
(-0.0162243,0.00702875)
(-0.00843689,-0.0097074)
(-0.011,0.00032777)
(-0.00535655,0.00294702)
(0.00447745,0.00135946)
(0.00429689,0.0041835)
(-0.000734316,0.00861885)
(0.00726221,0.00525488)
(0.00146054,0.005857)
(0.0149037,-0.00542572)
(-5.72705e-05,0.0148168)
(0.0288218,-0.0137467)
(-0.00616558,0.00881012)
(0.0156923,-0.00405638)
(-0.0124919,0.0196596)
(0.0106959,0.00922989)
(-0.026107,0.0135942)
(0.00814094,0.00097345)
(-0.0312245,0.015241)
(-0.00288324,-0.00393631)
(-0.0312025,0.0106827)
(0.00313861,-0.00642397)
(-0.0184514,0.0014957)
(0.000106043,0.00205024)
(0.000139937,0.00430128)
(0.00175091,0.000492069)
(-0.00365775,0.00152742)
(0.0113095,-0.00197209)
(-0.00488177,0.00331262)
(0.0152748,-0.00448331)
(0.00248478,0.00593586)
(0.0245031,-0.0155206)
(-0.00231053,0.00564414)
(0.0148354,0.00103163)
(-0.000169413,-0.000318192)
(0.0139897,0.0018811)
(-0.00805123,0.00103201)
(0.00326001,-0.00215096)
(-0.0146155,0.00427393)
(0.00313578,-0.00640785)
(-0.0181035,-0.000276805)
(0.00945789,-0.00672529)
(-0.0151826,0.00289854)
(0.00291366,-0.00147405)
(0.0054695,0.00637051)
(-0.009534,-0.0064835)
(-0.00459088,0.00863898)
(-0.00809537,-0.0107417)
(-0.00442454,0.0010314)
(-0.0201006,-0.00536741)
(0.0065208,0.000274117)
(-0.0146973,-0.000646571)
(0.0135853,-0.0110621)
(-0.00948266,0.0066369)
(0.0151041,-0.00625608)
(0.00575318,0.0044402)
(0.0154315,-0.0102542)
(0.0189121,0.0060542)
(0.0102047,-0.00558084)
(0.0217349,-0.00801521)
(0.00576435,-0.00347946)
(0.0160963,-0.0120959)
(-0.00256456,-0.0096609)
(0.0156864,-0.00710611)
(-0.00146738,0.00951412)
(-0.0131164,-0.00469698)
(-0.00981967,0.0134646)
(-0.0166814,-0.00925695)
(-0.0119255,0.00661572)
(-0.0219664,-0.00365508)
(0.0052733,0.0024852)
(-0.0186078,0.00787118)
(0.0123322,-0.00188883)
(-0.00229624,0.020016)
(0.0150822,-0.00986302)
(-0.00380729,0.0280496)
(0.0187572,0.00678714)
(0.0259708,0.0075128)
(0.0147312,0.00577487)
(0.0340446,-0.00635337)
(0.00447217,0.00248075)
(0.0208658,-0.0166961)
(-0.00208404,5.79208e-05)
(0.0176808,-0.0126367)
(-0.00898676,0.00303727)
(-0.00498887,-0.00981451)
(-0.0225867,0.00694924)
(-0.00333987,-0.00953129)
(-0.0158224,0.00183346)
(-0.0020481,-0.00426857)
(0.00478716,0.00844683)
(-0.0002431,0.016921)
(-0.00551071,0.00685888)
(0.0138954,0.0574871)
(0.00112008,-0.0287723)
(-0.0295083,0.0177068)
(0.0103629,0.0025417)
(0.00474524,0.0126122)
(0.0152745,0.0206935)
(0.0193165,0.00179996)
(0.00978155,0.0124377)
(0.0160724,-0.00579016)
(0.00735988,0.00630609)
(0.0142968,-0.003993)
(-0.00989252,-0.00088394)
(0.0089623,-0.00977775)
(-0.0207191,0.000957302)
(0.0172795,-0.0138074)
(-0.00410802,0.00892738)
(0.0162729,-0.00514018)
(0.00177984,0.0182838)
(0.0418289,0.0283978)
(-0.0618937,0.012086)
(0.0801567,0.128815)
(-0.0169979,-0.0940408)
(-0.130075,-0.0145641)
(-0.0407522,0.0213638)
(-0.0292619,-0.0268555)
(-0.0107316,0.0246188)
(0.00795328,-0.0163886)
(0.0147471,0.00900387)
(0.00870771,-0.00514781)
(0.0153978,0.0067812)
(0.0144732,-2.84364e-05)
(-0.00839999,-0.00271029)
(0.0138044,-0.00465144)
(-0.0120388,0.00595748)
(0.0249768,-0.00453362)
(0.00213057,0.0170594)
(0.0243153,0.0024492)
(0.059653,0.0413237)
(0.00994593,-0.018275)
(-0.00760907,-0.0167241)
(-0.0149454,0.00344805)
(0.0207317,0.00209567)
(0.00328589,0.00793524)
(-0.122533,0.0993057)
(-0.0191171,-0.083384)
(-0.0141325,0.0284085)
(0.00027243,-0.0335053)
(0.0102562,0.00964145)
(0.0149698,-0.0148969)
(0.0119758,0.000901949)
(0.00597123,0.00116558)
(-0.00763054,-0.00368187)
(0.0181653,-0.00734545)
(-0.0119704,0.0102129)
(0.0151792,0.0181913)
(-0.00969371,0.0129363)
(-0.00111629,0.0231265)
(0.000576644,-0.0092886)
(-0.0709453,0.0115975)
(-0.00848001,-0.0190208)
(0.0220178,0.00172926)
(-0.0225415,0.0145214)
(0.00614268,0.0122254)
(0.122372,0.0114347)
(-0.0963356,-0.0850873)
(0.0370486,0.00473269)
(-0.0410191,-0.0478377)
(0.0190602,0.00420519)
(-0.00702307,-0.00733927)
(0.0132649,0.0021781)
(0.00615882,0.000760514)
(-0.00602914,0.00327292)
(0.0169757,-0.00020768)
(-0.0138534,0.00892458)
(0.0112135,0.00935174)
(0.00111463,0.0156746)
(0.0202248,0.0289604)
(0.00620929,0.0228407)
(0.00816341,0.0156827)
(0.046525,0.0507541)
(0.0286564,-0.00472875)
(-0.0129621,-0.0765699)
(0.0127254,-0.116388)
(0.0359394,0.0143127)
(-0.032274,-0.0486151)
(0.000612357,0.0243134)
(-0.00987406,-0.0235335)
(0.00745652,0.0126479)
(-0.00793791,-0.00740226)
(0.00140821,0.00380218)
(-0.00212501,0.00311965)
(-0.00637553,0.00968397)
(0.0139815,-0.00405829)
(-0.00787956,0.0102058)
(0.0127186,0.0153086)
(-0.00772224,0.00438528)
(0.0149618,0.0123721)
(0.00348923,0.00785018)
(0.0319109,0.0166218)
(-0.00206844,0.0134098)
(0.0167569,0.0217798)
(-0.0240764,0.00372258)
(0.0228391,0.0030699)
(-0.0252685,0.0343216)
(0.00620733,-0.00457742)
(-0.0151591,0.0299261)
(0.00199101,-0.00897777)
(-0.0113833,0.0185366)
(-0.00206506,-0.00378907)
(-0.00334983,0.00155824)
(0.00117175,0.00633646)
(0.00147388,-0.00185296)
(0.0110431,0.000447978)
(-0.000635187,-0.00694018)
(0.0114559,0.00661462)
(0.00318041,0.00067907)
(0.0156156,0.00367195)
(-0.00218271,0.00746742)
(0.0330264,-0.0021897)
(-0.00246917,0.000989004)
(0.0257944,0.0125811)
(-0.0149035,0.00514855)
(0.020624,0.00671499)
(-0.0167472,0.0112931)
(0.0154925,0.00135963)
(-0.0228369,0.0164005)
(0.0158716,-0.00532599)
(-0.019683,0.00982819)
(0.0058116,0.00181105)
(-0.00923761,0.00513918)
(0.00168538,0.00522156)
(0.00159404,-0.000185663)
(0.00600646,-0.000430488)
(0.00289892,-0.00508426)
(0.00587173,0.00782194)
(0.000452107,0.00156697)
(0.0162595,-0.000588974)
(0.00254635,0.00658166)
(0.0223764,-0.00491227)
(0.00202733,0.00435281)
(0.0267045,0.0036038)
(-0.0014092,0.00787438)
(0.0184099,0.0101164)
(-0.00871654,0.00731255)
(0.0204133,0.00469621)
(-0.0159412,0.00295585)
(0.0147658,-0.00468304)
(-0.0194141,0.00326945)
(0.0126477,-0.00232649)
(-0.012595,0.00594459)
(0.00808955,-0.000385597)
(0.00176136,0.00653077)
(-0.00331971,-0.00354734)
(-0.000620958,0.0172658)
(-0.0093195,-0.00399851)
(-0.00647044,0.00811667)
(-0.00676623,-0.00455906)
(0.00230516,0.00202985)
(-0.0127555,-0.00188759)
(0.0110008,-0.0112307)
(-0.0045856,-0.00118696)
(0.0217506,-0.0134725)
(0.00269839,0.00680583)
(0.0156727,-0.0095531)
(0.0170335,-0.00186145)
(0.00928174,-0.00843823)
(0.0169716,-0.0162019)
(-3.5381e-05,-0.011012)
(0.0171127,-0.0132151)
(-0.00252638,-0.0119227)
(0.0159845,-0.00694991)
(-0.0124023,0.0173924)
(-0.00651901,-0.00604252)
(-0.0190437,0.0188003)
(-0.00571004,-0.00896921)
(-0.0130538,0.0118084)
(-0.0136647,-0.00418239)
(-0.00149049,-0.001738)
(-0.0112301,0.00192834)
(0.015834,-0.0116549)
(-0.0138652,0.0108827)
(0.0280474,-0.0211052)
(-0.00436742,0.0104281)
(0.0219102,-0.00520102)
(0.011759,0.00794607)
(0.0173044,-0.000357134)
(0.0266056,-0.0127416)
(0.00616559,-0.00136039)
(0.0225089,-0.0168108)
(-0.000966661,-0.0101052)
(0.0135814,-0.00904492)
(-0.0155549,0.0100324)
(-0.00594737,-0.0103527)
(-0.0267594,0.00974148)
(0.000855611,-0.00607193)
(-0.0292799,0.00205079)
(-0.00766485,0.00101792)
(-0.00207953,-0.00220757)
(-0.011006,0.00316199)
(0.0156379,-0.00850647)
(-0.0101875,0.0174722)
(0.0305421,-0.0203663)
(-0.0243016,0.0277319)
(0.0409643,-0.00354666)
(-0.00277437,0.0110234)
(0.019348,0.00485162)
(0.00935861,0.00924623)
(0.0129463,-0.000431664)
(0.0164782,0.00113572)
(0.00832676,0.00339867)
(0.0102816,-0.00438654)
(-0.0150171,0.00422748)
(0.00650848,-0.00537769)
(-0.0233126,0.0029152)
(0.00870388,0.00305302)
(-0.0200733,-0.006018)
(0.00455842,-0.00127705)
(0.00619211,-0.00324128)
(0.00153667,-0.000902915)
(0.0105998,0.00763914)
(0.00633598,0.00782179)
(0.0111667,-0.0427791)
(-0.0123566,0.0186334)
(0.00643992,0.00223546)
(-0.00291942,0.00786174)
(0.0175249,0.0033742)
(-0.00480856,0.00466693)
(0.0129152,0.00361616)
(0.00518426,0.0114601)
(0.0121046,-0.000158082)
(0.0116684,-0.000334224)
(-0.00889119,0.00769701)
(0.0112824,-0.00416861)
(-0.024781,0.00837653)
(0.0238058,0.00797258)
(-0.00545886,-0.00246928)
(0.0106744,0.0100935)
(0.0108926,0.0372078)
(0.00263357,-0.0340727)
(0.00431885,0.0795887)
(0.00984821,-0.16315)
(0.00243354,-0.0534293)
(0.131418,0.0145348)
(-0.0183868,0.0363855)
(0.030701,-0.0150255)
(-0.00784537,0.00598616)
(0.00431257,-0.0115016)
(0.00309147,-0.00268103)
(0.000131698,-0.00257832)
(0.0062628,0.00428204)
(0.00711584,-0.00112776)
(-0.00782514,-0.00254511)
(0.0211966,0.00118003)
(-0.0156489,-0.00207012)
(0.0167116,0.0158129)
(0.00557518,-0.00354234)
(-0.00135811,0.0271784)
(0.019069,0.0226903)
(-0.0546583,0.0071722)
(0.0161767,0.0704483)
(-0.0928843,-0.0210023)
(0.0180627,-0.0559357)
(-0.0184857,0.144833)
(0.0262719,0.00861289)
(-0.0464357,0.000597174)
(0.00847339,0.00189419)
(-0.0219613,-0.0137905)
(-0.000188878,0.00357225)
(-0.00776867,-0.00158025)
(0.000876887,0.00393728)
(0.00726593,-0.00309182)
(-0.0102732,0.00350924)
(0.0137985,0.00213096)
(-0.0135771,0.000624487)
(0.0140168,0.0165333)
(-0.00710282,-0.0187159)
(0.0123908,0.0208442)
(0.0115988,-0.00130314)
(-0.00706771,0.0220042)
(0.00407317,0.022877)
(-0.0230187,0.0168402)
(-0.0119668,-0.0165161)
(0.0117251,0.0264938)
(-0.0184313,0.0156358)
(-0.0139,-0.000343239)
(-0.0150317,0.0152493)
(-0.00475046,-0.0131762)
(-0.0223849,0.0017039)
(0.000369017,0.000684938)
(-0.00134264,-0.00210125)
(0.00241452,0.00655669)
(-0.0166994,0.00260791)
(0.00917657,0.00133868)
(-0.0185983,-0.00119943)
(0.0080894,0.0134487)
(-0.0127965,-0.0134856)
(0.0221328,0.0208033)
(-0.0132551,-0.0232704)
(0.0193974,0.0236816)
(-0.0171219,-0.00252385)
(0.00693023,0.0264054)
(-0.0342896,0.0100928)
(-0.00355466,0.0273463)
(-0.0239604,0.0186752)
(0.00307752,0.000614672)
(-0.0248694,0.0157582)
(0.0121047,-0.00286434)
(-0.0132433,0.00572611)
(0.00835839,0.00785345)
(-0.00480706,0.00656085)
(0.00784047,0.0070622)
(-0.0128778,-0.00694367)
(0.00265929,-0.00129732)
(-0.0135616,-0.00931625)
(0.00612328,0.00828516)
(-0.0050616,-0.0162829)
(0.0182509,0.00931039)
(-0.00692817,-0.0221382)
(0.0270331,0.0165551)
(-0.0146499,-0.0123845)
(0.0151814,0.0138381)
(-0.0198878,-1.67127e-05)
(0.0108643,0.0153343)
(-0.0128347,0.00182017)
(0.0177081,0.00456426)
(-0.0132918,0.00786329)
(0.0150083,-0.00159689)
(-0.00854729,0.0111569)
(0.0199542,0.00279086)
(-0.00419531,0.00060478)
(0.00882956,0.00709464)
(0.000159351,-0.0133582)
(-0.00289582,0.00407528)
(-0.00069305,-0.015955)
(0.00433125,0.0058513)
(-0.00619227,-0.0102735)
(0.00417652,0.00331379)
(-0.00672945,-0.00791075)
(0.0163042,1.36682e-05)
(-0.00740247,0.0017735)
(0.00870075,0.00202116)
(-0.0035081,0.00229574)
(0.0131543,0.00897436)
(-0.0100823,0.00671959)
(0.0125292,0.00212819)
(-0.00644272,0.00759285)
(0.0207732,-0.00112325)
(-0.00923752,0.00202077)
(0.0180439,-0.000479431)
(-0.00340042,0.00228882)
(0.0114407,0.00675569)
(0.00569309,0.00307537)
(0.00222648,0.000206405)
(-0.0024968,0.00996954)
(0.000372579,0.00247994)
(-0.013752,0.00744865)
(-0.00400085,-0.00138211)
(-0.00771294,-0.00450731)
(0.00287547,-0.00761455)
(-0.000793,-0.0121837)
(0.000801587,-0.00506428)
(0.0127051,-0.0111398)
(0.00641085,-0.0102339)
(0.0132486,-0.00947488)
(0.00597555,-0.00639885)
(0.00465276,-0.0120558)
(0.00680534,-0.0160576)
(-0.000394159,-0.0115338)
(0.0103769,-0.00654739)
(-0.00126442,-0.0145806)
(0.00575494,-0.00127992)
(-0.00425566,0.0108729)
(0.00360224,0.00109023)
(-0.0120726,0.0130402)
(0.00331791,-0.00203359)
(-0.0291165,0.00844823)
(-0.00204139,-0.00725287)
(-0.0245589,-0.00744915)
(-0.00477079,-0.00438285)
(-0.00346882,-0.0211143)
(0.000937461,-0.00438002)
(0.0142554,-0.017195)
(-0.00148602,-0.00363553)
(0.017618,-0.0103406)
(0.00611547,-0.00948148)
(0.0151208,-0.00884946)
(0.00744678,-0.0199717)
(0.00531826,-0.0104184)
(0.011187,-0.0171568)
(0.0040524,-0.00808073)
(0.0094889,-0.00475512)
(-0.013156,0.00833694)
(0.0086433,-0.00168788)
(-0.0287781,0.00891722)
(0.00428274,-0.00481308)
(-0.0367367,0.005649)
(-0.00561745,-0.00550276)
(-0.020771,-0.00626674)
(-0.00306574,-0.00370031)
(0.00438274,-0.0105263)
(-0.010888,-0.00256309)
(0.0297301,-0.0146493)
(-0.00794394,0.00988136)
(0.0276165,-0.00253956)
(-0.00696349,0.00413436)
(0.0162145,-0.000814593)
(0.00513396,-0.00872217)
(0.00993595,0.00129957)
(0.00944517,-0.00737158)
(0.019427,0.00060987)
(0.0105292,-0.00432639)
(-0.00827395,0.00860508)
(0.00802004,-0.00508976)
(-0.0233152,0.0111213)
(0.0113349,-0.00642131)
(-0.020689,0.00536364)
(0.00686123,-0.00288463)
(-0.0124617,-0.00836316)
(0.00281372,-0.00624556)
(0.00972123,-0.00557309)
(-0.000667051,-0.00394134)
(0.0148143,-0.00704222)
(-0.000486505,0.0142287)
(0.0225526,0.00166163)
(-0.00760081,0.01164)
(0.00602891,0.00674271)
(-0.0153297,0.00225335)
(0.0105626,0.00514715)
(0.00540617,-0.00235497)
(0.0120767,0.00983448)
(0.0123764,-0.00526183)
(-0.00601005,0.0106265)
(0.0111977,-0.00554782)
(-0.00533358,0.0141516)
(0.0204314,0.000686375)
(-0.00718675,-0.00441956)
(0.0193586,0.00491454)
(-0.0023021,-0.00645097)
(0.00802341,0.00417832)
(0.000156046,0.0254467)
(0.00979861,-0.0376923)
(-0.00571959,0.00800764)
(0.0363323,0.0107306)
(-0.00024286,0.0114296)
(0.00803829,0.00904902)
(-0.00688121,-0.00218232)
(-0.00900053,0.00342969)
(-0.00647608,0.00781749)
(-0.00349416,-0.00408321)
(0.00374939,0.00801889)
(0.00643942,-0.0065336)
(0.00477913,0.00576597)
(0.013349,-0.00186824)
(-0.00518299,0.00769637)
(0.0115969,0.00627612)
(0.00481746,-0.023291)
(0.0091518,0.0170172)
(0.00927557,-0.019259)
(-0.0117682,0.0146187)
(0.00581232,0.0164471)
(-0.0341701,0.00438027)
(-0.00395341,-0.00291207)
(-0.00788753,0.0499951)
(0.00345116,0.0029718)
(-0.0182456,0.00653805)
(-0.0191382,0.00665399)
(-0.0165065,0.00303106)
(-0.0128105,0.00533476)
(-0.00086122,0.00248765)
(-0.00654502,0.00529928)
(0.0102091,-0.00564034)
(-0.00455735,0.00182058)
(0.0123166,0.00438597)
(-0.00754263,-0.00105932)
(0.00941055,0.0106592)
(-0.00364201,-0.0174385)
(0.0123088,0.0169392)
(0.00286211,-0.0393043)
(0.00525132,0.0174374)
(-0.00553976,-0.00394222)
(-0.00805846,0.00904989)
(-0.0215376,-0.00488903)
(-0.00928901,0.0263264)
(-0.0265294,0.0119174)
(-0.0108641,0.00278125)
(-0.0322445,0.0100663)
(-0.000573552,0.0011023)
(-0.0273418,0.00156227)
(0.00502742,0.00510092)
(-0.0124234,0.00887069)
(0.00881113,0.00280236)
(-0.0123008,-0.000495479)
(0.00218064,-0.000933761)
(-0.0157765,-0.00999713)
(0.00740281,0.000786273)
(-0.00842624,-0.0252529)
(0.0125063,0.00674171)
(-0.0109253,-0.03491)
(0.017376,0.0189208)
(-0.0122881,-0.0235249)
(-0.00549587,0.0225451)
(-0.016788,0.000491741)
(-0.00857457,0.0147491)
(-0.0181013,0.0111419)
(-0.000412572,0.00116086)
(-0.0214702,0.0113482)
(0.00559747,-0.00315199)
(-0.0151819,0.0131523)
(0.014123,-0.000807922)
(-0.0112663,0.00228433)
(0.0134652,0.00423058)
(-0.0111448,-0.00673325)
(2.22207e-05,0.00480952)
(-0.0120384,-0.0263442)
(0.00322225,0.00801284)
(-0.0109412,-0.020594)
(0.00582259,-0.000866505)
(-0.00483507,-0.0275759)
(0.0147151,0.00674073)
(-0.0115,-0.0118082)
(0.00441934,0.00190583)
(-0.00865917,0.000401182)
(0.00468733,0.00611374)
(-0.0126581,0.00677652)
(0.00518021,-0.00576519)
(-0.00465353,0.0160288)
(0.0219887,-0.00602722)
(-0.00891039,0.00909595)
(0.0247368,-0.00414894)
(-0.00335631,0.00387809)
(0.0125423,0.00396096)
(-0.0107718,-0.00327949)
(-0.00792758,0.00798347)
(-0.010318,-0.0200145)
(-0.00602557,0.00972879)
(-0.00784708,-0.0191579)
(0.00120119,0.00964901)
(-0.00619555,-0.0113439)
(0.0071971,0.000746107)
(-0.00583872,-0.00738679)
(0.00809376,-0.00102871)
(-0.00741178,0.00606667)
(0.00486728,-0.00263669)
(-0.00250625,0.0060341)
(0.0168052,-0.00297309)
(-0.00590314,0.00800846)
(0.0229717,-0.0029578)
(-0.00216845,0.00724939)
(0.0267782,-0.00137809)
(0.00118995,0.00414294)
(0.0152114,0.00430357)
(-0.00252939,0.000314109)
(0.00811342,-0.000168054)
(-0.00352438,0.00163316)
(0.00894671,-0.00220654)
(-0.0153608,-0.00114002)
(0.0110333,-0.00713309)
(-0.0131626,-0.0128647)
(0.0134941,-0.00884888)
(-0.00428484,-0.0124877)
(0.0064866,-0.0127758)
(0.00437542,-0.0123805)
(0.00278399,-0.00423038)
(0.0104486,-0.00740971)
(0.00189952,-0.00845699)
(0.00364218,-0.0030653)
(0.00252535,-0.0119622)
(-0.00416538,-0.010016)
(-9.13346e-05,-0.00831549)
(-0.00274311,-0.0069492)
(0.00321233,0.00871719)
(-0.00553109,0.00246505)
(0.0141889,-0.000963408)
(-0.011366,0.000405302)
(0.00640946,-0.0075071)
(-0.0280022,-0.00554644)
(0.00551416,-0.00733407)
(-0.0249612,-0.0116646)
(0.00725868,-0.00707964)
(-0.0119737,-0.0251243)
(0.00697533,-0.00329521)
(0.00572325,-0.0150689)
(0.00351762,-0.00577395)
(0.00985444,-0.00927123)
(0.00191341,-0.00867751)
(0.00916116,-0.0120429)
(-0.00188237,-0.0118851)
(-0.0012706,-0.0075399)
(0.00271383,-0.00399209)
(0.00258219,-0.00523522)
(-0.00313937,0.00403031)
(-0.00991748,-0.00224831)
(0.00742229,-0.0040708)
(-0.0181735,0.00299965)
(0.0110694,-0.00331968)
(-0.0389515,-0.00379952)
(6.01022e-05,-0.0117365)
(-0.0368058,-0.0161376)
(0.00406023,0.00152283)
(-0.0118715,-0.0212911)
(0.000128292,-0.00277243)
(0.00817192,-0.0159966)
(-0.00752166,0.00465616)
(0.0122886,-0.00541084)
(-0.0100501,0.000221455)
(0.005459,-0.00653225)
(-0.00590312,-0.00291961)
(0.0115002,0.0044503)
(-0.000971919,-0.00342434)
(0.0108345,0.00272894)
(0.000846716,0.000664182)
(-0.00275068,0.00176357)
(0.0161568,-0.00389855)
(-0.0157069,0.00916288)
(0.0212654,-0.0055584)
(-0.0290657,0.00227606)
(0.0105208,-0.0124018)
(-0.0222242,-0.0108454)
(0.00552003,-0.0103082)
(-0.00535535,-0.0166007)
(0.00168637,-0.00344522)
(0.00466275,-0.00704856)
(-0.0112586,0.0122972)
(0.000815141,0.000876431)
(-0.0135161,0.0077274)
(-0.00672203,0.00741222)
(-0.00299532,0.00930332)
(-0.000583019,0.0138834)
(-0.00325868,-0.00219545)
(0.00641485,0.00917821)
(0.00436662,-0.00240109)
(0.0067435,0.00454201)
(0.0128015,-0.00537726)
(0.00512933,0.00942931)
(0.0239132,-0.013526)
(-0.00052708,-0.0017582)
(0.0207831,-0.0116636)
(-0.00920736,-0.0170169)
(0.0137589,-0.00382615)
(-0.000515501,-0.00746112)
(0.0020422,0.00382753)
(-0.00316631,0.00406086)
(0.00823609,0.0212399)
(-0.00983584,0.0132442)
(-0.00696568,0.0151772)
(-0.017292,0.0124713)
(-0.0135836,0.0121652)
(-0.0119515,0.0182556)
(-0.00164096,0.00141106)
(0.001795,0.00904759)
(0.000252572,-0.00622939)
(0.00943726,-0.00289629)
(0.0125088,0.000563926)
(0.00937013,0.00304768)
(0.0146537,-0.00298296)
(0.00724589,-0.0130451)
(0.0130763,-0.00837229)
(0.0131119,-0.0295973)
(0.00247779,0.00545922)
(0.00471806,-0.00854082)
(-0.00551844,0.00400069)
(0.00547441,-0.00228779)
(-0.0010884,0.0200575)
(-0.0170477,0.00117976)
(-0.00518263,0.013061)
(-0.0235905,0.00957208)
(-0.00577589,0.00256365)
(-0.0254498,0.00672945)
(0.00377596,-0.0052354)
(-0.00779605,0.0108383)
(0.00366289,-0.00750944)
(0.011423,-0.00323455)
(0.00234224,0.00206466)
(0.00321998,-0.00952425)
(0.00572603,0.000737147)
(0.00763864,-0.0187088)
(0.00736451,-0.00789812)
(0.0101692,-0.0260492)
(0.009368,0.00538139)
(0.0128249,-0.0174452)
(0.000585911,0.0116798)
(-0.00272918,-0.00338861)
(0.00420124,0.0237311)
(-0.0136451,0.00613142)
(0.000177141,0.00947808)
(-0.0326397,0.00285122)
(0.0029256,0.00194726)
(-0.0267357,0.0103567)
(0.0114514,-0.00538903)
(-0.0169326,0.00790064)
(0.00459635,-0.00761699)
(-0.00102086,-0.00628904)
(-0.00349306,0.00993775)
(-0.000902383,-0.0160586)
(-0.00315645,-0.00118951)
(-0.00333935,-0.0229001)
(0.009264,-0.00793541)
(0.0045746,-0.022011)
(0.00404576,-0.000896659)
(0.0105092,-0.0124301)
(0.00682751,-9.69497e-06)
(0.0062846,0.00954954)
(-0.00145966,0.00928828)
(-0.002638,0.00662581)
(-0.00124619,-0.00270136)
(-0.0115735,0.0101715)
(0.0132777,-0.00696316)
(-0.0217712,0.00998671)
(0.0152679,-0.00602162)
(-0.0133206,0.00698409)
(0.0106166,-0.00318174)
(-0.0108138,-0.00946511)
(-0.0083261,0.00996891)
(-0.013879,-0.0290201)
(-0.00895857,0.00955873)
(-0.00487749,-0.0239416)
(0.00612122,0.00430891)
(0.00219861,-0.016974)
(0.0123336,-0.00278246)
(0.0046458,-0.00809571)
(0.00573841,-0.00247294)
(0.0060749,0.00913563)
(0.00474053,-0.0108674)
(0.00121166,0.0131741)
(0.0143317,-0.00881183)
(-0.011145,0.0152583)
(0.0178173,-0.0173526)
(-0.00742085,0.0127379)
(0.0161507,-0.0136933)
(-0.00620376,0.00496294)
(0.00594963,-0.00521413)
(-0.00617874,-0.0074418)
(-0.00992248,0.0104637)
(-0.00924467,-0.0171263)
(-0.0104017,0.00706794)
(-0.00587313,-0.0150731)
(-0.00909832,0.0111002)
(-0.00319786,-0.0136006)
(0.00315631,0.00143886)
(0.00275938,0.000158294)
(0.00165312,-0.000354659)
(-0.000587732,0.0083611)
(0.00854759,-0.00331057)
(-0.00407422,0.0134683)
(0.0113626,-0.00449166)
(-0.00273612,0.020077)
(0.0197098,-0.00993341)
(-0.00383553,0.0118292)
(0.0181679,-0.0132759)
(0.00198213,0.00120403)
(0.0078737,-0.00411032)
(-0.00219679,-0.00501382)
(0.00719479,-0.00285463)
(-0.00325458,-0.00164205)
(0.0121104,-0.00616994)
(-0.0118287,-0.0100869)
(0.00536499,-0.0122159)
(-0.00894988,-0.0022739)
(0.00720572,-0.00959349)
(-0.00880298,-0.0119377)
(0.00293237,-0.00809985)
(0.00196715,-0.00256199)
(-0.0024379,-0.00781066)
(0.00619899,0.00099594)
(-0.00558491,-0.0109902)
(-0.00593598,0.00125523)
(-0.000490367,-0.00610251)
(-0.00472543,-0.00696367)
(0.000940694,0.000618639)
(-0.00776079,0.00126784)
(0.00373637,0.000855648)
(-0.00526504,0.000962022)
(0.00488031,-0.00239041)
(-0.0123907,-0.00347848)
(0.00715897,-0.00468035)
(-0.01491,-0.00373944)
(0.0059511,-0.0111692)
(-0.0128871,-0.0108414)
(0.0119818,-0.0107274)
(-0.00956566,-0.0122155)
(0.00555888,-0.00887978)
(-0.00148209,-0.00465393)
(-0.000515425,-0.00786173)
(0.00837664,-0.000407975)
(-0.00643915,-0.006731)
(0.00128382,-0.00567071)
(-0.00249667,-0.0102488)
(0.000358789,-0.00194814)
(-0.000955203,-0.00364295)
(0.00111539,-0.00251732)
(-0.000959193,0.00643092)
(-0.00873361,0.00126513)
(0.00585209,-0.00011304)
(-0.0111131,-0.00213259)
(0.00357646,-0.00457602)
(-0.0200093,-0.00550286)
(0.00854507,-0.00732988)
(-0.0215591,-0.00459066)
(0.000605437,-0.0051777)
(-0.00566096,-0.0165478)
(0.00265824,0.00212313)
(-0.000159438,-0.00586819)
(-0.011035,0.000354985)
(0.000496787,-0.00302793)
(-0.00881021,0.00330049)
(0.00263449,-0.00116828)
(-0.011402,0.00655781)
(-0.000400808,0.000233687)
(-0.00924388,0.00593607)
(0.00710859,0.00175518)
(-0.00793629,0.00038918)
(0.0019986,0.00460143)
(0.00988376,-0.00250058)
(-0.0060174,-0.00291814)
(0.0130171,-0.00067552)
(-0.0134686,-0.00336693)
(0.00831211,-0.00593094)
(-0.0145033,-0.00479136)
(0.00512974,-0.00540178)
(-0.00697147,-0.0106736)
(-0.00185492,-0.00241384)
(-0.00615786,-0.00620964)
(-0.00471941,0.00673635)
(-0.00639778,0.0014603)
(-0.0158704,0.00711765)
(-0.0115599,0.00616561)
(-0.00930194,0.00445129)
(-0.00326632,0.0130227)
(-0.00847116,0.00737998)
(0.000356771,0.00932451)
(-0.00455171,0.00801845)
(0.00642593,-0.000935476)
(0.0130165,-0.00696036)
(0.0109527,-0.000955648)
(0.0170603,-0.0101021)
(0.00702186,-0.00460111)
(0.0108508,-0.00668963)
(-0.000916802,-0.00490906)
(0.000334796,0.0011382)
(3.34699e-05,-0.011784)
(-0.00663351,0.00379168)
(-0.0076024,-0.00298497)
(-0.00754496,0.0121923)
(-0.0153241,2.16831e-05)
(-0.0086635,0.00945452)
(-0.0181545,0.00856845)
(-0.00716418,0.00855614)
(-0.0146539,0.00811827)
(-0.0100363,-0.00145739)
(-0.000182586,0.00845376)
(-0.00217583,-0.00132373)
(0.0132463,-0.000776908)
(0.00229056,-0.00615624)
(0.0121305,-0.0049729)
(0.0128728,-0.00764148)
(0.00992221,-0.0159322)
(0.00688636,-0.00365058)
(0.00965403,-0.0197665)
(-0.00138053,0.00633144)
(0.0112217,-0.0138374)
(-0.00694213,0.00643754)
(0.00106214,-0.00485454)
(0.00275792,0.0177343)
(-0.0126126,0.00519251)
(-0.00278988,0.0113047)
(-0.019561,0.000193596)
(-0.0003813,0.00391181)
(-0.0170005,0.00460732)
(-0.000731814,-0.00577109)
(-0.00606781,0.000756489)
(-0.00215285,-0.00733101)
(0.00879523,-0.00934117)
(0.000236583,0.0040839)
(0.00960496,-0.0128346)
(0.00102597,-0.00699462)
(0.0122459,-0.0225798)
(-0.00163382,-0.00534953)
(0.00713102,-0.019374)
(-0.00668915,0.00370538)
(0.015207,-0.0161852)
(-0.00569389,0.00896986)
(0.011327,-0.00298015)
(-0.00466984,0.0139652)
(-0.00568576,-0.000989024)
(-0.00355339,0.00153012)
(-0.0114835,0.00421589)
(0.00354465,-0.00524682)
(-0.0182857,0.000344842)
(-0.00027332,-0.00392762)
(-0.00683543,0.00135352)
(-0.000443989,-0.00160705)
(0.00412435,-0.00722472)
(-0.00740653,0.00369627)
(0.00598031,-0.019578)
(-0.00311542,0.00620381)
(0.00499875,-0.0196637)
(0.00300325,-0.00113265)
(0.0143868,-0.0181904)
(0.000993659,0.000445484)
(0.0183954,-0.00935196)
(-0.00525453,-0.000586242)
(0.012613,-0.0020825)
(-0.00324028,-0.0018926)
(0.00815187,0.00474728)
(0.00482044,4.78925e-05)
(-0.00839453,0.00761528)
(0.00353129,-0.00952513)
(-0.0120501,0.00403721)
(0.00836436,-0.00616423)
(-0.00620497,0.0029473)
(0.00376038,-0.00166131)
(-0.000907436,-0.00555687)
(-0.0055191,0.00441096)
(-0.00686562,-0.014884)
(-0.00768926,0.00451969)
(-0.00314778,-0.0187345)
(-0.00595476,0.00682992)
(0.00904845,-0.0168789)
(0.00292595,-0.00166742)
(0.0140584,-0.0101198)
(0.00348623,-0.00524904)
(0.00782075,-0.00589307)
(0.00382155,5.18195e-05)
(0.00822774,0.00453954)
(0.00518887,-0.00202129)
(-0.00108052,0.00816582)
(0.0105916,-0.0119329)
(-0.00555333,0.00523094)
(0.00891284,-0.00956346)
(-0.0046936,-0.00253761)
(0.0017209,-0.00637839)
(0.00183596,-0.00483197)
(-0.00450392,0.00600831)
(-0.00489711,-0.0110447)
(-0.0121682,0.00560393)
(-0.00695591,-0.0106282)
(-0.00651462,0.00535947)
(0.00149089,-0.0140165)
(-0.00229501,0.000864689)
(0.00751468,-0.00765581)
(0.00218113,0.00359654)
(0.00503072,-0.00197436)
(-0.000275201,-0.00405404)
(0.00561974,-0.000777548)
(0.00817092,0.000375695)
(0.000444059,0.0133101)
(0.0129192,-0.00752173)
(-0.00130823,0.0050092)
(0.0135228,-0.00534349)
(0.00323539,0.00410298)
(0.00486672,-0.00559978)
