(0.00216195,-0.00663937)
(-0.00092626,0.00246676)
(-0.000848365,-0.00419235)
(-0.00209717,0.00294254)
(-0.000944124,0.00152129)
(-0.00324465,0.00532552)
(-0.00301944,-0.00149768)
(-0.00190253,-0.00303919)
(0.00101834,-0.00390697)
(-0.00185908,0.000244073)
(0.00352638,-0.00165987)
(0.00141681,-0.00563837)
(0.00299341,0.00263254)
(0.00800177,-0.00327184)
(0.000232291,0.00322216)
(0.00613947,-0.00141113)
(0.000311503,0.00607352)
(0.00142564,0.000133273)
(-0.000207747,0.002721)
(-0.0027686,-0.00239971)
(0.00155702,-0.00375328)
(-0.00278133,0.0078661)
(-0.005338,-0.0059847)
(-0.00502327,0.00387886)
(-0.00510255,-0.00583682)
(-0.00223786,-0.00383247)
(-0.00439938,-0.00839887)
(-0.000151922,-0.000342546)
(0.00296548,-0.00534228)
(-0.00246303,-0.00207485)
(0.00136792,-0.00497626)
(0.00156565,-0.000505195)
(0.00469739,0.00283499)
(0.00435273,0.00338517)
(0.0041332,0.00892998)
(0.00980643,-0.000448537)
(0.00234943,0.00805752)
(0.00215054,0.00104502)
(0.00182804,0.00500533)
(-0.00231216,-0.00144589)
(-0.00304784,0.000671222)
(-0.00305687,-0.000752661)
(-0.00356922,-0.00456985)
(-0.00365114,-0.000255933)
(0.000119587,-0.0105389)
(0.00609002,-0.000557494)
(-0.00185008,-0.0134593)
(0.00214198,0.00414844)
(0.000227919,-0.010772)
(0.00299044,2.61103e-05)
(0.00844449,-0.00677338)
(0.00231643,0.00348247)
(0.00845034,-0.00106472)
(0.00186769,0.00586547)
(0.0092711,0.00941623)
(0.00301708,0.00621184)
(0.00513293,0.00445444)
(0.00130031,0.00244087)
(0.00433434,0.0024817)
(-0.00523334,-0.00040026)
(-0.00119379,0.00145967)
(0.00120967,0.000802264)
(-0.00139114,-0.00181694)
(0.00548082,0.000879508)
(-0.00602987,-0.00951347)
(0.0124457,-0.00040128)
(0.00203254,-0.011361)
(0.00652003,0.00223569)
(0.00131115,-0.0186694)
(0.00813422,0.000930324)
(0.00613416,-0.0119133)
(0.00364486,0.00779191)
(0.0069361,-0.00700649)
(-0.00035504,0.00530142)
(0.00657163,0.00306559)
(0.0034192,0.00520564)
(0.0084694,0.00540741)
(0.000160908,0.00314954)
(0.00549043,0.00256788)
(-0.00285329,-0.000552737)
(0.00181035,0.00567186)
(0.00522287,0.00177057)
(-0.000900132,0.00273619)
(0.00767046,0.00257596)
(-0.00275913,0.00202954)
(0.00830668,0.0018427)
(0.00513476,-0.00640415)
(0.00686586,0.00144816)
(0.00489137,-0.00938538)
(0.00344689,0.00580237)
(0.00426077,-0.0123182)
(0.00446752,0.00672294)
(0.00825345,-0.00427626)
(0.00367463,0.00556574)
(0.00552467,0.000954437)
(0.000280242,0.00431838)
(0.00624931,0.0043287)
(0.00079746,0.00565179)
(0.0013844,-0.00102976)
(-0.000391305,-0.00262766)
(-0.00292236,0.00445533)
(0.000806732,0.00567294)
(-0.000683183,0.00686383)
(0.0113384,0.00545112)
(-0.000316064,0.00367424)
(0.00928758,0.00606961)
(0.00257045,-0.00233519)
(0.00594105,0.00503181)
(-0.000639608,7.75846e-05)
(0.00651506,0.00304995)
(0.00139411,-0.00394429)
(0.00791384,0.00323225)
(0.0104441,-0.00357812)
(0.00346149,0.00610966)
(0.0102166,0.00513577)
(0.00386241,0.00120828)
(0.00440697,0.00507745)
(0.00171288,0.00207406)
(0.0025548,-0.00454906)
(0.000635879,-0.000299356)
(0.00207116,0.00424814)
(-0.000506068,0.00195873)
(0.000782905,0.00457892)
(0.0058125,0.00661266)
(-0.00259789,0.0033451)
(0.0079502,0.00733186)
(0.000821828,0.00336864)
(0.00269837,0.00502176)
(-0.000995414,0.00342893)
(-0.000496389,0.00529549)
(0.00753444,0.00242573)
(0.00347309,0.00809064)
(0.0145696,0.00415365)
(0.00381805,0.00456966)
(0.00744391,0.00490272)
(0.00620125,0.0051027)
(0.00317133,0.00413713)
(0.00688154,0.000770704)
(-0.00218401,0.00390046)
(0.00211497,-0.00110059)
(-0.000317884,0.00378855)
(-0.00281338,-0.00243436)
(-0.00104134,0.00196358)
(0.00396104,0.0109035)
(-0.00251306,0.00484962)
(0.00205163,0.0095065)
(-0.00270949,0.00226695)
(0.000511936,0.00611926)
(-0.000284183,0.00772577)
(0.00156505,0.0120928)
(-0.000251262,0.00686626)
(0.00299138,0.00777952)
(0.00544013,0.00244758)
(0.00600683,0.00450021)
(0.00357681,0.00705779)
(0.00797159,0.00124176)
(-0.000361475,0.0079421)
(0.00451988,0.00172988)
(-0.00249257,0.000833541)
(0.00245521,0.0020005)
(-0.000750953,0.00270134)
(-0.00454708,0.00355815)
(0.000173237,0.00665662)
(-0.0015338,0.00229425)
(0.00235707,0.00598581)
(0.0031411,0.0050381)
(0.000486825,0.00920883)
(0.00592285,0.0107773)
(0.00507838,0.00777401)
(-0.000631579,0.00376331)
(0.00206594,0.0016293)
(0.00357787,0.00550982)
(0.00164997,0.00364059)
(0.0030285,0.0012034)
(0.00329104,0.0038612)
(0.00743208,-0.00680115)
(-0.000317913,0.00718338)
(0.00826318,-0.00487385)
(0.00076585,0.00452072)
(-0.00153485,2.14232e-05)
(0.00155156,0.00486807)
(-0.00366379,0.00162437)
(-0.00331311,0.00349917)
(-0.00321875,0.00532302)
(-0.000384608,0.00239479)
(0.00338045,0.00445696)
(-0.000312808,0.00560935)
(0.00564863,0.00349532)
(-0.0003158,0.0045825)
(0.00253705,0.0014724)
(-0.00192684,0.00557884)
(-0.000223235,-0.00337506)
(0.00207986,0.00126134)
(0.00133701,-0.0031427)
(-0.000811167,0.00666993)
(0.0065612,-0.00497961)
(0.00572904,0.0045143)
(0.00634637,-0.00148164)
(-0.000238411,0.00287273)
(0.00253046,-0.00213163)
(-0.00254775,-0.00507224)
(-0.00650779,0.00352973)
(-0.00541005,-0.00223665)
(-0.00732495,0.00659647)
(-0.0034798,0.00441432)
(-0.00351711,0.000708149)
(0.00483485,0.00304784)
(-0.0022904,0.00218533)
(0.00722122,-0.00183391)
(0.00193626,-0.00616852)
(0.00656447,-0.00269441)
(0.00505165,-0.0037253)
(0.0079559,0.00233378)
(0.00647518,-0.00764636)
(0.00139527,0.000797333)
(0.0078691,-0.0022789)
(0.00482323,-0.000921949)
(0.00534202,0.00346453)
(0.00533031,-0.00234992)
(0.0022601,0.000393844)
(-0.00441086,-0.00859342)
(-0.0086924,0.00687962)
(-0.00756643,-0.00109911)
(-0.0114589,0.00349319)
(-0.00509041,-0.00514144)
(-0.00124025,-0.00079692)
(-0.00180312,-0.00875215)
(0.000105392,-0.000877558)
(0.0078775,-0.00595215)
(0.00622072,-0.00416803)
(0.0117257,-0.00557885)
(0.00483435,-0.00215904)
(0.00794032,-0.00280674)
(0.0108288,-2.6722e-05)
(0.014328,0.00256928)
(0.0137149,0.00128194)
(0.00881636,0.00257432)
(0.0087878,-0.000813208)
(0.00862185,0.00172722)
(-0.00264453,0.00262281)
(0.000405953,-0.00217487)
(-0.010437,0.0033301)
(-0.00367998,-0.0083681)
(-0.00535801,0.00436693)
(-0.0066723,-0.00997931)
(0.003264,0.00448347)
(-0.0049833,-0.0114911)
(0.00775982,0.0029652)
(0.00345502,-0.0156211)
(0.0138661,-0.000340854)
(0.0079273,-0.0158541)
(0.00736284,0.00134237)
(0.00968624,-0.00487916)
(0.0069089,0.00180988)
(0.0121886,-0.00270326)
(0.0130344,-0.00215686)
(0.0140347,0.00598924)
(0.00282279,0.00426292)
(0.00943093,0.000967547)
(-0.00235284,-0.0026652)
(0.00194234,0.000629101)
(2.4677e-05,0.00523123)
(-0.00636783,-0.00459655)
(0.00170318,0.00665986)
(-0.000598983,-0.00331556)
(0.00279839,0.0107118)
(0.00677791,-0.0156319)
(0.0124054,0.0137936)
(0.00353437,-0.0152739)
(0.0103753,0.00500228)
(0.0123729,-0.0161784)
(0.00842467,0.0042873)
(0.0108527,-0.00831162)
(0.00307392,0.00311394)
(0.0120647,-0.00600785)
(0.00598395,0.00365748)
(0.0141455,-0.00327579)
(0.000472035,0.00512994)
(0.0140741,0.000202356)
(0.000653956,-0.00241655)
(-0.00134888,0.00584543)
(0.00279747,0.00364264)
(-0.000229467,0.00425158)
(0.00844871,0.00916401)
(0.000241872,0.00169321)
(0.00788355,0.0106743)
(0.00628776,-0.000802935)
(0.00889732,0.0117366)
(0.00286063,-0.00636998)
(0.00919154,0.00916145)
(0.00846719,-0.0161155)
(0.0104941,0.00266204)
(0.00562268,-0.0134198)
(0.00272624,0.00354901)
(0.0151669,-0.0011514)
(0.00567872,-0.00392451)
(0.010528,0.00130168)
(0.00148757,0.00388972)
(0.00780157,-0.00196208)
(0.00238089,0.00299529)
(0.000788336,0.00406632)
(0.00667439,0.00362228)
(-0.00227521,0.00788897)
(0.0116531,0.00238112)
(-0.00710704,0.00749041)
(0.0134139,0.00486096)
(-0.00169675,0.00704299)
(0.0031206,0.00421817)
(-0.00912135,0.00232728)
(0.00521899,0.00424791)
(-0.00394414,0.00139521)
(0.0165361,0.00322118)
(0.00927328,0.000245117)
(0.0145673,0.00461377)
(0.00937994,0.00121578)
(0.0114549,0.00624954)
(0.01096,0.00242541)
(0.00784331,0.0040934)
(0.00642332,-0.00134844)
(0.00131765,0.00410352)
(0.003314,0.00291259)
(0.00231239,0.00365533)
(0.00228513,0.00684082)
(0.012641,0.0058849)
(0.000113263,0.00711815)
(0.0093919,-0.00201178)
(0.000109592,0.00236647)
(0.00341947,0.000951799)
(0.00130485,0.0130485)
(-0.0030973,0.0065298)
(0.00118088,0.0121961)
(0.00841857,0.00771061)
(0.0126985,0.00566276)
(0.00882454,0.0084009)
(0.016093,0.00646356)
(0.0108628,0.00652502)
(0.00834716,0.00631313)
(0.0101182,0.00591031)
(0.00799031,0.00110112)
(0.00627091,0.00147475)
(0.000432277,-0.00172772)
(-0.000438749,0.00644161)
(-0.0029167,0.00951039)
(0.00848128,0.00686298)
(-0.00119725,0.00493571)
(0.0105909,0.0114344)
(0.00073199,0.00637892)
(0.00636799,0.00860274)
(0.000779315,0.0123468)
(0.00242253,0.00844048)
(0.00649703,0.0150364)
(0.00686898,0.00763302)
(0.0105827,0.00715071)
(0.00609801,0.0100853)
(0.00626736,0.00553077)
(0.013019,0.00519868)
(0.00677991,0.0061792)
(0.013213,0.000947127)
(0.00663976,-0.00148884)
(0.00815651,-0.00205299)
(-0.00283746,0.00309104)
(-0.00149197,0.00158694)
(-0.00327772,0.00692617)
(0.00234915,0.0101045)
(-0.000653069,0.0138855)
(0.00892107,0.00735926)
(0.00108111,0.00912362)
(0.0104761,0.00394803)
(0.00200029,0.0120721)
(0.00665356,0.00555697)
(0.00319334,0.0124688)
(0.00366703,0.00214956)
(-0.00095393,0.00423493)
(0.00820114,-0.00249986)
(0.00244939,0.0084916)
(0.00862495,-0.0026909)
(0.00795749,0.000622983)
(0.012189,-0.00703608)
(0.00328893,-0.00379253)
(0.00062233,-0.00368524)
(-0.00160418,0.000110335)
(-0.00215498,0.00484874)
(-0.0030463,0.00646739)
(-0.000460055,0.00140237)
(-0.00250215,0.00610507)
(0.00142188,0.00822545)
(-0.00428411,0.008075)
(0.00817476,0.00212264)
(-0.00402022,0.00615136)
(0.00707648,-0.00153003)
(-0.000368111,0.00600197)
(0.00181361,0.00105362)
(-0.000101897,0.00659416)
(0.00127497,-0.00570731)
(0.00534164,0.00390559)
(0.00422877,-0.00685173)
(0.00501727,0.00145668)
(0.0102528,-0.00636174)
(0.00205761,-0.000126608)
(0.000577412,-0.00085201)
(-0.0057185,-0.0024964)
(-0.00776617,0.00351504)
(-0.00620557,-0.00523714)
(-0.010506,0.000461637)
(-0.000881212,0.00205094)
(-0.00715632,0.000991956)
(0.0108584,-0.000598623)
(-0.00108258,-0.0046547)
(0.0125143,-0.00486554)
(0.00973306,-0.00462084)
(0.0116332,-0.00320395)
(0.00979775,-0.00576758)
(0.0081473,-0.0063891)
(0.0114498,-0.00286082)
(0.00644493,-0.00492744)
(0.0121274,-0.00603685)
(0.000965641,-0.00191232)
(0.010246,0.00116492)
(0.00572561,-0.00287236)
(0.00418927,0.00051587)
(0.000676948,-0.00308908)
(-0.00933408,-0.00239921)
(-0.00646229,-0.0035923)
(-0.0121374,0.000816611)
(-0.00379481,-0.00566191)
(-0.00451977,-0.00165948)
(0.0071494,-0.00391127)
(0.0054606,-0.00503887)
(0.0136688,-0.00950716)
(0.0145785,-0.00828254)
(0.0145565,-0.0121252)
(0.0117312,-0.000158036)
(0.0154791,-0.0107345)
(0.0151425,-0.00431856)
(0.00687171,-0.00327365)
(0.0192013,-0.010151)
(0.0105987,-0.000468841)
(0.0136587,-0.0011903)
(0.0065615,0.000478977)
(0.00449135,-0.00171454)
(0.00438201,-0.00406151)
(-0.00754835,0.00775909)
(-0.00599083,-0.00317634)
(-0.00662819,0.00402741)
(-0.00621217,-0.00310089)
(-0.00168944,0.00702603)
(0.0117356,-0.0137819)
(0.0176331,0.012316)
(0.0125658,-0.0138307)
(0.0131332,0.00362375)
(0.00969107,-0.0170087)
(0.010398,-0.00514419)
(0.0113339,-0.0175617)
(0.0104179,-0.00231384)
(0.00978734,-0.01053)
(0.0154238,-0.00379602)
(0.0124532,-0.00288895)
(0.0100951,-0.00227529)
(0.0136524,2.62534e-05)
(0.000803232,-0.00434806)
(0.00257938,0.000687441)
(-0.0056626,0.00647609)
(0.0012642,0.00535879)
(-0.00523207,0.0132943)
(0.00701135,-0.00287864)
(0.00910446,0.0242863)
(0.0127722,-0.00439195)
(0.012052,0.0215397)
(0.0182423,-0.00635278)
(0.0110975,0.00435404)
(0.00834066,-0.0164902)
(0.00277385,-0.0107446)
(0.0105517,-0.01614)
(0.0022686,-0.00768969)
(0.0179674,-0.00884492)
(0.0136706,-0.00742231)
(0.0150781,-0.00481108)
(0.00654488,0.00512554)
(0.0121139,0.00125949)
(0.00427007,0.00149402)
(0.00403735,0.00342846)
(0.00168737,0.0098324)
(0.000882753,0.00748678)
(0.00438101,0.0116347)
(0.00665109,0.0121479)
(0.0151198,0.0217884)
(0.0138363,0.00686424)
(0.0163152,0.0264113)
(-0.00447978,0.00194732)
(0.00293444,0.0173811)
(0.00493852,-0.0212923)
(0.00701232,-0.0108583)
(0.00794905,-0.0141509)
(0.024612,-0.0129066)
(0.0113794,-0.00973896)
(0.012873,-0.00394227)
(0.0127076,0.00233581)
(0.00982593,0.00222209)
(0.0142117,0.00196527)
(0.00517052,0.0022016)
(0.00100469,0.00286765)
(0.00401278,0.00843196)
(-0.000644075,0.00887183)
(0.0141306,0.0084966)
(0.00084299,0.0169281)
(0.01169,0.00843484)
(-0.00791885,0.0219453)
(0.0161842,0.00814718)
(-0.0240968,0.0256252)
(0.00719606,0.0147368)
(-0.00514844,0.0217801)
(0.0208658,-0.0165292)
(0.00924111,0.0113468)
(0.0329666,-0.0122605)
(0.0164052,0.00121434)
(0.0251888,0.00351924)
(0.00875252,0.00230747)
(0.0132569,0.00960771)
(0.00841583,0.0023575)
(0.00641969,0.00306401)
(-0.000942243,0.0016711)
(0.00537954,0.00519685)
(0.000267532,0.00879894)
(0.0121159,-0.00133062)
(0.00319182,0.0100273)
(0.00974407,-0.000333142)
(-0.00408513,0.0136527)
(-0.000302557,-0.000603259)
(-0.018579,0.0211393)
(0.00175015,0.00567755)
(-0.00366724,0.0250163)
(0.018378,-0.00634125)
(0.0112053,0.0144726)
(0.0174826,0.0108806)
(0.0101369,0.00735493)
(0.016361,0.00799348)
(0.0147309,0.00858685)
(0.0109971,0.0068433)
(0.00988053,0.00782529)
(0.00739966,0.003932)
(-0.000879571,-9.38875e-05)
(0.00351098,0.00614087)
(-0.00080112,0.00525242)
(0.0121697,0.00509722)
(0.00606242,0.0135031)
(0.00621392,-0.00140753)
(0.00376492,0.00574851)
(0.000617845,0.00421105)
(0.00370984,0.0174992)
(-0.00189278,-0.00099743)
(0.00562299,0.0179461)
(0.00684195,0.000376503)
(0.0129415,0.0101388)
(0.0100885,0.0044844)
(0.0116259,0.00677715)
(0.0102922,0.00935027)
(0.00746386,0.00633758)
(0.00918969,0.00309321)
(0.0116278,0.00480787)
(0.00382919,0.000515467)
(-0.00148764,-0.0021478)
(-0.000241639,0.00495878)
(0.000999134,0.00508959)
(0.00443237,0.00535816)
(0.00333547,0.00590254)
(0.00835375,0.00655158)
(0.009874,0.0143187)
(0.00707882,-0.00395406)
(0.0116396,0.0112012)
(0.00568496,-0.000490434)
(0.00355613,0.0140035)
(0.00929746,-0.00641348)
(0.00549425,0.00848247)
(0.00679953,-0.00252652)
(-0.00105742,0.00419829)
(0.0153103,-0.0043882)
(0.00838925,0.00563592)
(0.00413511,-0.0036291)
(0.00924346,-0.00135205)
(0.00320684,-0.00674539)
(0.0012666,-0.00373386)
(-0.00142058,0.000930858)
(-0.000273019,0.00124473)
(0.0037863,0.00347939)
(-0.00190093,0.00857867)
(0.00513293,0.00374447)
(0.00614822,0.00612903)
(0.00326453,-0.00200598)
(0.00300979,0.00793052)
(0.00523617,-0.00467187)
(0.00253592,0.00733721)
(0.00697547,-0.00411829)
(-0.00160433,0.00695471)
(0.00477483,-0.00659662)
(-0.000539719,0.00820209)
(0.00412222,-0.00749286)
(0.00395237,0.00181287)
(0.00668951,-0.00871925)
(0.00397388,-0.00506419)
(0.000457321,-0.00447185)
(0.00267729,0.0033215)
(-0.00518114,0.00158636)
(-0.000926171,0.000855238)
(-0.0049574,0.00242067)
(0.00445276,-0.00242811)
(-0.00261473,-4.09863e-05)
(0.0122046,-0.000865001)
(0.00273478,-0.00091251)
(0.0138778,-0.00389487)
(0.00719064,-0.00386084)
(0.00976985,-0.00570926)
(0.0092232,0.00213242)
(0.00340293,-0.0100476)
(0.0115819,-0.000190909)
(5.17004e-05,-0.00240207)
(0.0101364,-0.00594337)
(0.00231679,-0.00339837)
(0.0138545,-0.00200983)
(-0.000195876,-0.000282173)
(0.0104221,0.003593)
(0.00434226,0.005602)
(-0.00456559,0.00344358)
(-0.000535397,-0.0018361)
(-0.00957827,-7.07016e-05)
(0.00305841,-0.000931298)
(-0.00581071,0.000917045)
(0.0197301,-0.0101223)
(0.00538453,0.000820345)
(0.0184234,-0.011961)
(0.00591915,0.00443721)
(0.0128505,-0.0116526)
(0.0131005,0.00144283)
(0.00600454,-0.0203062)
(0.0162412,0.00233412)
(-0.0014085,-0.0124477)
(0.0214968,-0.00332907)
(-0.000644462,-0.00563571)
(0.0211505,-0.00444206)
(0.00109649,-0.00356129)
(0.0102782,0.00142193)
(0.00434696,-0.00110896)
(-0.00790045,0.00456963)
(0.00142511,0.000641781)
(-0.0108973,0.0128745)
(0.00650452,-0.00627747)
(-0.00496089,0.0134768)
(0.0175697,-0.013321)
(0.00242245,0.0219089)
(0.0199249,-0.0151586)
(0.000857303,-0.000741492)
(0.000461563,-0.0213146)
(-0.00258267,-0.00616081)
(0.00151977,-0.0288293)
(0.01158,-0.00160432)
(0.00784555,-0.0201772)
(0.0205296,-0.0053102)
(0.00389236,-0.0112387)
(0.0159697,9.99761e-05)
(0.000833393,-0.00334079)
(0.00364827,-0.000916782)
(0.0103056,-0.000867935)
(-0.00515187,0.00694547)
(0.00730623,0.0020104)
(-0.006182,0.0167895)
(0.017147,-0.000210597)
(0.00834184,0.0304375)
(0.0296585,-0.00974934)
(0.012326,0.0307766)
(0.0398947,0.00479492)
(-0.021336,0.00462706)
(0.00324063,-0.0116559)
(-0.0143847,-0.0407162)
(-0.0192933,-0.0297466)
(0.0123153,-0.0290336)
(0.0020453,-0.0217935)
(0.0148331,-0.00695884)
(0.010419,-0.0055433)
(0.0137537,-0.000736499)
(0.00551005,-0.0051378)
(0.00715423,0.00072138)
(0.00184103,0.00280899)
(-0.0012734,0.00625106)
(0.000615684,0.0102357)
(0.0132971,0.0150987)
(0.00923797,0.012374)
(0.0203251,0.0251251)
(0.00016908,0.0100103)
(0.0390644,0.0390445)
(-0.00684515,-0.0368009)
(-0.0890212,0.0718509)
(0.0726452,-0.0855356)
(-0.0252837,-0.0620062)
(-0.0255109,-0.0279099)
(0.0504405,-0.0345884)
(0.000482267,-0.0139261)
(0.0256481,-0.0147544)
(0.00695087,-0.00315216)
(0.0170542,-0.0046046)
(0.00785233,0.000555284)
(0.00904427,-0.00165444)
(-0.00346543,0.0037004)
(0.00222934,0.00422383)
(-0.000875843,0.0106235)
(0.0114932,0.00559549)
(-0.00295775,0.0218944)
(0.0310994,0.00301563)
(-0.0333216,0.0670461)
(0.0476865,0.011056)
(-0.0746466,0.042594)
(-0.0792688,0.0335797)
(0.0345733,0.0493872)
(-0.0199468,-0.0729858)
(-0.0139476,0.0402678)
(0.060201,-0.0486944)
(0.00152079,0.00320548)
(0.0297044,-0.0101715)
(0.00803145,0.00208502)
(0.0163198,0.00198365)
(0.00794978,-0.00114749)
(0.0072112,0.00503097)
(-0.00171312,-0.00107077)
(0.00168595,0.00209536)
(-0.00249694,0.00497467)
(0.0110727,-0.00785727)
(-0.00388103,0.00785144)
(0.0123438,-0.00687668)
(-0.0188565,0.025608)
(0.0197222,0.007653)
(-0.0367648,0.0252945)
(0.0130471,0.0145832)
(-0.0223078,0.0341642)
(0.0353473,-0.00796317)
(0.00316955,0.0254439)
(0.0433659,-0.0090346)
(0.0108779,0.0078472)
(0.021037,0.00806479)
(0.00549579,0.0117894)
(0.00631028,0.00682947)
(0.00451357,0.00703549)
(0.00452687,0.00394085)
(-0.00233107,-0.00704337)
(0.000715785,0.00213579)
(-0.00320163,0.00657675)
(0.00519779,-0.00508303)
(0.00137316,0.00219734)
(0.003763,-0.00858698)
(-0.00265501,0.00703489)
(0.0059567,0.000540184)
(-0.00675699,0.0109918)
(0.00638701,-0.00122395)
(-0.00146544,0.0155227)
(0.0187925,-0.0112502)
(0.0117871,0.00713938)
(0.0103302,0.000143357)
(0.0103465,0.00753789)
(0.0067312,0.00307746)
(0.0119798,0.00536426)
(0.00468261,0.003296)
(0.00468178,0.00432543)
(-0.000523259,0.00026728)
(-0.00488482,-0.00535392)
(-0.00397492,-0.00116685)
(-0.00352171,-0.000415921)
(0.000363752,-0.00596991)
(0.00291629,0.0063782)
(0.000783199,-0.00744661)
(0.00665683,0.0050283)
(-0.00140856,-0.00468369)
(0.00986473,0.00553746)
(0.00261468,-0.0043693)
(0.00928509,0.00557944)
(0.00867397,-0.013345)
(0.00839303,0.00561845)
(0.00533962,-0.0107313)
(0.00409378,0.00445309)
(0.00655546,-0.00571027)
(0.00967358,-0.000809232)
(0.000863797,-0.00953446)
(0.00512153,-0.000983722)
(-0.00572916,-0.00220368)
(-0.000685419,-0.00729636)
(0.000282447,0.000229544)
(0.000683853,0.00151592)
(0.00276526,-0.0027498)
(0.00215779,0.0040347)
(0.000571841,-0.00568067)
(0.00288046,0.00436983)
(0.00473169,-0.00878194)
(0.00715139,0.000439273)
(0.000749258,-0.00894114)
(0.00368538,0.00194055)
(0.00362323,-0.00955956)
(0.00261449,-0.00297576)
(-0.000666239,-0.00902738)
(0.00192323,0.00111711)
(0.00369086,-0.00487993)
(-0.00058538,4.72433e-05)
(-0.00346605,-0.00567973)
(0.000770765,0.00108716)
(-0.00236307,-0.00422245)
(-0.000101919,0.00734809)
(0.000370478,0.00323433)
(0.00396551,-0.000662669)
(-0.00242236,-0.000392745)
(0.00823303,0.00274634)
(-0.00175598,0.00230841)
(0.013807,-0.00107251)
(-0.00163491,0.00111849)
(0.0110952,-0.00400707)
(0.00313151,0.00676956)
(0.00882701,-0.00740722)
(0.00883627,0.00439606)
(-0.00527768,-0.0085729)
(0.00992916,0.00417338)
(-0.00269221,-0.00131638)
(0.00667045,0.000925318)
(-0.00888127,-0.00301413)
(0.0112325,0.00227681)
(-0.00426454,-0.00426934)
(0.00650961,0.00243403)
(0.00300884,0.00517315)
(-0.00168088,0.00266437)
(0.00372719,0.00574729)
(-0.00584602,0.00427919)
(0.010906,0.000931042)
(-0.00456254,0.000790662)
(0.0152411,-0.0032649)
(0.00271366,0.00788986)
(0.0172002,-0.0109073)
(0.00515896,0.0037874)
(0.0038418,-0.0158651)
(0.0105489,0.00966713)
(-0.00422141,-0.023384)
(0.0165409,0.00507977)
(-0.000366907,-0.0123857)
(0.011104,-0.00190795)
(-0.00589444,-0.0122658)
(0.0131123,-0.00442997)
(-0.00963738,-0.00686158)
(0.0105175,-0.00196578)
(0.00278481,0.000573951)
(-0.00846045,0.00793619)
(0.00175921,0.0033368)
(-0.0108619,0.00906695)
(0.00694524,-0.00631106)
(-0.00361034,0.0196912)
(0.0218478,-0.0183508)
(-0.000867709,0.0174807)
(0.0348873,-0.00880657)
(-0.000162822,0.00821735)
(-0.0103056,-0.0129609)
(0.00292402,-0.00655641)
(-0.0220129,-0.0385657)
(0.0102358,-0.00120711)
(-0.00859289,-0.0293705)
(0.0133177,0.000589064)
(-0.00071319,-0.0160551)
(0.0111706,-0.0046554)
(0.00159566,-0.0100143)
(0.00293643,-0.00153113)
(0.00100651,0.00304417)
(-0.00959417,0.0130967)
(0.00544047,0.00106326)
(-0.00548496,0.0215973)
(0.0112225,-0.00597564)
(0.00298694,0.0300985)
(0.0507636,-0.0161314)
(0.0210099,0.0342406)
(0.0793839,0.0793093)
(-0.010733,-0.0183101)
(-0.0675794,0.0733598)
(-0.0210348,-0.0668203)
(-0.0765301,-0.0325402)
(0.0118737,-0.0130449)
(-0.0145744,-0.0321273)
(0.0118541,-0.00843998)
(-0.0031674,-0.0182035)
(0.0134313,-0.00419042)
(0.00347489,-0.00631169)
(0.0089253,-0.00343134)
(-0.000299355,-0.00196708)
(0.00209445,0.0124627)
(0.0019326,0.00663314)
(0.00112231,0.0130221)
(-0.000457197,0.000135471)
(0.0320069,0.0142838)
(0.0126685,-0.0429384)
(0.135228,-0.00553872)
(-0.0311706,-0.00582489)
(-0.00217242,-0.00820927)
(0.0312495,0.00232683)
(0.00486928,0.021183)
(-0.13938,-0.0439294)
(0.0707149,0.0299188)
(-0.0353733,-0.0215979)
(0.0256318,-0.00784605)
(0.00185132,-0.00617417)
(0.0112059,-0.00316755)
(0.00789007,-0.00551231)
(0.00815994,-0.0014794)
(-0.00423868,0.00378685)
(0.00207102,0.00509272)
(-0.00155859,0.0125041)
(0.0158649,0.00137995)
(-0.0112514,0.0441632)
(0.0438172,-0.0168148)
(-0.0260896,0.156234)
(0.158401,-0.0635769)
(0.019522,-0.0278587)
(-0.0243398,-0.00682958)
(0.0158246,-0.0160287)
(-0.0239067,0.0099146)
(-0.0667079,0.135327)
(0.0965375,-0.0603642)
(-0.0131098,0.0251706)
(0.0311531,-0.0173484)
(0.00370475,-0.00149602)
(0.0119491,-0.00117307)
(0.0109114,0.0015235)
(0.00735614,0.00153631)
(-0.00311691,-0.002452)
(0.00428572,0.0014869)
(-0.00721389,0.00142883)
(0.00608244,-0.00330783)
(-0.00559431,0.0162563)
(0.0245803,-0.00981933)
(-0.0105628,0.0495965)
(0.0434313,-0.00665912)
(-0.0182566,-0.0309595)
(0.0531157,0.0429545)
(-0.065504,-0.0446623)
(0.0619397,0.0332384)
(-0.0202913,0.0349443)
(0.0538962,-0.0127482)
(0.00480425,0.0153067)
(0.0189752,-0.00224192)
(0.00452703,0.00757451)
(0.00719629,0.00282631)
(0.00215157,0.00431197)
(0.00144809,0.00463733)
(-0.00478435,-0.0028798)
(0.00196251,0.00216002)
(-0.00430435,0.00114863)
(0.00185747,-0.00813557)
(-0.00575156,0.00128168)
(0.00523245,-0.00204402)
(-0.00629788,0.00842083)
(0.0119312,0.00192191)
(-0.00109646,0.00447736)
(0.0151874,0.00633032)
(-0.00995415,0.00520592)
(0.0282454,-0.00190906)
(0.0104735,0.00535232)
(0.0181602,-0.00135179)
(0.0084824,0.0019245)
(0.00616632,0.000783456)
(0.0035923,0.00934798)
(0.00221978,0.00463866)
(0.00711182,0.00163061)
(-0.00137212,0.00471003)
(-0.00432856,-0.00980451)
(-0.00667451,-0.000138437)
(-0.0076784,1.52006e-05)
(-0.0043865,-0.00135072)
(0.00196386,-0.00188422)
(-0.00419106,-0.0107564)
(0.00268486,0.000742232)
(0.00334663,-0.00265359)
(0.00403411,0.000595216)
(0.00227919,-0.00291403)
(0.00608074,0.00267755)
(0.0146446,-0.00580363)
(0.0144521,-0.00254444)
(0.00538999,-0.00823712)
(0.00782707,-0.000155728)
(-0.00178947,-0.00254491)
(0.00555232,-0.00364619)
(-0.00296527,0.00107458)
(0.00523931,-0.00455249)
(-0.00270264,-0.00266973)
(0.00303732,-0.00466573)
(-0.00220155,0.00093235)
(-0.00327124,-0.002984)
(0.00037421,-0.00490281)
(0.00257941,0.00028523)
(0.00183596,-0.0107938)
(0.00383396,0.00354705)
(0.000842093,-0.00660944)
(0.00325594,-0.000967376)
(0.0054107,-0.00483559)
(0.00809032,-0.00615128)
(0.00183724,-0.00985776)
(0.00319276,-0.00407135)
(0.00338802,-0.003197)
(0.00400852,-0.00337138)
(-0.0031533,0.00127944)
(0.000862726,-0.00365291)
(-0.00343129,-0.00168482)
(-0.00313571,-0.00320323)
(-0.00528622,-0.000687834)
(-0.000731171,0.00441568)
(0.0020213,-0.00245737)
(0.00922683,0.00332152)
(0.000853244,-0.000907449)
(0.00868042,-0.00216893)
(-0.00396736,0.00119034)
(0.00450903,0.00257475)
(-0.000254066,0.00835704)
(0.0131205,-0.00121365)
(0.00301706,0.00806807)
(0.00237084,-0.00403704)
(0.0105706,0.0120771)
(-0.00546416,-0.00953659)
(0.0035681,0.00253092)
(-0.00774045,-0.0041306)
(0.00158994,0.00118941)
(-0.00909851,-0.00557888)
(0.00461126,-0.0022788)
(-0.00444846,-0.00403376)
(0.00611191,0.000425866)
(0.00121272,0.00678316)
(0.000400253,0.00444042)
(0.00797505,0.00481935)
(-0.0028885,-0.00221505)
(0.0100942,0.000668029)
(-0.0033338,0.00409313)
(0.0152175,-0.0027788)
(0.00103516,0.0137615)
(0.0168202,-0.0144159)
(0.00591848,0.0162526)
(0.00659699,-0.0151338)
(0.0164067,0.0119481)
(-0.00585496,-0.0152478)
(0.0111233,0.0035013)
(-0.00971431,-0.012302)
(0.00802797,-0.00106255)
(-0.0124985,-0.0123781)
(0.00398517,-0.00571804)
(-0.00921917,-0.00440013)
(0.00370839,-0.00673877)
(0.00157126,0.00543405)
(-0.00700334,0.00978949)
(-0.000267965,0.00492693)
(-0.00742109,0.00806155)
(0.00987351,-0.0048369)
(-0.00570196,0.0207418)
(0.0150262,-0.029173)
(-0.00332169,0.0211874)
(0.0185029,-0.0240863)
(0.00593558,0.0193791)
(-0.00548388,-0.0317687)
(0.00674054,0.00805762)
(-0.0101598,-0.0342092)
(0.0104464,0.00592781)
(-0.00236791,-0.0233737)
(0.0022271,4.48492e-05)
(-0.00708456,-0.0161649)
(0.000425601,-0.00544489)
(-0.00512345,-0.00568824)
(-0.000884406,-0.0075853)
(-0.00232844,0.000728239)
(-0.00956173,0.00741494)
(-0.00317275,0.0039975)
(-0.0117395,0.0217196)
(0.000181549,-0.0143668)
(-0.00883413,0.0277926)
(0.0321717,-0.059019)
(-0.0291906,0.0503841)
(0.0400782,0.0323938)
(-0.0186095,0.0228944)
(-0.077157,0.0252121)
(-0.0263675,-0.0116842)
(-0.0332863,-0.0596098)
(-0.0406296,0.0084473)
(-0.0038032,-0.0252881)
(-0.00194896,-0.00198762)
(0.00310359,-0.014887)
(0.00504124,-0.00906721)
(0.00294487,-0.00600153)
(-0.00046809,-0.00864725)
(-0.00196072,0.0047746)
(-0.00252762,0.00588732)
(-0.00473755,-0.000352208)
(-0.00884925,0.00997806)
(-0.00254729,-0.0265117)
(-0.0275375,0.0221498)
(0.0415845,-0.159373)
(-0.107347,0.0419162)
(0.0247778,0.0305415)
(0.0180746,-0.0174345)
(-0.0122239,0.0323453)
(0.00486112,-0.00637397)
(0.0293772,-0.108566)
(-0.152175,0.0741647)
(0.00680416,-0.0217991)
(-0.0273469,0.0059525)
(0.00474922,-0.00813174)
(0.00345637,-0.00283559)
(0.00540874,-0.00251164)
(-1.34438e-05,-0.00766451)
(-0.00454547,0.00578399)
(0.00303643,0.00275363)
(-0.00743833,0.00892072)
(0.000564261,-0.00315976)
(-0.0148831,0.00778644)
(-0.0151048,-0.0174369)
(-0.00820078,0.0322276)
(-0.0931891,-0.0814698)
(0.0171209,-0.0139138)
(0.0404551,-0.00446061)
(-0.0402989,-0.0140879)
(0.00245073,0.0152646)
(0.112829,0.107145)
(-0.0930581,0.0441307)
(0.0266935,0.0181376)
(-0.0103739,0.00108008)
(0.00852708,0.00340083)
(0.00976128,-0.00289141)
(0.00758093,-0.00289526)
(0.00679043,0.00120242)
(-0.00276409,0.00102105)
(0.00155177,0.00216693)
(-0.00508085,0.00713448)
(-0.000865268,-0.0044333)
(-0.00637567,0.00467847)
(-0.0116366,-0.00346053)
(0.00276223,0.0185677)
(-0.0483592,-0.00779356)
(0.0491358,-0.048401)
(-0.0650877,0.0299222)
(-0.00295101,-0.07462)
(-0.0250041,-0.0120962)
(0.0428018,0.0165911)
(-0.00187934,-0.00916887)
(0.0171778,0.0130925)
(0.0139957,-0.0129464)
(-0.000207792,0.00592821)
(0.00141942,-0.00114657)
(0.00170399,0.00288729)
(0.00274129,0.00227767)
(-0.00195311,-0.00538643)
(0.00236989,0.00304807)
(-0.0025254,-0.00289251)
(-0.00494208,-0.000664779)
(0.00138311,0.00362018)
(-0.00943321,-0.00136967)
(-0.00137918,0.00478364)
(-0.0176128,0.00259919)
(0.0189067,0.00292381)
(-0.0303641,0.00348667)
(0.0119804,-0.0101614)
(-0.00448318,-0.00739214)
(0.0160834,-0.00180443)
(0.0137367,-0.00901767)
(0.0059314,0.006232)
(0.00173374,-0.00345068)
(-0.00334288,-0.00207038)
(0.00846323,0.0035649)
(0.00231735,0.000248576)
(0.0024833,0.00398672)
(-0.00228815,-0.00117358)
(-0.0016083,0.00182895)
(-0.0030376,-0.000834924)
(0.000365724,-0.00259154)
(-0.00246087,-1.28943e-05)
(-0.00358509,-0.00700868)
(0.00533462,0.00769446)
(-0.0077225,-0.0043791)
(0.00731961,0.00176485)
(-0.00121335,-0.0011108)
(0.0102511,-0.00381321)
(0.00869384,-0.00225701)
(0.00673455,-0.000863445)
(0.00863495,-0.00312198)
(0.00439142,0.00022653)
(0.00286787,0.00138426)
(-8.19146e-05,-0.00308921)
(0.00083047,0.00385088)
(0.00324151,-0.00706147)
(0.00303445,0.00266748)
(0.000474823,-0.00392507)
(-0.0036986,-0.00018883)
(-0.0037321,0.00275759)
(0.00186073,-0.00345141)
(-0.00211744,0.000932867)
(0.000183159,-0.0117229)
(0.000198912,0.00020934)
(0.0018578,-0.0128659)
(0.0034549,-0.00151676)
(0.00643047,-0.006836)
(0.00439374,-0.00454829)
(0.00501643,-0.00688775)
(0.00617337,-0.00556089)
(0.00413024,-0.000710768)
(0.003133,-0.00340807)
(0.00255018,0.00249054)
(-0.00199201,-0.00473528)
(0.00224378,0.00254588)
(-0.00417107,-0.00269978)
(-0.00271501,0.00336524)
(0.000849614,0.00255028)
(0.00193358,-0.00358041)
(0.00159584,0.00142783)
(-0.00103627,-0.000674022)
(0.00585801,-0.00595211)
(-0.00201547,0.0031157)
(0.00861659,0.00121363)
(0.00158764,0.00789931)
(0.00474546,0.000435293)
(0.0046889,0.0112027)
(0.00035662,-0.00280952)
(0.00723518,0.00626176)
(-0.00417012,-0.0065058)
(0.00349336,0.00217083)
(-0.00285514,-0.00439219)
(0.00031543,0.00148478)
(-0.00420275,-0.00981199)
(-0.00323864,-0.00429931)
(-0.00819039,-0.00699467)
(-0.00154351,-0.000294201)
(0.00280295,0.00547164)
(0.000115863,-0.00130326)
(0.0068924,0.00031195)
(-0.00103807,0.000332944)
(0.0114081,0.00224406)
(-0.0007243,0.00576934)
(0.0107564,0.000167906)
(0.00572215,0.0107277)
(0.0108231,-0.00370792)
(0.0110686,0.00759418)
(0.00524495,-0.00784529)
(0.0107599,0.00316719)
(-0.0023537,-0.0135988)
(0.0123027,-0.00425676)
(-0.00432943,-0.0052159)
(0.00515931,-0.00102191)
(-0.00809376,-0.00904327)
(-0.00135371,-0.00537247)
(-0.0117163,-0.00526736)
(-0.000912413,-0.0028925)
(0.000145038,0.0015677)
(-0.00766363,0.00199516)
(0.00300087,0.00592607)
(-0.0074036,0.00804339)
(0.0103498,0.00207149)
(0.00113014,0.00931617)
(0.00700687,-0.011952)
(0.00204984,0.0185524)
(0.0135742,-0.0241221)
(0.0119058,0.00792797)
(0.0060957,-0.0234578)
(0.0125372,0.000310744)
(0.00292414,-0.0240092)
(0.00682818,-0.00730027)
(-0.00226935,-0.00980681)
(0.00713333,-0.00539259)
(-1.35261e-05,-0.00992156)
(-0.00357426,-0.00675868)
(-0.00702917,-0.004921)
(-0.00215361,-0.00862267)
(-0.00246049,-0.000372648)
(-0.00851888,0.00401889)
(-0.00495485,-0.00390503)
(-0.00720953,0.00960159)
(-0.00314542,-0.00345494)
(-0.00225796,0.021277)
(-0.00836234,-0.027734)
(-0.0140711,0.0354041)
(-0.0320705,-0.0459744)
(0.00297545,0.0232967)
(0.02257,-0.0557065)
(0.027938,-0.00495022)
(0.0258996,-0.0417647)
(-0.00177236,-0.00700838)
(0.00406759,-0.0248228)
(-0.0043196,-0.00464347)
(0.0068664,-0.0108651)
(0.00236825,-0.00409637)
(-0.000929912,-0.00564221)
(0.00266023,-0.00676967)
(-0.00544567,-0.00184269)
(-0.00923713,0.00398635)
(-0.00717754,-0.00269777)
(-0.00622008,0.00656977)
(-0.0124969,-0.0104601)
(-0.0227266,0.0263344)
(-0.0502566,-0.0597801)
(-0.0656263,0.0550191)
(-0.207664,-0.0595877)
(-0.0111291,0.0646226)
(0.0780195,-0.0966412)
(0.136545,-0.0589298)
(0.0832204,-0.0637775)
(-0.0132327,-0.0140483)
(0.0328559,-0.0134185)
(-0.000636708,-0.00751594)
(0.0104877,-0.0115219)
(0.00497913,-0.00111744)
(0.00715071,-0.00251972)
(0.00268644,-0.000597417)
(-0.00999969,0.000460384)
(-0.00224939,0.00127247)
(-0.00939337,-0.00190695)
(-0.00764098,0.00111001)
(-0.00712455,0.00438805)
(-0.0220989,0.00668222)
(-0.0464074,0.0228464)
(-0.0780623,0.0231651)
(-0.136505,0.138623)
(-0.0753958,0.059723)
(0.111718,0.0830716)
(0.0637937,-0.127414)
(0.118564,0.0259802)
(0.0072603,-0.0339662)
(0.046484,0.00298073)
(0.0149104,-0.0190627)
(0.0168103,-0.00162611)
(0.00479901,0.00385862)
(0.0108393,-0.000958627)
(0.00327409,-0.000840332)
(-0.00269876,-0.00571868)
(-0.00143263,0.00564763)
(-0.00569534,-0.0106127)
(-0.00284781,0.000507825)
(-0.00478889,-0.00341774)
(-0.0209703,0.00472934)
(-0.001802,0.00181285)
(-0.0457347,0.00901114)
(0.00835021,0.0244617)
(-0.0673759,0.0131034)
(0.0656471,0.00918698)
(-0.0146186,-0.0396959)
(0.0577322,0.00603397)
(0.00760204,-0.0212369)
(0.0251533,0.00410933)
(0.0147365,-0.0137785)
(0.000469468,-0.00222458)
(0.00928656,-0.00108923)
(0.000930054,-0.00181666)
(0.000382393,-0.000503067)
(-0.00145045,-0.00485966)
(-0.00139687,0.00545235)
(-9.0792e-05,-0.00672458)
(-0.00659171,0.00837316)
(0.00229045,-0.00845936)
(-0.0129917,0.00267122)
(0.00531028,-0.00564284)
(-0.0207977,0.000836658)
(0.01855,-0.00497873)
(-0.0234604,-0.00343942)
(0.0253676,-0.00792385)
(-0.00668598,-0.0028567)
(0.0268463,-0.00405357)
(0.00849953,-0.01129)
(0.00893067,0.00109337)
(0.00865537,-0.00783223)
(0.000411001,0.000315262)
(0.00320174,0.00108025)
(0.0009446,-0.00223258)
(0.00521928,-0.0010331)
(-0.00691813,-0.00017065)
(-0.000110138,0.00435567)
(-0.00192018,-0.00229005)
(0.000930391,0.000952988)
(0.00453379,-0.00575309)
(-0.000414301,-0.00304722)
(0.00699098,-0.00453469)
(-0.00129485,-0.00999827)
(0.00952132,-0.00457111)
(0.00237785,-0.00371115)
(0.0137306,0.000362794)
(0.00663931,-0.00234961)
(0.00763577,-2.519e-05)
(0.0103592,-0.00480242)
(0.00289686,-0.0012324)
(0.00733282,0.00597533)
(0.00183215,-0.00607118)
(0.00322614,0.00309396)
(0.00458677,-0.00319764)
(0.00881781,0.00170987)
(0.00154184,0.00161917)
(-0.000924841,0.000992432)
(-0.00296265,-0.000613572)
(-0.00110805,-0.00344474)
(-0.000241466,-0.00433015)
(0.000370698,-0.00200837)
(0.00152136,-0.00415497)
(0.00185839,-0.00768452)
(0.00530355,-0.00263641)
(0.00378883,-0.0050369)
(0.00988102,-0.000212688)
(0.0078868,-0.00324901)
(-0.00141306,-0.00328385)
(0.00298923,-0.000193221)
(0.00262997,-0.0026095)
(0.00173,0.00141874)
(0.000103714,-0.00262817)
(0.00200026,0.0019066)
(1.07438e-05,-0.00238682)
(0.00255522,0.0035954)
(-0.00380564,0.000787804)
(-0.000344438,-0.00419706)
(6.10719e-05,-0.00146771)
(0.00628123,-0.00287623)
(0.00013072,-0.00315821)
(-0.000760649,0.000642264)
(0.00385742,-0.00503079)
(0.00142519,0.00732513)
(-0.00421943,-0.000288011)
(0.00193653,0.00653359)
(-0.00231742,-0.00833117)
(0.00414197,0.00527688)
(-0.00515789,-0.00906601)
(0.00144924,0.00230436)
(0.00248943,-0.0101033)
(0.00172701,0.00114907)
(0.000600053,-0.00617269)
(-0.00450088,-0.00181595)
(-0.00380108,-0.00748299)
(-0.00134463,0.00228318)
(-0.00375462,0.00491861)
(-0.000618839,-0.00216391)
(0.00077792,0.00128211)
(0.000139615,-0.00150187)
(0.00412429,-0.00922362)
(0.00228803,0.00559103)
(0.00915087,-0.00260362)
(0.00620895,0.00952395)
(0.00927191,-0.00283805)
(0.0100911,0.00645426)
(0.000530238,-0.008426)
(0.00865672,0.00187964)
(0.00359517,-0.0143206)
(0.00583581,-0.000408414)
(-0.00436898,-0.0131466)
(0.00359291,0.00202918)
(-0.0015463,-0.0134985)
(0.000473854,-0.000889107)
(-0.0088711,-0.00613818)
(-0.00308287,-0.00043915)
(0.00275572,-0.000640918)
(-0.00492754,0.00161414)
(-0.000447394,-0.00502922)
(-0.00222759,-0.00015469)
(0.00452803,-0.00407843)
(0.0035621,0.00631356)
(0.0149541,-0.00579097)
(0.0112251,0.0103957)
(0.00775339,-0.00853333)
(0.00862996,0.0114132)
(0.0111302,-0.0119755)
(0.00709888,-0.00136515)
(0.00584669,-0.0115485)
(0.00869754,0.000572817)
(-0.000231244,-0.0091799)
(0.00393714,0.00283664)
(-0.000409819,-0.00895411)
(-0.00412738,0.00118972)
(-0.00596804,-0.00544633)
(-0.00309506,-0.00304509)
(-0.00325948,-0.00205879)
(-0.00869982,-0.00142656)
(-0.00173237,-0.00961011)
(-0.00637914,0.00577919)
(-0.00426176,-0.0129359)
(0.00251574,0.00995546)
(6.33782e-05,-0.011817)
(-0.000505594,0.0148534)
(0.00382547,-0.0177099)
(-0.00206537,0.0152664)
(0.0164625,-0.0257459)
(-0.00353105,0.000926296)
(0.0175182,-0.0160729)
(-0.00570546,-0.00308714)
(0.0118814,-0.00479635)
(0.0014813,0.000972013)
(0.00386363,-0.00939817)
(-0.00119433,-0.00015973)
(0.00400603,-0.00405884)
(-0.00516762,-0.00605938)
(-0.0033686,-0.0060368)
(-0.00375554,-0.00141232)
(-0.0117177,-0.0170723)
(-0.0111732,0.0075016)
(-0.00837082,-0.00810901)
(-0.00411497,0.0126405)
(-0.00335671,-0.00825439)
(-0.0193883,0.0284874)
(-0.0354584,-0.0240377)
(-0.00620911,0.0218737)
(0.044352,-0.033208)
(0.00923402,-0.00620255)
(0.0500472,-0.0204958)
(-0.00307464,-0.00922196)
(0.024618,-0.00536099)
(0.00132909,-0.00454023)
(0.0103569,-0.00430139)
(-0.00226343,-0.0010781)
(0.00378315,-0.00464494)
(0.00124334,0.000446674)
(-0.00398644,-0.00364636)
(-0.00492089,0.00286264)
(-0.0121092,-0.00825655)
(-0.00674559,-0.000950346)
(-0.00203476,-0.008986)
(-0.0126094,0.00464209)
(0.00148682,0.00191666)
(-0.0271527,0.0170645)
(-0.00628454,0.027194)
(-0.0301827,0.0125928)
(0.0557025,0.0159278)
(0.000846924,-0.0167762)
(0.0613012,0.00829853)
(0.00771123,-0.0126481)
(0.0334701,0.000112012)
(0.00788219,-0.00339097)
(0.0129113,-0.00347521)
(0.00713446,0.00283817)
(0.0113444,0.000326776)
(-0.000634804,0.000194057)
(-0.00599655,-0.00779123)
(-0.00398232,0.00463178)
(-0.000521069,-0.0165697)
(-0.00656547,0.00938683)
(-1.80641e-05,-0.0115757)
(-0.0156191,0.00747831)
(0.0116536,-0.00762332)
(-0.0307167,0.00366555)
(0.0175914,0.00317952)
(-0.0248411,0.00574916)
(0.0380976,0.00166924)
(-0.0127442,0.00196211)
(0.0368021,-0.000820758)
(0.0030288,-0.00445479)
(0.0201067,0.00187977)
(0.0052917,-0.00270556)
(0.00513468,-0.00272283)
(-0.00413135,0.00357708)
(0.00396121,-0.00135778)
(0.0010029,-0.00156879)
(-0.00727731,-0.00777027)
(0.00330594,0.00432684)
(-0.00517383,-0.0104958)
(-0.00668965,0.00390729)
(0.00799686,-0.0121824)
(-0.0117465,0.00194857)
(0.0134848,-0.00799638)
(-0.0162383,-0.00235601)
(0.0209803,-0.00419774)
(-0.0173317,0.0018563)
(0.0204474,-0.00360722)
(-0.00226102,0.00335365)
(0.0153865,0.00317262)
(0.0049203,-0.00395188)
(0.01071,-0.00163896)
(-0.000786802,0.00110322)
(0.00269544,-0.00633438)
(0.00684518,-0.00390791)
(0.00100481,-0.00717868)
(0.00859539,-0.00113611)
(-0.004776,-0.00500694)
(0.00039785,-0.000983715)
(-0.00247255,-0.00559958)
(0.000938721,-0.00176093)
(0.00251739,-0.0110668)
(-0.00625558,-0.00325628)
(0.0130031,-0.0119766)
(-0.00271585,-0.000917194)
(0.0192694,-0.00657078)
(-0.000264996,-0.00141233)
(0.0110692,0.00509984)
(0.00475662,0.00278935)
(0.00118017,-0.00199625)
(0.00414053,0.00488145)
(0.00563949,-0.00445456)
(0.00486219,-0.00151833)
(0.00402022,-0.00725858)
(0.00476697,0.000502209)
(0.00407302,-0.00908372)
(0.00605465,0.000968152)
(-0.00581154,-0.00248455)
(-0.000239119,-0.00268218)
(-0.000567697,-0.00468491)
(0.000967566,-0.0044738)
(-0.000545871,-0.00802508)
(0.00136595,-0.00355719)
(0.0063562,-0.0107865)
(-0.00413239,-0.00544152)
(0.00933511,-0.004615)
(-0.000217554,0.00228406)
(0.00331877,-0.00087804)
(-0.00093481,0.00164439)
(0.00241366,-0.00269306)
(0.00214975,6.10365e-05)
(0.00592561,-0.00866218)
(0.00219898,-5.30536e-06)
(0.00604238,-0.00600916)
(0.00479116,0.00377516)
(0.00356813,-0.0040605)
(0.000740378,0.00371314)
(-0.00190097,0.000911383)
(0.0010616,0.00250951)
(-0.00628754,-0.00440052)
(0.00252051,0.00163629)
(-0.00732084,-0.00746485)
(0.00302276,0.0056251)
(-0.00313723,-0.0047959)
(0.0014267,0.00657223)
(-0.00481512,-0.00951075)
(0.00866589,0.00268382)
(-0.00952767,-0.00563793)
(0.0035214,0.00309274)
(-0.0105371,-0.0126499)
(0.00411287,-0.00108366)
(-0.000668927,-0.00681495)
(0.00325573,-0.00143714)
(0.00137341,-0.00722763)
(-0.00211275,0.00445464)
(-0.002745,-0.00797448)
(0.000296488,0.00349598)
(-0.00254821,-0.00227051)
(-0.00153208,-5.28423e-05)
(-0.010416,-0.00479392)
(-0.000479087,0.0055105)
(-0.00731793,-0.00709239)
(-0.000693275,0.00881534)
(-0.00248963,-0.00959774)
(0.00432152,0.0124882)
(-0.00480383,-0.00473865)
(0.00853508,0.0124163)
(-0.00631141,-0.00669086)
(0.00794558,-0.00127894)
(-0.00885037,-0.013427)
(0.00234306,-0.00214756)
(-0.00195587,-0.00967934)
(0.00153706,0.000358824)
(-0.00191673,-0.00734559)
(-0.00407103,0.00223811)
(-0.00401278,-0.00445379)
(-0.00424659,0.00312944)
(-0.00284286,-0.00411789)
(-0.00398109,0.00058059)
(-0.000515963,-0.0116863)
(-0.00753305,0.00583452)
(-0.0053383,-0.00893238)
(-0.00222456,0.0108858)
(-0.00197977,-0.0078378)
(0.00753166,0.0161498)
(0.005233,-0.00354896)
(0.00806532,0.0088525)
(-0.000773682,-0.0102674)
(0.00855822,0.00697871)
(0.00100847,-0.00750645)
(0.00675496,-0.00217907)
(-0.00463957,-0.0119732)
(-0.000117011,0.00232037)
(-0.00578276,-0.0054019)
(-0.00296287,-0.00188187)
(-0.00563863,-0.00609846)
(-0.00376278,-0.00362053)
(-0.00382399,-0.00574282)
(-0.00830796,0.00690633)
(-0.00944631,-0.014076)
(-0.00815404,0.00581309)
(-0.00241983,-0.011851)
(0.00599385,0.0118404)
(0.0023414,-0.0119157)
(0.00704816,0.0125453)
(-0.000103854,-0.0109962)
(0.00523775,0.0126071)
(0.0113951,-0.0130729)
(0.00191151,0.00740481)
(0.0125016,-0.00913463)
(0.00544245,0.0055772)
(0.00405457,-0.00787911)
(0.0037563,0.00585206)
(5.38571e-05,-0.00816295)
(-0.00104164,-0.00189247)
(-0.00135006,0.00101866)
(-0.00077959,-0.00889817)
(-0.00655504,-0.0058637)
(-0.00393094,0.00149632)
(-0.0100709,-0.0161863)
(-0.00534675,0.00786358)
(-0.00986131,-0.0178772)
(-0.00128331,0.00923738)
(0.000576562,-0.00871938)
(-0.000819229,0.00982688)
(0.00831131,-0.00854681)
(0.00194374,0.00799553)
(0.0173129,-0.0177858)
(0.0020904,0.00281813)
(0.0284371,-0.00630802)
(0.00288645,0.00385311)
(0.0147318,-0.00716483)
(0.00179337,-0.00332237)
(0.00928956,-0.00358073)
(0.00227087,-0.00374833)
(0.00428898,0.00392438)
(1.96622e-06,-0.00688915)
(-0.00533895,-0.00423183)
(-0.00143994,0.00349109)
(-0.00944414,-0.00971594)
(-0.00209581,0.00409642)
(-0.00562435,-0.010654)
(-0.00607256,0.0101263)
(0.00905123,-0.00760249)
(-0.00581269,0.00701432)
(0.0121896,0.000161353)
(-0.00579655,0.00800416)
(0.0356901,0.00733088)
(0.00180625,0.00453941)
(0.0266454,0.00181939)
(0.00675484,0.000323242)
(0.0215545,0.000830733)
(0.00845327,-0.00247571)
(0.00804856,-0.000630723)
(0.00522998,-0.00541599)
(0.0129274,0.000943052)
(0.00380398,-0.00565664)
(-0.00185127,-0.00988724)
(-4.85688e-05,0.00763491)
(-0.00316971,-0.00744171)
(-0.00603679,0.00312079)
(0.00249265,-0.0126197)
(-0.0113685,0.0113059)
(0.0108252,-0.00576201)
(-0.0148069,0.00787667)
(0.0222163,0.0060322)
(-0.0107516,-0.000418692)
(0.0224934,0.00518941)
(-0.00113233,0.00365758)
(0.021595,0.00516295)
(0.0025382,0.0016431)
(0.0138266,-0.00319379)
(-0.000124163,-0.00451585)
(0.0104597,-0.0085345)
(0.006242,-0.00549732)
(0.00821089,-7.80388e-05)
(0.00864185,-0.00397327)
(-0.00166665,-0.00863666)
(-0.000289905,0.00339438)
(0.002922,-0.0102386)
(-0.00178759,0.000289077)
(0.00780307,-0.0103945)
(-0.010524,-0.00316644)
(0.0162349,-0.00714108)
(-0.00816783,-0.00347142)
(0.0208144,0.00075658)
(-0.00699715,-0.00123012)
(0.0154577,0.0115261)
(0.00069517,0.00215641)
(0.00702162,0.000502557)
(-0.000998944,-0.000492977)
(0.0108661,-0.00641325)
(0.00240705,-0.00746515)
(0.00781568,-0.00445931)
(0.00844974,-0.00835475)
(0.00455833,-0.0078385)
(0.0108761,0.00172056)
(-0.00869389,-0.00322274)
(-0.000341745,0.000256369)
(0.00315286,-0.00605642)
(-0.0024254,-0.00638113)
(0.0074275,-0.0152258)
(-0.00181235,-0.00701307)
(0.0109595,-0.0143082)
(-0.000504344,-0.00752895)
(0.0158354,-0.00454555)
(0.00131993,0.0022983)
(0.0106431,0.000968951)
(0.00362349,0.0026707)
(0.00668437,-0.000916043)
(0.00443829,-0.000109971)
(0.00966184,-0.00747343)
(0.0102892,-0.00372556)
(0.012218,-0.0068489)
(0.00897444,0.0015246)
(0.00415809,-0.00298484)
(0.007243,0.00527089)
(-0.0046472,-0.00255804)
(-0.00150017,0.00151239)
(0.000940714,-0.00092741)
(0.000713531,-0.005172)
(-0.00100376,-0.00660458)
(0.00198,-0.000974982)
(0.00591921,-0.013338)
(0.00137351,-0.000581457)
(0.00742897,-0.00487786)
(-0.000152555,0.00192591)
(0.00981735,-0.00297347)
(-0.000131633,0.0034405)
(0.00275337,-0.00980586)
(0.00204922,0.00135283)
(0.00778647,-0.00380301)
(0.00458309,0.0049724)
(0.00535129,-0.00337973)
(0.00371393,0.00408292)
(0.00162552,-0.00302871)
(0.00665128,0.00864786)
(-0.000323245,0.00101648)
(0.00154366,0.000615545)
(-0.00240696,-0.00338672)
(-0.000733323,0.00373373)
(-0.00509115,-0.00502244)
(-0.00179483,0.00409014)
(-0.00258048,-0.00461972)
(0.00369173,0.00556411)
(-0.000238695,-0.00510048)
(0.00142579,0.00176136)
(-0.00518547,-0.00153179)
(0.0045882,0.00268675)
(-0.00609385,-0.00745856)
(0.00258293,-0.0024026)
(-0.00355102,-0.00483004)
(0.00157484,0.00303184)
(0.00207343,-0.00740675)
(-0.00430614,0.00132851)
(0.00322491,-0.00505363)
(-0.00215135,0.000500766)
(0.000901912,0.000906953)
(-0.00432965,0.00069559)
(-0.00411485,-0.00763872)
(-0.00356694,0.00418081)
(-0.00892281,-0.00750108)
(4.17082e-05,0.00644858)
(-0.00121654,-0.00588135)
(-0.0007005,0.00913048)
(0.000222137,-0.00824243)
(0.0024933,0.00369342)
(-0.00145075,-0.00734969)
(0.00199388,-0.00189601)
(-0.0057392,-0.00565185)
(0.00288689,-9.09291e-05)
(-0.00320651,-0.00552119)
(0.00248031,-0.00312223)
(-0.002641,-0.0048757)
(-0.00456553,0.00346889)
(-0.000394085,-0.00479907)
(-0.00343097,0.00337929)
(0.00293338,-0.00595135)
(-0.00349868,0.00213779)
(-0.00383548,-0.00742808)
(-0.00615103,0.0019296)
(-0.00489436,-0.00705063)
(-0.0056649,0.00499664)
(-0.000363179,-0.00213)
(0.0034863,0.00629962)
(-0.00307276,-0.00560541)
(0.00183,0.00741094)
(-0.000968158,-0.00472408)
(0.00164591,-0.0008124)
(-0.0044536,-0.00330873)
(-0.000646468,-7.99821e-05)
(-0.00177731,-0.00244006)
(-0.00215976,0.00116612)
(-0.00520639,-0.00152856)
(-0.000446742,-0.000109454)
(-0.00503535,0.00290064)
(-0.00352544,-0.00118323)
(-0.00235832,-0.0034181)
(-0.00409628,0.00561397)
(-0.00401049,-0.0101224)
(-0.00227429,0.00687146)
(-0.00868121,-0.00822078)
(0.00218124,0.00419641)
(-0.00464602,-0.00516924)
(0.00337623,0.00352059)
(-0.00190297,-0.00511638)
(0.00661655,0.00216006)
(0.00398444,-0.0073343)
(0.00152366,0.00338819)
(0.00639127,-0.0050903)
(0.00482453,0.00159857)
(-0.000864288,-0.00532724)
(0.00191312,0.00227635)
(-0.000672802,-0.000496414)
(0.00252903,-0.002766)
(-6.50769e-05,0.000278392)
(-0.00033285,-0.00268382)
(-0.00404978,-0.00275194)
(0.000286635,0.00754646)
(-0.00954997,-0.00749732)
(0.00124568,0.00572308)
(-0.00305107,-0.00490666)
(0.00244256,0.0109988)
(0.000948788,-0.00758171)
(0.0028919,0.00801139)
(0.00292057,-0.00718149)
(0.003141,0.00503701)
(0.00938394,-0.00326227)
(0.00544448,0.00241022)
(0.0125546,-0.00766915)
(0.00244291,0.00167225)
(0.00911494,-0.0019639)
(0.00570919,-0.00178111)
(0.00349295,-0.00161095)
(0.00460191,-0.0069084)
(-0.00107584,0.0030038)
(0.000986666,-0.00878709)
(-0.00365748,-0.00202721)
(-0.000823833,0.00497942)
(-0.00617049,0.000608551)
(-8.41958e-05,0.00730561)
(-0.000562732,-0.00600154)
(0.00316476,0.00777076)
(0.00471601,-0.00605498)
(-0.00212907,0.0063781)
(0.0102533,0.00428655)
(0.000588685,0.00462729)
(0.0185856,0.00368837)
(0.00286344,0.00253264)
(0.0173909,0.00408294)
(0.00511712,0.00252024)
(0.00813782,-0.00405303)
(0.00518606,-0.00743015)
(0.0109484,-0.00202093)
(0.00102278,-0.00718043)
(0.0106339,0.00629791)
(0.00394777,-0.00236784)
(0.00156387,-0.00291854)
(-0.00321125,0.00663809)
(0.00157321,-0.00517333)
(0.00220425,0.00693602)
(0.00619964,-0.00141511)
(-0.00203448,0.00516728)
(0.0122551,-0.00354462)
(-0.00343542,0.00454999)
(0.0134423,0.0022733)
(0.000151078,-0.00124574)
(0.0167737,0.00666957)
(0.00668842,0.00250304)
(0.0116811,0.00514346)
(-7.87027e-06,-0.000997909)
(0.0130224,-0.00493277)
(0.00246912,-0.00508899)
(0.00671289,-0.00335402)
(0.00252182,-0.00416905)
(0.0043857,0.00108372)
(0.000426147,-0.00103337)
(-0.00383356,-0.00434105)
(-0.000406677,0.00246089)
(0.00361497,-0.00465004)
(-0.00203347,-0.000149486)
(0.0109919,-0.0101793)
(-0.00311354,0.00324986)
(0.0134524,-0.00485539)
(0.00241041,-0.00368184)
(0.012559,0.00350351)
(0.00443971,0.000502065)
(0.0115564,0.00850217)
(0.0035046,-0.00118258)
(0.00567103,0.00325914)
(0.000740901,-0.00439637)
(0.00862517,-0.00237656)
(0.00214671,-0.00746882)
(0.00609914,-0.00155787)
(0.007543,-0.00466239)
(0.0063634,0.00164022)
(0.00788896,7.32265e-05)
(-0.0037454,-0.00511911)
(-0.00216152,0.00442321)
(0.00101276,-0.00863056)
(0.000446062,-0.00106509)
(0.00931426,-0.011646)
(0.0017206,-0.00428497)
(0.00771664,-0.0118692)
(0.00522525,-0.000777251)
(0.00637545,-0.00402221)
(0.00494209,0.00109744)
(0.0068601,0.000161608)
(0.00456089,0.00177427)
(0.00164606,-0.000881882)
(0.00304317,0.0011943)
(0.00504125,-0.00209374)
(0.0108959,0.00119541)
(0.0093134,0.00130407)
(0.00514611,-0.000266543)
(0.000336407,-0.00149052)
(0.0047712,0.00542374)
(-0.00157966,-0.002288)
(0.00223245,0.00279376)
(-0.00211712,-0.0041971)
(0.00444792,-0.00321712)
(0.00584545,-0.00738139)
(0.00314285,-0.000911006)
(0.00282114,-0.00833314)
(0.000864249,0.00236953)
(0.00607058,-0.00488802)
(0.000881944,0.00334159)
(0.00325633,-0.00394204)
(0.00136338,0.000957972)
(0.00108228,-0.00599576)
(0.00210888,0.000172237)
(0.00232282,-0.00257919)
(-0.000578523,-0.000370757)
(0.00116909,-0.00427616)
(0.00237216,0.00454649)
(0.00101652,-0.000891731)
(-0.00138248,0.000395646)
