(-0.00195542,0.00859459)
(-0.00150251,-0.000164764)
(0.000166989,0.0084342)
(0.00411992,-0.0101406)
(-0.000610333,0.0236478)
(0.00687507,-0.00550348)
(-0.00779276,0.0136994)
(0.00231674,-0.00823269)
(-0.00192768,0.00106242)
(-0.00227866,-0.0201533)
(0.00288423,-0.00386306)
(0.000856997,-0.0136632)
(0.0103193,-0.00665537)
(0.0199782,0.00474109)
(-0.00636624,-0.00210827)
(-0.00359141,0.00354555)
(-0.0178029,0.000228065)
(-0.00408981,0.00432747)
(0.00335628,-0.00649069)
(-0.00551513,0.00845156)
(-0.00442308,1.16334e-05)
(-0.00058909,-0.00504125)
(-0.00611674,0.00224173)
(0.00052286,-0.0103114)
(-0.0106791,-0.00418613)
(0.00835795,-0.0135234)
(-0.00808201,-0.012121)
(0.00553241,-0.00928314)
(-0.0110371,-0.00364471)
(-0.00794664,-0.0118527)
(0.00567034,-0.016271)
(0.0057502,-0.00708879)
(0.0171667,-0.00976416)
(0.0106318,-0.00791172)
(0.00584619,0.00434654)
(0.0146102,0.00923465)
(-0.0155415,0.000251797)
(-0.00072017,0.00442929)
(-0.00140728,-0.00464337)
(-0.00847001,0.0093708)
(-0.00876483,0.00785204)
(5.33028e-05,-0.00475448)
(-0.0150711,0.00172595)
(-0.00122839,-0.0041818)
(-0.00956402,-0.00876488)
(0.00282374,-0.00131576)
(-0.000348621,-0.00684671)
(-0.00412306,-0.00100334)
(0.00152794,-0.0100445)
(0.0122105,0.000259146)
(0.0194749,-0.00846306)
(0.0186116,0.00310054)
(0.0313943,-0.0039987)
(0.0109797,0.00804309)
(0.0146011,-0.00708246)
(-0.00337331,0.00361761)
(0.00701404,-0.000987132)
(-0.0115905,0.0175144)
(0.0144215,-0.00221336)
(-0.00726205,0.0123967)
(-0.000904956,0.000460176)
(-0.0069242,-0.00950559)
(-0.00861651,0.000217279)
(-0.00206363,-0.0178148)
(-0.00842101,-0.00528643)
(0.000351539,-0.0127383)
(-0.00963093,-0.00722573)
(-0.00305219,-0.00749982)
(-0.000448824,-0.00791483)
(0.00829455,-0.0082092)
(0.0172997,0.0042228)
(0.0155736,-0.00645677)
(0.0302874,-0.0163544)
(0.00453411,0.00852218)
(0.0287478,0.00190834)
(0.00023578,0.00765591)
(0.0302174,-0.000730662)
(-0.00453842,0.0119027)
(0.0198058,-0.00595168)
(-0.0092801,0.0109117)
(-0.00179347,-0.000128738)
(-0.0129625,-0.00781935)
(-0.00185305,-0.00466785)
(-0.0124484,-0.0177849)
(-0.000396076,0.0130583)
(-0.00222055,-0.00147653)
(-0.00178108,0.0123816)
(0.00243606,-0.000174575)
(-0.0140945,0.00445194)
(0.00408136,-0.00756415)
(0.00866906,0.00849925)
(0.0102834,0.00335615)
(0.0266576,0.0139749)
(0.00172444,0.0070238)
(0.0278968,-0.00361712)
(-0.00230978,0.0124821)
(0.0131337,0.00612129)
(-0.0123578,0.0177621)
(0.0265073,0.00142786)
(-0.0130924,0.0131442)
(0.00186962,-0.012569)
(-0.0179093,-0.00154634)
(0.00651645,-0.00463467)
(-0.0180528,-0.0117074)
(0.0078324,0.00416798)
(0.0025977,0.00585685)
(-0.0143824,0.0060758)
(0.00483482,-0.00399587)
(-0.0101143,-0.00630727)
(0.0149662,-0.00514602)
(-0.00461264,0.0174772)
(0.0123614,-0.00781705)
(0.0206722,0.0139343)
(0.00621078,-0.0077722)
(0.0156693,0.0124601)
(-0.00192844,-0.00492965)
(0.0246811,-0.00411955)
(-0.00948804,0.0136006)
(0.0195979,-0.00565459)
(-0.0100094,0.00449337)
(0.00965562,-0.0127087)
(-0.00605472,0.00196781)
(0.014518,-0.0144587)
(-0.00710009,0.0119086)
(0.0104327,-0.00576928)
(-0.00577037,0.00734682)
(-0.000199626,-0.0142168)
(0.00679242,0.0026307)
(-0.00603602,-0.00328163)
(0.00252687,-0.0203074)
(0.0135054,0.00233378)
(0.0040971,-0.00231427)
(0.0141613,0.0220822)
(0.0090287,-0.0127065)
(0.0248595,0.00892467)
(0.00411692,0.00587668)
(0.00657729,0.010219)
(-0.0107464,0.0180322)
(0.0127245,0.00494054)
(-0.0134867,0.0138477)
(-0.00181926,0.00592407)
(-0.0099089,0.0127951)
(0.0131898,-0.0166239)
(-0.013737,0.0248506)
(0.012955,-0.0159978)
(-0.00384723,0.0197524)
(0.00249689,-0.000357743)
(-0.00625998,-0.00961823)
(0.000902359,-0.00612833)
(-0.000499517,0.000550666)
(0.00653031,-0.00339922)
(-0.000700515,0.000396125)
(0.0188057,-0.00157547)
(0.00498939,0.00207147)
(0.00617173,0.0152462)
(-0.00499996,0.0056683)
(0.00664756,0.0162481)
(-0.00888928,0.0134591)
(0.000102926,0.00493151)
(-0.0147178,0.0118219)
(0.000902285,-0.0193525)
(-0.00144745,0.00217368)
(0.0176899,-0.00714054)
(-0.00158786,0.00883615)
(0.0240817,-0.014355)
(-0.00933158,-0.00361846)
(0.0204723,0.00763323)
(-0.00268636,-0.011372)
(0.00211617,0.00969489)
(0.0034104,-0.015547)
(0.00785969,-0.00264129)
(0.0117508,0.0107648)
(-0.00403904,0.00217988)
(0.00210836,0.00557063)
(0.00683365,0.0141898)
(0.0108304,0.00904032)
(0.00721567,0.0204591)
(0.00214472,0.0132718)
(-0.00524062,0.00784506)
(-0.0158358,0.00486358)
(0.00631758,-0.0141603)
(0.00186407,0.000165908)
(0.0190733,-0.0175475)
(-0.000610709,0.00417)
(0.0324536,-0.00798391)
(-0.00656109,-0.00072402)
(0.0222523,0.00268964)
(0.0030131,-0.0133762)
(0.0148239,0.00359887)
(0.0117881,-0.00884138)
(-0.00484533,0.00360597)
(0.00799151,0.00974237)
(0.00515822,0.00731518)
(0.00110975,0.00908866)
(0.00808689,0.0169782)
(0.00612633,0.00566985)
(0.00705148,0.0153646)
(-0.00360089,-0.00376088)
(-0.00713248,0.00699666)
(-0.0137115,0.00459089)
(0.00639806,0.00872435)
(-0.0151683,-0.00163159)
(-0.00373428,0.00664474)
(-0.0102782,-0.00414192)
(-0.00999346,0.0195185)
(0.00292694,-0.00181473)
(0.000919862,0.00359722)
(-0.00147987,-0.006934)
(-0.00326304,0.0131844)
(0.00882201,-0.0281004)
(0.00974429,-0.00165788)
(0.0150725,-0.0203967)
(-0.00521681,-0.000748266)
(0.00756149,-0.0187664)
(0.000651659,0.0142607)
(0.0144589,9.20865e-05)
(-0.0169484,-0.00126367)
(-0.0121952,0.0103706)
(-0.000272408,-0.0109537)
(-0.012406,-0.000709813)
(0.00337143,0.00296865)
(-0.0173605,-0.0010328)
(0.00327335,-0.00496637)
(-0.00233238,-0.00728468)
(-0.00304812,0.00745999)
(-0.000700765,-0.000244374)
(-0.0109895,-0.000624081)
(0.00451652,-0.00408727)
(0.00343622,0.00225895)
(0.0147257,-0.0158265)
(0.00603497,-0.002345)
(0.00572006,-0.0218779)
(0.0111707,0.00841295)
(0.0213275,-0.0103364)
(-0.00161095,0.0136383)
(0.0133392,-0.00440112)
(-0.0214889,-0.00375439)
(-0.0179893,0.0103985)
(-0.00801094,-0.0015816)
(-0.0188337,0.00537326)
(-0.00491079,0.000407177)
(-0.00297009,-0.0126172)
(-0.00382473,0.00570817)
(0.00398757,-0.00123844)
(-0.00279444,0.00215555)
(-0.00458458,-0.00942553)
(-0.00532528,0.0104983)
(0.0106997,-0.00131217)
(0.00117186,-0.0204769)
(0.0164089,-0.00081386)
(0.0210072,-0.0157753)
(0.010467,-0.00726771)
(0.0146753,-0.00950524)
(0.00477191,-0.00273461)
(0.00142239,0.000409433)
(0.00922408,0.00610457)
(-0.000467893,0.00573881)
(-0.00696843,0.00592773)
(0.0116313,-0.0113045)
(-0.017848,0.00578216)
(-0.0141764,0.00535592)
(0.0102148,-0.019608)
(-0.00956799,0.0022997)
(-0.00474502,-0.0234892)
(-0.0195356,0.0124247)
(0.0154954,-0.010737)
(-0.00875511,-0.00110933)
(0.00185612,0.00483333)
(-0.00497237,-0.0167148)
(0.00175127,0.00598691)
(0.015034,-0.0222389)
(-0.000596045,0.0160114)
(0.030647,-0.0155509)
(0.000703948,0.0124839)
(0.0341434,-0.00254393)
(-0.000329619,0.00845267)
(0.0297005,0.00283635)
(-0.00975819,0.00647762)
(0.0206933,-0.000841474)
(-0.00369393,-0.000852056)
(0.00288185,-0.0133878)
(-0.0154367,-0.0265157)
(0.00267817,0.0112065)
(-0.00459066,-0.0246289)
(0.00632088,0.0178715)
(0.00827073,-0.00439523)
(0.00427276,0.0019084)
(0.0133676,0.0015957)
(0.00282746,-0.0123332)
(0.00653144,0.0251152)
(0.0160303,-0.00418915)
(0.00268854,0.0029027)
(0.0225424,0.0042234)
(0.0048462,0.0103344)
(0.0168915,0.00337265)
(-0.00988287,0.00895593)
(0.0170134,-0.0129927)
(-0.0113965,0.00864176)
(0.0157864,-0.0125201)
(-0.0150557,-0.00547748)
(0.00463851,-0.00551592)
(-0.0225798,-0.00975066)
(0.024575,-0.0126961)
(-0.00846188,-0.023275)
(0.0150718,0.0112972)
(0.00827312,-0.00218967)
(-0.00561773,0.00352331)
(0.0351297,0.00325605)
(-0.0205814,-0.00717266)
(0.0237647,-0.0100918)
(0.0103058,0.0124429)
(0.0253054,-4.60783e-05)
(0.00153691,0.00999622)
(0.0113275,-0.0107724)
(0.00533,0.00175909)
(-0.00212087,-0.0203758)
(0.00778246,-0.00738081)
(-0.00817331,-0.000688112)
(0.015914,-0.0198398)
(-0.0118878,0.00811432)
(0.0047486,-0.0135543)
(-0.0156983,0.00210228)
(0.00738999,-0.00635051)
(-0.0124164,0.0133298)
(0.0245184,-0.0249527)
(0.0195349,0.00313226)
(-0.00157791,-0.00624915)
(0.00957744,-0.012285)
(-0.00127821,-0.0228586)
(0.0162197,-0.00890734)
(-0.00121732,0.0115288)
(0.01684,-0.0121287)
(0.0033415,0.0186516)
(0.0226591,-0.0101843)
(0.00169791,0.0202116)
(-0.0164599,-0.0159863)
(0.00184079,0.00270354)
(-0.019818,0.0117923)
(0.00819985,-0.0116452)
(-0.0121433,0.00677785)
(-0.00320416,-0.0294698)
(-0.0137014,0.0100062)
(-0.000448038,-0.025268)
(0.00919915,0.0197481)
(0.0121974,-0.00973737)
(0.0025201,0.0197594)
(0.00410394,-0.00652401)
(0.00261986,-0.00110368)
(-0.0136713,-0.00708557)
(-0.0151741,-0.00625176)
(0.00323323,-0.00315402)
(-0.000611857,0.0195373)
(-0.0123841,0.00566392)
(-0.00427045,0.0075667)
(0.00126723,0.0130937)
(-0.0124286,-0.00222426)
(-0.00368784,0.013214)
(-0.018242,0.0120923)
(0.00208383,-0.00752977)
(-0.0139986,0.0085632)
(0.00649246,-0.0114101)
(0.00175384,0.00490038)
(0.0190004,-0.0246464)
(0.000485528,0.0161793)
(0.0279577,-0.0112514)
(0.00848883,0.00613616)
(0.0100295,0.010539)
(0.00844641,-0.0117023)
(-0.0170071,0.00601145)
(-0.00260462,0.00182991)
(-0.0147046,0.00529851)
(-0.0131331,0.00520678)
(-0.0250629,-0.000332983)
(-0.00404859,0.00654913)
(-0.00827102,0.0131209)
(-0.00978595,-0.00798171)
(0.00280881,0.000627039)
(-0.00611557,0.00696213)
(0.001672,-0.00384198)
(-0.00814184,0.00359868)
(0.0177184,-0.0175796)
(-0.00260873,0.00442108)
(0.0273331,-0.00517554)
(-0.000320501,0.0113092)
(0.0297723,-0.00375205)
(-0.00171183,0.00701079)
(0.00658301,0.00453358)
(0.0116614,0.000493545)
(-0.00426604,0.00687033)
(0.00442681,-0.00346515)
(-0.0163932,0.00668368)
(0.0154156,0.00506561)
(-0.0201114,0.00809198)
(0.00222006,-0.00172609)
(-0.00254669,0.00557452)
(0.00984347,0.00213907)
(0.00174531,0.010557)
(0.0039068,-0.0018624)
(-0.0126547,0.00377865)
(-0.0103249,0.0107834)
(0.00746971,0.00595974)
(-0.00578195,0.0122263)
(0.00937283,0.00105577)
(-0.00294677,0.010244)
(-0.0043877,0.0124283)
(-0.012755,0.0230085)
(-0.00691103,0.0128518)
(-0.00733958,0.00258016)
(-0.00342594,0.00435277)
(0.00965489,-0.0118445)
(-0.00129667,0.00482697)
(0.00332818,-0.0200979)
(-4.16744e-05,0.00372316)
(0.00700063,-0.0144272)
(-0.00154656,0.00872995)
(0.00458482,-0.0064891)
(-0.00815106,-0.00536072)
(-0.0108592,-0.00580214)
(-0.00985006,0.00071757)
(-0.015136,0.00910576)
(0.014446,0.0071859)
(-0.00211636,0.00711544)
(0.00632532,-0.000584193)
(0.00389102,0.00709631)
(0.00707107,0.00813312)
(-0.000741319,0.0192883)
(-6.1494e-05,0.00111767)
(0.011018,-0.00428452)
(-0.00428979,-0.0177545)
(0.0184387,-0.0090831)
(-0.000470531,-0.0073796)
(0.0080417,-0.021239)
(-0.00786404,0.00930734)
(0.02235,-0.0208428)
(-0.00924652,0.00773385)
(0.0173772,-0.00202731)
(-0.0156972,0.0101605)
(-0.00805765,-0.00576948)
(-0.00124776,0.00042772)
(-0.0283976,-0.00715901)
(0.00253048,0.0121005)
(0.0142408,0.0012893)
(0.0201049,-0.00042585)
(0.00882059,-0.00359312)
(-0.00915913,0.0231693)
(0.00120895,0.00235779)
(0.0108322,0.00151915)
(-0.0143418,0.00824088)
(0.00915018,-0.0246294)
(-0.0186246,0.0153291)
(0.0032849,-0.0131801)
(-0.0330881,0.0111995)
(0.00463044,0.00388735)
(-0.00598705,-0.00737507)
(0.00975226,-0.0044585)
(0.0151348,-0.00198583)
(0.00117573,0.0103886)
(-0.0112165,-0.00569125)
(0.00755424,-0.00254164)
(-0.00798723,-0.00586988)
(0.00252171,0.0002107)
(0.00978555,-0.00834303)
(-0.00972864,0.0256996)
(0.00267949,-0.00284398)
(-0.00254887,0.00372275)
(-0.00645368,-0.00344961)
(0.0107927,-0.026419)
(-0.0301655,0.00665779)
(0.0156519,-0.0363551)
(-0.0745853,0.0387398)
(0.0158361,-0.042301)
(-0.0639363,0.0227787)
(-0.00300449,-0.0164961)
(-0.0152527,0.000233188)
(0.0234702,-0.00665468)
(-0.0122338,-0.00697324)
(0.0261773,-0.0102309)
(-0.018501,-0.00362436)
(0.0154412,0.000998717)
(-0.018088,-0.00115146)
(-0.00296006,-0.000973537)
(0.00518149,0.00518195)
(0.00719282,0.00247934)
(-0.00803781,-0.00480392)
(0.0303739,0.00727839)
(0.00652926,-0.00397784)
(0.0284929,-0.0260692)
(-0.0218236,0.0196513)
(0.0229041,-0.0137088)
(0.00951384,-0.00508134)
(0.0240491,-0.0202564)
(0.0225715,-0.0105631)
(-0.0139985,0.00156838)
(0.0245847,0.00086922)
(0.00872651,0.000827844)
(0.0149283,-0.00929003)
(0.0124517,0.000606849)
(-0.0217968,-0.00600527)
(0.00489389,-0.0132422)
(-0.0154759,0.00388129)
(0.00878309,-0.0224725)
(-0.00662896,0.00560455)
(0.00354591,0.00863662)
(-0.00588286,-0.00439528)
(-0.00198658,0.0189402)
(0.0313343,0.010283)
(-0.0259257,-0.0111201)
(0.0399275,-0.00166537)
(-0.000517685,0.00619347)
(0.0588249,-0.0053751)
(0.0257956,-0.0052134)
(0.0051024,-0.005713)
(-0.0123067,0.0129606)
(0.0515356,-0.00529665)
(-0.0110796,0.00753377)
(0.00605451,-0.00375424)
(0.0116069,0.00606565)
(-0.0102333,0.00807105)
(0.00641042,-0.00806073)
(-0.0105966,0.00794636)
(0.00120909,-5.97046e-05)
(-0.0233519,0.020902)
(0.0127416,0.000682045)
(0.000941384,0.00742891)
(0.00459234,0.0119751)
(0.0182134,0.00608081)
(-0.0112036,-0.00139921)
(0.0288139,-0.00458612)
(-0.0141765,0.0041481)
(0.0396675,-0.0147477)
(0.0154996,0.00946983)
(0.0301767,-0.0392741)
(-0.0131827,0.0305154)
(0.0372412,0.00332112)
(0.00171144,0.0385493)
(0.00284762,-0.0179666)
(-0.00025198,0.0109272)
(-0.0171686,0.0121472)
(0.00600826,-0.0073987)
(0.000503625,0.00965263)
(-0.00025813,-0.0132944)
(-0.0191648,0.0212418)
(0.000174265,-0.0125752)
(-0.0103615,0.0307695)
(0.000279545,-0.00653723)
(0.00477399,0.00219738)
(-0.00576914,0.00257258)
(-0.00600248,-0.00996917)
(0.00355884,-0.000911116)
(-0.0095655,0.00842455)
(0.0130679,0.0167653)
(0.00917773,0.0150157)
(0.000637868,0.0184512)
(0.00153933,0.0184687)
(0.00851694,0.0162145)
(-0.0126587,-0.00931729)
(-0.0030813,-0.00492877)
(-0.0141676,0.0113899)
(0.00378055,-0.0100252)
(0.00136164,0.00709655)
(0.0102582,-0.0188149)
(-0.0167879,0.0144847)
(0.0177803,-0.021036)
(-0.00130196,0.0253412)
(0.0126561,-0.00797838)
(0.011066,0.00256562)
(0.00337416,0.0196986)
(0.00301802,-0.00927635)
(-0.00244636,0.0168944)
(-0.0142136,-0.00350039)
(-0.0115648,0.0243504)
(0.00276572,0.0200695)
(-0.0135141,0.0153322)
(-0.0143197,0.00442786)
(0.00131289,0.0044598)
(-0.00364864,-0.0104087)
(0.00378331,0.00233276)
(-0.0148912,-0.00113596)
(0.00333725,-0.0152897)
(-0.00477388,0.00861269)
(0.0219011,-0.0066822)
(-0.0064627,0.00156302)
(0.0206168,-0.00784599)
(0.00268549,0.0131311)
(0.0155207,0.000865917)
(0.013301,0.00502867)
(-0.002139,0.0130412)
(0.00300943,-0.0112281)
(-0.010953,0.0101865)
(0.01362,0.000429567)
(-0.00638888,0.0111198)
(-0.011403,0.00965294)
(-0.0103751,0.014739)
(0.00243531,0.00366555)
(-0.00598095,0.0124956)
(-0.00214319,-0.0173466)
(-0.0093368,-0.0072613)
(-0.0077164,0.00126946)
(-0.00390882,-0.00158091)
(-0.00473311,0.00149297)
(0.00643029,0.00184072)
(-0.00220792,0.000161342)
(0.0153997,-0.00149703)
(-0.0083503,0.00278876)
(0.00753101,0.00565461)
(-0.000121156,0.0180265)
(-0.000652198,-0.00181417)
(0.000818915,-0.00708901)
(-0.00361826,0.000845885)
(0.00683865,-0.0125818)
(-0.00390856,-0.00560118)
(0.00177858,-0.00674278)
(0.000570862,-0.00268869)
(0.00129831,-0.0120548)
(0.0081839,0.00998296)
(-0.00618386,-0.00313246)
(-0.00738724,-0.00119065)
(-0.00998152,-0.00228956)
(-0.00167207,-0.00592204)
(-0.018119,-0.00172493)
(0.00744719,0.0100356)
(-0.00323698,0.00144744)
(0.037247,-0.00439606)
(0.00497841,0.00926802)
(0.00213449,0.010231)
(0.0142269,0.0122562)
(0.00654039,0.00442447)
(0.0200223,-0.00442455)
(-0.0102538,-0.0105187)
(0.0153644,0.00676833)
(-0.0147335,-0.00158583)
(-0.0142105,0.00383919)
(-0.0113388,0.021861)
(-0.00228157,-0.00807453)
(0.0130549,0.00917713)
(0.0131031,-0.00234129)
(-0.0104464,0.012947)
(-0.00543931,-0.0128317)
(-0.0106186,0.00563006)
(-0.00991832,-0.000697007)
(0.00780045,0.0180904)
(0.00961158,-0.00206535)
(0.0183808,0.0231365)
(0.0230164,-0.0128475)
(0.0093593,0.0269552)
(0.00738322,-0.0120653)
(0.0047181,-0.0105117)
(-0.035603,0.0117171)
(0.000396737,0.000189362)
(-0.0741942,0.0267108)
(-0.00729919,-0.0111269)
(-0.0881323,0.0123498)
(-0.0239736,0.0260378)
(-0.0267504,-0.000491989)
(-0.0022046,0.0199137)
(0.0102003,-0.00246197)
(0.00809228,0.0149107)
(0.00440921,-0.00827758)
(-0.00289771,0.0119835)
(0.00334099,-0.000649918)
(-0.0082046,0.0225146)
(0.0193039,0.00292222)
(0.00491507,0.0163066)
(0.00350113,-0.0023567)
(0.0106332,-0.0151837)
(-0.036091,-0.0037409)
(0.0284423,-0.0220049)
(-0.100149,0.0338699)
(0.0095504,-0.0162336)
(-0.0945055,0.0459941)
(-0.0258087,-0.02997)
(-0.0769001,0.00433577)
(-0.0184901,0.0221432)
(-0.0172997,-0.0179348)
(-0.000691704,0.00693811)
(0.0102635,-0.00833964)
(0.0191611,-0.0034076)
(-0.000601542,-0.0042239)
(0.0172084,-0.00128926)
(-0.00265534,0.0153639)
(-0.00037612,-0.00203656)
(0.00651512,0.0110068)
(0.0122058,-0.000401535)
(0.00228349,0.00949502)
(0.018047,-0.025505)
(-0.0279858,-0.00164198)
(0.042223,-0.0487748)
(-0.0155528,-0.00900436)
(-0.00233767,0.0316023)
(0.0172745,-0.0309084)
(-0.0380734,0.00936892)
(0.0991074,0.000907958)
(-0.0268206,0.0350431)
(0.065019,-0.0199054)
(-0.0362829,0.00858333)
(0.0506561,-0.0294267)
(0.0106243,0.00832928)
(-0.00604273,-0.0108626)
(0.0137057,-0.001696)
(-0.0127433,-0.00885269)
(0.00614476,-0.0118644)
(0.00413531,0.0214458)
(-0.00939345,0.00329292)
(0.0221399,0.017028)
(-0.019485,-0.0130918)
(0.0208923,0.0143303)
(-0.0573448,-0.0183578)
(0.0399595,-0.0167115)
(-0.0229214,0.0205135)
(-0.0203039,-0.024589)
(0.0538273,-0.0596111)
(-0.12485,0.0822904)
(-0.0278689,-0.0327634)
(0.0300497,-0.030238)
(-0.0316766,0.00205134)
(0.0358125,-0.00250909)
(0.00853268,0.000142905)
(0.00165421,-0.00506205)
(0.02091,-0.00311849)
(-0.00676979,-0.00862513)
(0.00469889,-0.0145026)
(-0.00885135,0.0197958)
(-0.00946859,-0.000860901)
(0.00619214,0.0150761)
(-0.0084358,-0.000806052)
(0.0230017,0.000564535)
(-0.0320238,0.000733725)
(0.0364133,-0.0097836)
(0.0183124,0.00535879)
(0.0530837,-0.0192399)
(0.00852016,0.0209736)
(-0.00724775,-0.0349265)
(-0.040022,0.00354801)
(0.0181482,-0.011315)
(-0.0167325,0.0179885)
(0.0107592,0.00619211)
(0.0191754,0.0122099)
(0.00134323,0.00760688)
(0.00812771,-0.0160616)
(0.00711727,-0.00164837)
(-0.0047814,-0.016635)
(-0.0242982,0.0176474)
(-0.00636442,-0.0215364)
(-0.00501113,0.0126416)
(-0.0163809,-0.00934978)
(-0.000978338,-0.00373635)
(-0.00376018,-0.00357996)
(-0.0199084,-0.017912)
(0.00836333,-0.00859995)
(0.0168336,-0.009887)
(0.00281135,-0.00926212)
(-0.0154172,-0.0104866)
(-0.00701748,0.00936491)
(0.0106406,0.0185224)
(0.0146836,0.0146306)
(0.0039982,0.00076529)
(0.0143502,-0.00709191)
(0.00199851,0.00606036)
(0.0100239,-0.0125622)
(0.0103305,0.0134117)
(0.0123742,-0.0201436)
(-0.00385274,0.0107192)
(0.0047272,-0.0254486)
(0.00193939,0.00587715)
(0.000686484,-0.0133737)
(0.00846263,-0.00590742)
(-0.00718335,-0.000539907)
(-0.00385722,-0.0152008)
(0.0119211,0.00402467)
(-0.0171436,-0.00748125)
(0.0117106,0.00305549)
(-0.00326979,0.0160316)
(-0.0106267,0.00330199)
(0.0127473,0.0138983)
(0.00487867,-0.00383594)
(0.00585828,-0.01458)
(0.00705445,-0.0151821)
(0.00324753,0.0114476)
(0.011507,-0.00640573)
(0.00868164,0.0110923)
(0.00750802,0.000861741)
(-0.0125078,-0.00337984)
(0.0214971,-0.00554982)
(0.00859284,0.00890759)
(0.00222869,0.00712093)
(0.00398305,-0.00776845)
(-0.00516148,0.00463013)
(0.00807629,-0.00808836)
(0.00982616,-0.000996201)
(-0.00714489,-0.00837672)
(0.00614689,0.00612106)
(0.00790229,0.0121819)
(0.00119203,0.00746971)
(-0.00279455,-0.0058728)
(-0.00104137,-0.00479757)
(0.00401147,-0.00703513)
(-0.00719383,-0.0119471)
(-0.00834712,-0.00255657)
(-0.00856856,-0.00632732)
(0.00100079,-9.92309e-05)
(-0.00274376,-0.00180006)
(-0.00528225,-0.00580966)
(0.0155971,-0.0147597)
(0.00755904,0.000380054)
(0.00531678,-0.00656987)
(0.00459736,0.00134424)
(0.00657651,-0.00725276)
(0.00567438,-0.00370618)
(0.00123173,-0.017645)
(-0.00882535,-0.00425139)
(0.0066482,-0.0075061)
(-0.00967655,-0.00169084)
(0.00616634,-0.0112242)
(-0.00227922,-0.00177848)
(0.0118448,-0.00152766)
(-0.00261178,-0.00537531)
(0.00666496,-0.00598493)
(-0.0133527,-0.00405451)
(0.00216565,-0.003912)
(0.00216439,0.000831718)
(0.0057995,0.0124122)
(-0.00274639,-0.0116683)
(0.015748,-0.00327402)
(0.0043565,0.00142361)
(0.025009,-0.0051135)
(0.0166925,0.00978244)
(-0.0129002,-0.0125021)
(0.0213421,0.00946634)
(0.0012875,-0.0152608)
(-0.00480329,0.013098)
(-0.00157036,-0.0249471)
(-0.032133,0.0125555)
(0.00294463,0.00280123)
(-0.0018098,0.00372421)
(0.00519982,0.00760212)
(-0.00451742,0.00418459)
(-0.00147603,0.0150085)
(-0.0102166,-0.00323892)
(0.00187344,0.00949627)
(-0.00958777,-0.0090221)
(-0.00934488,0.0244416)
(0.00875082,-0.0063701)
(0.00714338,0.0165593)
(0.0122973,0.00494769)
(-0.00194638,0.00481206)
(0.0192734,0.0025447)
(-0.0106204,-0.00560699)
(-0.000692571,0.0196833)
(0.0160561,0.00260873)
(-0.00632434,0.0530092)
(-0.0151371,-0.0284149)
(-0.0536934,0.0197299)
(-0.0150952,0.0187512)
(-0.013461,-0.00140736)
(-0.00129825,0.0129383)
(0.00358493,-0.00335258)
(-0.0119071,0.0229668)
(0.00344705,-0.0113485)
(0.0065303,0.0109368)
(0.00941044,0.000640799)
(-0.0198942,0.0194737)
(-0.0024285,-0.00195705)
(-0.0142867,0.0219058)
(-0.00413854,-0.00348973)
(-0.0091265,-0.00211818)
(-0.0188304,-0.00178537)
(-0.031508,0.0126867)
(-0.0308822,0.0375501)
(0.0347252,0.0153789)
(0.114199,0.0316734)
(-0.0124887,-0.0193045)
(0.0482386,-0.0976523)
(0.0189495,0.0295667)
(0.0177236,-0.0177677)
(-0.0133568,0.0164008)
(0.0323382,-0.0299349)
(-0.00813177,0.0143021)
(0.00555845,-0.00742114)
(0.00951557,0.0132423)
(0.00671918,0.00753145)
(0.00283208,0.00381403)
(0.00287337,0.0145065)
(-0.00450974,-0.0139973)
(-0.00685544,0.0142118)
(-0.0116623,-0.0241176)
(-0.0413463,0.00817976)
(0.0438876,0.0304851)
(-0.00843709,-0.0261789)
(-0.00805081,-0.00836337)
(-0.0069506,0.00166017)
(-0.00302004,8.91313e-06)
(-0.00931813,0.00209438)
(0.0884081,0.0038767)
(-0.0678505,0.0848161)
(-0.010935,0.0225287)
(0.0296886,-0.00901354)
(-0.0183157,0.00517553)
(0.0214462,-0.0182964)
(-0.00044903,0.00251308)
(-0.00152642,-0.00802007)
(-0.00575251,-0.0195308)
(0.0106725,0.0256663)
(-0.0147111,-0.00358766)
(0.0130076,0.0208164)
(-0.0417003,-0.0139223)
(-0.00757842,0.00665822)
(-0.0502429,0.0426619)
(-0.0263646,-0.0176274)
(0.00597745,-0.00693369)
(-0.00941026,-0.00498319)
(-0.0140898,0.00523583)
(0.0195392,0.00424881)
(0.0424792,-0.0388381)
(-0.00338022,-0.0432253)
(-0.0177479,-0.0187871)
(0.0138718,-0.0098852)
(-0.0166818,0.00269754)
(-0.0027584,-7.88561e-05)
(-0.0076413,0.00236754)
(0.00335405,-0.00845549)
(-0.00458254,-0.00641889)
(0.0123548,0.028998)
(-0.0122705,-0.01571)
(0.0160511,0.0241701)
(0.0149444,-0.00649492)
(-0.00335926,0.00495429)
(0.0248902,0.0177157)
(0.0101465,0.00230909)
(0.0276648,-0.0141495)
(0.0699076,0.0740719)
(-0.0264071,0.0643489)
(-0.0415769,-0.0416868)
(-0.0127764,0.0043692)
(-0.0314425,0.00121318)
(-0.029435,-0.0158667)
(-0.0218932,0.027576)
(-0.00298916,0.00209687)
(-0.00163485,0.0185639)
(0.00147629,-0.00975734)
(0.00752322,0.00787783)
(-0.00670971,-0.0124542)
(0.00625685,0.0344673)
(-0.0155158,-0.0164008)
(0.00908086,0.0262261)
(0.0101188,-0.0186669)
(-0.0122877,-0.00545462)
(0.0418685,-0.00866704)
(-0.0315233,-0.0101988)
(0.0528595,-0.0166421)
(-0.0332617,-0.0043456)
(0.00179822,-0.0112057)
(-0.0520908,0.0103942)
(-0.0183075,-0.0202586)
(-0.0373008,0.0291006)
(-0.00713493,0.00830424)
(-0.0136325,0.0286721)
(0.00273285,0.00754353)
(0.0111838,0.0259733)
(0.00600856,-0.00332544)
(0.0126423,0.012504)
(0.000296015,-0.0092163)
(-0.00120854,0.00970577)
(0.00106011,-0.0239213)
(0.00486206,0.0117911)
(-0.000241558,-0.0144963)
(-0.00677132,-0.00801905)
(0.0098926,-0.0115771)
(-0.0263483,-0.0176448)
(0.0396688,-0.0163837)
(-0.0303152,-0.0112483)
(0.00220077,-0.0241396)
(-0.0175449,0.0133868)
(-0.0130114,-0.00598941)
(-0.0052481,0.0169629)
(-0.0193865,0.00441698)
(0.00672288,0.00774704)
(-0.00142238,0.00418229)
(0.0224084,0.0132825)
(0.00408641,0.00823789)
(0.00806811,0.0276851)
(0.00910709,-0.00700002)
(-0.000814462,0.00503188)
(0.00561038,-0.000926959)
(-0.0133355,0.00470808)
(-0.00353411,-0.000352727)
(-0.00411908,-0.0119692)
(0.00433167,-0.0030818)
(-0.00402471,-0.0115735)
(0.0286908,-0.0225397)
(-0.0104885,-0.000424428)
(0.0051446,-0.00997757)
(-0.0118925,0.0151707)
(-0.00580592,-0.00250086)
(0.00904513,0.00145623)
(-0.00631615,-0.00678813)
(-0.00598426,-0.00985315)
(-0.013166,-0.00852947)
(-0.000528848,0.00485856)
(0.00201906,0.00768671)
(0.00218495,0.00888288)
(0.0107835,-0.000806587)
(0.00984793,-0.016533)
(0.00694453,-0.0113707)
(0.0165699,-0.0107844)
(0.004556,-0.0175184)
(0.00705311,0.00310212)
(-0.00939803,-0.00645876)
(0.00666222,-0.00724911)
(-0.000568144,-0.0102982)
(-0.00922535,0.00216273)
(0.00271913,-0.0108777)
(-0.0121075,0.00636748)
(0.0050864,-0.0100229)
(0.00057143,0.00417223)
(0.010454,0.00485076)
(-0.00163167,-0.0137712)
(0.00109887,0.00794987)
(-0.0188425,-0.0119056)
(0.00616766,-0.0029897)
(-0.011618,-0.00474371)
(0.00608532,0.00399305)
(0.00572109,-0.0181213)
(0.0190363,-0.0112061)
(0.00992373,-0.00267527)
(0.00415941,0.00110024)
(0.0229573,0.00579032)
(-0.0131956,0.00743731)
(0.0147524,-0.00141525)
(-0.00533937,-0.00580932)
(0.0022507,0.014172)
(-0.00755549,-0.00199827)
(-0.010835,0.0225176)
(-0.00882432,0.00693089)
(0.00183071,0.0277381)
(0.00631548,0.00615019)
(-0.00474915,0.0157225)
(0.00434375,0.011461)
(-0.0174773,0.00454313)
(0.01546,-0.001526)
(-0.00767457,-0.000511627)
(-0.00769582,0.0112723)
(0.00900994,-0.0153139)
(-0.00187328,0.00962936)
(0.0259367,-0.00785138)
(-0.00452005,-0.0010023)
(0.0199726,-0.0110136)
(-0.038448,0.0032582)
(0.0320253,0.0102759)
(-0.010389,-0.00486732)
(-0.0109286,0.0101971)
(0.0169704,0.0108816)
(-0.00848213,0.0580442)
(-0.0193435,0.0150254)
(0.00773842,0.0140266)
(-0.0206565,0.0184927)
(0.00716895,0.0111428)
(-0.00654539,0.0167534)
(-0.0102026,0.00131744)
(0.0097427,0.000817382)
(0.0120912,-4.83954e-05)
(-0.0137327,0.0071007)
(0.00297189,-0.00693603)
(-0.0129748,0.0106532)
(-0.00608348,-0.00831618)
(-0.0482363,-0.00131317)
(-0.00133211,-0.00678165)
(-0.0545731,0.000395578)
(-0.00709445,-0.0237855)
(-0.0360414,0.00253484)
(-0.0476941,-0.0996978)
(0.0336577,0.037487)
(-0.0180824,0.0671937)
(-0.0282766,0.0353075)
(0.0439021,0.0148954)
(-0.00632811,0.0165112)
(0.0319989,-0.0303581)
(-0.00251932,0.013405)
(0.0160284,-0.0172526)
(0.0111561,0.00644187)
(0.00261025,0.00298066)
(0.0026421,-0.0130992)
(-0.00484755,0.00334933)
(0.00918162,-0.00440038)
(-0.0209625,0.00300585)
(-0.0319447,-0.00544627)
(-0.0303103,-0.017083)
(0.0496837,-0.0198166)
(0.10998,-0.000111316)
(0.00584583,-0.00230969)
(-0.00547499,0.00104885)
(0.00180495,0.00184197)
(0.00654831,-0.00200865)
(-0.0653673,-0.0252039)
(-0.0403859,0.00370037)
(-0.0288364,-0.00543912)
(0.00235906,-0.0404411)
(-0.0128451,0.00336471)
(0.00413026,-0.0312983)
(-0.000716098,-0.00423703)
(0.000950684,-0.0135518)
(0.00601448,-0.0179674)
(0.00830149,0.0125545)
(-0.00632085,0.000601732)
(0.00674003,0.0113779)
(-0.0383113,0.0065468)
(-0.0127743,0.00768964)
(0.0627317,-0.0115695)
(-0.00278428,0.048998)
(-0.00714377,0.0194234)
(0.00210491,0.00864483)
(0.0120743,-0.0107001)
(-0.00634974,-0.0129448)
(-0.0559514,0.0627658)
(0.017564,-0.000730841)
(-0.00069024,0.0135217)
(0.0207392,0.00298428)
(0.00948107,6.34596e-05)
(0.00746552,-0.00852806)
(-0.0115861,-0.0134552)
(-0.00771573,-0.0103822)
(-0.00591165,-0.00113333)
(0.00204979,0.0276303)
(4.81753e-05,0.0174922)
(0.00708603,0.0172861)
(-0.00114145,0.0211365)
(-0.011375,-0.00689824)
(0.00544614,0.00864438)
(-0.0469286,-0.0207137)
(-0.0609289,-0.0497365)
(-0.0306021,-0.00631269)
(0.0335351,-0.004541)
(0.0728985,-0.0338322)
(0.019758,-0.0288685)
(-0.00282465,0.0368848)
(0.019754,0.00260395)
(-0.00769044,0.0353074)
(0.01123,-0.00256494)
(0.00111734,0.00468962)
(0.00145905,0.00210897)
(0.0036262,0.0013982)
(-0.012544,0.00394962)
(-0.00593381,0.0211994)
(-0.0134566,0.00199744)
(0.00524187,0.0115644)
(0.00549746,0.0245638)
(-0.0205739,-0.000726194)
(0.0224128,0.02932)
(-0.0287151,-0.0135578)
(0.0347883,-0.0212067)
(-0.0440583,-0.00681495)
(0.0370309,-0.0310469)
(-0.0187077,0.0161478)
(-0.000140626,-0.0159699)
(-0.019531,0.0355442)
(0.00562476,0.0185052)
(-0.00554146,0.0147623)
(0.0136378,0.000941558)
(0.01595,0.0214773)
(0.00855629,-0.00826046)
(0.00254731,0.0110332)
(-0.0124119,0.00134976)
(-0.00259112,0.0162279)
(-0.0142333,0.005456)
(-0.00481266,0.0111497)
(-0.0044319,0.00391444)
(-0.00670607,-0.0176235)
(0.0218422,0.00637595)
(-0.00967426,-0.00543653)
(0.0280912,0.00154237)
(-0.017281,-0.000467049)
(0.000963431,-0.0224618)
(-0.0136671,0.0191444)
(-0.00233544,-0.00583815)
(0.00239798,0.0053799)
(-0.00463791,-0.00600601)
(0.0176234,-0.00471779)
(0.0100907,-0.00467882)
(0.0121121,0.00696665)
(0.0162472,0.00770866)
(0.00809655,0.0161364)
(0.00697078,-0.00452711)
(-0.00564928,0.00321597)
(0.00412784,0.010164)
(-0.0112044,0.0102137)
(0.00094583,0.00408585)
(-0.0159339,-0.0169645)
(-0.000721111,-0.00359659)
(0.0109456,-0.0113018)
(0.0201563,-0.0058336)
(-0.0083039,-0.0107983)
(-0.00359895,-0.0130662)
(0.00146394,0.0192359)
(-0.00435624,-0.0103935)
(-0.00347726,-0.00150787)
(0.00136444,-0.0136788)
(-0.00117079,-0.00936531)
(0.000361129,-0.00683059)
(-0.00974676,-0.000878276)
(0.00838555,-0.00070155)
(-0.00224851,0.00826486)
(-0.00769954,-0.0136942)
(0.0201788,-0.0039528)
(-0.00262066,-0.0163218)
(0.0175177,0.0109154)
(-0.00403108,-0.00764272)
(0.0111741,0.0120904)
(-0.0151834,-0.00488936)
(0.000372798,0.00286426)
(-0.00895104,-0.00713629)
(-0.0111892,0.0152304)
(-0.0173418,0.00555348)
(-0.0231499,0.0215287)
(0.00127953,0.00466202)
(-0.0161304,0.00135511)
(0.00465704,0.0194528)
(-0.00427852,-0.00845766)
(0.0148383,0.0109434)
(-0.00811946,-0.0102924)
(0.0212373,-0.00184207)
(-0.00370022,0.00168282)
(-0.000628169,-0.00192258)
(0.0117192,0.00234044)
(0.00136973,-0.0104876)
(0.018585,0.0199821)
(0.00202704,-0.00276599)
(0.0140977,0.0098404)
(-0.0205692,-0.00482316)
(0.0217084,0.00235422)
(-0.00378017,-0.00952409)
(0.00187075,0.0186876)
(-0.0133972,-0.00701286)
(-0.0267668,0.0298972)
(-0.00343491,0.0097006)
(6.84281e-05,0.0235867)
(0.00544765,0.0140855)
(-0.00849484,0.00262001)
(0.0127648,0.0174798)
(-0.00201803,0.00349026)
(0.013022,0.000785772)
(0.00479337,0.00303017)
(-0.00319532,0.00445019)
(0.0043781,0.00022679)
(0.00126288,-0.00435531)
(0.0223339,0.00730594)
(0.00235765,-0.000298196)
(0.0375184,-0.00313286)
(-0.0143983,-0.0141208)
(0.0159993,-0.00251899)
(0.0251612,-0.0292769)
(0.0277293,0.00707985)
(0.011849,-0.0313265)
(-0.00402274,0.020739)
(-0.0100456,-0.0055068)
(-0.00106964,0.031778)
(-0.00531446,0.00677343)
(0.00313265,0.0198648)
(-0.0174729,0.0218763)
(-0.00652061,-0.00113532)
(0.000863661,0.0115145)
(0.00698234,0.00645779)
(-0.00234802,0.00192324)
(0.00462252,-0.00201884)
(-0.0108653,-0.000201669)
(0.013425,-0.0118512)
(-0.0220274,-0.0167468)
(-0.0120232,-0.0127589)
(-0.0410462,-0.025063)
(-0.0235737,0.00394982)
(-0.0148997,-0.0173697)
(-0.00740925,0.0248893)
(0.0474186,-0.0243078)
(0.00351017,0.0281311)
(0.0349129,-0.0214655)
(0.0304614,-0.00303071)
(-0.0060949,-0.00344289)
(0.0295422,-0.0221407)
(-0.0137658,0.0104985)
(0.0088632,-0.011214)
(-0.00317093,0.0164197)
(0.00997753,-0.0011206)
(0.0220706,-0.00943225)
(0.00440341,-0.0027356)
(0.0103081,-0.0128569)
(-0.0114807,-0.00441799)
(-0.0296085,-0.016396)
(-0.0392829,-0.0205827)
(-0.054029,-0.0142039)
(-0.0466179,-0.015438)
(-0.00996793,0.0408412)
(0.0109275,0.0866134)
(-0.0259644,0.00693487)
(0.0318712,-0.0676669)
(0.0238324,-0.047656)
(0.00844095,-0.0345187)
(0.0390286,-0.0258523)
(0.0398343,-0.0358984)
(-0.0158807,-0.00835392)
(0.0183035,-0.0319149)
(-0.015149,-0.00420585)
(-0.0045974,-0.0138471)
(0.0135692,-0.000730244)
(-0.00288395,0.00292627)
(0.0043999,0.00983567)
(0.00642243,-0.00737149)
(-0.0259329,-2.30828e-05)
(-0.0314909,-0.0419804)
(-0.0294148,-0.00261839)
(-0.0291295,-0.0453345)
(0.0839119,-0.0475667)
(0.0525404,-0.0792617)
(-0.0458455,0.0259481)
(-0.046474,0.0575478)
(0.048321,0.019937)
(0.000962915,0.0259923)
(0.0494261,-0.00816082)
(0.0259568,-0.00727287)
(-0.0094271,-0.0162522)
(0.0113536,-0.00868456)
(-0.00556159,-0.00619085)
(-0.00254774,0.00442548)
(0.00929736,-0.000872067)
(0.00635615,0.0167529)
(0.00379829,0.00974356)
(0.013227,0.00565001)
(-0.017212,0.0361674)
(-0.00449663,-0.00881825)
(-0.0196289,0.0368678)
(-0.0168391,-0.0392595)
(-0.0147543,0.0034895)
(0.00788077,-0.0332925)
(0.000911119,0.0343712)
(0.0175484,0.0510279)
(0.0304926,-0.00720424)
(0.0176384,0.0293875)
(0.0181001,-0.0113117)
(0.00986659,-0.00335544)
(0.0114997,-0.00461574)
(0.0145806,0.00592869)
(0.00444072,-0.00945128)
(0.00530447,0.00687157)
(0.000600048,-0.00594738)
(-0.0133562,0.0164167)
(-0.00778066,0.00988982)
(0.0109811,0.0195908)
(-0.00580401,0.0105956)
(0.0202829,-0.00195108)
(0.0155879,0.0181851)
(4.85816e-06,0.00703193)
(0.0106704,0.0339588)
(-0.00552623,0.00859863)
(0.00661334,-0.0095046)
(-0.00348664,0.0272832)
(0.0232365,-0.00202268)
(-0.00612176,-6.18839e-05)
(0.00171553,0.00785292)
(0.00270299,-0.010695)
(-0.00618065,0.000629041)
(0.0199535,0.00809985)
(0.00337314,0.00257429)
(0.0117997,0.0125299)
(-0.00349645,-0.0128793)
(-0.00578937,0.00735244)
(-0.0238184,0.0142196)
(0.00319574,0.0101722)
(-0.0120149,-0.00153754)
(0.00958439,-0.0159456)
(0.00751598,-0.00933045)
(0.0226982,0.000577623)
(0.0206779,-0.00543554)
(0.00490157,0.000477608)
(-0.00855388,-0.0105521)
(0.00601361,0.0127654)
(-0.0109034,-0.0114508)
(-0.00926427,-0.0197673)
(-0.0108266,-0.00462259)
(-0.00399022,-0.0121087)
(0.00416744,-0.00595485)
(0.00795648,0.00874159)
(0.00306091,-0.0147994)
(-0.000464606,0.0114199)
(-0.00223835,-0.00311376)
(-0.00463429,0.00327202)
(-1.61822e-05,0.00472247)
(-0.0109815,0.000980497)
(-0.0237121,0.0039381)
(0.000487471,-0.0052439)
(-0.0118779,-0.015215)
(0.00781395,-0.00715087)
(-0.00668277,-0.0161512)
(0.00975012,-0.00839462)
(-0.0177789,-0.00968381)
(-0.0077462,-0.00714424)
(-0.0183511,-0.0119763)
(0.00290879,-0.0108938)
(-0.00825006,-0.0031322)
(-0.00310618,-0.0139517)
(0.000316497,-0.013588)
(-0.0149324,-0.00244283)
(-0.00482479,-0.00697012)
(-0.00446822,0.00075222)
(-0.0085083,-0.004416)
(0.00993928,0.00469474)
(-0.00580463,-0.00776206)
(0.021725,0.0109728)
(0.00461977,-0.0136329)
(0.0108835,0.000135441)
(0.00365456,-0.00660254)
(0.00369811,0.00133641)
(-0.0106235,-0.0175954)
(-0.00720049,0.012645)
(-0.00488599,-0.00632534)
(-0.0153826,0.0181682)
(0.0037032,-6.69849e-05)
(-0.0102044,0.000350576)
(0.00614664,0.00988007)
(0.00460136,-0.00584939)
(0.0204262,0.00525452)
(-0.0060513,-0.00865031)
(0.0143103,-0.00288875)
(-0.0108959,-0.00938312)
(0.000613864,0.0030196)
(0.00568312,0.0126624)
(-0.0138551,-0.00356733)
(0.0210839,0.00750994)
(0.0013934,0.0028143)
(0.0152894,0.0092544)
(-0.00827059,-0.0084727)
(0.00349813,-0.0057127)
(-0.00243334,-0.0152554)
(0.00558964,0.00574508)
(-0.0182155,0.00231946)
(-0.00559359,0.0205509)
(-0.0126336,0.0168047)
(-0.0195828,0.0169819)
(0.0100511,0.0186422)
(0.0116294,-0.00919456)
(0.0198545,0.0041465)
(0.0193196,-0.00773206)
(0.0182087,-0.00266334)
(-0.00232546,0.000558422)
(-0.00736349,-0.000878527)
(-1.27984e-05,0.00236108)
(-0.00232152,0.00018869)
(0.0119488,0.0132715)
(0.0127409,-0.0100394)
(0.0165171,-0.000891695)
(0.000512255,-0.013397)
(0.0195247,-0.00727374)
(0.0117827,-0.0239864)
(0.0146408,0.0104289)
(0.000728832,-0.0151738)
(-0.00428353,0.0164987)
(-0.020114,0.0202196)
(0.00679067,0.0187814)
(-0.0191983,0.0304318)
(0.00205581,-0.00306577)
(-0.0173158,0.0266445)
(0.00154791,-0.0127798)
(-0.00401798,0.00975975)
(0.00550301,-0.00439404)
(0.00659262,-7.6206e-06)
(0.00333385,-0.00460105)
(0.02593,0.00782147)
(0.0180118,-0.00388304)
(0.0145678,0.00411495)
(0.0211225,-0.0166417)
(-0.0102479,-0.0136714)
(-0.0304267,0.00480866)
(0.0249465,-0.0272859)
(-0.0171489,-0.00651745)
(0.024848,-0.0327837)
(-0.0119812,0.003334)
(0.00510283,-0.00306338)
(0.00420412,-0.00201979)
(-0.0286835,0.0273918)
(0.0192323,-0.00323155)
(-0.0424653,0.0242428)
(0.00691958,-0.00904738)
(-0.0156188,0.00953869)
(0.00325131,-0.00294022)
(0.0325074,0.0111171)
(-0.000352733,-0.000601109)
(0.0289677,0.0087598)
(0.0160684,-0.000526163)
(-0.00318566,0.00333179)
(-0.0165705,-0.00572024)
(-0.0356633,-0.00425207)
(-0.0531576,-0.00910607)
(-0.000886689,0.00879081)
(-0.043294,0.0107425)
(0.00449116,-0.0172123)
(-0.0397851,-0.0239923)
(0.0615102,-0.0192659)
(0.00620703,-0.0181813)
(0.00501753,0.00116012)
(0.00147743,-0.0287067)
(-0.0405869,0.00483531)
(0.00667465,-0.0184966)
(-0.0216624,0.00734385)
(-0.00485794,0.00221479)
(0.0243996,-0.00564611)
(0.00946909,0.000921437)
(0.0281024,0.0232144)
(0.0173962,-0.0158253)
(-0.0190557,0.0230358)
(0.00572227,-0.0204929)
(-0.0283264,0.00365774)
(-0.0289449,-0.0279459)
(-0.0230061,0.0127027)
(-0.00847171,-0.0244773)
(-0.0246734,0.00669299)
(-0.0240557,0.0237393)
(0.0372461,0.000306943)
(-0.00428145,0.00344464)
(0.00972892,-0.0109371)
(0.00453491,0.000331549)
(-0.0214828,-0.0048702)
(0.000886041,-0.00112061)
(-0.0157738,-0.00127286)
(-0.00486087,0.0025958)
(0.0128923,-0.00107178)
(-0.00283884,0.0024582)
(0.0257932,0.0104778)
(0.0158834,-0.00334746)
(-0.019573,0.0174387)
(0.0215089,-0.00820853)
(-0.0335421,0.0246938)
(0.00194802,0.00519067)
(-0.0144739,0.0340792)
(-0.00768087,0.00286458)
(-0.019547,0.00570748)
(0.00762846,0.0251706)
(0.018711,-0.00524725)
(-0.00502795,0.00697742)
(0.0077362,0.0151678)
(-0.0112894,-0.0160217)
(-0.00930569,0.00570392)
(0.00995478,0.00894248)
(2.42123e-05,-0.00407728)
(0.00395738,0.0122105)
(0.00328614,-0.0141845)
(0.00870786,0.000451875)
(0.0130484,0.00122106)
(0.0266959,0.00595881)
(-0.0103375,0.00332274)
(0.0229834,-0.0110976)
(-0.00481601,0.00161225)
(0.0292748,0.00316387)
(0.0159983,0.00879499)
(0.00541516,0.00609233)
(-0.00184012,-0.00320463)
(0.00548309,0.0169811)
(0.00666683,0.0108313)
(0.00353802,-0.0189568)
(-0.0117034,0.0269332)
(0.0107043,-0.0145716)
(-0.00197822,0.0205218)
(0.013854,0.00795302)
(0.00814018,-0.00866794)
(0.0114471,0.0169157)
(0.0037818,-0.0137645)
(0.00921266,0.0120299)
(0.00357659,-0.021329)
(0.0268457,0.012726)
(-0.0137931,0.000412487)
(0.0246778,-0.0020769)
(0.00468319,-0.0286416)
(0.0214613,0.00789795)
(0.00132185,-0.0179591)
(-0.00118591,0.00305369)
(-0.0222994,-0.00537054)
(0.00460353,-0.00572216)
(-0.0207498,-0.00307546)
(0.00784195,-0.0194364)
(-0.0263251,0.0199334)
(0.0075811,-0.00884149)
(-0.0166555,0.00585911)
(-0.00310327,0.0212599)
(-0.0011722,-0.00589501)
(0.0055228,0.00164676)
(0.0116566,-0.011492)
(-0.0109476,-0.00261559)
(-0.0048926,-0.00991206)
(0.00407851,0.0117967)
(0.00651439,-0.0171154)
(0.00494039,-0.0120163)
(0.00407846,-0.017653)
(0.00913695,0.00088478)
(-0.0126522,-0.020914)
(-0.00989685,-0.00221626)
(-0.0352555,-0.00324801)
(-0.0158051,-0.000296928)
(-0.0299043,0.0160472)
(0.00323088,-0.00869502)
(-0.0141395,0.017098)
(0.00158266,0.00241499)
(-0.0162781,0.0123306)
(-0.00215258,-0.000763026)
(-0.00832907,-0.0111452)
(-0.00350288,-0.00133525)
(0.0117315,0.00209314)
(0.0141068,-0.00346071)
(0.00704972,-0.0157161)
(0.0166387,0.00443633)
(0.00893892,-0.00603017)
(0.00367222,0.00547765)
(0.00481733,0.00627423)
(-0.0122036,0.00501403)
(0.0037476,-0.00557023)
(0.000214183,0.00800831)
(0.00821273,0.0021816)
(-0.00781725,0.00967325)
(0.00579305,-0.00114972)
(-0.0170305,0.00166217)
(0.0105809,-0.00267642)
(0.00414168,-0.00793962)
(7.1902e-05,0.000611391)
(-0.00122891,-0.00310515)
(-0.00615905,0.000946376)
(-0.00782388,-0.00886474)
(0.00389817,-0.00327819)
(0.00984098,0.000861203)
(0.00255645,-0.00410793)
(0.0272852,0.00295077)
(0.00665572,0.00268212)
(0.00113475,0.0104927)
(-0.00914373,-0.00695308)
(-0.000714306,0.0134446)
(0.0033098,-0.00441627)
(-0.00507661,0.00172766)
(-0.00123505,-0.00126418)
(-0.000894529,0.0107224)
(-0.00647266,0.015574)
(-0.0122662,0.00474236)
(0.0134641,0.00955687)
(0.00461109,-0.00524309)
(0.0199521,0.0123858)
(0.00524626,-0.000262471)
(0.00405067,0.00363512)
(-0.00778449,-0.00230644)
(-0.000440559,0.00459173)
(-0.00728183,0.0109348)
(0.00545462,-0.0125059)
(0.0188702,0.0104252)
(0.00817448,-0.00293823)
(-0.00320816,0.00983409)
(0.00491062,-0.0074705)
(-0.00657496,0.0052476)
(-0.00266585,0.00344871)
(0.00624254,0.0032351)
(0.000992183,0.00592588)
(0.00979844,-0.00385005)
(-0.0224987,0.0296111)
(-0.000553174,0.0127458)
(-0.0187113,0.0270143)
(0.00626882,-0.0101341)
(0.00442802,0.0115175)
(0.0180638,0.00513664)
(0.00512197,0.00429869)
(0.00199306,0.00240967)
(0.0323508,0.00644807)
(0.0140867,0.0139934)
(0.0290218,-0.0120808)
(0.0171983,0.00508345)
(0.0367406,-0.00191247)
(0.00922239,0.0129738)
(0.0254875,-0.00675767)
(-0.00925423,0.0190494)
(0.0161852,0.0114403)
(-0.0154225,0.00468499)
(0.0167763,0.00500908)
(-0.00753304,-0.00321882)
(-0.0114021,0.0111945)
(0.0143607,0.00200665)
(-0.0235037,0.0276146)
(0.0156865,-0.00760422)
(-0.0243521,0.0105719)
(0.0161418,-0.0127948)
(-0.00939247,0.00481361)
(0.0102972,0.0119168)
(0.0309541,-0.00391195)
(0.0160676,0.0156096)
(0.0492959,0.00969215)
(0.0271576,0.0117982)
(0.0216092,-0.00568248)
(0.0167165,0.00341479)
(0.000340776,0.0105573)
(-0.0188195,0.0181162)
(0.00788657,0.0152952)
(-0.0353833,1.75526e-05)
(0.0247395,2.66473e-05)
(-0.0261998,-0.00544474)
(0.0235098,0.00330579)
(-0.00369272,-0.00872703)
(-0.000177773,0.00013447)
(0.0133677,0.000400574)
(-0.0320912,7.37131e-05)
(0.0157254,-0.00115833)
(-0.0113786,0.000890793)
(0.01112,0.000213601)
(0.0290729,-0.00866209)
(0.0117029,-0.00601942)
(0.0468861,-0.00820131)
(0.0280929,-0.0133074)
(0.00133302,0.00472849)
(0.0220077,-0.00187406)
(-0.0190273,0.00223053)
(-0.00373824,0.00478694)
(-0.0186298,0.0104057)
(-0.0256134,-0.00613299)
(-0.000591114,0.00478728)
(-0.0288717,0.0132384)
(0.0267661,-0.00260716)
(-0.00994758,0.00351589)
(0.0102623,-0.00395156)
(-0.0111112,-0.00885442)
(-0.00357031,-0.000921961)
(0.00316443,-0.0101885)
(0.00199322,-0.0014033)
(-0.00178866,0.00658084)
(0.00631586,-0.00624552)
(0.0168625,-0.0060033)
(0.0179469,0.00363796)
(0.0228743,-0.00795926)
(-0.00890934,-0.00399879)
(0.0175533,-0.00471566)
(-0.0234239,0.0103808)
(0.0122184,0.00915879)
(-0.00870738,0.0108748)
(-1.8923e-05,0.00708619)
(0.00188915,0.00482658)
(-0.000492237,0.0245756)
(0.0210993,0.0055696)
(-0.0134995,0.00298957)
(0.00854771,0.0115736)
(0.00354571,-0.00382817)
(0.0086495,0.00276428)
(0.0154447,-0.00400406)
(0.010703,-0.00979075)
(0.0138408,0.00702962)
(0.00129541,-0.0168013)
(0.0133536,-0.00147408)
(0.0126903,-0.014446)
(0.0268642,0.00770764)
(0.00294487,-0.00838087)
(0.0315674,-0.0156483)
(-0.00112554,0.00564746)
(0.0144256,-0.000642775)
(-0.00179631,0.0108006)
(0.00626705,0.00991569)
(-0.000398696,-0.00269517)
(0.00149342,0.0119005)
(0.000293349,0.0120484)
(0.00809105,-0.00354219)
(-0.000515543,0.031341)
(0.0101684,-0.00778852)
(-0.00120574,0.0144292)
(0.0077303,-0.00304693)
(0.00292526,0.00125593)
(0.00605735,-0.00133571)
(-0.00692835,0.000299374)
(-0.00148979,0.00213058)
(0.00604886,-0.00944667)
(0.00711647,0.0146411)
(0.00887304,-0.0208394)
(0.0292157,-0.00354129)
(-0.00465746,-0.0117399)
(0.0153938,0.00918521)
(-0.00317936,-0.0110857)
(-0.00480755,0.0143365)
(-0.0314105,-0.00587268)
(-0.0106886,0.00273341)
(-0.0222281,0.022781)
(0.00192139,-0.0175193)
(-0.0207936,0.034513)
(0.00549946,-0.0120278)
(-0.0131165,0.0189569)
(0.00183722,-0.0197859)
(-0.0153543,-0.0144422)
(0.00529131,0.000256432)
(0.00108526,-0.00588444)
(-0.011103,-0.00289202)
(0.0159942,0.000823317)
(-0.0123579,0.00499878)
(0.0123781,-0.0055218)
(0.0109597,0.0126756)
(0.0139696,-0.0180577)
(0.00618688,0.00568375)
(-0.00919492,-0.000264553)
(-0.0138074,0.00541619)
(-0.0188372,0.00377151)
(-0.00858187,-0.00712431)
(-0.0173379,0.0145773)
(0.00514216,-0.00279446)
(-0.0121753,0.023314)
(0.00914222,-0.0117281)
(-0.0155991,0.00752587)
(0.00449485,-0.00718656)
(-0.0184268,0.00148103)
(0.00454298,-0.00396282)
(0.0343813,-0.00105918)
(0.006529,-0.00144961)
(0.0252189,0.00393257)
(0.0132204,-0.00834748)
(0.0202188,0.0112116)
(0.00043219,0.00878937)
(0.0128103,0.0171526)
(-0.00216775,-0.00352871)
(0.00907714,0.0144754)
(-0.0028764,-0.00192673)
(0.0094127,0.0115837)
(-0.000118177,-0.0109774)
(0.00145317,0.00333883)
(0.001684,-0.011699)
(-0.00172535,0.00458902)
(0.00126071,0.000801587)
(-0.00358674,0.013388)
(0.0108426,0.000721594)
(-0.000808046,0.00312269)
(0.00232541,0.00200152)
(0.00908911,0.00125745)
(0.00983958,-0.00975308)
(0.0142967,-0.00363202)
(0.020374,-0.00495927)
(0.0036941,0.00253355)
(0.0024238,0.00148298)
(-0.00602417,0.00841567)
(9.76139e-05,0.00913062)
(-0.0119374,0.0105473)
(0.00446879,-0.00496591)
(0.00149117,0.00233127)
(0.0116256,-0.0106395)
(-0.0116909,0.00507892)
(-0.0010012,-0.00880587)
(-0.00606476,0.00724944)
(-0.00212814,-0.00285558)
(0.0102357,0.014485)
(0.00170701,0.0122629)
(-0.00128211,0.00475875)
(-0.00541692,0.00665791)
(0.00982592,-0.00490515)
(0.00890379,0.00632908)
(0.00807717,-0.00977528)
(0.018159,-0.00612722)
(-2.1788e-05,-0.00253089)
(0.0122289,0.0126615)
(-0.00815745,0.00595061)
(0.0103689,0.00383843)
(-0.0057699,0.00998208)
(0.00984823,0.00724413)
(0.00182164,0.0166544)
(0.0127117,-0.00771345)
(-0.0167354,0.0172988)
(0.0113032,-0.0054108)
(-0.00118531,0.0182891)
(0.0115324,0.00372808)
(0.00572787,0.0121228)
(0.00566293,0.0169593)
(0.00501999,0.0033712)
(0.00289571,0.0111808)
(0.00691856,-0.0132419)
(0.017793,0.00653577)
(0.0132639,-0.00711792)
(0.0270157,0.00233506)
(0.0142912,-0.0103242)
(0.0149772,0.0134446)
(0.0145856,0.00396458)
(0.00668169,0.00741392)
(0.00748213,0.0208322)
(0.00279211,0.000423237)
(0.015752,0.00600698)
(0.00556481,-0.0048725)
(-0.00399021,0.00519289)
(0.0137098,0.0074465)
(-0.0155432,0.000622584)
(0.0170582,0.000120907)
(-0.00689497,-0.00223726)
(0.00964495,0.0109861)
(0.000501242,-0.00466785)
(0.00691715,0.00906695)
(0.0149455,-0.009746)
(0.00970259,0.00696458)
(0.0170295,-0.0179906)
(0.022936,0.00244096)
(0.0115253,0.00280181)
(0.0122134,0.00840411)
(0.000210198,0.00385528)
(0.00104405,0.00917257)
(0.0059489,0.0293935)
(-0.00616965,0.000467738)
(0.0205226,0.012542)
(-0.0126971,0.00148156)
(0.00515939,0.00166402)
(-0.00790383,0.00950999)
(-0.0097229,-0.0112083)
(0.00951823,0.0059294)
(-0.00908178,-0.00147798)
(0.00589813,0.00305305)
(-0.00615163,-0.00316064)
(0.00412427,0.00993246)
(0.00293852,-0.00725126)
(0.0129204,-0.00200007)
(0.0204053,-0.0145285)
(0.0194129,-0.00546585)
(0.00513989,-0.0115945)
(0.0193566,-0.00571736)
(-0.0168869,0.00395063)
(-0.00161932,0.0062088)
(-0.00791867,0.00729046)
(-0.0148141,0.00448861)
(0.00411928,-0.00221312)
(-0.018042,0.00919712)
(0.00803581,-0.00496845)
(-0.0222375,0.0148623)
(0.0180938,-0.00480672)
(-0.00431467,0.00548345)
(0.000478406,-0.00722483)
(0.00971227,-0.00175513)
(0.00648198,-0.00352776)
(0.000891179,-0.00659702)
(0.00118413,-0.0126223)
(0.00697169,-0.00381794)
(0.00719695,-0.0139823)
(0.00491198,-0.00878005)
(0.000141687,-0.0110684)
(0.00659903,-0.00607222)
(-0.0127332,-0.00640653)
(-2.26493e-05,-0.00478528)
(-0.0029743,0.00912457)
(-0.0055118,-0.00447965)
(0.00389609,-0.00702375)
(-0.0139999,0.0184788)
(0.0195529,0.000755932)
(-0.000383507,0.0125623)
(0.0119906,0.00695391)
(-0.0023432,-0.00195081)
(0.010991,-0.0081117)
(0.00709968,-0.0010041)
(0.0081863,0.000443377)
(-0.00258539,0.00324271)
(-0.00858231,-0.00719002)
(0.00629096,-0.00758617)
(0.00730928,-0.0188713)
(0.00359814,-0.0153743)
(0.00252793,-0.0153834)
(0.00744338,-0.0248402)
(-0.00928985,-0.0108344)
(0.0127014,-0.00850089)
(-0.00751889,-0.00381143)
(0.00388535,0.00188238)
(0.00248061,-0.0115366)
(-0.00352672,0.0143475)
(0.00491283,0.00994345)
(-0.000512998,0.0080678)
(0.0154576,0.0141599)
(0.0121179,0.00487081)
(0.00742785,0.0116007)
(0.015726,-0.00761392)
(0.0056919,-0.00963509)
(0.0118626,0.00345121)
(-0.0037004,0.00275035)
(0.000469497,0.00418873)
(0.0136372,-0.0129347)
(-0.0166504,-0.00834799)
(0.0116166,-0.0168926)
(0.0148188,0.00351916)
(-0.00431673,-0.0104441)
(0.0169999,-0.006125)
(-0.00991905,-0.0139552)
(0.00370126,0.013011)
(-0.00978543,0.000374064)
(0.00538612,-0.00135265)
(-0.0131257,0.00592557)
(0.00634602,0.00806351)
(-0.000457163,0.0154942)
(0.00824744,-0.0174371)
(-0.00183292,0.00816262)
(0.0183231,-0.0059261)
(-0.0101007,-0.00349627)
(0.011195,0.00558998)
(0.0067013,0.00269849)
(-0.0074881,-0.00454542)
(0.00916653,-0.00668731)
(-0.00883867,0.0101153)
(0.017398,-0.0171338)
(-0.00483734,0.0032846)
(-0.000581959,-0.014646)
(0.00571987,0.00932295)
(-0.00324633,-0.013589)
(-0.000583946,0.0105759)
(-0.0145238,-0.00118296)
(0.00347939,0.0131004)
(-0.0111964,0.0030677)
(0.00225239,0.00442045)
(-0.00692288,0.0049714)
(0.00982965,-0.00668124)
(-0.00660459,-0.00549651)
(0.0112964,-0.0114757)
(-0.011673,-0.00421268)
(0.00690895,0.000647983)
