(-0.00027896,-0.00414267)
(0.000766585,0.00476086)
(0.00379596,-0.00812434)
(-0.00151464,0.000846462)
(-0.000491188,-0.00946742)
(-0.00422841,0.00378979)
(-0.00449897,-0.00766547)
(-0.0056597,0.00362478)
(-0.00294263,-0.00238412)
(-0.00309812,-0.00142978)
(-0.00243281,-0.00318971)
(-0.00656433,-0.0067091)
(-0.0013122,0.00390003)
(-0.003388,-0.0100447)
(0.00226046,-0.000590594)
(-0.00636934,-0.00234645)
(-0.000670325,-0.000953308)
(-0.00164866,-0.00581839)
(0.000945619,0.00264819)
(-0.000960531,-0.0044327)
(0.00018841,-0.00845743)
(0.000827694,0.00195797)
(0.00487925,-0.00913341)
(0.000690507,0.00448501)
(0.000976663,-0.00886576)
(-0.00295267,0.00437376)
(-0.00444943,-0.00632132)
(-0.00399167,0.00883324)
(-0.00343261,-0.0115443)
(-0.00524771,0.0051862)
(-0.00164227,-0.00112006)
(-0.00419655,-0.0011049)
(0.000105105,0.000483357)
(-0.00679081,-0.00577848)
(-0.00215106,0.000420399)
(-0.00464026,-0.00690343)
(0.00172314,0.000896323)
(0.000598142,-0.00524548)
(0.00212545,0.00447032)
(0.00155442,-0.00925805)
(-0.00141842,-0.0016797)
(-0.00287825,0.00921146)
(-0.00252697,-0.00561584)
(-0.00326223,0.00978867)
(-0.00507338,-0.00698161)
(-0.00443751,0.0107442)
(0.000201011,-0.0126108)
(-0.00668129,0.0100121)
(-0.00362022,-0.00355962)
(-0.00389199,0.00613199)
(-0.00585196,0.00253299)
(-0.00552991,-0.000286096)
(-0.00491587,0.00353366)
(-0.00956168,-0.00433889)
(-0.00463729,0.00676001)
(-0.00650759,-0.00832517)
(0.000302126,0.000263363)
(-0.00248985,-0.00872123)
(0.00211179,-0.00531726)
(-0.00252728,-0.00613351)
(-0.00341816,-4.06381e-05)
(-0.00725204,0.00965123)
(-0.00263405,-0.00246998)
(-0.00900167,0.017247)
(0.00458282,-0.00821016)
(-0.0141059,0.0103819)
(0.00281481,-0.0075674)
(-0.00523731,0.00890417)
(-0.0012446,-0.00304685)
(-0.00612237,0.00577235)
(-0.00958778,0.00661305)
(-0.00286273,-0.00578488)
(-0.00742166,0.00701111)
(-0.00681236,-0.0102389)
(-0.0033917,0.00358614)
(-0.00758951,-0.00977268)
(-0.00332414,-0.0008101)
(-0.00185999,-0.00506558)
(0.0027298,-0.00636544)
(-0.0029218,-0.00248727)
(0.000392228,-0.000823695)
(-0.00525748,0.000960642)
(-0.00197281,-0.00159524)
(-0.00746066,0.00973926)
(0.00515135,-0.00230872)
(-0.00632671,0.0105294)
(0.00090594,-0.00721225)
(-0.00654716,0.00694538)
(-0.00212333,-0.00454957)
(-0.00331327,0.0047719)
(-0.015306,0.00698676)
(-0.00292327,-0.00433053)
(-0.00709568,0.00364098)
(-0.0105969,-0.0113586)
(-0.00272662,0.00228001)
(-0.00994265,-0.00435199)
(-0.00737564,-0.0112282)
(-0.000865571,-0.00247416)
(-0.0010017,-0.0103176)
(-0.000772485,0.0060855)
(-0.00136048,-0.00132794)
(0.00251977,0.000610882)
(0.00113476,-0.0016542)
(-0.00144822,0.00130196)
(0.00695051,-0.00768838)
(-0.00506471,0.00475053)
(0.00351902,-0.00280335)
(-0.00657616,0.00403944)
(0.000460866,-0.00455165)
(-0.00302758,-0.00315635)
(-0.00668447,0.000624016)
(-0.00188345,-0.00529979)
(-0.00431939,0.000899235)
(-0.00644195,-0.00849815)
(-0.00400136,-0.00113389)
(-0.00302639,-0.00856813)
(-0.00774167,0.00193325)
(-0.00866696,-0.000588118)
(-0.00589683,-0.00327103)
(0.00333968,0.00644971)
(-0.00116778,-0.000180471)
(0.00409433,-0.00532085)
(9.76014e-05,-0.000968245)
(0.00327168,-0.00175148)
(0.00433605,-0.00162538)
(-0.000336302,-0.00124075)
(0.006264,-0.00506898)
(-0.00428075,-0.00473832)
(0.00651017,-0.00417341)
(-0.00133784,-0.00424657)
(-0.00149695,0.00129551)
(0.00163189,-0.00620414)
(-0.00559072,0.00445308)
(-0.00763402,-0.00782328)
(-0.00517648,0.0037626)
(-0.00746544,-0.00608436)
(-0.00673151,0.00112705)
(0.00177408,0.000494055)
(-0.00346187,4.32398e-05)
(0.00311381,0.00237593)
(-0.000491719,-0.00417936)
(0.00400907,-0.00025592)
(0.0024825,-0.00362609)
(0.00182801,-0.004724)
(0.0100958,-0.00134447)
(-0.00226191,-0.00743736)
(0.0113238,-0.00411473)
(0.00198541,-0.000904588)
(0.00729561,-0.0102927)
(-0.00113521,-0.00707702)
(0.00227608,-0.00318003)
(-0.00118066,-0.00367417)
(0.000691242,-0.00226093)
(-0.00937022,-0.00768937)
(-0.00140651,0.00478972)
(0.00189835,-0.00805399)
(-0.00328231,0.00159203)
(0.00202297,-0.00206692)
(-0.00159466,0.00651292)
(0.00573476,0.00401317)
(-0.00113156,0.00178746)
(0.00461741,-0.000940523)
(0.00352634,-0.00324959)
(0.000530865,-0.000455914)
(0.011818,7.13162e-05)
(-0.00262552,-0.00155141)
(0.00861025,-0.00262339)
(-0.0019558,-0.00308667)
(0.00400593,-0.00528271)
(-0.00666095,6.0679e-05)
(0.00642232,-0.00947288)
(-0.00515261,-0.0034708)
(0.00481342,-0.00271291)
(-0.00589074,-0.00408825)
(-0.000688733,0.0043065)
(0.000604151,-0.00333666)
(-0.00734468,0.00357362)
(0.00349182,-0.00199553)
(-0.000481153,0.00546999)
(0.0037209,-0.000708784)
(-0.00274947,0.00162127)
(0.00235181,-0.00606482)
(0.00190481,1.50703e-05)
(0.00210713,0.00245346)
(0.00466688,0.00161309)
(-0.00162141,0.00563149)
(0.0118461,0.000322524)
(-0.000930709,0.00128885)
(0.00371444,-0.00711951)
(0.000894642,-0.00242671)
(0.00542912,-0.00544437)
(-0.00135828,-0.00181641)
(0.00723266,-0.0033499)
(-0.00600305,0.00320173)
(-0.00184415,-0.00433626)
(0.000668258,0.002392)
(0.000916188,0.0079075)
(0.0015848,-0.00205586)
(-0.00131391,0.00691432)
(0.00385334,-0.000201662)
(0.00143143,-0.0057347)
(-0.000564035,0.00122917)
(0.00454379,-0.00282198)
(-0.00405752,0.00590983)
(0.00717272,-0.009133)
(-0.00451484,0.0106094)
(-0.000617466,-0.00701241)
(-0.00529751,0.00684642)
(-0.00311691,-0.00446813)
(-0.00562926,0.00317364)
(-0.000111508,0.00276899)
(-0.00512133,-0.00871155)
(-0.000981142,-0.00144727)
(-0.00393238,-0.00762044)
(-0.00114421,0.000447104)
(0.000608283,-0.00550214)
(0.00442518,-0.00384575)
(-0.00123501,-0.00682616)
(0.00133608,-0.0019361)
(0.00108945,-0.00859029)
(0.00873991,-0.00577002)
(0.0018128,0.00953931)
(0.0108723,-0.0107926)
(0.00227582,0.00967706)
(0.00186945,-0.0125459)
(0.00166573,0.0102389)
(0.00252388,-0.0136655)
(-0.00262038,0.0134652)
(-0.00796227,-0.00321071)
(-0.0114793,0.00650778)
(-0.000712619,-0.00485261)
(-0.00519861,0.000103344)
(-0.00146118,0.00219526)
(-0.00717143,-0.00548483)
(-0.00435164,0.0015855)
(-0.00475217,-0.0067961)
(-0.000308511,-0.0045317)
(-0.00214304,-0.0106718)
(0.00288813,-0.00499625)
(0.000318903,-0.0128391)
(0.00934909,-0.000803002)
(0.00092966,0.00771915)
(0.0064297,-0.00404304)
(-0.00439007,0.0135907)
(0.00550029,-0.0128535)
(-0.00113124,0.00925606)
(0.00599585,-0.0152103)
(-0.0067271,0.00948456)
(0.00218966,-0.00986896)
(-0.0151954,0.00860129)
(-0.00741545,0.00438199)
(-0.0106829,-0.000814902)
(-0.00538506,0.0031797)
(-0.00883288,-0.00554364)
(-0.0122062,0.00223535)
(-0.0105849,-0.010359)
(-0.00654073,-0.00430351)
(-0.00448357,-0.0151234)
(-0.00171567,-0.00677202)
(-0.00556143,-0.0116335)
(0.00395676,0.00457157)
(-0.00222027,0.00788444)
(0.00518187,-0.00450313)
(-0.0132129,0.0141109)
(0.00890051,-0.00768332)
(-0.00812785,0.0112628)
(0.00870904,-0.0127226)
(-0.014807,0.00665852)
(0.000532795,-0.00356588)
(-0.00945913,0.00853833)
(-0.0171932,0.0149332)
(-0.0130062,-0.00475701)
(-0.0111514,0.0147512)
(-0.0170154,-0.00888796)
(-0.00935909,0.00450035)
(-0.0103341,-0.0138459)
(-0.00909598,-0.00668815)
(-0.00427534,-0.0109301)
(-0.00145818,-0.00990033)
(-0.00444636,-0.00313684)
(-0.000187922,0.00280576)
(-0.00235377,0.000758187)
(0.00394892,0.00160447)
(-0.013023,0.0114502)
(0.00394202,-0.00563558)
(-0.0132089,0.0101201)
(0.00236031,-0.00908572)
(-0.0100947,0.0156594)
(-0.00232418,-0.00642023)
(-0.00788885,0.00487113)
(-0.0236734,0.0138839)
(0.000366509,0.00443365)
(-0.0192145,0.0115925)
(-0.0105233,-0.00583743)
(-0.010609,-0.00199505)
(-0.0133665,-0.00696702)
(-0.00833275,-0.00814531)
(-0.00348523,0.000895529)
(-0.00481908,-0.0127777)
(-0.00247181,0.00881796)
(0.000382528,-0.00342215)
(-0.00230738,-0.00228026)
(0.00044539,-0.00131754)
(-0.0104393,-0.0013441)
(0.00341234,-0.0102731)
(-0.0157697,0.00587824)
(0.00345595,-0.014674)
(-0.00976744,-0.00705407)
(5.23643e-06,-0.0181013)
(0.00695899,-0.000911264)
(-0.014757,-0.00771868)
(-6.50054e-06,0.00347281)
(-0.016699,-0.000444197)
(-0.0122603,-0.00437943)
(-0.00957772,-0.00349882)
(-0.00996141,-0.00322973)
(-0.016074,-0.00243224)
(-0.00512014,-0.000111197)
(-0.00875613,-0.00022588)
(0.000317275,0.00811117)
(0.000111926,0.00154796)
(0.0043973,-0.00413557)
(0.00378112,-0.00463951)
(0.00139698,-0.00235643)
(0.00328508,-0.00468057)
(-0.00583794,-0.00290956)
(0.00285638,-0.0060536)
(-0.009154,-0.00529549)
(0.00220026,-0.00775221)
(-0.000787624,-0.0015821)
(-0.00904178,-0.00252423)
(-0.000549971,0.00314804)
(-0.00786248,0.0036358)
(-0.00507875,0.00188477)
(-0.010351,0.00290341)
(-0.00792266,-0.00366466)
(-0.00948978,0.0090833)
(-0.00536952,-0.00494531)
(-0.00764509,0.00299922)
(0.00196027,0.00499025)
(0.00154631,-0.00672997)
(0.00202378,-0.0055312)
(0.00775205,-0.00792819)
(0.0011011,-0.00847763)
(0.00967024,-0.00189059)
(0.00196575,-0.00575948)
(0.0124488,-0.00581211)
(-0.00629325,0.00104134)
(0.00641259,-0.00232981)
(-0.00519298,-5.94313e-05)
(-0.00185785,-0.00762381)
(-0.00101569,-7.44543e-05)
(-0.00392279,-0.00223014)
(-0.00864929,0.00131575)
(-0.000898643,0.00713071)
(-0.00633214,-0.00694766)
(-0.00759299,0.00936441)
(0.00569221,-0.00527526)
(-0.00311078,0.0128751)
(0.00476723,0.00152957)
(-0.00343116,-0.000105611)
(0.000625023,-0.00327341)
(0.00668037,-0.00273145)
(-0.000965888,-0.00316086)
(0.0104479,0.000783294)
(-0.00376028,-0.00445413)
(0.0104695,0.00199008)
(-0.00863862,0.000443506)
(0.00480675,-0.00942899)
(-0.00998515,0.00600896)
(0.00464324,-0.0127647)
(-0.00714423,0.00164781)
(0.00385336,-0.00643285)
(-0.0105292,0.00414935)
(0.00586895,0.00474073)
(-0.00197704,-0.00375842)
(-0.000856383,0.0102375)
(0.00557651,-0.00600258)
(-0.00322798,0.0109794)
(0.00506941,0.000229289)
(-0.00278864,0.00272128)
(-0.00016625,-0.00358643)
(-0.00137588,0.00212142)
(-0.00381917,0.000553602)
(0.0078161,0.00303785)
(-0.00708221,6.14881e-05)
(0.0104902,-0.00197684)
(-0.0043457,-0.00254183)
(0.00507006,-0.00783471)
(-0.00345977,-0.000317663)
(0.00724314,-0.0119997)
(-0.0061547,0.00226441)
(0.00852495,-0.00618031)
(-0.00846276,0.00336166)
(0.00637808,-0.00071476)
(-0.00151101,0.00116691)
(6.35307e-05,0.00242314)
(0.00222518,0.0024601)
(0.000276784,0.00768538)
(0.00409514,-0.00362781)
(0.00877985,-0.00258977)
(-8.39055e-05,0.00454049)
(0.00632222,-0.00971954)
(0.00190845,0.00305336)
(0.00291468,-0.0108582)
(-0.00166576,0.0068698)
(-0.00398436,-0.0111808)
(-0.0108041,0.00821823)
(-0.00631886,0.00570273)
(-0.00781027,0.00860603)
(0.00351128,0.00680965)
(-0.00533493,-0.00100127)
(-0.00390348,0.00628227)
(0.0020427,-0.00354729)
(-0.00564657,-0.00427848)
(0.00275489,-0.00439242)
(0.000713888,-0.00763749)
(0.0040256,-0.0122625)
(0.00151607,-0.00464026)
(0.00117272,-0.00647616)
(0.0121195,-0.00444866)
(0.00218096,0.00438635)
(0.0115335,-0.0128508)
(0.00598017,0.0126648)
(0.00694617,-0.0198379)
(0.000384977,0.0115625)
(-0.00242845,-0.012915)
(-0.00489368,0.0150882)
(-0.00160492,-0.00123103)
(-0.0150287,0.0167847)
(-0.00811858,0.00996076)
(-0.00563536,0.00670368)
(-0.000840911,0.00758211)
(-0.000411091,-0.00141481)
(-0.0131581,-0.00157969)
(0.00588419,-0.00249262)
(-0.00639695,-0.00756644)
(-0.00114272,-0.0137132)
(0.00213709,-0.00933825)
(0.00076414,-0.0155834)
(0.0128348,-0.00273034)
(0.00199518,0.00977963)
(0.0115377,-0.00635582)
(-0.00306849,0.0100334)
(0.0102954,-0.0143664)
(-0.00475411,0.00493065)
(0.00232325,-0.0164076)
(-0.0211315,0.0158055)
(0.00187373,-0.00540588)
(-0.0258984,0.0155092)
(-0.0114333,0.0134958)
(-0.0211101,0.00593056)
(-0.0138474,0.0105836)
(-0.00769667,-0.0049024)
(-0.0102693,0.000548286)
(-0.00220637,-0.0141064)
(-0.0141605,-0.00948621)
(0.00126709,-0.0157071)
(-0.00584652,-0.00637009)
(-0.00309986,-0.0123973)
(0.0044488,0.00243215)
(-0.00114147,0.00733029)
(0.0116349,-0.00602077)
(-0.0133326,0.00954998)
(0.00642786,-0.0141464)
(-0.0127859,0.00598018)
(0.00957004,-0.0163272)
(-0.0153392,0.0206713)
(-0.00651801,0.00166078)
(-0.0205007,0.00318376)
(-0.0312243,0.0371123)
(-0.0189821,-0.00126649)
(-0.0239706,0.027428)
(-0.0205468,-0.00852987)
(-0.0186443,0.0029156)
(-0.0147285,-0.00398241)
(-0.0111733,-0.00553555)
(-0.00289684,-0.0174274)
(-0.00732862,-0.0112832)
(0.000270207,-0.00617518)
(0.00195217,-0.000969673)
(-0.00326217,0.00129474)
(0.00185881,-0.00645727)
(-0.00530922,0.00711883)
(-0.00264359,-0.0195964)
(-0.012929,0.010172)
(-0.00224895,-0.0239582)
(-0.00714921,0.00961249)
(-0.00410233,-0.0107534)
(0.000895812,-0.00350103)
(-0.026324,0.0399042)
(-0.0149712,-0.00340709)
(-0.0292179,0.0269378)
(-0.0225281,0.00740042)
(-0.0172268,0.00466187)
(-0.0146995,0.00280594)
(-0.0165435,-0.00881758)
(-0.00975309,-0.000295342)
(-0.00178089,-0.0115388)
(-0.00294774,-0.00102789)
(-0.00211111,-0.001318)
(0.00219315,-0.00397794)
(-0.000330771,-0.0129686)
(-0.0104871,-0.000926242)
(-0.00334441,-0.0168142)
(-0.00909056,-0.0101133)
(-0.00331356,-0.0288578)
(0.00627501,-0.0117889)
(0.00870544,-0.0434614)
(0.0172363,-0.00452731)
(-0.0124089,-0.00332509)
(0.00866091,0.0186251)
(-0.012974,-0.00603267)
(-0.0041697,0.0195021)
(-0.0121648,-0.00482684)
(-0.0142645,0.00600639)
(-0.00683165,-0.0133111)
(-0.0105272,0.0016499)
(-0.0019443,-0.00535521)
(-0.00208127,0.00641767)
(0.0079551,-0.00804605)
(0.0045954,-0.00175951)
(0.00789799,-0.0119886)
(-0.00709521,-0.00399143)
(-0.00345727,-0.0171584)
(-0.0185093,-0.00790783)
(0.00569848,-0.0187201)
(-0.0113246,-0.0117209)
(0.0120016,-0.0251714)
(0.00869752,-0.00684799)
(0.00595945,-0.00921537)
(0.00177679,0.0181489)
(-0.00788749,0.00171623)
(-0.0118277,0.013401)
(-0.00332623,-0.00157762)
(-0.0187246,0.00676129)
(-0.00394237,-0.0020285)
(-0.0108023,-0.00547109)
(0.00240828,0.00108632)
(-0.00695121,-0.00188818)
(0.00587582,-0.00593595)
(0.0017375,-0.00820974)
(0.010653,-0.0150813)
(0.0026262,-0.00505478)
(0.00860902,-0.00741978)
(-0.0110379,-0.00167677)
(0.000235312,-0.00254682)
(-0.0133069,-0.00443443)
(0.00733961,-0.0087474)
(-0.00655992,0.00131321)
(0.00116838,-0.000548096)
(-0.00508905,0.0107689)
(0.00547894,-0.00103015)
(-0.0116007,0.00738538)
(0.00171181,0.00094435)
(-0.0111314,-0.0038248)
(0.00509264,0.00737132)
(-0.000733568,-0.00711987)
(0.00577694,0.00426672)
(0.00355831,-0.00562277)
(0.00405448,-0.00476752)
(-0.00229514,-0.000896233)
(0.00406667,-0.00472241)
(-0.0109729,-0.00467755)
(0.00544222,0.00130789)
(-0.0106211,0.000996896)
(0.00476044,-0.00109085)
(-0.0161742,0.00111538)
(-0.0024391,-0.00135589)
(-0.0128967,0.00351566)
(0.0025453,-0.00919823)
(-0.0137625,0.00401026)
(0.000600427,-0.000900668)
(-0.0188973,0.00431829)
(0.00406364,-0.00261372)
(-0.0117662,-0.00471124)
(0.00706458,0.00496167)
(-0.00431312,0.00165593)
(0.00418634,0.00655675)
(0.0025756,-0.00403695)
(-0.00464752,0.000951549)
(-0.00469123,0.00370229)
(0.00130096,5.28812e-05)
(-0.00912398,0.00109447)
(0.00182192,0.000999703)
(-0.010806,-0.000409997)
(-0.00292192,-0.000464795)
(-0.0044776,0.00419018)
(-0.00127252,-0.00881174)
(-0.0117492,0.000910345)
(-0.0033307,-0.00508969)
(-0.00793616,-2.77644e-05)
(0.00176469,-0.000147434)
(-0.0133539,0.00124585)
(0.00424521,0.0013824)
(-0.00411304,-0.00165843)
(0.00424758,0.000925476)
(-0.00275517,-0.0014671)
(0.00280628,-0.000458519)
(-0.000586426,0.00528867)
(0.00436448,-0.00553)
(0.0010622,0.00454638)
(0.00388727,-0.00991847)
(0.00454164,0.00404603)
(0.00802328,-0.0109921)
(-0.00359975,0.00576256)
(-0.000192159,-0.00233858)
(-0.00404286,0.0082945)
(-0.000682482,0.00754162)
(-0.00705057,0.0080251)
(0.000603296,0.00912541)
(0.0029171,0.00580663)
(-0.00213177,0.00501655)
(0.00512152,0.00203945)
(-0.00888864,-0.000781386)
(0.0113165,-0.00359781)
(-0.00832067,-0.00942717)
(0.000600558,-0.00684622)
(-0.00322892,-0.00987756)
(0.00209009,-0.00441095)
(0.0120746,-0.00214738)
(0.0080502,0.00689824)
(0.0126122,-0.0126999)
(-0.000183865,0.00877168)
(0.00678567,-0.0180831)
(0.00200979,0.00583427)
(-0.00295527,-0.0101365)
(-0.0160476,0.0279537)
(-0.00389169,0.00425717)
(-0.0191531,0.0193978)
(-0.00309582,0.0138413)
(-0.00567697,0.00997923)
(-0.00635582,0.0110083)
(0.00753707,-0.00430491)
(-0.00270458,-0.00654891)
(0.00842155,-0.00733309)
(-0.00849928,-0.0157085)
(0.0142678,-0.0085662)
(-5.82819e-05,-0.0124258)
(0.00300841,-0.00552909)
(0.01594,0.00109282)
(-0.000983007,0.00549535)
(0.0157437,-0.0103814)
(-0.00494008,0.00582872)
(0.000939772,-0.0189215)
(-0.00838562,0.0156763)
(0.00249691,-0.016835)
(-0.022481,0.0340666)
(-0.00415114,0.000662206)
(-0.0282842,0.0271686)
(-0.0289848,0.0308843)
(-0.0221479,-0.0114024)
(-0.0235477,0.0231137)
(-0.0121328,-0.0166388)
(-0.0147629,-0.00121345)
(-0.00217044,-0.0185587)
(-0.00930589,-0.0132935)
(0.00827809,-0.02225)
(-0.00909532,-0.0161867)
(0.006064,-0.00584682)
(0.0109645,-0.00231437)
(-0.0055806,0.00573339)
(0.00297076,-0.00673628)
(-0.00447746,0.00484902)
(0.00417186,-0.0179308)
(-0.00321316,0.0245054)
(0.00731003,-0.0188454)
(-0.00611606,0.0498841)
(-0.0109163,0.00773007)
(-0.0144502,0.0387108)
(-0.0736635,0.10723)
(-0.0351676,-0.0433672)
(-0.0499571,0.0650204)
(-0.0315737,-0.0235704)
(-0.0253233,0.0216668)
(-0.0197797,-0.0270876)
(-0.0107085,-0.00951041)
(0.00362901,-0.0207091)
(-0.00204584,-0.0161423)
(0.00225005,-0.0125655)
(0.00119705,-0.000637181)
(-0.00152763,0.00406602)
(7.13298e-05,-0.0149587)
(-0.0108822,0.00387184)
(-0.00104329,-0.0253336)
(0.0103757,0.0264317)
(0.00274895,-0.0400789)
(0.0370198,0.0406981)
(0.0298072,-0.0236907)
(0.0185794,-0.0417807)
(-0.0555432,0.171546)
(-0.0533783,-0.00164186)
(-0.0554187,0.0805381)
(-0.0260982,0.00340546)
(-0.0286123,0.0240646)
(-0.0263815,-0.00418225)
(-0.0149011,-0.00429124)
(-0.0100437,-0.0134021)
(-0.00497104,-0.00967605)
(-0.00135669,-0.00426954)
(-0.00166135,-0.0103427)
(-0.00418024,3.32612e-05)
(-0.00188714,-0.0181899)
(-0.00374276,-0.00519757)
(-0.00303402,-0.0239613)
(-0.00251372,-0.0162298)
(0.0118682,-0.0573529)
(0.0467063,-0.00730526)
(0.0875459,-0.142343)
(0.0817899,0.0230447)
(-0.0107826,-0.00796186)
(0.00577151,0.0573605)
(0.00536489,0.0256297)
(-0.0153108,0.0617078)
(-0.00532438,-0.0021021)
(-0.0159982,0.00654471)
(-0.00536686,-0.00906538)
(-0.0169432,-0.00616415)
(0.000644559,-0.0126185)
(-0.00884921,0.000714744)
(0.00113296,-0.012166)
(0.000180744,-0.00174058)
(0.00406839,-0.0244323)
(-0.0123708,-0.0060128)
(0.00731939,-0.0276026)
(-0.0172415,-0.0118178)
(0.0184584,-0.0484258)
(-0.00096563,-0.0323541)
(0.0599132,-0.0728553)
(0.0221766,-0.0166956)
(0.0317642,-0.0163702)
(0.0180431,0.0301879)
(0.0115689,-0.0118452)
(-0.0126872,0.0282869)
(-0.0027935,-0.0149302)
(-0.0266496,0.00281036)
(-0.00104778,-0.0118644)
(-0.0215458,-0.00407654)
(0.00649779,-0.00567169)
(-0.00886554,-0.00322456)
(0.00610084,-0.0178893)
(-0.000296531,-0.00744268)
(0.00487983,-0.0209116)
(-0.00902219,-0.00615297)
(0.0022248,-0.0179805)
(-0.0223177,-0.00917715)
(0.00525633,-0.0244381)
(-0.0224345,-0.00929491)
(0.0187069,-0.0257554)
(-0.0131445,-0.00795039)
(0.0186337,-0.00869483)
(-0.0145908,0.0119266)
(0.00423704,-0.00915277)
(-0.0253935,0.00168002)
(0.00767053,-0.00619811)
(-0.0182411,-0.00481365)
(0.00595112,-0.00774436)
(-0.0174851,-0.000300685)
(0.00819161,-0.00518905)
(-0.00856778,0.00119619)
(0.00139248,-0.00741183)
(-0.00596776,-0.00515984)
(0.00582086,-0.0173374)
(-0.0102292,-0.00692156)
(-0.00223855,-0.00819403)
(-0.0206862,-0.00698517)
(-0.00958314,-0.00335111)
(-0.0242979,-0.00800843)
(-0.00703871,-0.0044169)
(-0.0214762,-0.00308053)
(0.0019627,-0.0053081)
(-0.019013,0.00153333)
(0.00104973,-0.00692424)
(-0.0204445,-0.00411769)
(0.00103196,-0.00507197)
(-0.0220814,-0.00675759)
(0.00587532,-0.00827125)
(-0.0155519,-0.00654694)
(0.0083813,-0.0049102)
(-0.00728567,0.00329517)
(0.000924798,-0.00349445)
(-0.00285949,-0.00382187)
(-0.000499795,-0.00125144)
(-0.00845395,-0.000885458)
(-0.00284305,-0.00289767)
(-0.0171137,-0.00380683)
(-0.0105439,-0.00524297)
(-0.0126871,-0.00744067)
(-0.00877669,-0.000665877)
(-0.0100293,-0.0091148)
(-0.00677376,0.00101651)
(-0.0133196,-0.00125509)
(-0.00604929,-0.00109487)
(-0.0156999,-0.00545418)
(-0.00355214,-0.00358069)
(-0.0188838,-0.00355835)
(0.00586009,-0.00387998)
(-0.00622398,-0.00178388)
(0.0133013,-0.00543793)
(-0.00778911,-0.00343525)
(0.00949001,-0.00332872)
(0.000707887,0.00174696)
(0.0104594,-0.00586297)
(-0.00316977,0.00184821)
(0.00760642,-0.00998313)
(-0.00208915,0.00139543)
(-0.00404044,-0.00720848)
(-0.00758713,0.0127461)
(-0.00998471,-0.000769644)
(-0.00561379,0.00854624)
(-0.00782125,0.000574246)
(0.00196515,-0.000996281)
(-0.00361075,0.00188077)
(0.00899006,-0.00106612)
(-0.00277078,-0.00895908)
(0.00303612,-0.0090903)
(-0.00919222,-0.00976397)
(0.00341233,-0.00488169)
(-0.00582658,-0.0039626)
(-0.00163588,-0.00128569)
(0.0142786,0.00194783)
(0.00153939,0.000840488)
(0.0178188,-0.011283)
(-0.00582848,0.00687902)
(0.00445805,-0.0205676)
(-0.0103032,0.0208062)
(-0.00704827,-0.0137232)
(-0.0233855,0.0263745)
(-0.00492788,-0.00694126)
(-0.0158132,0.0291887)
(-0.0191181,0.00207825)
(-0.00139563,-0.00427797)
(-0.00961127,0.00146793)
(0.00413452,-0.0123702)
(-0.00973025,-0.0131474)
(0.00975915,-0.0166)
(-0.00181944,-0.015591)
(0.00475031,-0.0128602)
(-0.00431785,-0.011757)
(0.00606567,-0.00727572)
(0.018031,0.00259162)
(-0.00272277,0.00882363)
(0.0144706,-0.0026747)
(-0.0115836,0.00645578)
(0.00662239,-0.0138189)
(-0.0134156,0.0249805)
(0.00585747,-0.0159683)
(-0.0165066,0.0504167)
(0.0114686,-0.0194454)
(-0.0175493,0.0479504)
(-0.0359518,0.0105474)
(-0.0118248,-0.03327)
(-0.034402,0.0172011)
(0.00207881,-0.0465955)
(-0.0159894,-0.00528984)
(-0.00165308,-0.0318238)
(-0.011719,-0.0161522)
(0.0132583,-0.0213616)
(-0.00555191,-0.0160657)
(0.0072344,-0.00815613)
(0.00735515,0.0015843)
(-0.0049059,-0.000519485)
(0.0106098,0.000857322)
(-0.00679724,0.00699383)
(0.00513213,-0.00963147)
(0.00341225,0.0422111)
(0.0243085,-0.0300924)
(0.0141833,0.124465)
(0.0252131,-0.027192)
(0.0414191,0.138963)
(-0.139769,0.0952719)
(0.00984791,-0.110263)
(-0.0756468,0.0612853)
(-0.0128381,-0.0839623)
(-0.0283582,0.0156032)
(0.00413736,-0.0423986)
(-0.0155668,-0.00656948)
(0.0049344,-0.0308633)
(-0.00509353,-0.012861)
(0.00629049,-0.00665594)
(0.00436881,-0.00267596)
(-0.00962922,-0.00114139)
(0.00298932,-0.0122378)
(-0.00060061,0.0121548)
(0.00371639,-0.0153309)
(0.0204403,0.03548)
(-0.00803433,0.00367775)
(0.0813018,0.130293)
(0.0021436,0.0200833)
(-0.0235415,-0.0514188)
(0.046558,-0.0616445)
(0.0124727,0.0281888)
(-0.0589097,0.0598157)
(-0.0129947,-0.0225312)
(-0.0362963,0.0210335)
(-0.00235577,-0.0198056)
(-0.0194707,-0.00494167)
(-0.00215026,-0.0159479)
(-0.00328525,-0.00969703)
(-0.00270035,-0.0131653)
(-0.00106847,-0.0143774)
(-0.00546984,-0.00199545)
(-0.00239959,-0.0220859)
(-0.0132606,-0.00613079)
(-0.00637089,-0.0161445)
(0.0106191,-0.00944474)
(-0.0372669,0.0176002)
(0.0710953,-0.0507986)
(-0.0218849,0.0296266)
(-0.0253288,0.0237752)
(-0.017055,-0.00197478)
(-0.014814,-0.0422324)
(0.055157,0.0124175)
(0.0132178,0.103618)
(0.00420709,0.00257475)
(0.000451466,0.0223874)
(-0.00656261,-0.00670418)
(-0.0122078,-0.0115053)
(-0.00216788,-0.00815307)
(-0.00951788,-0.00622307)
(-0.000647146,-0.0181852)
(-0.00357735,-0.000625011)
(0.00219197,-0.0259017)
(-0.0114508,-0.00113493)
(0.0010439,-0.0290473)
(-0.0259254,-0.0301204)
(0.0128314,-0.055448)
(0.000523535,-0.065903)
(0.054117,-0.0556935)
(0.0113942,-0.0907966)
(0.0526349,0.0477729)
(0.0795556,0.0298782)
(0.03436,0.00858849)
(0.0177731,0.0565184)
(0.00763345,-0.0157249)
(-0.0171031,-0.000848357)
(-0.000212415,-0.0225914)
(-0.0180621,-0.00456104)
(0.0021597,-0.0109313)
(-0.0113186,-0.00567752)
(-0.00168074,-0.0210315)
(-0.00435464,-0.00383633)
(0.00041406,-0.0228719)
(-0.00818698,-3.08216e-05)
(-0.00626672,-0.025167)
(-0.0206772,-0.00827107)
(-0.000835298,-0.030324)
(-0.0269042,-0.0272696)
(0.0144483,-0.0372099)
(-0.0119706,-0.0242868)
(0.0200658,-0.0073688)
(0.000954653,0.00651615)
(0.0138367,-0.0154043)
(-0.0143151,-0.00128893)
(0.0103666,-0.019615)
(-0.023547,-0.0104654)
(0.00901039,-0.0138292)
(-0.0222413,-0.00809855)
(0.00880528,-0.00680783)
(-0.0166987,-0.00092415)
(-0.00186136,-0.0146945)
(0.000164386,-0.0101547)
(-0.00437331,-0.0182786)
(-0.00694204,-0.00860416)
(-0.00853521,-0.00973379)
(-0.0154522,-0.00684869)
(-0.0181144,-0.0118382)
(-0.0250634,-0.00463458)
(-0.00930345,-0.00731476)
(-0.0177002,-0.0040877)
(-0.0045953,-0.00543029)
(-0.0145479,-0.00257276)
(0.00114256,-0.0130518)
(-0.0207962,-0.0074711)
(0.0046319,-0.0134434)
(-0.0258237,-0.0194888)
(0.0143914,-0.00853077)
(-0.020558,-0.00719146)
(0.00783996,-0.00896939)
(-0.0157544,0.000242027)
(-0.00493504,-0.0023279)
(-0.00139718,-0.0068078)
(-0.00259011,-0.00757512)
(-0.00793324,-0.00712319)
(-0.00909126,-0.00334305)
(-0.0134166,-0.00837976)
(-0.0124567,-0.00165182)
(-0.0181904,-0.00430225)
(-0.0175438,-0.00192146)
(-0.0125254,0.00153941)
(-0.0137937,0.00488148)
(-0.00969744,-0.00125014)
(-0.00790029,-0.00179271)
(-0.0126242,-0.00489793)
(-0.0014895,-0.00110044)
(-0.0162884,-0.00779842)
(0.0079551,-0.00574779)
(-0.0159528,-0.00425864)
(0.0113127,-0.00755477)
(-0.0126713,-0.00138264)
(0.0116181,-0.00140521)
(0.000441087,-0.0016113)
(0.0118226,-0.00647304)
(-0.00507646,0.00650975)
(0.00718764,-0.00526345)
(-0.00735641,0.0035556)
(0.00122037,-0.0116507)
(-0.0084669,0.00755078)
(-0.00847793,-0.0121819)
(-0.00267187,0.0103362)
(-0.0149785,-0.0096986)
(0.00401643,-0.00433932)
(-0.00553233,-0.00259639)
(-0.00375461,-0.0092836)
(-0.0050444,-0.00597566)
(0.00154964,-0.0147211)
(0.000631083,-0.00363504)
(-0.000181119,-0.0114433)
(-0.000454723,-0.000250354)
(-0.00183389,-0.00836554)
(0.0197236,0.0031077)
(-0.00101862,0.00316443)
(0.0224149,0.00331811)
(-0.00999572,0.00165429)
(0.0137698,-0.0110971)
(-0.00975871,0.00372797)
(0.00503275,-0.0174004)
(-0.0112514,0.0197898)
(-2.40395e-05,-0.0259922)
(-0.0114253,0.00830332)
(-0.011667,-0.0232452)
(0.000539734,-0.00576031)
(-0.00480816,-0.0163827)
(0.00470373,-0.0273832)
(0.00256894,-0.0122906)
(0.00321039,-0.0267268)
(0.00252866,-0.0103385)
(0.00637888,-0.0213508)
(0.00182244,-0.00505797)
(0.00249478,-0.00556025)
(0.0182283,0.0111501)
(-0.00515531,-0.0024699)
(0.0204586,0.00791697)
(-0.0146172,-0.000437031)
(0.00867352,-0.00624946)
(-0.0112728,0.0178639)
(0.00826189,-0.0196285)
(-0.0170937,0.039142)
(0.0321405,-0.0500532)
(-0.0228619,0.0295163)
(-0.00903225,-0.0208801)
(-0.0136399,-0.0392906)
(-0.0173392,-0.0191975)
(0.00438811,-0.0521337)
(-0.00600975,-0.0207892)
(0.0111345,-0.0431693)
(-0.00238083,-0.0131404)
(0.0105469,-0.0281272)
(-0.00175453,-0.00916712)
(0.00595134,-0.0100229)
(0.0124362,0.00176229)
(-0.0140306,-0.0051211)
(0.00795566,0.00776073)
(-0.00823588,-0.00831306)
(0.00115622,0.00263818)
(-0.00745994,0.0252254)
(0.0460424,-0.0224037)
(-0.0252841,0.0650904)
(0.129284,-0.104972)
(-0.0436756,0.10099)
(-0.0399182,0.0235319)
(-0.0244787,-0.0969505)
(-0.0231508,0.00211232)
(0.00390654,-0.107536)
(-0.011272,0.00212228)
(0.00620106,-0.0601401)
(-0.00999862,-0.0113433)
(0.0100464,-0.0272067)
(-0.00208158,-0.00994869)
(0.00794565,-0.0156109)
(0.0033496,-0.0021818)
(-0.0142067,-0.00703079)
(-0.00120838,0.000958832)
(-0.0145247,-0.00494962)
(-0.00890278,0.0118182)
(-0.00682168,0.0180309)
(0.0146248,0.0690984)
(-0.00827463,0.0141003)
(-0.0324301,-0.0018076)
(0.014959,-0.0084461)
(-0.00304101,0.0127635)
(0.00671757,0.0434845)
(-0.0210199,0.000368849)
(0.0480628,-0.0864395)
(-0.0100544,-0.00521476)
(0.0107904,-0.05034)
(-0.00284834,-0.00460055)
(0.00318455,-0.0285465)
(-0.00190865,-0.00889282)
(0.00517816,-0.00478914)
(-0.00675545,-0.00941498)
(-0.0174173,-0.000771088)
(-0.00562811,-0.0134893)
(-0.0260644,-0.00885433)
(-0.0144288,0.00397013)
(-0.022164,-0.0345842)
(-0.0118236,0.0470583)
(-0.00629172,-0.145647)
(0.032413,-0.00207476)
(0.00187621,0.020491)
(-0.00807629,-0.0185036)
(-0.0152922,-0.0369593)
(0.0681993,-0.0448125)
(0.0666219,0.045859)
(0.0179325,-0.0061515)
(0.0153054,-0.0102473)
(0.00198989,-0.00698863)
(0.00274424,-0.00997091)
(-0.0018408,-0.00696266)
(-0.0033572,-0.009221)
(-0.00610363,-0.0113707)
(-0.0146409,-0.000718247)
(-0.00710844,-0.0146835)
(-0.0248622,0.00260863)
(-0.0143896,-0.0164253)
(-0.0412645,-0.0280625)
(-0.0215749,-0.0138866)
(-0.053614,-0.0806027)
(-0.0465058,-0.0193349)
(-0.0684748,-0.0367913)
(-0.0620855,0.100277)
(-0.0285095,0.0697315)
(0.0138982,0.0128941)
(0.00860751,0.0369088)
(0.00812893,-0.00752331)
(-0.00724276,-0.0056242)
(0.00398832,-0.0104184)
(-0.00926842,-0.00863634)
(0.00177042,-0.00815167)
(-0.00335516,-0.00448583)
(-0.00508223,-0.0156696)
(0.000888023,-0.000757754)
(-0.00304178,-0.0128598)
(-0.0148314,-0.00177225)
(-0.0184137,-0.00869915)
(-0.0333536,-0.0135551)
(-0.0250474,-0.0190972)
(-0.0387726,-0.0312461)
(-0.0183145,-0.0183557)
(-0.0258845,-0.0190407)
(-0.0255379,0.00609856)
(-0.0218258,0.0124167)
(0.00853086,-0.0130938)
(-0.0135678,-0.00146683)
(0.00908396,-0.0142018)
(-0.0167911,-0.0103667)
(0.015263,-0.0184685)
(-0.014388,-0.00370155)
(0.00245747,-0.00453599)
(-0.0119298,0.00134216)
(-0.00212156,-0.0115524)
(-0.00346327,-0.00880762)
(-0.00122483,-0.014067)
(-0.00450858,-0.00796793)
(-0.0126398,-0.00967159)
(-0.0144421,-0.00712675)
(-0.0256632,-0.00770784)
(-0.0282974,-0.0100826)
(-0.0274602,-0.0143073)
(-0.0175303,-0.00439203)
(-0.0118979,-0.0113442)
(-0.00681018,-0.00237115)
(-0.00349818,-0.0127264)
(-0.0128668,-0.00602558)
(0.00619396,-0.0141636)
(-0.0142457,-0.0123073)
(0.00987444,-0.00553579)
(-0.0185363,-0.0116287)
(0.00754128,-0.0048688)
(-0.0116294,0.00215554)
(-0.00116165,-0.0113699)
(-0.00300588,-0.00186771)
(-0.00468589,-0.00747031)
(-0.00187744,-0.00227148)
(-0.010032,-0.00464645)
(-0.00569248,-0.00756295)
(-0.0123109,-0.00763581)
(-0.0142297,-0.00126997)
(-0.0195574,-0.00156941)
(-0.00463535,-0.00323142)
(-0.0143389,-0.00184964)
(-0.00385824,0.00220899)
(-0.00193549,-0.00464206)
(-0.000721903,-0.00448122)
(-0.00319073,-0.00197038)
(-0.00796974,-0.00857445)
(0.00698612,-0.00233776)
(-0.0139981,-0.00689833)
(0.00715474,-0.00458793)
(-0.010044,-0.00498058)
(0.0101987,-0.00230785)
(0.000170811,0.0025796)
(0.00832428,0.00236234)
(-0.00567663,-2.67628e-05)
(0.0102468,-0.00444887)
(-0.00812019,0.00483664)
(0.00243383,-0.00837933)
(-0.00799105,-0.00369649)
(-0.00435151,-0.0103343)
(-0.00194315,0.00217271)
(-0.0102972,-0.0124996)
(0.00283016,-0.00766849)
(-0.00328266,-0.00600993)
(0.0025253,-0.0126277)
(0.00241097,-0.00137099)
(-0.00434309,-0.0135516)
(0.00516809,-0.000414371)
(0.00432355,-0.0121049)
(0.00156867,0.00276852)
(0.00415111,-0.00572506)
(0.0205737,0.00409719)
(0.00452977,-0.00284856)
(0.0203512,0.00489081)
(-0.00579797,0.00217395)
(0.0156724,-0.00234327)
(-0.01225,-0.00351202)
(0.00851425,-0.0147018)
(-0.0078239,0.00268468)
(-0.00446348,-0.0235817)
(-0.0117521,-0.00648936)
(-0.0146539,-0.0287135)
(0.00510351,-0.0233314)
(-0.00288452,-0.0164391)
(0.00315494,-0.0290357)
(0.0104933,-0.011612)
(-0.000225119,-0.0331145)
(0.00680177,-0.00585337)
(0.00373369,-0.0248743)
(0.00577166,0.00214347)
(0.00393295,-0.0140113)
(0.0116653,0.00494486)
(-0.00236232,0.00379326)
(0.0152486,0.00752432)
(-0.0119666,-0.00137595)
(0.013665,0.0023187)
(-0.0141674,0.0037213)
(0.00375421,-0.00973316)
(-0.00873721,0.00599108)
(0.0126037,-0.0285044)
(-0.0215273,-0.0140436)
(-0.00477689,-0.0462403)
(0.00733477,-0.0373919)
(-0.00727292,-0.0354373)
(0.0126975,-0.0504929)
(0.00228621,-0.0182274)
(0.00572087,-0.042744)
(0.0038304,-0.0120968)
(0.00407714,-0.0319368)
(0.00197622,-0.00575496)
(0.00302852,-0.0150658)
(0.00498254,0.00448622)
(-0.00686476,-0.00790791)
(0.00435954,0.00622939)
(-0.0115844,-0.00878392)
(0.00591475,0.00789491)
(-0.00989362,0.000690563)
(0.00912899,-0.00731302)
(-0.0195737,-0.00172494)
(0.0503658,-0.038687)
(-0.0397418,-0.0259704)
(0.0278042,-0.0248022)
(-0.0319013,-0.0624161)
(0.00854136,-0.0304406)
(0.00400781,-0.0577248)
(0.000812813,-0.0240731)
(0.013806,-0.0429536)
(0.0054645,-0.0119402)
(0.0123628,-0.0315385)
(-0.000641964,-0.00840934)
(-0.000382679,-0.0145335)
(-0.00465227,0.00285983)
(-0.0110146,-0.00576855)
(-0.00608691,0.00866195)
(-0.0153034,-0.00771412)
(-0.0109921,0.00507018)
(-0.0137473,-0.0101396)
(-0.00655692,0.0255677)
(-0.00920364,-0.0275085)
(0.0266897,0.0176217)
(0.00502459,-0.0601182)
(0.102437,0.00102481)
(-0.0460025,0.000902647)
(0.0344988,-0.0217529)
(-0.00679111,-0.0416705)
(0.0150455,-0.012996)
(0.00138168,-0.0233474)
(0.00691409,-0.00907636)
(0.00569864,-0.0156969)
(0.00148321,-0.00523999)
(0.00583909,-0.0066765)
(-0.00686299,-0.0035733)
(-0.0119939,-0.00350651)
(-0.0105275,-0.000768111)
(-0.0240487,-0.00525146)
(-0.0250533,0.0100157)
(-0.0255751,-0.0136742)
(-0.048093,0.0140686)
(-0.00196785,-0.0326139)
(-0.0615338,-0.00514229)
(0.090182,0.0677157)
(0.0303079,0.0230688)
(0.0459662,0.120627)
(0.032694,-0.0171936)
(0.0306545,0.0352316)
(0.0112061,-0.0149818)
(0.0097048,-0.00737843)
(0.00692174,-0.00310041)
(0.00299378,-0.00644478)
(0.00493435,-0.00358113)
(0.000500472,-0.000468726)
(-0.0112237,-0.000278884)
(-0.00913562,0.0029068)
(-0.0118831,0.00707754)
(-0.0251212,-0.0106976)
(-0.0263302,0.00648965)
(-0.0403626,-0.0202199)
(-0.0397585,-0.000740566)
(-0.033194,-0.0299687)
(-0.0435484,0.00489648)
(-0.0124768,0.0193496)
(-0.0375267,0.0139117)
(-0.014018,0.0667973)
(0.0028135,-0.00948117)
(-0.00345649,0.0219326)
(0.0022911,-0.00520964)
(-0.00240886,-0.00525907)
(0.0102054,-0.00291289)
(0.000664005,-0.00125224)
(0.00181279,-0.00327741)
(0.00106567,-0.00104349)
(-0.000313275,0.000736765)
(-0.00824212,-0.00544851)
(-0.00906643,-0.000867043)
(-0.0010622,-0.0092757)
(-0.0177027,-0.000370732)
(-0.0181737,-0.0196582)
(-0.0322929,0.00625994)
(-0.034373,-0.0156812)
(-0.0328125,-0.0129048)
(-0.0171424,-0.00556318)
(-0.0165279,-0.00282959)
(-0.0145634,0.0121868)
(-0.00686562,-0.010998)
(-0.0152908,0.00466843)
(0.0087767,-0.00659332)
(-0.00758945,-0.00951246)
(0.010976,0.00166761)
(-0.0102577,-0.0066031)
(0.00888466,-0.00320693)
(-0.00571294,0.0018004)
(0.000294906,-0.0100526)
(0.00305774,-0.00743419)
(-0.00715804,-0.00774816)
(0.00265581,-0.0153347)
(-0.0180983,-0.00814155)
(-0.00265758,-0.0197039)
(-0.0239131,-0.00737868)
(-0.0106194,-0.0104965)
(-0.0241111,-0.00567297)
(-0.0108666,-0.00470779)
(-0.0147653,-0.00699294)
(-0.0117408,-0.00276403)
(0.00334968,-0.0145303)
(-0.00484524,-0.00641385)
(0.00219949,-0.00686657)
(-0.0115882,-0.0159343)
(0.00869237,-0.0048021)
(-0.0116264,-0.0077972)
(0.00140651,-0.00497541)
(-0.00275326,-0.0036389)
(-0.00307149,-0.00577159)
(0.000306013,-0.00137025)
(-0.00757804,-0.010748)
(0.00236657,-0.00771078)
(-0.0112846,-0.000491632)
(0.00108712,-0.00998108)
(-0.0146784,-0.00548823)
(-0.00309907,-0.00437749)
(-0.0139542,-0.00379671)
(-0.000529611,-0.00499877)
(-0.00872062,-0.00175281)
(0.00160785,-0.00321955)
(0.00110246,-0.00173862)
(0.00208139,0.000141744)
(0.0017252,-0.00182103)
(-0.000890013,-0.00727053)
(-0.000352251,-0.00125135)
(-0.00382457,-0.00404693)
(0.00551894,-0.00439461)
(-0.00625982,-0.00209668)
(0.00517127,-0.00778847)
(0.000701585,-0.000244849)
(0.00688105,-0.00956344)
(-0.00488294,0.00485586)
(0.00550456,-0.00209271)
(-0.00608077,-0.0106956)
(0.0016486,-0.00518164)
(-0.00517309,-0.00669886)
(0.00127275,-0.00713884)
(-0.000841164,-0.00165827)
(-0.00653964,-0.0104595)
(0.000324395,-0.00987486)
(-0.00550301,-0.00404813)
(0.00108266,-0.0105564)
(-0.00234157,-0.00357892)
(0.00485142,-0.00689694)
(-0.00192117,-0.00101934)
(0.00997743,-0.0030857)
(-0.00400116,0.00109198)
(0.00843909,-0.00616874)
(0.0105085,-0.00911754)
(-0.000557924,-0.00115253)
(0.00745364,-0.00260676)
(-0.00512224,-0.00627783)
(0.0142768,0.00687737)
(-0.00686595,-0.00699645)
(0.0114475,-0.00174907)
(-0.00811931,-0.00813185)
(-0.00212239,-0.00904042)
(-0.00392152,-0.00599661)
(-0.00792927,-0.014943)
(-0.00149513,-0.0193175)
(-0.00426728,-0.00666029)
(-0.00109412,-0.0223213)
(0.00294655,-0.00608682)
(0.00176913,-0.0246064)
(0.00499164,-0.00298076)
(0.00744681,-0.0206417)
(0.00195948,0.00145156)
(0.00808314,-0.00530714)
(0.00999055,0.00218573)
(0.00147195,0.0028458)
(0.00519553,0.00921879)
(-0.00764593,0.00289019)
(0.00855124,0.00779395)
(-0.00781098,0.00239283)
(0.00326215,0.0026169)
(-0.00347074,0.00290574)
(0.000857349,-0.0120278)
(-0.00560405,-0.0086861)
(-0.00245001,-0.0230417)
(-0.000936304,-0.0326779)
(-0.00222781,-0.0163847)
(0.00449918,-0.0327639)
(0.00219541,-0.0138269)
(-0.00468135,-0.0335063)
(0.00242288,-0.0103517)
(0.007519,-0.0285387)
(-0.000282663,-0.00701853)
(0.00246235,-0.0175009)
(-0.0015199,0.00428333)
(-0.00465102,0.00306761)
(-0.00573506,0.00884693)
(-0.00341691,0.00142347)
(-0.00527723,0.00418065)
(-0.0101244,-0.00245829)
(-0.0052971,0.00583814)
(-0.00720913,-0.0146315)
(0.00828795,-0.0108938)
(-0.0235012,-0.029802)
(-0.000631088,-0.0296353)
(-0.00573844,-0.0309012)
(0.00140781,-0.0267665)
(0.00177023,-0.0393178)
(0.00841254,-0.0120975)
(0.00661248,-0.0280178)
(0.00847935,-0.0162731)
(0.00268499,-0.0253377)
(0.0013952,-0.00921356)
(0.0104803,-0.0127577)
(-0.00900343,0.00566978)
(-0.00567468,0.000201015)
(-0.0127581,0.00425602)
(-0.00247227,-0.0109471)
(-0.0135113,0.00334662)
(-0.0121111,-0.0162756)
(-0.00944645,0.00108582)
(-0.0147453,-0.0181676)
(0.000884263,0.00762046)
(-0.0231393,-0.0280638)
(0.0261759,-0.0060651)
(-0.0216655,-0.00854807)
(0.0163959,-0.0187015)
(-0.00589458,-0.0102467)
(0.0115014,-0.0136429)
(0.00550459,-0.015269)
(0.0119653,-0.00659995)
(0.0083512,-0.0155516)
(0.00212961,-0.00603946)
(0.00125815,-0.0071543)
(-0.00680117,0.000439084)
(-0.0071182,-0.00248058)
(-0.0104087,0.0010542)
(-0.0131299,-0.0157293)
(-0.0142288,-0.00579652)
(-0.0152524,-0.0159324)
(-0.0255696,0.0044954)
(-0.0148776,-0.0128168)
(-0.0276117,0.00402578)
(0.00141042,0.0176983)
(-0.0034515,-0.0109693)
(-0.00382949,0.0245489)
(-7.12015e-05,-0.0216402)
(0.00413307,0.0134673)
(0.0103014,0.00182599)
(0.00174407,-0.00509308)
(0.0112232,0.00271404)
(0.000331505,-0.00786651)
(-0.00206823,-0.00140672)
(0.000991797,-0.00241884)
(-0.00995885,0.00753988)
(-0.00648557,-0.00591997)
(-0.0133865,0.00587697)
(-0.0039565,-0.0141199)
(-0.012421,0.00137328)
(-0.0200899,-0.0215608)
(-0.0231019,0.00491501)
(-0.0250204,-0.0129832)
(-0.0243136,0.00519718)
(-0.0181124,0.000886772)
(-0.0114421,0.000589345)
(-0.018007,0.0195504)
(-0.00604508,-0.000122803)
(-0.0123886,0.00565066)
(0.00644652,0.00197519)
(-0.00553181,-0.00155059)
(0.00478783,0.000662508)
(0.00157666,-0.00781891)
(-0.00291136,-0.00122039)
(0.00307647,0.00309332)
(-0.000782448,0.00239623)
(-0.000857144,-0.00661009)
(-0.00993917,0.00376232)
(-0.00493682,-0.0204367)
(-0.0127577,-0.00364235)
(-0.00122002,-0.0195684)
(-0.0145923,0.00207109)
(-0.0150869,-0.017631)
(-0.0180878,0.0098797)
(-0.0153986,-0.00443767)
(-0.0129245,0.00806886)
(-0.0164454,-0.00564352)
(0.00166345,0.00237633)
(-0.0102169,-0.00481985)
(0.00531817,0.00142176)
(-0.00983244,-0.0108733)
(0.00444272,0.00510372)
(-0.0112573,0.00405575)
(0.00460774,-0.000502041)
(0.000845633,0.00641979)
(-0.00225444,-0.000204789)
(0.000443437,-0.00850553)
(-0.0046141,-0.0072156)
(0.00482693,-0.0206611)
(-0.0109062,-0.00775795)
(0.00333969,-0.017734)
(-0.0125835,-0.00852431)
(0.00117419,-0.0131838)
(-0.0118367,-1.79609e-05)
(-0.00316703,-0.0124152)
(-0.00193825,9.19734e-05)
(-0.00368791,-0.0119482)
(0.0109531,0.00344508)
(-0.00759582,-0.00609073)
(0.00604052,0.00140731)
(-0.00934958,-0.0115083)
(0.00488346,-0.00396637)
(-0.00584196,-0.00402785)
(0.00366614,-0.00500475)
(-0.0039494,-0.00793125)
(-0.000633373,-0.00380204)
(0.00407518,-0.00622774)
(-0.00830645,-0.0028835)
(0.00281003,-0.00856772)
(-0.00910993,-0.000540636)
(0.00500251,-0.0111911)
(-0.00873893,-0.00333207)
(0.00391931,-0.00873199)
(-0.00734978,-0.00459392)
(0.00280621,-0.0112855)
(0.000373709,0.00302036)
(0.00124212,-0.004188)
(0.00674467,0.00298511)
(0.0027705,-0.0048846)
(0.00170214,-0.0028191)
(0.00171484,-0.00433058)
(0.00344267,-0.0072291)
(-0.00334977,-0.00847297)
(-7.29198e-05,-0.00803936)
(-0.000325014,-0.00692196)
(0.000571576,-0.00977712)
(7.89059e-05,-0.00155286)
(-0.00136908,-0.0109772)
(-0.00490246,-0.0132847)
(0.00241413,-0.00231082)
(-0.000716199,-0.0100332)
(-0.00045837,-0.00334716)
(-0.00121452,-0.00979579)
(-0.00102064,-0.0050561)
(-0.00202268,-0.0033177)
(-0.00255455,-0.0070445)
(-0.00189391,-0.0073434)
(-0.00304496,-0.00435318)
(0.00431391,-0.00887651)
(0.000223601,-0.00501442)
(0.00628034,-0.00412671)
(-0.00404286,0.000688961)
(0.0122262,-0.00451438)
(-0.00543054,0.000625621)
(0.0112992,-0.0083513)
(-0.00409664,-0.00798541)
(0.0013272,-0.00307302)
(0.00249757,-0.00723583)
(-0.00223749,-0.00899288)
(0.00330414,0.00406519)
(-0.00473238,-0.00992558)
(0.00229494,-0.00158845)
(-0.00629836,-0.00766026)
(-0.000733394,-0.00887729)
(-0.00368533,-0.0088346)
(0.00182302,-0.0139543)
(-0.00267953,-0.0110335)
(0.00096065,-0.013355)
(0.00325328,-0.0145603)
(-0.00341567,-0.0156626)
(0.00979668,-0.0137545)
(-0.000158038,-0.00776543)
(0.0180574,-0.0058633)
(-0.00395689,8.76769e-05)
(0.00999665,-0.00729747)
(0.000454145,9.91191e-05)
(0.00389226,-0.00210953)
(-0.00884396,0.00491898)
(-0.00315226,0.00200132)
(0.000445274,0.0114516)
(-0.00141301,-0.00271044)
(-0.00194663,0.00660865)
(-0.000286544,0.00118396)
(-0.0042101,-0.00187343)
(-0.00519938,-0.00248671)
(0.00175573,-0.0149802)
(-0.00254389,-0.0140196)
(0.000145335,-0.0127707)
(-0.00349915,-0.0197749)
(-0.00427836,-0.0110745)
(0.00420809,-0.0199551)
(-0.00380207,-0.00971826)
(0.00822258,-0.0116975)
(-0.00356993,-0.00460902)
(0.00948024,-0.00894846)
(-0.00770661,0.00481418)
(-0.00132252,0.00278429)
(-0.0111441,0.00867294)
(-0.00454543,0.00157325)
(-0.0106409,0.00424907)
(-0.00523674,-0.0002406)
(-0.0076759,-0.000968687)
(-0.0062443,0.00186595)
(-0.00631578,-0.00345489)
(-0.00567313,-0.006471)
(0.000330491,-0.0179474)
(-0.00784245,-0.0135729)
(0.00447059,-0.0148413)
(0.00231666,-0.0185476)
(0.00539219,-0.0142422)
(0.00172189,-0.01641)
(0.00311643,-0.0131201)
(0.0142122,-0.00965026)
(-0.000291269,-0.00610376)
(0.00773694,-0.00581942)
(-0.00629589,0.00373797)
(-0.00335609,0.00260844)
(-0.0186632,0.0107065)
(-0.00322394,0.00352904)
(-0.0170428,0.00416233)
(-0.0100209,-0.00917899)
(-0.0169485,0.00285052)
(-0.0115939,-0.010336)
(-0.00719231,0.00222189)
(-0.0138224,-0.00732132)
(-0.000811669,-0.00967109)
(-0.0101049,-0.00930913)
(0.00858833,-0.0111114)
(-0.00562819,-0.00988162)
(0.00885271,-0.0102143)
(0.00733187,-0.00871804)
(0.0121862,-0.0151929)
(0.00893863,1.31501e-07)
(-0.00148752,-0.00929436)
(0.00368415,0.00493957)
(-0.0123633,0.0117248)
(-3.61143e-05,-0.00466449)
(-0.0114116,0.00360267)
(-0.00524498,-0.0119229)
(-0.0156711,0.00552339)
(-0.0129488,-0.0141618)
(-0.0141236,-0.00562767)
(-0.0103562,-0.0135034)
(-0.014631,0.00133271)
(-0.0101807,-0.00559791)
(-0.00586745,-0.00819013)
(-0.00754689,-0.0031895)
(0.00219275,-0.00491522)
(-0.002394,-0.00445682)
(0.00859998,-0.00562707)
(-0.00453173,-0.0047965)
(0.00271661,-0.00443794)
(0.00257071,-0.00114097)
(-0.00195394,-0.00501348)
(-0.00399828,0.00336176)
(-0.00645762,0.00650037)
(-0.000797207,-0.00218307)
(-0.00588065,0.00575934)
(-0.00533535,-0.0195642)
(-0.0107033,-0.00196643)
(-0.00683816,-0.0196155)
(-0.0127336,-0.000448532)
(-0.0133047,-0.0105587)
(-0.00787789,0.00609713)
(-0.0102972,-0.00569125)
(-0.0106952,0.00649564)
(-0.00849075,-0.00679082)
(-0.00382611,0.00318264)
(-0.00330199,-0.00266852)
(-0.00855346,-0.000329288)
(-0.00321783,-0.00118908)
(-0.00297011,0.0017128)
(-0.00289675,0.00557881)
(-0.00534048,-0.00435189)
(-0.00286135,0.00911968)
(-0.00546378,-0.00122505)
(0.00206709,-0.00929831)
(-0.00209611,0.00109745)
(0.000988431,-0.0158039)
(-0.00479065,-0.00396239)
(0.00410159,-0.0165157)
(-0.00415156,-0.0026269)
(0.00248654,-0.00168507)
(-0.0047933,0.00719353)
(-0.00410548,-0.00401597)
(-0.00354185,0.00609447)
(-0.00431135,-0.00956697)
(0.00481074,0.00432484)
(-0.0037134,-0.00491148)
(-0.00287969,0.00276678)
(-0.00732323,0.00412663)
(-0.000816626,-0.00102995)
(-0.00661798,0.00707862)
(-0.00288432,-0.00352163)
(-0.00263579,0.00484197)
(0.00457175,-0.00512373)
(0.00276272,-0.0043948)
(-0.00157908,-0.00464457)
(0.00579794,-0.0103073)
(-0.00257105,-0.00801764)
(0.00731169,-0.0108123)
(-0.000345698,-0.00255588)
(0.0117195,-0.00166152)
(-0.00325581,0.00171822)
(0.00734497,-0.00188801)
(0.00614392,0.0037092)
(0.00416409,-0.00560226)
(0.00418944,0.00558915)
(-0.000983889,-0.00291023)
(0.00495146,0.000459748)
(-0.00465993,-0.00411602)
(0.00264089,-0.00533291)
(-0.00247275,-0.00536209)
(0.0042247,-0.00448242)
(5.47738e-05,-0.00199928)
(0.00596393,0.000227606)
(-0.000731066,-0.00114797)
(-0.000471608,-0.00330737)
(0.00397728,-0.00335324)
(-0.00437083,-0.00532068)
(0.0069192,-0.00571547)
(-0.00443997,-0.00314464)
(0.0100977,0.0022512)
(-0.00328786,0.0026796)
(0.00312887,0.0015238)
(-0.00148928,0.00165668)
(0.00594355,-0.000527123)
(0.0036936,0.00688647)
(0.00672717,-0.000236298)
(0.00761789,-0.0019971)
(0.00198393,-0.00458967)
(0.00359569,-0.00310212)
(0.00139262,-0.00646344)
(0.00106014,-0.00639166)
(0.00220348,-0.00401208)
(0.000713203,-0.00293151)
(-0.00432029,-0.00535613)
(-0.00175793,-0.000242502)
(-0.000538538,-0.00886058)
(0.00199266,-0.0002556)
(-0.00469776,-0.00991965)
(0.00318485,-0.00314787)
(-0.00328586,-0.000365874)
(0.000391405,-0.00193814)
(0.00160539,-0.00683283)
(-0.00151219,-0.00478399)
(0.00153048,-0.00274119)
(0.00168633,-0.00246344)
(0.00129116,0.000519308)
(-0.000849201,0.00110184)
(0.00371618,0.00305035)
(-0.00366771,-0.00187443)
(0.00149772,-0.00286118)
(-0.0027936,0.00316022)
(0.00576287,-0.00136629)
(1.99957e-05,-0.00877007)
(-0.00100656,-0.00257133)
(-0.00488339,-0.00343334)
(0.00150259,-0.012098)
(0.00408281,0.00648007)
(0.00133274,-0.00779111)
(0.000104703,0.00191575)
(-0.00412597,-0.00798825)
(-0.00230657,-0.00585858)
(0.000620868,-0.00401776)
(0.00456613,-0.0106171)
(0.000871886,-0.00572724)
(-0.00129504,-0.011072)
(0.00143669,-0.00544646)
(0.00258036,-0.0120426)
(0.00234905,0.00208533)
(-0.00277158,-0.00413578)
(0.011911,-0.00283388)
(-0.00519912,0.00571383)
(0.00830033,-0.00444045)
(-0.00383881,7.09479e-05)
(-0.000783804,-0.00342663)
(-0.00449131,0.00205198)
(0.00307013,-0.00561189)
(-0.00124737,0.0102721)
(-0.00267687,-0.00395785)
(-0.00244075,0.00337974)
(-0.00178842,-0.00198192)
(-0.00214127,-0.00644192)
(-0.00219069,-0.00308776)
(0.00100172,-0.0116911)
(-0.00200595,-0.00580848)
(0.00108246,-0.00797067)
(-0.00198722,-0.006621)
(-0.00156425,-0.00803974)
(-0.000903184,-0.00405481)
(-0.00165052,-0.00753183)
(0.00942689,-0.00202711)
(-0.000336622,-0.00179455)
(0.0087946,-0.00294445)
(-0.00506944,0.0053845)
(5.34848e-05,-0.00264579)
(-0.010685,0.00794699)
(-0.00538446,-0.000134328)
(-0.00806651,0.00862638)
(-0.00471545,0.00680858)
(-0.00393488,0.00106642)
(-0.00663512,0.000923329)
(-0.00144568,-0.00544002)
(-0.00697141,0.00358174)
(0.00159311,-0.0114407)
(0.000756615,-0.00241042)
(0.000965374,-0.00862881)
(-0.00479492,-0.00729661)
(0.00312974,-0.00816249)
(0.000631647,-0.0105171)
(0.00484648,-0.00750176)
(0.00784151,-0.000119625)
(-5.32654e-05,-0.00297662)
(0.00615246,0.000426573)
(-0.00803234,0.00922568)
(-1.00898e-05,-0.00240803)
(-0.0101268,0.0111301)
(-0.00403135,0.00184444)
(-0.0108729,0.00630917)
(-0.002319,-0.00177821)
(-0.0081596,-0.0066055)
(-0.00407036,-0.000746616)
(-0.00874098,-0.000530979)
(-0.00605384,-0.00125647)
(-0.00209133,-0.00804785)
(-0.00662963,-0.00859953)
(0.00310615,-0.004541)
(-0.00197513,-0.00562315)
(0.00860283,-0.0115325)
(-0.000492453,-0.00322638)
(0.00535973,-0.00711976)
(0.00518504,0.00632527)
(-0.00127552,-0.00168382)
(0.00645869,0.00355036)
(-0.0047506,0.00132087)
(-0.00126897,6.69948e-05)
(-0.00642962,0.00633397)
(-0.0102256,-0.00512919)
(-0.00712347,0.000327951)
(-0.00585097,-0.00525185)
(-0.0111732,-0.00655763)
(-0.00645131,-0.00531622)
(-0.00826398,-0.00607503)
(-0.00975084,-0.00488074)
(-0.00599374,-0.00546288)
(-0.00392649,-0.00864569)
(0.00311483,-0.000767217)
(-0.0045403,-0.0029978)
(-0.000551731,-0.00110325)
(-0.00517047,-0.00347)
(-0.00292948,0.00149145)
(0.000157369,0.00427768)
(-0.0047522,-0.00188958)
(-0.00231032,0.00284599)
(-0.00206092,0.0051549)
(-0.000174841,-0.00543371)
(-0.00266682,-0.00456012)
(-0.00668737,-0.0113371)
(-0.00235003,0.000211974)
(-0.00270666,-0.0104157)
(-0.0031366,-0.00508061)
(-0.00180321,-0.00602895)
(-0.0119269,-0.00509597)
(-0.00625837,-0.0054289)
(-0.00436763,0.00347706)
(-0.00295977,-0.00793424)
(-0.00548443,-0.00287738)
(-0.00168809,-0.00409716)
(-0.00464984,-0.000753061)
(-0.00606804,0.000167034)
(-0.00568638,0.000717395)
(-0.00461517,0.00133113)
(-0.00706746,0.00145124)
(-0.00473136,0.000923914)
(-0.000483461,-0.00240681)
(0.00434705,-0.00697275)
(0.000566365,0.00200945)
(0.00303386,-0.00918749)
(-0.00109494,-0.00406526)
(0.00966454,-0.0113003)
(0.00178758,-0.0068043)
(0.00794606,-0.00452217)
(0.00193338,0.000442025)
(0.000170105,6.47153e-05)
(-0.000840815,-2.71527e-05)
(0.000191153,-0.00144127)
(0.000171836,0.00227952)
(-0.00152626,-0.000788306)
(-0.00299003,0.00422458)
(-0.00228924,0.0003476)
(-0.00769838,0.00319417)
(-0.00401902,0.00326548)
(-0.00438834,0.00193177)
(-0.00120646,0.00449636)
(0.00585598,-0.00218854)
(0.00172583,-0.00820656)
(0.00117353,0.000628618)
(0.00358796,-0.00805962)
(0.000233913,-0.000502541)
(0.00672005,-0.00910605)
(0.00306557,-0.000502145)
(0.00963286,0.00483611)
(-0.00168347,-0.00360955)
(0.00686887,0.00439466)
(-0.00153999,0.00198561)
(0.00691944,-0.00086892)
(0.00181627,0.00533048)
(0.00239432,-0.0010323)
(0.00150288,-6.38166e-05)
(-0.00844683,0.00113412)
(-0.00191618,-0.000362765)
(-0.0075918,-0.00284812)
(-0.00374399,-0.00108533)
(-0.00221523,0.00148371)
(0.00248583,-0.00538467)
(0.00304004,-0.00890478)
(0.00572101,-2.39625e-05)
(0.000907893,-0.00351305)
(-0.00175763,-0.00374289)
(0.00545654,-0.00145657)
(-0.00185236,-0.00357542)
(0.00721896,0.00184014)
(-0.00130273,-0.00373351)
(0.00347258,0.00439229)
(-0.00104936,0.00407873)
(0.00370262,0.00175202)
(-0.00384389,0.00628373)
(0.00266172,-0.000218335)
(0.00471024,0.00127535)
(-0.0031378,-0.0031395)
(-0.00139954,0.00108954)
(-0.000555241,-0.0077607)
(-0.00288122,0.00212053)
(0.00326516,0.000662814)
