(-0.00454738,-0.00203286)
(0.011607,0.0038143)
(0.00428101,0.00216658)
(0.000211927,-0.00610025)
(0.000606623,0.0121529)
(0.00134779,0.00559419)
(0.00376484,0.0135965)
(0.000782421,-0.00409093)
(-0.00349558,-0.00512754)
(-0.00525011,-0.000496321)
(-0.00899239,-0.0103703)
(-0.0074586,0.00308175)
(0.0124336,0.000921027)
(-0.0170564,-0.0080193)
(-4.15206e-05,-0.00263414)
(-0.00322121,-0.00383626)
(-0.0119141,-0.00624373)
(-0.0177458,-0.00273996)
(0.0164138,-0.0111318)
(-0.00274171,0.00472202)
(0.00716069,0.0180739)
(-0.0104612,-0.00403657)
(-0.0076265,0.0002314)
(0.00691114,0.0172513)
(0.00126547,-0.00334601)
(-0.00696166,0.0231238)
(-0.00230891,0.0067192)
(0.0023125,-0.0037837)
(0.00387967,0.00564134)
(-0.000294673,-0.00333348)
(0.0011697,-0.00437106)
(-0.00373147,-0.000951701)
(-0.00196861,0.0119521)
(0.00344124,-0.0123873)
(-0.00729694,-0.000889706)
(0.00170279,-0.00401245)
(0.00215999,-0.00256516)
(0.00346185,-0.00239597)
(-0.0143887,0.00710902)
(0.000618945,0.00270395)
(0.0190697,0.0093397)
(-0.00390045,-0.00578794)
(0.00707964,-0.0106709)
(-0.0139412,0.00407877)
(-0.011834,-0.0231656)
(0.00748878,0.00461398)
(0.00097531,-0.00252496)
(0.00597199,-0.00512692)
(0.00310745,-0.0144874)
(0.00251513,0.00512196)
(0.00523502,-0.0109506)
(-0.00709105,0.0154575)
(0.00465769,0.00754481)
(0.0137934,0.00586474)
(0.00602181,0.0139124)
(-0.00261557,0.00395646)
(-0.00646935,-0.00435426)
(-0.0104846,0.00988888)
(0.00773004,0.00485162)
(-0.000148655,-0.00702054)
(0.0196064,0.00455662)
(0.0180191,-0.00038912)
(-0.0106203,-0.00348044)
(-0.00403538,0.0103154)
(0.00568469,-0.0105457)
(-0.0059665,0.00263317)
(0.00601913,-0.00339048)
(0.000831901,-0.0109718)
(-0.00285898,0.0101453)
(0.00747695,-0.0123772)
(6.31246e-05,-0.00256862)
(0.000790145,-0.00300923)
(0.00631029,0.0018235)
(0.00637205,-0.0182289)
(0.0108369,0.0164242)
(0.00267191,-0.00663226)
(-0.0159666,0.000578872)
(-0.00373548,0.0118264)
(0.00422151,0.00839988)
(0.0005432,0.000495701)
(0.00390283,-0.0209101)
(0.00349521,-0.00429516)
(0.00254896,-0.00573792)
(0.0196116,0.0032845)
(0.00698799,-0.00467556)
(0.000339192,0.00362761)
(0.0202169,0.00235712)
(0.000932276,-0.00977047)
(-0.0106924,0.00891608)
(-0.00526813,0.00439055)
(0.0176168,-0.00525329)
(0.00318937,0.0123999)
(-0.00580229,-0.00366803)
(-0.00159758,0.00826852)
(-0.0117207,0.00110144)
(-0.0106298,0.00188182)
(-0.0129175,-0.00733626)
(-0.00237281,0.0110527)
(0.0161724,-0.0100636)
(-0.00188812,0.00622979)
(0.00918758,-0.000316837)
(0.00335568,-0.00815376)
(-0.00538131,-0.00794772)
(0.011849,-0.00463893)
(-0.00397476,-0.0116565)
(0.00282046,0.0112774)
(-0.00117294,0.00951141)
(-0.00637183,0.00813128)
(-0.000291612,-0.00295349)
(-0.00786839,-0.0113762)
(0.00421439,-0.00715913)
(0.00606925,0.0184814)
(-0.00830716,-0.00223012)
(0.00946308,-0.0173871)
(-0.00763869,-0.00391979)
(-0.0111481,-0.0111096)
(-0.00660487,0.00217011)
(-0.0109429,-0.0111818)
(-0.00326718,-0.0031102)
(-0.00292122,-0.0136088)
(0.00649078,0.00679495)
(0.00251769,-0.00950647)
(0.00588835,0.00475616)
(0.0116936,-0.00216869)
(-0.0107574,0.00427794)
(0.00536978,0.00562922)
(0.0169304,-0.000627107)
(-0.00810017,0.00465445)
(-0.00317778,0.00652052)
(-0.00218868,-0.0125242)
(-0.0021774,0.00930516)
(0.00195299,0.00426784)
(-0.00990306,-0.012046)
(-0.00385534,0.00593829)
(-0.00320061,0.00151462)
(-0.00170511,-0.00665098)
(-0.00497952,0.0131245)
(0.00975013,-1.39769e-05)
(0.003875,-0.00804984)
(-0.0117608,0.00509135)
(0.00523616,-0.00564521)
(0.000437244,0.00641354)
(-0.00751862,-0.000135472)
(-0.007443,0.0040111)
(0.00630257,-1.60009e-06)
(-0.0037267,0.00317125)
(0.00377785,0.00158472)
(0.00704745,-0.00647153)
(0.00409229,0.00641508)
(-0.000151329,-0.00843622)
(0.000537781,-0.0082914)
(-0.00368991,-0.00829352)
(0.00181751,0.00992499)
(-0.00550126,0.00566296)
(0.0170388,0.00377589)
(-0.00669725,0.00243026)
(-0.0021118,0.00971024)
(0.00580289,0.0123223)
(0.0118791,-0.00372105)
(0.00828001,-0.0109068)
(0.00358253,0.00149768)
(0.00147306,0.00821791)
(0.00251291,-0.00057546)
(-0.00817571,0.00198501)
(0.0014202,-0.00821515)
(0.00208608,0.00162415)
(-0.00800432,0.00779612)
(0.00720945,-0.00717716)
(0.00667017,0.00467347)
(0.0101468,-0.00450135)
(0.00863884,0.00441112)
(-0.00866847,-0.000697336)
(0.00484052,-0.000857115)
(-0.00403975,0.00452441)
(0.00202861,0.00100759)
(0.00615469,-0.00191049)
(-0.00386315,-0.00438517)
(-0.00153682,-0.00146771)
(-0.00157205,-0.0035321)
(-0.00135439,-0.0015427)
(-0.00247451,0.00781743)
(0.000832266,-0.0108859)
(-0.00762078,0.0105904)
(-0.00115592,-0.00171733)
(-0.00891808,0.00299788)
(-0.000626373,-0.00539929)
(-0.00617431,0.000790164)
(-0.00216374,-0.0110449)
(-0.0100981,0.00625226)
(0.000333941,-0.00440719)
(-0.0162441,-0.0124175)
(0.0117745,0.00613215)
(-0.00134391,0.00251759)
(0.000406001,-0.00213358)
(0.0103439,0.00458233)
(0.0116687,-0.0108544)
(-6.77689e-05,0.00251365)
(0.00103946,-0.010504)
(0.00138232,0.000425572)
(-0.0055029,-0.00576823)
(0.00812649,-0.00456023)
(-0.00140215,-0.0103928)
(-0.0120132,-0.00192952)
(-0.0101959,-0.00818679)
(-0.011913,0.0023889)
(-0.0132723,0.00804987)
(-0.0065837,-6.79357e-05)
(0.00979017,-0.00142122)
(0.00341049,-0.0106324)
(0.00333793,0.0119117)
(0.00229604,0.00474823)
(0.00914543,0.0121944)
(0.00935528,0.0133115)
(-0.00186447,0.00112188)
(-0.000422312,-0.0138729)
(0.000443152,-0.000855495)
(0.00871226,-0.0103151)
(-0.00477578,-0.00523062)
(0.0108626,-0.0152736)
(-0.00149399,0.00514977)
(-0.00603419,-0.00853693)
(0.00356646,0.00155371)
(-0.00182871,-0.00517686)
(-0.00801672,-0.00152572)
(-0.000917201,0.0070729)
(0.00244013,0.00757285)
(-0.00670061,0.00755581)
(-0.00393984,-0.00104094)
(0.00195418,0.0131785)
(0.00774778,-0.00694989)
(-0.00516565,0.0241652)
(0.00179364,-0.00821629)
(-0.00158887,0.0204682)
(-0.00244876,-0.00427454)
(-0.00204835,-0.00376901)
(-0.00278249,-0.00723567)
(-0.00625967,0.00140589)
(0.00248952,0.00952692)
(0.00998903,0.00273162)
(0.00887811,0.00711474)
(0.00266551,0.00601284)
(-0.00741658,-0.00570601)
(0.00638992,-0.00746672)
(-0.0119235,-0.0115519)
(0.00332005,-0.00219295)
(0.00856754,-0.00444203)
(0.00471601,0.00382829)
(-0.0122173,-0.00866944)
(0.00261499,0.0074472)
(0.0163548,-0.000169708)
(0.00432238,-0.00835715)
(-0.00413677,0.010323)
(0.00279365,-0.00614041)
(0.000922041,0.0108844)
(-0.0104506,-0.00395644)
(0.0088408,-0.0119901)
(-0.00811031,-0.0201864)
(-0.00749633,0.00741965)
(-0.00499726,-0.00276715)
(-0.0101421,0.00135823)
(0.00760167,0.0059949)
(0.00459879,0.00614199)
(0.00461147,0.00428728)
(0.00417401,0.00344314)
(0.000527183,0.00647219)
(-0.00325909,-0.00657366)
(0.00552753,0.0157934)
(0.00206467,-0.0056497)
(0.00914887,0.0045535)
(-0.0154574,-0.00737113)
(-0.00123589,0.006459)
(-0.00570065,-0.0163127)
(-0.0026409,-0.0138635)
(-0.00564818,0.019902)
(0.0065844,-0.00863045)
(-0.00882946,0.00288653)
(-0.00496114,-0.00720021)
(-0.00513296,-0.00607288)
(0.00426878,-0.00647906)
(-0.00733827,0.00615806)
(0.00618006,-0.0158574)
(0.00124072,0.00413261)
(-0.00206214,0.00860404)
(-0.00416476,0.00818002)
(0.0091509,-0.00166626)
(0.00847351,-0.00388709)
(0.00310261,0.00516809)
(0.00443722,-0.00511481)
(0.010185,0.00185127)
(-0.00467755,0.00607151)
(-0.010626,0.0125623)
(-0.00233966,-0.00345927)
(0.00363558,0.00105655)
(0.00044028,0.0095709)
(-0.0046398,0.00414339)
(-0.00128196,0.0091124)
(-0.000206245,-0.00408132)
(-0.00500415,0.0152727)
(0.00877265,-0.00708258)
(-0.0133642,0.0157541)
(-0.00539162,-0.0172035)
(-0.00387438,0.00114552)
(0.000739509,0.000276859)
(0.0213581,0.00735316)
(0.0031227,-0.00197597)
(0.00572983,-0.00597727)
(0.0119475,-0.00533666)
(0.00685488,-0.000777691)
(0.00130341,0.000102602)
(0.000405112,-0.0178682)
(0.0208993,0.00910379)
(-0.0125734,0.00111882)
(-0.00153143,0.00949979)
(-0.00867595,0.000474154)
(-0.00648929,0.0152198)
(-0.000738713,-0.0132795)
(0.0111504,0.00755156)
(0.00486108,-0.0040425)
(-0.00236605,-0.0101318)
(-0.00648365,0.00632051)
(0.0050899,0.000632716)
(0.007968,-0.00360738)
(-0.0100384,0.00633883)
(-0.000810238,9.81682e-05)
(-0.0143247,0.00909351)
(-0.00893338,-0.00436283)
(0.0183036,-0.00765165)
(0.000153086,-0.00853452)
(-0.0200479,0.00184519)
(0.00372122,-0.0115503)
(-0.00268968,0.00580137)
(-0.00606574,0.00857481)
(0.00274136,-0.00383348)
(-0.0109522,0.00573852)
(-0.0110801,-0.00931292)
(-0.0147227,0.00900547)
(-0.0171225,0.00272139)
(0.00994542,0.0100743)
(-0.0021728,0.00142484)
(0.0110622,0.000412039)
(0.00190207,-0.0223973)
(0.0044917,-0.00162464)
(0.00139299,-0.0107942)
(0.00571421,0.0177206)
(0.000126203,0.000351695)
(0.0048305,-0.0042856)
(0.00904906,-0.0048356)
(-0.0158484,-0.00855103)
(-0.00980805,-0.0139152)
(0.00412428,-0.012805)
(0.0074598,-0.00930714)
(-0.000958567,-0.005802)
(-0.00140349,-0.00997954)
(-0.0150302,-0.00014782)
(0.00321111,0.0066173)
(0.00711055,0.00991844)
(0.000749994,0.0222227)
(0.00902683,0.0144527)
(0.0100542,-0.00311578)
(-0.0108492,0.00522703)
(0.00433275,-0.00705737)
(0.0128354,-0.00558643)
(-0.00940462,-0.00524465)
(0.00190668,0.00886976)
(-0.00481258,0.000958093)
(0.00400002,0.00330874)
(-0.0111471,-0.000434502)
(-0.0011833,-0.00910167)
(0.00998982,-0.00603132)
(-0.00187064,0.00349539)
(0.00185872,-0.00517706)
(0.00377045,-0.00450105)
(0.00174524,-0.00595637)
(-0.00872234,0.00863517)
(-0.00802398,-0.00763662)
(0.0230331,0.00840146)
(0.00180321,-0.00877497)
(-0.00402869,0.0121147)
(-0.00153244,-0.00334628)
(-0.00308656,-0.000348117)
(-0.00573684,0.0123371)
(0.00139815,-0.00718157)
(-0.000955183,-0.0014438)
(0.00400345,0.00640716)
(-0.00287376,-0.00280496)
(0.0169343,0.0085438)
(0.000779496,-0.00272003)
(-0.00506028,-0.00413957)
(-0.000900168,-0.000814921)
(-0.0146059,0.000517733)
(-0.00150776,0.0106819)
(0.00242023,0.0136123)
(0.00942389,-0.00676234)
(-0.014618,0.00603969)
(0.00462272,0.00566162)
(-0.00190682,-0.000301616)
(0.0116052,-0.00826084)
(0.00978885,-0.00229877)
(0.00187537,0.00969028)
(0.00575673,-0.00381578)
(0.00817284,-0.00491626)
(-0.000194803,0.00675898)
(0.00840011,-0.00387586)
(-0.015067,-0.0116008)
(-0.00883181,-0.0118952)
(-0.00773549,0.0103639)
(-0.0069907,-0.0238351)
(0.00272012,0.00226488)
(0.00882016,-0.0170972)
(0.00463334,0.010322)
(-0.0104545,0.00456017)
(-0.00398155,0.00161986)
(-7.23385e-05,0.00275031)
(-0.00236752,-0.00464095)
(-0.0062765,-0.00792416)
(0.00567401,-0.000575896)
(-0.0107515,0.00697911)
(-0.00873948,0.00609235)
(0.00234516,-0.00287043)
(0.00260568,-0.00448472)
(-0.004351,-0.0105828)
(-0.00387602,0.00882072)
(-0.00874169,-0.0020705)
(-0.0076465,0.0166121)
(0.00566078,-0.00347398)
(-0.00419893,0.0112651)
(0.0113104,-0.00451204)
(-0.00159409,-0.00507918)
(-0.0026957,-0.00504225)
(0.000343364,-0.0103537)
(0.0200746,-0.00178261)
(-0.0054607,0.00218187)
(0.0119378,-0.0142284)
(-0.0069336,0.00180175)
(0.00287259,0.0102012)
(-0.00178353,-0.0150477)
(0.0130793,0.00932609)
(-0.000585766,0.00070766)
(-0.0134658,0.00452382)
(-0.0015587,0.00550393)
(-0.00158005,0.00214101)
(-0.0107028,0.00315876)
(-0.00194547,-0.00769503)
(-0.00443693,0.00465124)
(0.0105775,0.00402845)
(-0.00421343,-0.0196422)
(-0.0050253,0.00790129)
(0.0119325,-0.0170716)
(0.00109694,-0.00932547)
(-0.00292682,0.0062893)
(0.00806862,0.0146253)
(-0.00503514,-0.0189639)
(-0.00441537,-0.0142502)
(0.0130933,0.0382229)
(0.00907528,-0.016807)
(0.00923596,0.000901879)
(0.00110086,-0.0086137)
(0.000722669,-0.00305544)
(0.00617187,-0.00330703)
(-0.00631224,0.00392061)
(-0.00457671,0.016668)
(0.0108609,0.00236686)
(0.00182972,0.00819607)
(0.000664073,-0.00573651)
(0.0262437,0.00279838)
(0.0108932,-0.00138285)
(-0.0107245,-0.014736)
(-0.00479515,0.0217786)
(0.0421161,-0.0164639)
(-0.00750912,0.0471675)
(-0.00991751,0.0106903)
(0.00224363,-0.0431663)
(-0.00469114,0.0258085)
(0.0126818,0.0266325)
(-0.00059613,-0.00342161)
(0.0207492,0.0366761)
(-0.000803613,-0.0108837)
(0.00629372,0.00742119)
(0.00594516,0.00664462)
(-0.0018468,0.00599417)
(0.00450733,-0.00546107)
(-0.001004,-0.00120261)
(0.00779407,0.00804267)
(-0.00713128,0.00588677)
(-0.00473586,-0.02013)
(0.00236922,0.0114291)
(-0.0472433,0.0294846)
(0.010093,-0.00817037)
(0.00135801,-0.0162607)
(0.01202,0.030882)
(-0.00336199,0.0240612)
(-0.0117117,0.0156467)
(-0.00738038,0.0117333)
(-0.0333936,-0.0126417)
(-0.0147557,-0.00952336)
(-0.00723142,0.0271311)
(0.0116828,0.00577874)
(0.000302995,0.00291471)
(-0.00687553,0.0117847)
(0.000319316,0.0146056)
(-0.0159118,0.000349042)
(0.0124809,0.00861694)
(-0.00414313,0.0024226)
(0.00964333,-0.00687855)
(0.0239971,-0.0192857)
(-0.0197559,-0.00971146)
(-0.0190497,0.0165979)
(0.0033772,-0.0142166)
(-0.00863417,0.00366622)
(-0.0179465,-0.0107067)
(-0.00913148,0.0103084)
(-0.0195515,-0.029409)
(0.0104826,-0.0112099)
(0.0498494,0.0201084)
(0.0011385,-0.0259587)
(-0.00642267,-0.0113327)
(0.000788072,0.00431567)
(-0.00188156,-0.0145382)
(0.00137998,0.0110282)
(0.000171197,0.00154735)
(-0.00375751,0.00101362)
(0.0141964,0.00245975)
(0.00573098,0.0252474)
(0.00467646,0.00481886)
(0.0369791,-0.00822684)
(-0.0130106,-0.00504311)
(-0.0175652,-0.0225841)
(-0.0392824,0.00071574)
(-0.000371845,0.00301914)
(-0.00576897,0.00615659)
(0.0291056,0.0263897)
(0.0184746,-0.00224462)
(2.5367e-06,0.0136813)
(-0.00416084,-0.00531914)
(0.00816605,-0.0177924)
(-0.0401444,-0.00583715)
(-0.000313647,-0.0049027)
(-0.0176492,-0.01041)
(0.00371275,0.00564489)
(0.00118394,-0.00596652)
(0.00697579,-0.00648522)
(0.00133565,-0.00519452)
(0.00262611,0.00488808)
(0.0108675,-0.0131361)
(0.0114755,0.0135999)
(-0.00204191,0.00506138)
(0.0183681,-0.0090439)
(0.00455519,0.00643755)
(-0.0190704,0.00954388)
(0.0064591,0.0101278)
(-0.0105553,0.0240092)
(0.00460153,-0.00235203)
(0.0102712,-0.0140281)
(-0.0258921,0.00313953)
(-0.00543005,-0.00188001)
(-0.0195791,0.0050629)
(-0.00213365,0.00580942)
(0.0165094,0.00450092)
(-0.00704327,0.00871726)
(-0.00227222,0.00175031)
(-0.00209703,0.0203588)
(-0.0120345,-0.00688014)
(-0.00336185,0.0227702)
(-0.0078886,0.00066083)
(-0.00672707,0.0210236)
(-0.00158482,0.00388669)
(0.0036384,0.00278042)
(0.0104402,0.00292635)
(-0.00807813,-0.00209101)
(0.00449983,0.0183111)
(-0.00552988,-0.00835255)
(-0.0057769,0.0117951)
(-0.00850008,-0.0177342)
(-0.0174595,0.00317973)
(0.00737485,0.00892609)
(0.0133765,-0.00671034)
(0.0148448,0.0125941)
(0.00181829,0.0112217)
(0.0115376,0.00715894)
(-0.0221244,0.00586099)
(-0.000156203,0.0182068)
(0.0029094,0.00113495)
(0.0110014,-0.00107713)
(-0.0102156,0.0117421)
(0.00855324,0.00392915)
(0.011333,0.0126336)
(-0.00349813,-0.00243406)
(0.0142388,-0.00250792)
(-0.000882647,0.00247798)
(-0.0150468,0.00115572)
(-0.013714,-0.00113764)
(-0.0199061,0.00649476)
(0.000881586,-0.0101424)
(-0.00967966,-0.00857681)
(0.000818196,0.00403424)
(0.00423851,0.00337389)
(0.00607756,-0.00229807)
(-0.0107605,0.00624138)
(-0.00110009,0.00421517)
(-0.00108604,-0.0042448)
(0.00763565,0.0105768)
(0.00317665,0.00662399)
(0.0017653,0.00957223)
(0.00153823,0.00286666)
(-0.00635503,-0.00256965)
(0.00631577,0.000928147)
(0.00389437,0.00616674)
(0.00703406,0.0129776)
(-0.00483147,0.0127397)
(0.0018936,-0.00149522)
(0.0121733,0.0111251)
(0.00529426,-0.0102204)
(-0.009333,0.00220572)
(0.00197908,-0.00271676)
(-0.00801783,0.00276907)
(-0.000508997,-0.00408208)
(-0.00486187,0.00755201)
(-0.0154728,-0.0015219)
(-0.00836311,0.00385621)
(-0.0148266,-0.000311565)
(0.00515499,-0.00561949)
(0.00412253,-0.00339126)
(-0.0102081,-0.00305301)
(0.0203505,0.00693259)
(-0.0030015,-0.00490648)
(0.00615246,-0.00930393)
(-0.0049382,0.0150925)
(0.0105232,0.00443611)
(0.00507487,0.00681966)
(0.00290211,0.00317154)
(0.00215319,0.00812128)
(0.000127621,0.00227701)
(-0.00318402,-0.0172029)
(0.0170141,0.0170298)
(-0.00122599,-0.00211813)
(0.00239788,0.00519259)
(-0.00274487,0.00146648)
(0.000631469,-0.00815864)
(-0.00751133,0.00272012)
(0.000998647,-0.0121031)
(-0.00276476,0.00273073)
(0.00165725,0.012623)
(0.00287326,0.00375084)
(-0.002534,-0.00414802)
(0.0116871,0.0030105)
(0.0194697,-0.0101411)
(-0.00626515,-0.00417719)
(-0.00623126,0.0116256)
(0.0127388,-0.00949963)
(0.00134695,0.0366412)
(-0.0152315,0.0204582)
(-0.0147718,-0.0331932)
(0.00397636,0.02944)
(0.00161313,0.00886939)
(-0.0146469,0.00292674)
(0.0157145,0.0357632)
(0.00355771,-0.0130829)
(-0.0012731,0.0180945)
(0.00189988,-0.0107367)
(0.0029872,0.00171076)
(0.0109326,0.00530516)
(0.0019545,0.0107499)
(0.00934009,-0.00321421)
(0.00878674,0.00803025)
(-0.0255627,-0.015384)
(-0.00426588,0.0272949)
(-0.0728725,0.00980283)
(-0.078203,-0.00325156)
(0.0278891,-0.0130529)
(-0.00609472,0.0831523)
(-0.0329552,-0.0653423)
(-0.0105505,-0.0467325)
(0.0535357,0.0693304)
(-0.0742529,-0.167391)
(-0.0121512,0.0363117)
(0.0157393,0.026624)
(-0.00818305,0.00325634)
(0.0101403,0.024782)
(-0.00138922,-0.00476743)
(0.00570095,-0.00151297)
(0.000583422,0.00244119)
(-0.00640337,-0.00513127)
(-0.00677414,-0.00146567)
(-0.0200185,0.00776065)
(-0.0300301,0.0339979)
(0.0162218,-0.000589219)
(0.178902,0.0456339)
(0.0458795,-0.10437)
(0.0158483,-0.00574069)
(-0.00148873,-0.00971265)
(0.0160875,-0.00547679)
(0.00579211,0.0323597)
(0.029758,-0.0337198)
(-0.138479,-0.168035)
(-0.000963251,0.0179839)
(-0.0391724,-0.0148452)
(-0.01584,0.00211527)
(0.0112136,0.00931897)
(-0.00575957,-0.00691159)
(0.00751263,0.00735054)
(0.00303536,-0.00419232)
(-0.00883691,0.0155213)
(0.00165456,0.00521752)
(-0.00107446,0.0116564)
(-0.0231419,0.0133116)
(0.0154364,-0.0070473)
(0.100607,0.0283739)
(0.123481,0.00832847)
(0.0107973,-0.0142263)
(-0.000283881,-0.00584104)
(-0.0282194,0.00306195)
(-0.01927,-0.0055666)
(-0.00099257,-0.0285515)
(0.108122,0.14675)
(0.0120584,-0.0127104)
(0.0480188,0.0232938)
(-0.00479346,-0.0112402)
(0.00434323,-0.00311996)
(-0.00619032,-0.00202871)
(0.00372828,0.00367705)
(0.0016934,0.00598754)
(0.00178604,0.00263673)
(0.011163,-0.00261526)
(-0.00741819,9.35993e-05)
(-0.0121475,-0.0333988)
(-0.0330817,-0.00384069)
(-0.0794051,0.00198769)
(0.0292593,-0.0112413)
(0.0824458,0.000354289)
(-0.0208076,0.0734768)
(0.0651424,-0.0942541)
(0.0188455,0.00309287)
(0.0240023,0.0472792)
(0.158575,0.0565525)
(-0.00394662,0.00913158)
(0.00593042,0.0015874)
(0.00175234,-0.0132573)
(-0.0196961,-0.00821869)
(0.00697087,0.00487067)
(0.00607344,0.014739)
(0.00858249,-0.0118238)
(-0.00520897,-0.00356258)
(0.0109477,0.0183352)
(-0.0129259,0.00139679)
(0.0321097,0.00281298)
(-0.0206085,-0.00989771)
(-0.0282681,-0.00884093)
(-0.0366431,-0.00961341)
(-0.00442786,-0.00980755)
(-0.034856,0.00647388)
(0.0214079,0.0145429)
(0.00153528,-0.0130733)
(-0.00272044,0.00926054)
(0.00720514,-0.0110796)
(-0.00854654,-0.00818937)
(-0.0340785,-0.00725276)
(-0.0171825,-0.00187633)
(-0.00548211,0.00718228)
(-0.0074095,-0.00648623)
(0.0171315,0.0225075)
(-0.0043485,0.0182088)
(0.00274476,0.0104581)
(-0.00874452,0.013941)
(0.002112,0.0110703)
(0.00116985,0.00871817)
(-0.0057623,0.0096717)
(0.02117,0.00221002)
(0.00584449,0.00863843)
(-0.0123719,-0.00469152)
(0.00454294,0.0139138)
(-0.0161772,0.00159769)
(-0.00837262,0.00762928)
(-0.00666633,-0.0112492)
(-0.00721094,-0.0106268)
(-0.0129231,0.00596138)
(-0.0216662,-0.00760413)
(0.00809146,-0.00715754)
(0.000356773,0.0124608)
(0.00834118,-0.000510118)
(-0.00561856,0.00266399)
(-0.00420317,0.0018487)
(-0.00296225,0.0164021)
(-0.00988274,0.00544355)
(-0.00108369,0.00106332)
(-0.00314007,-0.00158242)
(-0.00171671,-0.00860307)
(0.00670474,-0.00371613)
(0.0075216,-0.00397129)
(-0.00847017,0.00549989)
(0.000934948,-0.00235553)
(0.00413046,0.00590308)
(-0.0123208,-0.0119886)
(-0.00257856,-0.00433)
(-0.0103608,0.00199963)
(-0.00275466,-0.00556129)
(-0.00407985,0.0026733)
(0.00421596,-0.000814135)
(0.00184687,0.00309279)
(0.00818644,0.00171882)
(-0.000270363,0.00201887)
(-0.0019783,0.00159388)
(0.00384456,0.00563508)
(0.00299545,0.00891751)
(0.0169873,0.00964126)
(-0.00057146,-0.00289444)
(0.0055825,-0.00575986)
(-0.00469079,-0.0131539)
(0.00410618,0.00944654)
(0.0012077,-0.0187688)
(-0.0060517,-0.000942905)
(0.00563438,0.010096)
(-0.00676523,-0.00454261)
(0.013724,0.000489574)
(-0.0096485,0.00852287)
(-0.00223353,0.00425869)
(-0.00760797,0.0164954)
(-0.0073005,-0.007644)
(-0.00977583,0.0111471)
(0.00242847,0.00869442)
(0.00561848,0.0148495)
(-0.0107869,-0.00211459)
(0.00214855,-0.00956819)
(0.0101797,-0.00620173)
(0.0211664,-0.00155429)
(0.00845669,-0.00860866)
(-0.000927549,-0.002653)
(0.00167247,-0.0146165)
(-0.00456236,-0.00563955)
(-0.0031886,-0.0105915)
(-0.00179593,0.00436649)
(0.000946892,-0.0145952)
(0.00212665,0.00755664)
(0.00993785,-0.00673189)
(0.00313725,0.0204993)
(0.012974,-0.00987358)
(-0.00453149,0.00181487)
(0.000518578,-0.000451377)
(-0.00370307,0.000771555)
(-0.0146425,-0.00219678)
(0.00100138,0.00503352)
(0.00723117,-0.00373045)
(-0.0155754,0.0155481)
(0.0029232,0.00948687)
(0.00916267,0.014127)
(-0.000482986,-0.00790048)
(0.00319033,-0.0153485)
(-0.00423995,-0.0104187)
(-0.0205887,-0.010519)
(0.0109115,0.0117438)
(-0.00954713,0.0179259)
(-0.00385379,0.00964165)
(0.0141943,0.011889)
(0.0333522,-0.0243244)
(0.0110751,-0.0288568)
(0.0108332,-0.0127882)
(0.00622237,0.0286113)
(0.00933695,-0.00300458)
(-0.00489065,0.00627969)
(0.000921663,-0.00289974)
(0.0113427,0.0155456)
(-0.00261841,0.00925558)
(0.0170857,0.0124282)
(0.00119178,-0.00450146)
(0.00288011,-0.00479673)
(0.0201571,-0.0042187)
(-0.0169114,-0.0237545)
(0.0196915,0.011819)
(-0.037622,-0.0457214)
(0.00165001,0.00560531)
(0.0138925,-0.0135193)
(-0.0132159,-0.00711032)
(-0.00996573,0.0174236)
(-0.0396033,-0.0679494)
(-0.0279576,-0.0446568)
(0.0147485,-0.0143519)
(0.00695508,-0.0224753)
(0.00329254,0.00942036)
(0.0141408,0.00852262)
(-0.001764,-0.000408878)
(0.00425204,0.0103511)
(0.00714545,-0.0119932)
(0.000896034,-0.000864824)
(-0.00247227,-0.00148516)
(0.0170593,-0.00290732)
(-0.00222919,-0.00747915)
(0.00192614,0.00393524)
(0.0369709,-0.00790622)
(-0.0251736,0.00693487)
(0.000771963,0.00497278)
(-0.0189405,-0.00973369)
(-0.00403463,0.0040443)
(-0.0026908,-0.00249947)
(-0.00420712,0.000770923)
(0.036034,0.0121861)
(-0.0167838,0.00474686)
(0.00306389,0.0212227)
(0.0164076,0.00305179)
(-0.0150018,0.0164455)
(-0.00830001,-0.00713788)
(0.0100708,0.00870861)
(-0.00169713,-0.000941052)
(0.000488117,0.0120199)
(-0.00199723,-0.000200128)
(0.0124544,0.00829718)
(0.022247,-0.00856282)
(0.00571439,0.012842)
(-0.0014139,0.0115896)
(-0.0150441,0.0179865)
(-0.0155932,0.0188438)
(0.00326249,-0.00577319)
(-0.00356933,0.00333762)
(0.00367133,-0.00605692)
(0.00415238,0.0004627)
(-0.0342122,0.00363008)
(0.0159002,-0.023207)
(-0.0044121,0.0103181)
(-0.0087031,0.0125721)
(0.00232226,0.0125356)
(-0.00397197,-0.00590406)
(0.00828458,0.00796906)
(0.00131594,-0.0120628)
(0.00437323,0.00128376)
(-0.00571973,0.00532596)
(0.0059697,0.00573214)
(-0.0339451,-0.0282349)
(0.00836491,-0.0195318)
(-0.0649778,0.0218197)
(0.0945505,-0.0287709)
(-0.000370311,0.0134403)
(0.00626996,0.00122529)
(-0.0189966,-0.00976852)
(-0.0159078,-0.00573232)
(-0.0505744,0.0600491)
(-0.0248901,0.0189419)
(-0.0200209,0.0112032)
(0.0365106,0.0211636)
(-0.00649931,0.00957387)
(-0.000304799,0.00935828)
(0.00275086,6.4096e-05)
(0.00616077,0.0152216)
(0.000373041,0.00614945)
(-0.00439719,-0.00945155)
(-0.00944342,0.0035018)
(-0.0111505,-0.00260177)
(-0.00656582,-0.0177438)
(-0.0103204,-0.00217487)
(-0.0368596,-0.00472474)
(0.0119304,-0.0189774)
(-0.0070222,-0.0105993)
(-0.0241306,0.00789842)
(-0.00371621,-0.0188766)
(-0.00905549,-0.00516502)
(-0.00767924,0.00320694)
(0.0338926,0.0181064)
(0.00842727,0.00209225)
(-0.016322,0.0217904)
(-0.00193344,-0.00784303)
(0.0114241,0.0113765)
(-0.00705836,-0.00280852)
(0.00642476,0.00649965)
(0.00985964,0.00683579)
(-0.00761056,0.00936182)
(0.0114508,0.00821685)
(0.00351974,0.00796918)
(0.000511077,-0.00899241)
(-0.00713972,0.0106376)
(0.0188169,0.000253151)
(-0.0160495,0.0302687)
(0.000651273,-0.0223421)
(0.00499727,0.00842305)
(-0.00700594,0.00846534)
(-0.00961419,0.00722121)
(0.00480622,-0.00854859)
(-0.000131241,0.00687747)
(-0.0106596,-0.00823669)
(-0.0211461,-0.00967561)
(0.00907934,-0.0153432)
(-0.00359975,-0.0018613)
(0.00685978,-0.008495)
(0.00317849,-0.0139965)
(-0.0136663,0.00529555)
(-0.0130302,-0.00732141)
(0.0180006,0.0109757)
(0.0168396,-0.0133194)
(-0.00225247,0.00231271)
(-0.00269119,-0.00155527)
(0.00471516,0.00544253)
(0.00956077,0.00323527)
(-0.000970388,-0.000441556)
(-0.00432468,0.00863775)
(-0.00199735,0.00158172)
(-0.0051518,0.00103816)
(-0.00814497,-0.00365624)
(0.00555012,0.00347799)
(-0.00907745,-0.00782153)
(-0.00673422,0.00317347)
(0.00614268,-0.00161071)
(-0.00241874,0.00155748)
(-0.00626913,0.00288058)
(-0.0135621,-0.020441)
(-0.00356224,-0.00411775)
(-0.00285617,0.00407104)
(0.00763669,0.00236791)
(0.00901975,0.0131091)
(-0.00352866,0.00811517)
(0.00601477,-0.00575852)
(-0.00314002,-0.000810448)
(0.0102884,0.0082695)
(-0.000491814,0.00917199)
(0.0162031,0.00444413)
(0.00436105,0.00208271)
(-0.00797844,-0.00415259)
(-0.00760075,0.00734821)
(-0.00124418,0.0150297)
(-0.00584925,-0.00214875)
(0.00779731,0.00323883)
(0.00311233,-0.0066577)
(-0.00631825,0.00184182)
(0.00578799,-0.00348887)
(-0.00273575,0.0164793)
(-0.00843928,-0.00180041)
(-0.000965196,-0.00538381)
(0.00444928,0.00952429)
(0.0107065,0.000158252)
(-0.00324952,0.00532519)
(-0.00324568,0.00634664)
(0.0126453,-0.00510056)
(0.0147533,0.0119984)
(0.000213673,0.00265451)
(-0.00334653,0.00492382)
(-0.0165136,-0.0123215)
(0.00221086,0.0215126)
(-0.0079852,0.00546087)
(0.0152005,-0.016397)
(0.000614483,0.00856641)
(-0.00461075,-0.00468854)
(-0.00439198,-0.0100915)
(-0.0112201,-0.0209718)
(0.00241992,-0.00363562)
(-0.000758786,-0.00281787)
(-0.00949693,0.0048474)
(-0.00590686,0.00530123)
(-2.36402e-05,0.0126853)
(-0.00125182,0.00791807)
(-0.00264285,0.00275377)
(0.0157597,0.0121587)
(0.00816378,-0.0139354)
(0.0130026,0.0142477)
(0.00616531,0.000683827)
(0.0152833,0.00714012)
(-0.0138947,-0.00700283)
(-0.00468849,-0.00410044)
(0.0030516,-0.0138275)
(0.00503415,-0.0155509)
(-0.0149472,0.0207607)
(0.0149638,-0.0123108)
(0.000940394,-0.006567)
(-0.00328571,-0.0136448)
(0.000470863,-0.0163169)
(0.00483504,-0.00127887)
(2.07481e-05,-0.00732174)
(-0.00814827,0.0156669)
(-0.00477247,0.00771962)
(0.00547563,0.00961044)
(-0.00137239,-0.0116241)
(0.00759821,-0.0138361)
(-0.0270994,-0.0166409)
(0.0512437,-0.0183553)
(-0.00896576,-0.0149185)
(0.00749845,0.00351908)
(-0.00636614,0.00269233)
(0.0182608,0.0121098)
(0.0523051,-0.106445)
(-0.0688383,0.149106)
(-0.0111583,0.00651533)
(0.0167134,0.00386642)
(0.00252487,0.0133252)
(0.000945614,-0.0110574)
(-0.00635649,-0.00322612)
(0.00290693,-0.013908)
(-0.00753671,-0.00384131)
(-0.00126027,-0.00233169)
(-0.0105073,-0.00332584)
(0.00382077,0.00655713)
(0.0148435,0.0209592)
(0.0169789,0.0158258)
(-0.0183584,-0.00370985)
(-0.0209,0.00503157)
(-0.0168412,-0.00118167)
(-0.0068003,-0.0104039)
(0.0111453,0.0130425)
(-0.00040021,-0.0098173)
(0.0239328,0.00368325)
(0.00204481,0.00807829)
(0.0106059,0.0128155)
(-0.00811365,-0.0167465)
(-0.00663762,0.000534564)
(0.0187523,-0.00482387)
(0.00825036,-0.0100435)
(0.00488297,0.00916003)
(0.0168636,-0.0186508)
(0.00201464,0.00175824)
(-0.00585803,0.00253588)
(0.0134825,0.0100075)
(-0.0147965,0.00438416)
(-0.0107308,-0.00926588)
(-0.00826331,-0.0146395)
(0.0153701,0.00567737)
(0.000110779,0.00681652)
(-0.00654984,0.00833231)
(0.00032436,-0.0053581)
(-0.00670624,-0.00951355)
(-0.00346244,0.0173447)
(-0.0113806,0.0282297)
(-0.00298524,-0.00799726)
(0.00234488,-0.0109888)
(-0.0010571,-0.00130294)
(0.0118289,0.0106851)
(-0.00249539,0.015896)
(0.00154048,0.00717653)
(-0.00448294,-0.00218919)
(0.00827084,0.00417601)
(-0.00592029,0.016063)
(-0.00273799,0.00386372)
(0.0246504,0.0203027)
(0.0234002,0.00291643)
(0.0630111,-0.0882623)
(-0.0433883,0.0130138)
(0.00709953,-0.0104383)
(0.00977628,0.00419842)
(0.00506006,0.0177321)
(-0.00384773,0.0313875)
(-0.0111135,-0.0439157)
(-0.0923457,-0.0379478)
(0.0128004,-0.00378041)
(-0.00603958,-0.013475)
(-0.0146015,0.0045637)
(0.00289668,0.00581951)
(-0.0088196,0.00177094)
(-0.0107148,-0.00541513)
(-0.00691882,0.00533616)
(-0.0248679,0.000120368)
(-0.00667557,0.000166669)
(0.00708706,-0.00493387)
(-0.00893845,0.0106609)
(-0.00632551,0.00443566)
(0.0329167,0.0404074)
(-0.00462512,-0.00140653)
(0.00939693,-0.00442168)
(-0.0151008,0.00563125)
(-0.0151738,0.020217)
(-0.00160139,0.0087479)
(-0.00965651,-0.00952811)
(-0.017733,-0.0160416)
(-0.00830729,0.0148483)
(-1.22813e-05,0.0153779)
(0.00534394,-0.00714537)
(-0.00116426,-0.0022271)
(0.0103554,0.00860515)
(-0.00339554,0.0039183)
(0.00128216,0.00261861)
(-0.00604093,0.00750173)
(-0.00126109,0.00134841)
(0.0118542,0.0132303)
(-0.00427173,-0.0105724)
(-0.00316174,0.00985106)
(-0.0064726,0.0158929)
(-0.00986034,0.00516944)
(-0.00288552,-6.83895e-05)
(-0.014726,0.00905357)
(-0.00234803,-3.93511e-05)
(-0.0142897,-0.00028471)
(-0.00216636,0.0075919)
(-0.00655035,0.00343431)
(-0.013229,0.0163593)
(0.000183009,-0.000104859)
(0.00500431,0.00148099)
(-0.000103971,0.000454449)
(-0.000954208,-0.00534984)
(-0.000620173,-0.00818375)
(-0.0118469,-0.005243)
(-0.00982059,-0.00689017)
(0.0193193,0.000927279)
(0.000158404,-0.00975121)
(-0.00890637,-0.00424975)
(0.00653073,-0.00044537)
(-0.0112683,-0.0030011)
(0.00171839,0.00887234)
(-0.00325243,-0.00596121)
(0.000901774,-0.0179613)
(-0.00362926,0.00896487)
(-0.00297151,-0.00700691)
(-0.000434116,0.000592371)
(-0.000417637,0.0120304)
(-0.00373534,0.00751837)
(-0.00861668,0.00108411)
(-0.000361524,0.015411)
(-0.00190273,0.00601419)
(-0.00967865,0.00555966)
(0.000559644,0.00088473)
(0.00843105,-0.0170862)
(0.000795658,0.0170846)
(0.00590656,-0.00553825)
(-0.00256158,0.0082331)
(-0.000849609,-0.00871076)
(-0.00744072,-0.00981886)
(0.00705822,0.00897993)
(-0.00492247,-0.00700146)
(0.00488033,0.00532379)
(-0.00274135,-0.000985797)
(-0.0107885,0.0120569)
(0.00511794,0.00295919)
(0.000438039,-0.00873524)
(-0.00548369,-0.000346376)
(-0.00280917,0.00353659)
(-0.0089073,0.00350863)
(-0.0180241,0.00447791)
(-0.000813369,-0.00998597)
(0.00890528,-0.00374425)
(-0.00646802,0.00559724)
(0.00269776,-0.004781)
(0.00252124,-0.0133566)
(-0.00876082,0.00569117)
(0.0139147,0.00343256)
(0.00117282,-0.0102702)
(-0.00359906,0.000914961)
(-0.00192484,0.0089913)
(0.0016284,0.0042582)
(-0.0155664,0.00914218)
(0.00890781,-0.00573555)
(-0.0016693,0.00774401)
(-0.00086517,0.0327024)
(0.00121907,0.00813403)
(0.00673857,0.0141006)
(0.00934203,-0.00246875)
(0.0122424,-0.00806143)
(-0.00361824,-0.00304927)
(0.000598574,0.00730878)
(0.00372527,0.00939861)
(0.0134626,0.00591233)
(-0.00141477,-0.00149623)
(0.0123726,-0.00634973)
(-0.0118875,-0.000111088)
(-0.00932539,-0.00143052)
(-0.00225489,-0.0101555)
(-0.0117825,0.0122438)
(-0.00640041,0.0212549)
(0.0215834,0.00776659)
(0.00428213,0.0194151)
(0.0120193,-0.0154639)
(0.0336472,-0.040383)
(-0.0319062,-0.0119727)
(-0.0080142,0.028266)
(0.0153955,-0.00770548)
(-0.0182789,0.000372103)
(0.012001,0.00893872)
(-0.0105172,-0.00878234)
(0.00928589,0.00948528)
(-0.00333375,0.0025286)
(0.00566021,0.0111286)
(0.00116629,0.00204066)
(0.00305539,0.0110642)
(-0.00550446,-0.010063)
(-0.00666092,-0.00107897)
(0.00653816,0.0203532)
(-0.00246947,0.0269118)
(0.0347302,-0.00431401)
(0.0893258,0.00373063)
(-0.0275744,0.00207017)
(0.0185904,0.0882344)
(0.0188724,-0.063481)
(-0.0506093,-0.105681)
(0.0513488,-0.0607875)
(-0.143177,-0.0165253)
(-0.0271677,0.0299085)
(0.0185921,-0.00258333)
(-0.0144822,-0.000395906)
(0.00978683,0.0240612)
(-0.00609505,0.011407)
(-0.00989293,0.0108079)
(-0.00619318,-0.00133197)
(0.0111286,0.000747895)
(-0.0198352,0.0024073)
(-0.000803432,0.0220192)
(-0.0164566,0.00160289)
(0.0263817,0.0201755)
(-0.015532,-0.0505463)
(0.111582,-0.0665697)
(-0.0108023,0.00357143)
(-0.016231,0.00239432)
(-0.0193748,-0.00764104)
(0.0286729,0.000757764)
(0.00529332,-0.0276973)
(-0.0716108,0.0528012)
(-0.0172424,-0.00928654)
(-0.0313656,-0.0127824)
(0.0100689,0.0121828)
(0.00270344,-0.00394352)
(-0.00546502,-0.0131128)
(0.0165345,0.000372836)
(0.000415659,-0.0217144)
(0.0135193,-0.0102338)
(0.000454464,-0.0118835)
(0.00356133,-0.00338449)
(0.013616,-0.0196875)
(-0.0284946,-0.00102761)
(0.0177075,0.0240101)
(-0.153106,-0.0372343)
(0.00398401,0.0183344)
(0.0261998,0.00702484)
(-0.00769964,-0.00026391)
(0.000695214,-0.0055964)
(-0.0685321,0.0316746)
(0.0907581,0.088237)
(-0.00662404,-0.0301651)
(-0.000651537,0.00215836)
(-0.000312528,0.000926341)
(0.00433117,0.0100737)
(0.00537033,-0.00557899)
(0.000645311,0.00032288)
(-0.00495011,-0.00851692)
(0.00352137,0.00813751)
(-0.0152284,0.00431049)
(0.0174587,-0.00134335)
(-0.00735393,0.00560132)
(0.0282259,0.00678408)
(0.0829215,0.0349867)
(-0.0673029,-0.024599)
(-0.0152293,-0.0516232)
(-0.147125,0.0722461)
(-0.0552799,-0.0504224)
(0.0546376,-0.0348177)
(-0.0128956,-0.0640207)
(0.0315372,-0.0610032)
(0.00321672,0.0179563)
(0.000236505,0.0101797)
(-0.00674568,-0.0039008)
(-0.00104515,0.00930495)
(-0.00660141,0.00209298)
(-0.0117497,-0.000203268)
(-0.000225872,0.00423782)
(-0.00344035,0.00926795)
(-0.0195712,-0.0129173)
(-0.00150332,0.00126696)
(-0.0159602,-0.0235921)
(0.0209861,-0.0132721)
(-0.00212399,0.0245327)
(0.0150543,-0.00263613)
(-0.0131462,-0.00578585)
(-0.0235396,-0.00396729)
(-0.00923209,-0.0078174)
(0.0291264,-0.0288578)
(0.00436951,-0.0030788)
(-0.0146539,0.00262721)
(0.00156373,-0.00856979)
(0.000913988,0.0272396)
(-0.0107266,-0.00448136)
(-0.00312994,0.00906783)
(0.00624087,0.0015161)
(0.00978859,0.000648847)
(-0.00186446,-0.00888717)
(0.00570139,0.0125295)
(-0.0105933,-0.0116726)
(-0.000659311,0.00678451)
(-0.0165466,-0.00300536)
(-0.00686829,-0.0118657)
(-0.0210468,0.00108315)
(0.00861391,0.00358413)
(0.000823608,-0.0019267)
(0.00309509,0.00526005)
(0.0060712,0.013039)
(-0.0181989,0.00815843)
(0.0156401,0.00102112)
(-0.00787959,-0.00434163)
(-0.0050774,-0.00860542)
(0.00827134,0.00457348)
(-0.00819532,-0.0186803)
(-0.000309144,-0.00021135)
(0.00602745,-0.000554166)
(0.00393618,-8.05087e-05)
(-0.00173091,-0.00621509)
(0.010374,-0.000541128)
(-0.00501752,0.00719433)
(0.00319229,-0.00119133)
(-0.00782124,0.0187509)
(-0.005531,0.000362176)
(0.00626626,0.00221548)
(0.0127976,0.00674655)
(0.00423749,0.00691781)
(0.00024759,-0.00621016)
(-0.00135386,0.0109908)
(0.00104067,-0.0015545)
(-0.0124895,-0.0124198)
(-0.00783581,-0.00269712)
(0.0131894,0.0132811)
(0.00986307,0.00594581)
(-0.00668531,0.0116418)
(-0.00142305,0.0114316)
(-0.0179654,0.00351053)
(0.00752114,0.0200697)
(-0.00366841,-0.00317912)
(-0.00351937,0.00575127)
(-0.000955466,-0.00314701)
(-0.00339529,0.013915)
(-0.00434722,-0.00224573)
(-0.00880889,0.00206625)
(0.00136829,0.00437996)
(-0.00416023,0.0100278)
(0.00754138,0.00124314)
(0.0118129,-0.00472377)
(0.00631518,-0.00149146)
(0.0156418,0.00624466)
(0.00591993,-0.0064734)
(0.00419234,0.0039319)
(-0.00651319,0.0158235)
(0.00827896,-0.00824716)
(-0.00210282,0.00156257)
(-0.00171532,0.000174215)
(0.00193025,-0.0101885)
(0.000253464,-0.0142302)
(0.0101726,-0.00665111)
(-0.00375777,-0.0124226)
(-0.000538315,0.0032881)
(0.00878716,0.0109018)
(-0.00429187,-0.000477072)
(-5.29186e-05,0.0149302)
(-0.00383688,-0.0136751)
(-0.00496794,0.000379371)
(0.00539756,-0.00954909)
(0.0153547,-0.00523368)
(0.00436052,0.00961644)
(0.00503806,0.0148614)
(0.00836603,0.00320086)
(0.00450937,-0.000937971)
(0.00422306,0.0116712)
(-0.00315993,0.0020813)
(-0.00583297,0.00750591)
(0.000109201,0.0034847)
(0.000625127,-0.0049068)
(0.00361257,0.00556235)
(0.00520999,-0.0106402)
(-0.00237857,-0.00503675)
(-0.00457308,0.00932291)
(0.00517784,-0.00660637)
(0.0122633,-0.0111159)
(-0.0154443,-0.00432288)
(9.19205e-05,-0.00898733)
(-0.00975735,0.00829653)
(-0.0156726,-0.00149581)
(0.0266246,-0.00459667)
(0.0166133,0.00726235)
(-0.00843254,0.0293471)
(-0.0187786,-0.00665563)
(0.0169187,0.00551335)
(0.00511906,-0.0156433)
(-0.00554122,-0.00945531)
(-0.0105184,-0.0139151)
(0.00695228,-0.00299019)
(-0.0073998,-0.000860589)
(-0.00236099,0.000645828)
(0.0132233,-0.00512605)
(0.0146031,-0.00817491)
(0.000863088,-0.000496023)
(0.00730982,-0.0156023)
(0.0127921,-0.0135612)
(-0.0331603,-0.0172791)
(-0.00754737,0.0240072)
(0.000613135,0.00944628)
(0.0142962,0.000305358)
(0.0231211,0.00194727)
(0.0466911,-0.0071238)
(-0.0273002,0.0065553)
(-0.0139784,0.0157352)
(0.0180395,0.00853311)
(-0.0107055,-0.0163316)
(0.0307692,0.0239921)
(0.0116855,0.00389036)
(0.00956286,0.0128792)
(0.0112777,-0.00610805)
(0.0183185,-0.00395226)
(-0.00947044,0.0063314)
(-0.00074309,0.00224505)
(0.00179669,-0.0046495)
(0.00756521,-0.00473889)
(-0.0132345,0.00274849)
(-0.0103777,0.0131649)
(-0.0148208,-0.0136608)
(0.0274202,0.0188168)
(-0.0188486,0.0235036)
(0.0160486,0.0117239)
(0.00372382,0.0374753)
(0.00388117,0.0313673)
(-0.0197412,-0.00159434)
(-0.0416024,1.28965e-05)
(0.0103182,-0.000797261)
(0.0132271,-0.0161338)
(0.00339848,-0.00218601)
(0.0103277,0.00499938)
(-0.013942,0.0048194)
(0.00934695,-0.00614687)
(-0.00453084,-8.34275e-06)
(0.0129932,-0.00634617)
(-0.000541785,0.00699443)
(0.0124846,-0.00901244)
(-0.00952606,-0.00964974)
(0.00823816,-0.0016187)
(0.0206005,-0.0162851)
(-0.030292,-0.00589425)
(0.00651962,7.69467e-05)
(0.0208693,0.0231069)
(0.00634416,-0.0179014)
(0.00347986,0.0161478)
(-0.00525767,-0.0492531)
(-0.00802501,-0.00168105)
(-0.005647,-0.00916805)
(0.00326649,-0.0148625)
(4.65769e-05,0.013137)
(0.0078852,0.00915237)
(-0.0133015,-0.00112694)
(-0.00385499,0.0068054)
(0.00283689,-0.00170834)
(0.0047771,0.0154822)
(-0.00516112,0.00328122)
(0.00938727,0.00706548)
(-0.0155441,-0.0113804)
(0.0349895,0.00364066)
(0.0124844,0.00729039)
(0.015121,-0.00408562)
(-0.000479346,0.0120801)
(-0.0272888,0.00448199)
(-0.0103029,0.00543858)
(0.0446637,0.00252567)
(0.017481,-0.00640102)
(0.00815492,-0.00389702)
(-0.00966277,0.0142176)
(0.00666101,0.0134803)
(-0.00465804,0.012742)
(0.00826295,0.0120712)
(0.00227851,-0.00684606)
(0.00183724,-0.00475989)
(-0.00190013,0.00398432)
(-0.00921616,0.000307782)
(-0.00429433,0.00384274)
(-0.00680712,0.0171197)
(-0.0213816,-0.0057609)
(0.00167581,0.00422585)
(-0.013034,-0.00562021)
(0.00437468,-0.0018911)
(-0.0148252,0.0033107)
(0.00263322,-0.00252629)
(-0.0121152,0.00777311)
(0.00165838,0.00638078)
(-0.00937857,0.00450258)
(-0.0122295,0.0110002)
(-0.0123955,-0.00243012)
(0.000337838,0.0175806)
(0.016885,-0.00807269)
(-0.000482067,0.00352142)
(0.0110377,0.00189813)
(0.0082617,0.00471224)
(0.00383323,0.00958759)
(0.0127884,-0.00855753)
(-0.00242209,-0.00559915)
(-0.000871434,0.00551995)
(0.00128764,0.00161602)
(-0.0111931,-0.00216471)
(-0.0107552,-0.00332833)
(0.0159262,-0.00487148)
(-0.0171001,0.00695221)
(-0.0194855,-0.00178398)
(0.0174606,0.00994243)
(-0.00689093,0.023608)
(-0.00297474,0.00738422)
(-0.0110447,0.00402334)
(0.000798294,0.00992316)
(0.0203784,-0.00310497)
(-0.00370288,-0.00881975)
(0.00306295,-0.0129984)
(0.00382378,-0.00077756)
(-0.00157754,0.000324719)
(-0.00877624,0.0034869)
(0.00917792,-0.014235)
(-0.00178429,0.0122125)
(0.00449904,0.00607632)
(-0.00879655,0.0142088)
(0.0113676,0.0018178)
(-0.00841575,0.00216905)
(-0.0102725,0.0103037)
(0.0026727,0.000321948)
(0.00474384,-0.00557997)
(0.00221252,-0.00309972)
(-0.00807595,-0.00141783)
(-0.0117003,-0.0103528)
(-0.00431613,-0.003565)
(-0.000597618,0.00515908)
(0.0085574,0.0029582)
(0.000534766,-0.0056683)
(0.00231462,0.000914997)
(0.00927037,0.000821837)
(0.0174756,-0.0111708)
(0.0110503,0.00572273)
(0.0141459,-0.0117978)
(0.0061305,0.00882124)
(0.00522612,-0.00889584)
(-0.00433416,-0.00206248)
(-0.0101753,-0.00103824)
(-0.0183509,0.004382)
(0.00562729,0.016414)
(-0.0117526,-0.00580656)
(0.00528279,0.00703158)
(-0.00862562,-0.0051483)
(-0.00591348,0.0135099)
(-0.00514338,-0.00501778)
(0.00781533,0.0112183)
(-0.000232358,-0.000772271)
(0.00251051,0.00174076)
(0.0122923,-0.000980289)
(-0.00325889,0.0124641)
(-0.00651563,-0.00177343)
(0.00755488,-0.00309286)
(0.00795643,-0.0131831)
(-0.0146532,-0.00612597)
(-0.00562411,-0.000141183)
(-0.00242909,0.00236293)
(-0.00307892,0.00533047)
(0.00440031,0.0100854)
(-0.0096287,-0.00308327)
(0.0185468,0.0116732)
(-0.0117108,0.00186237)
(-0.00221012,-0.00485285)
(0.00982685,0.00255829)
(0.0161765,0.0082529)
(0.00471207,0.000727196)
(0.0103837,0.00732305)
(0.00600809,-0.00571922)
(-0.000721161,0.0107517)
(-0.00215744,0.00389082)
(0.00246884,0.0132001)
(-0.00476312,0.00355351)
(0.00491077,-0.00131452)
(-0.00702417,-0.00778018)
(0.00572119,-0.000851009)
(-0.00648505,0.000355658)
(0.00893003,0.00230782)
(-0.00308451,0.00783417)
(0.00210107,0.00266704)
(0.00387472,-0.00695443)
(-0.000757875,0.0110626)
(-0.00395298,-0.0132947)
(0.0207908,0.0110651)
(-0.0062841,-0.00937069)
(-0.0134504,0.0112091)
(0.00540119,-0.00669661)
(-0.00551969,-0.0106482)
(0.00240453,-0.000111436)
(0.00637162,-0.00874215)
(-0.0108768,0.0021752)
(0.00322765,0.002253)
(0.00997867,-0.0107973)
(-0.0135061,0.0023495)
(0.00711301,0.00728138)
(0.00696451,-0.00289964)
(0.00134815,-0.00314082)
(0.0196131,-0.0061917)
(-0.00373583,0.00425465)
(0.0036356,-0.0112971)
(-0.00184904,0.00369444)
(-0.00580187,0.00784206)
(-0.0162461,-0.00396577)
(0.0106578,-0.00156235)
(-0.00169926,-0.000654964)
(-0.0118466,-0.00033398)
(-0.0142579,0.00141805)
(0.00689493,0.0113043)
(0.00923928,-0.0041965)
(0.00571666,0.014223)
(0.0100747,0.0104353)
(0.00211301,-0.00210939)
(0.00310208,0.00266738)
(0.00803721,-0.00203088)
(0.00160022,-0.00615647)
(0.0062711,-0.00481024)
(0.0141153,-0.0017563)
(0.0141317,-0.00844148)
(-0.00516521,-8.57293e-05)
(-0.0133011,0.00720185)
(-0.0107613,-0.00120479)
(-0.01241,0.0271925)
(-0.00131927,-0.0116449)
(0.00257913,-0.00555456)
(-0.00904412,0.00974857)
(0.00101063,-0.00195307)
(-0.00373125,-0.00221916)
(0.031561,-0.00715654)
(0.0112486,0.0176584)
(0.017087,0.0128221)
(0.000354849,0.00100936)
(0.010581,0.00150655)
(-0.00882303,-0.00981226)
(0.000537145,-0.00442991)
(-0.00197971,-0.00123179)
(0.000512283,-0.00634814)
(0.00310615,0.00949536)
(-0.00260609,-0.0113105)
(0.00168774,0.00653942)
(0.00415226,-0.00562676)
(-0.00219213,-0.00964559)
(0.00528982,-0.00319882)
(-0.00147638,-0.0104079)
(0.0176391,-0.00651292)
(-0.00376476,-0.00265697)
(0.0198735,-0.00355976)
(0.0133793,-0.00812657)
(0.0126353,0.00885228)
(0.00482685,0.0068213)
(0.011256,0.00666506)
(-0.000715488,0.00837291)
(-0.00407919,0.00211395)
(-0.00679746,-0.00376655)
(0.00176537,-0.00447643)
(-0.00302566,0.00762593)
(-0.00768671,0.0064993)
(-0.00211104,0.00257896)
(-0.0157069,0.010639)
(-0.000758642,-0.000623225)
(-0.00157145,0.00309371)
(0.00501594,-0.0120285)
(0.00866815,0.00442873)
(0.00487576,0.00710544)
(0.00760551,0.0082655)
(-0.000849742,-0.0028202)
(0.00215538,0.0138079)
(-0.00407061,-0.00629387)
(0.00125944,0.0128306)
(-0.00945039,-0.00308265)
(-0.00370199,-0.00921915)
(0.00202834,0.000397694)
(0.00945804,-0.0127266)
(-0.000953905,-0.0190151)
(-0.00764851,-0.0137769)
(-0.000412463,0.00771269)
(0.00948115,0.000403271)
(0.000873334,0.0141026)
(-0.00772818,0.00395802)
(-0.00879773,0.00341582)
(-0.0217932,0.00412367)
(-0.00550381,0.00151236)
(0.00251335,-0.00783566)
(-0.00387032,0.00156069)
(0.00581839,0.00334491)
(0.00148388,0.00690575)
(-0.0121113,0.00833797)
(-0.00313773,-0.00600333)
(-0.00575766,0.0133119)
(-0.00263505,-0.0135477)
(0.00812386,-0.0159068)
(-0.0104626,0.00432585)
(0.0111111,-0.00282128)
(-0.011578,-0.00760826)
(0.00448555,-0.00194298)
(-0.00815805,-0.00357809)
(-0.00328447,0.00114403)
(0.00346033,-0.00306045)
(0.00339038,-0.0065096)
(0.00843763,-0.00916591)
(-0.00724663,-0.00860214)
(-0.00892243,-0.0172121)
(-0.0040272,-0.000257081)
(0.00177032,-0.00495748)
(-0.000527118,-0.00131852)
(0.00177492,0.00486327)
(-0.00389439,0.00755927)
(0.00597712,-0.00285022)
(0.00810989,0.00832497)
(-0.0112532,0.0159322)
(-0.00516278,-0.00764315)
(-0.00894002,-0.0098863)
(0.0019688,-0.00120064)
(-0.00389391,-0.00529008)
(-0.00646958,-0.00552489)
(0.0100001,-0.00423729)
(0.00547342,0.0019114)
(0.00398043,-0.00787089)
(-0.00136424,0.00909019)
(-0.00567334,-0.0106958)
(0.00619448,0.00370124)
(0.00676563,-0.00327351)
(-0.00433182,-0.00974374)
(0.0123468,0.00540224)
(-0.00567283,-0.0127072)
(-0.00231939,-0.000615279)
(0.00848313,-0.0148104)
(0.00206434,-0.0167042)
(-0.00455482,-0.00426967)
(0.00575163,-0.013375)
(-0.00297759,0.00183686)
(0.00402898,-0.0162755)
(0.00354458,-0.011268)
(-0.00270649,0.00722422)
(0.00580167,-0.00855114)
(0.00380532,0.0022086)
(-0.0234417,-0.0072003)
(-0.00514879,-0.00270065)
(-0.00772424,-0.00380198)
(-0.0151848,-0.00578695)
(0.00578141,0.00659646)
(-0.00464162,-0.0152313)
(0.00681785,0.00760389)
(0.000842354,0.000571624)
(-0.00285806,-0.0013499)
(0.00469356,0.00456523)
(-0.00203671,-0.00190685)
(-0.00823501,-0.00313325)
(-0.00805555,0.00435917)
(0.00340222,-0.00311808)
(0.00367185,-0.00520641)
(0.0210584,-0.0138173)
(0.0100683,0.0108519)
(-0.00666975,-0.00218996)
(0.00515395,0.00387278)
(-0.00288471,-0.00561682)
(-0.0202792,-0.010857)
(-0.00451643,-0.0162268)
(-0.00609277,-0.00270772)
(-0.00798336,-0.00930359)
(-0.00855922,-0.00522474)
(-0.00555381,0.00334654)
(0.00663772,-0.00130009)
(0.0121962,0.000982524)
(0.0128636,-0.0144932)
(0.00845301,0.00335939)
(0.00373649,-0.00259034)
(0.00080809,0.0022164)
(0.0153073,-0.0134605)
(-0.00927185,-0.00433245)
(-0.00701797,-0.000681698)
(-0.00533137,-0.0072144)
(0.00710666,-0.0049322)
(-0.00304956,-0.00134423)
(0.0177376,-0.000486631)
(-0.0103436,0.00922908)
(-0.00854147,0.00453062)
(-0.0199892,-0.00798253)
(-0.00938939,0.00981022)
(-0.00488991,-0.00069927)
(-0.00282963,0.00525592)
(0.00179711,-0.00914511)
(0.0125083,-0.00256531)
(0.00359191,-0.00994804)
(0.00436684,0.0103963)
(0.00807865,-0.00149949)
(0.00444741,0.00696922)
(0.0101227,-0.000402984)
(0.00470603,-0.0091529)
(0.0100326,0.00888126)
(0.00206415,0.000558435)
(0.000495802,0.0059207)
(0.000643184,-0.00306605)
(0.000427311,-0.00146021)
(0.00798841,0.0047374)
(-0.00355385,0.00555276)
(-0.0106758,0.00918019)
(-0.000830973,0.00602112)
(-0.00538154,0.0120049)
(-0.00615034,0.00201363)
(-0.000147416,0.00181316)
(-0.00490151,0.000352777)
(0.00600071,0.00080667)
(-0.00460929,-0.0174582)
(0.00919351,0.00223733)
(-0.0137642,-0.00424395)
(-0.000971519,0.012148)
(-0.00591079,-0.0020557)
(-0.00195611,0.00361728)
(0.00790643,-0.00402087)
(-0.00795645,0.00699281)
(-0.0189222,-0.0087344)
(0.00753263,-0.000435049)
(-0.00502456,0.000978559)
(0.00405008,0.0176801)
(-0.00266826,-0.00165357)
(-0.00498296,-0.00434769)
(-0.00294873,-0.00124681)
(0.00794228,-0.00195297)
(-0.00432233,0.0136538)
(0.00538544,0.00277621)
(0.0088841,0.0124292)
(0.00615283,0.0047749)
(0.00727148,-0.00352169)
(0.000169765,0.00607501)
(-0.00420804,0.000938983)
(0.00459123,-0.00567504)
(0.00913255,0.0138425)
(0.00492706,0.0110456)
(-0.0105547,-0.0275607)
(-0.00946499,-0.00529318)
(-0.00372776,-0.0171838)
(0.00779252,-0.0141863)
(0.00763415,-0.00269635)
(0.00263415,0.00641825)
(-0.000496027,-0.00319818)
(-0.00185441,0.000363936)
(-0.00188522,-0.000140676)
(-0.00630526,-0.00236799)
(0.00651814,0.0105561)
(-0.00140518,-0.0033969)
(-0.0122928,-0.0055215)
(0.00899278,8.71966e-05)
(0.000289454,-0.00911399)
(0.00231787,-0.000935919)
(-0.00625698,-0.011205)
(-0.0033755,0.0120314)
(0.00129171,0.0072241)
(0.0100754,0.0199804)
(-0.00493035,-0.00799825)
(-0.00972913,-0.00383384)
(-0.0140013,-0.0170227)
(0.0111519,0.0121675)
(0.000891144,-0.00262178)
(0.00164625,0.0110601)
(-0.00345297,-0.0047685)
(-0.00201156,0.00988011)
(-0.00857601,-0.00723799)
(-0.0129897,0.0128055)
(-0.00618604,-0.00114456)
(-0.0058378,0.0126185)
(-0.00165457,-0.00629701)
(-0.00917903,0.00856791)
(-0.0142548,-0.0102481)
(-0.0107802,0.0145892)
(-0.00981603,0.000465558)
(-0.00632124,0.000466259)
(-0.00208632,-0.00474143)
(0.0116592,0.0178482)
(-0.00155329,-0.0245194)
(0.00181438,-0.00950651)
(-0.00675268,-0.00994271)
(0.0180056,-0.00279827)
(0.0066981,-0.000884759)
(-0.00213741,0.00137314)
(0.00580667,-0.00197663)
(0.00302916,-0.00815679)
(-0.0108344,0.0126759)
(0.0153382,-0.0121881)
(-0.00545051,0.0222924)
(0.000291974,-0.00932421)
(0.00223424,-0.00714774)
(-0.00827757,0.00669769)
(-0.000263249,0.00506566)
(-0.0159668,-0.00972087)
(-0.000676433,3.38675e-06)
(-0.00145837,-0.013662)
(-0.00974356,-0.00445285)
(-0.00595047,0.0123503)
(0.00261381,-0.0094781)
(0.00835947,-0.00861193)
(-0.000862804,0.00129953)
(-0.00198922,0.0130104)
(-0.00288598,0.00373563)
(0.011995,0.00320299)
(-0.0194076,0.00673332)
(0.000623132,0.000722203)
(-0.00718114,0.0071805)
(0.00167962,-0.00617653)
(-0.00810564,0.0028192)
(0.000790855,-0.00447255)
(0.0106745,0.00339776)
(0.00305181,0.0107998)
(0.00155562,-0.00260031)
(-0.00715257,0.00985136)
(0.0126405,-0.0175329)
(-0.0101702,-0.0175868)
(0.0125215,-0.0111996)
(-0.00274381,0.00296174)
(0.00421032,0.00117147)
(-0.00682538,-0.00780993)
(0.00791618,0.00229652)
(0.00109969,-0.00086645)
(0.0104672,0.0126962)
(0.00422603,0.0144637)
(-0.00273701,0.00373601)
(0.00393851,0.00575536)
(-0.00438555,0.00767658)
(0.0022158,-0.0014086)
(-0.00319095,0.00576956)
(-0.0018455,-0.000768046)
(0.00481646,0.00919133)
(0.00462226,0.00965243)
(0.0160239,0.012107)
(-0.00827517,0.000241224)
(-0.00113462,-0.00366597)
(0.00274208,-0.00468464)
(-0.00592926,-0.00767327)
(0.00122753,0.00578532)
(0.00228095,0.00829628)
(-0.00348306,0.00396457)
(-0.00619583,0.00786521)
(0.00389573,0.0107741)
(-0.00565859,0.020159)
(0.00156684,0.00827732)
