(-0.0013175,0.00210007)
(0.0097457,0.0016295)
(-0.00245259,0.0052008)
(0.00299428,-0.00267805)
(-0.00571437,0.00263007)
(0.0089824,-0.0029594)
(0.00057168,-0.00970894)
(0.0047574,-0.00256888)
(-0.00521211,-0.0123067)
(0.00749844,-0.0088181)
(0.000105826,-0.0119684)
(0.00584432,-0.00602731)
(-0.00246246,0.00903911)
(0.00919186,-0.013702)
(-0.00291002,-0.00055997)
(0.00859658,-0.00582906)
(8.22593e-05,0.00420048)
(0.0071394,0.00355969)
(9.137e-05,-0.00204434)
(0.00840854,0.00229717)
(0.00289986,0.00397616)
(0.000441657,-0.000818587)
(-0.00182227,0.00231865)
(-0.00366287,-0.00325819)
(0.0104362,-0.000340177)
(-4.56977e-05,-0.00381811)
(0.00763135,-0.00548992)
(0.0105054,-0.0058961)
(0.0110089,-0.0154128)
(0.00924767,-0.0142857)
(0.0073563,-0.00697252)
(0.00661268,-0.0141997)
(0.0132117,0.00691221)
(0.0147245,-0.0128043)
(0.000591942,0.015465)
(0.0128036,-0.0156074)
(0.00108257,0.0071244)
(0.00745959,-0.00196959)
(-0.000340281,0.000791956)
(0.00443337,0.00133426)
(-0.00778513,0.00370197)
(0.00303003,-0.00685805)
(-0.00249347,-0.0110287)
(0.00168317,-0.000214813)
(0.0104964,-0.00136376)
(0.0210957,0.000776763)
(0.019236,-0.0137667)
(0.0163281,-0.00177181)
(0.0102616,-0.0145881)
(0.00992006,-0.00500564)
(0.0105345,-0.00550958)
(0.00919575,-0.0114477)
(0.0087435,0.00498122)
(0.00165003,-0.0126049)
(0.0121617,0.0207534)
(0.00631397,-0.00999171)
(0.00373458,0.0152026)
(0.0148614,-0.00916136)
(-0.00701042,0.00820329)
(0.00865095,0.00108788)
(-0.00854086,-0.00927282)
(0.012119,0.00589888)
(-0.0140024,-0.0159856)
(0.0204699,0.00538891)
(0.00628948,-0.0140485)
(0.0322001,0.00401785)
(0.0117925,-0.0116282)
(0.0272944,-0.00421116)
(0.00692784,-0.0075877)
(0.00925272,-0.00272842)
(-0.00395351,-0.00361464)
(-0.000318937,-0.010073)
(-0.00809055,0.0144666)
(0.000309003,-0.0157946)
(0.00368748,0.0170884)
(0.00414497,-0.0134325)
(0.00271871,0.0125378)
(0.0127844,-0.000570939)
(0.00452467,0.00382326)
(0.0144535,-0.00423383)
(-0.00957612,-0.0107057)
(0.0131237,0.0137024)
(-0.00657727,-0.0163067)
(0.0250899,0.00865631)
(-0.00343342,-0.00219077)
(0.0324844,0.0074287)
(0.0103944,-0.000575536)
(0.0193453,-0.000820572)
(0.0013569,-0.00756552)
(0.00137865,-0.00235921)
(-0.00797091,0.00127271)
(0.00531697,-0.00568835)
(-0.0208284,0.00055751)
(-0.0057681,-0.00836713)
(-0.012302,0.0144959)
(0.00715239,-0.0162613)
(-0.00137984,0.0138089)
(0.0083926,-0.0122339)
(-0.00923076,0.0146481)
(0.0191862,-0.00478765)
(-0.00242061,-0.0027749)
(0.000121117,0.0116958)
(-0.011515,-0.00229881)
(0.00469668,0.0158623)
(-0.0121307,0.00314124)
(0.0141185,0.0109291)
(0.00475548,0.000884634)
(0.0156428,-0.00409431)
(0.00182361,0.000726407)
(0.00911679,-0.00238652)
(-0.0133185,-0.0104941)
(0.00603247,-0.00806364)
(-0.019382,-0.00702653)
(0.00490718,-0.0089479)
(0.00669376,0.00364692)
(-4.07928e-05,-0.0271526)
(0.00925405,0.0145195)
(0.013032,-0.0175115)
(0.0023806,0.00986289)
(0.0128674,-0.0122546)
(-0.00216173,0.0056529)
(-0.00474727,0.0129002)
(-0.00561478,-0.000183301)
(-0.00580762,0.0203689)
(-0.0105102,0.00459207)
(-0.00105919,0.014992)
(-0.00709817,0.0125947)
(-0.0040461,0.000843552)
(-0.00313689,-0.0038448)
(0.00879271,-0.000353409)
(-0.0119276,0.000876242)
(0.0119453,0.00137899)
(-0.00748668,-0.00394151)
(0.0028065,-0.00344771)
(0.0103985,0.011857)
(0.00825857,-0.000430625)
(0.0123942,0.0136807)
(0.0052565,-0.0213413)
(0.00403203,0.0146041)
(0.0131859,-0.0127008)
(0.00104463,-0.0053379)
(-0.0065875,0.0118957)
(0.00325263,0.00457425)
(-0.00657247,0.0193182)
(0.000626244,-0.000978155)
(-0.0218157,0.00259262)
(-0.00239515,-0.00865222)
(-0.0102896,-0.00340148)
(-0.0113757,-0.000901102)
(0.00316547,0.000106924)
(-0.0128946,-0.00606556)
(0.00936425,0.00262624)
(-0.0161885,0.00520167)
(0.00988829,0.0070616)
(0.000481832,0.0177265)
(-0.00116559,-0.00468591)
(-0.00369436,0.0138426)
(0.0144112,0.00230859)
(-0.0066955,0.00455777)
(0.00998941,-0.00800829)
(1.54063e-07,-0.00408041)
(-0.0014794,0.00884707)
(0.00795344,-0.00696084)
(-0.00848634,0.00568109)
(0.0148407,0.00227237)
(-0.00962543,-0.000175519)
(0.00524804,0.00290113)
(-0.0124397,-0.0162275)
(0.00728855,0.0039854)
(-0.00264594,-0.00374854)
(-0.00594241,0.00553895)
(0.00593151,0.00717397)
(-0.00867417,0.00776274)
(0.00554371,0.0114987)
(-0.00657842,0.0146903)
(0.00466485,0.00327585)
(-0.00270357,0.0146673)
(0.00422012,-0.00161069)
(-0.0141381,0.0101824)
(-0.00256628,0.00382599)
(0.00348409,-0.00114063)
(0.000606169,0.00127325)
(0.00729486,0.0038099)
(-0.00290395,-0.00161386)
(0.0104875,0.00117027)
(-0.00515791,-0.0107439)
(0.0111522,0.0031575)
(-0.00743953,-0.00739669)
(-0.00163729,0.00266675)
(-0.000976544,-0.0053173)
(0.00460294,0.00388588)
(0.00274133,0.0171788)
(-0.0101148,0.000892624)
(0.00660943,0.0115257)
(-0.00607432,0.0110806)
(0.00852937,0.00258755)
(-0.00657732,0.00356883)
(-0.00208111,-0.00127445)
(-0.00508486,0.00635943)
(-0.000713573,-0.00327663)
(-0.000739103,-0.000776461)
(-0.000903446,-0.0147689)
(0.00183692,-0.00846851)
(0.00760102,-0.00869492)
(0.00284649,-0.0133008)
(0.00951504,-0.00290806)
(-0.00168291,-0.00795997)
(-0.00194295,-0.000969901)
(0.00466284,-0.0114805)
(0.00440607,0.00549557)
(0.0026116,0.0167547)
(0.00723398,-0.00306287)
(0.00624302,0.0193516)
(0.0148352,-0.00289872)
(-0.000682848,0.0221221)
(0.017422,-0.00744378)
(0.00595988,0.00951905)
(0.0130055,0.0019273)
(0.00632244,-0.000212237)
(0.00909277,0.00637537)
(0.00419068,0.00072503)
(0.00367085,-0.0212212)
(0.0147834,-0.0164346)
(-0.00463715,-0.0118759)
(0.0108762,-0.00624949)
(0.0060879,-0.00295154)
(0.007721,-0.0148918)
(0.00982136,-0.00244879)
(0.0137442,0.00211145)
(0.00882496,-0.00208949)
(0.0100929,0.0130496)
(0.0101496,-0.0120077)
(0.0107479,0.0352408)
(0.0199158,-0.016548)
(0.0203379,0.0278016)
(0.0192832,-0.00955145)
(0.00106478,0.0200233)
(0.0171126,0.00275267)
(-0.00292599,0.00528796)
(0.00587195,0.010439)
(-0.00324406,-0.00339115)
(0.00191913,-0.0129579)
(0.00313364,-0.0198836)
(0.00310845,-0.015293)
(0.0140262,-0.014089)
(0.0120852,-0.00755453)
(0.0170938,0.00146615)
(0.0251163,-0.00522174)
(0.00989246,0.00303686)
(0.0161997,-0.00216891)
(0.0144555,0.0170147)
(0.00878347,-0.0119484)
(0.0113305,0.0351075)
(0.00433505,-0.0168644)
(0.0247984,0.0377741)
(0.00342386,-0.0132859)
(0.0139597,0.0226539)
(0.00833875,0.00247877)
(0.00554666,0.0087599)
(0.0122025,0.00250407)
(-0.0106561,-0.0166493)
(0.0101621,-0.000621342)
(-0.0124482,-0.036217)
(0.0268658,0.00312257)
(0.00158641,-0.0174558)
(0.0432449,-0.0010565)
(0.0122056,-0.006316)
(0.0285681,0.00412408)
(0.00017006,-0.00199543)
(0.00697976,-0.0124827)
(-0.00562323,0.0148996)
(0.00302196,-0.018859)
(-0.00953887,0.0210555)
(-0.0130557,-0.0157382)
(0.00414685,0.0325688)
(-0.00660528,-0.025743)
(0.0162468,0.0242249)
(0.0106324,-0.014034)
(0.00386961,0.00986147)
(0.020452,-0.00690956)
(-0.0122753,-0.0148608)
(0.0135728,0.00773614)
(-0.0142228,-0.0178072)
(0.0381488,0.014274)
(-0.00919213,-0.00271116)
(0.0417257,0.0176536)
(0.00150093,-0.00236224)
(0.0216534,0.00194959)
(-0.0132604,-3.90173e-05)
(0.00183509,-0.00114059)
(-0.0171093,0.00184759)
(-0.00692728,-0.00934268)
(-0.0329567,0.0201348)
(-0.0177291,-0.0212222)
(-0.0150777,0.00948023)
(-0.0131131,-0.0211382)
(0.00440721,0.0252241)
(0.00888706,-0.023978)
(0.000305699,0.0144958)
(0.0227929,-0.0121957)
(-0.00662355,-0.00537086)
(0.00336136,0.0173465)
(-0.0171208,-0.0116143)
(0.0203095,0.0239225)
(-0.0267005,0.00480205)
(0.030473,0.017462)
(-0.00665545,0.00116228)
(0.0245946,0.00436381)
(-0.0169781,-0.00757408)
(0.0031394,-0.0090096)
(-0.0370452,-0.00138338)
(0.015117,0.000219867)
(-0.0411646,-0.0106511)
(-0.0150612,-0.00417314)
(-0.00183342,3.69132e-06)
(-0.00746708,-0.0193338)
(0.0116072,0.0165306)
(0.0080875,-0.0241743)
(0.00685918,0.0127958)
(0.0198991,-0.0148011)
(0.00208417,0.00520379)
(-0.00345571,0.0182847)
(-0.0100339,0.00239702)
(0.00648873,0.0218901)
(-0.0164336,0.0135882)
(0.00664516,0.0142342)
(-0.00422382,-0.00905693)
(0.0205609,0.00891807)
(-0.00491934,-0.0104489)
(0.0276783,-0.00220285)
(-0.0219148,-0.0166762)
(0.0239169,0.0101306)
(-0.0235863,-0.00886039)
(0.00159576,0.0106205)
(0.000967683,0.00192811)
(0.00327891,-0.00843935)
(0.0182278,0.0169068)
(0.0103399,-0.00763223)
(0.0080857,0.00810192)
(0.0178973,-0.0169927)
(-0.00315442,0.00253796)
(-0.000127445,0.0146394)
(0.002034,0.00232265)
(-0.0119192,0.0201376)
(0.00722326,-0.00398362)
(-0.00902022,0.000433922)
(-0.00199982,-0.0114666)
(-0.000480486,-0.0112991)
(0.000349449,-0.0217889)
(0.0126449,-0.00178812)
(-0.010699,-0.00960164)
(0.0150913,-0.000115623)
(-0.0184452,-0.00169505)
(0.00438896,0.00202284)
(0.000130715,0.0103232)
(0.00908364,-0.00518194)
(0.00871906,0.0169235)
(0.00486657,-0.0131273)
(-0.00240459,0.00573633)
(0.0164886,-0.00662236)
(0.00444936,0.00669857)
(-0.0029764,0.00662229)
(0.0160185,0.00522311)
(-0.00726349,0.0141853)
(0.0193095,0.00519578)
(-0.0243322,-0.00463013)
(0.015257,-0.00473827)
(-0.0185068,-0.0172126)
(-0.00214818,-0.00506889)
(-0.0105197,-0.00937354)
(-0.00687512,-0.00555981)
(-0.00104881,-0.0026601)
(-0.00614934,-0.00561733)
(4.69401e-05,0.00638252)
(-0.00937831,0.00792834)
(0.00180653,-0.00806853)
(0.00144322,0.00897988)
(0.0112051,-0.00744835)
(-0.00439873,0.00508718)
(0.00973277,-0.0145358)
(0.00446192,0.00597751)
(-0.0014111,0.00342935)
(0.0177306,0.00379623)
(0.000674014,0.00175942)
(0.0227389,0.00630174)
(-0.0103583,-0.00185793)
(0.0102656,0.0116847)
(-0.0144618,-0.010601)
(0.0102027,0.00541822)
(-0.0117359,-0.00467894)
(-0.00119475,0.00108605)
(-0.00506126,0.0115941)
(-0.00532543,-0.00101056)
(-0.000704053,0.00787213)
(-0.00165675,-0.00108978)
(0.00488097,-0.0100529)
(0.00135515,0.00879325)
(0.0103951,-0.0105413)
(-0.00288419,0.0105633)
(0.00164239,-0.00651223)
(-0.00721913,-0.00173648)
(0.0123189,-0.0104068)
(-0.00209901,-0.00555261)
(0.00779342,-0.0109719)
(-0.00533427,-0.0133002)
(-0.00250748,-0.00521579)
(-0.00914726,-0.00985078)
(0.0017496,0.0101491)
(0.00327931,0.00317864)
(-0.0021811,0.0131979)
(0.0032955,0.0167939)
(0.00433865,0.00324559)
(0.018186,0.0335544)
(0.00747222,-0.00308913)
(0.0270913,0.0237836)
(0.0125553,-0.00103195)
(0.022849,0.0212488)
(0.00955762,-3.44722e-05)
(0.0111118,0.00956781)
(0.00547741,0.00459714)
(0.00378912,0.00389653)
(0.00643405,-0.0222675)
(0.0049894,-0.00437258)
(-0.000179897,-0.0204241)
(-0.00126319,-0.00667098)
(0.00585995,-0.00745931)
(0.0015636,0.0124837)
(-0.000228827,-0.00221602)
(0.000535323,0.0154883)
(0.00146296,0.00626796)
(0.0157988,0.0372179)
(0.000731467,-0.0017633)
(0.0218722,0.0435174)
(0.0138067,7.79104e-05)
(0.0362257,0.0383383)
(0.0104984,-0.0101751)
(0.027179,0.0356628)
(0.0117345,0.0047658)
(0.00988173,0.0175016)
(-0.000153207,0.00691363)
(0.00700946,-0.00098305)
(0.000620602,-0.0212238)
(-0.000947284,-0.0104261)
(0.000188184,-0.0204061)
(0.00311808,0.00459733)
(0.00877363,-0.0193161)
(0.00917508,0.0221819)
(0.014778,0.00467687)
(-0.00880127,0.0264116)
(-0.00545032,-0.010383)
(-0.00810244,0.0250447)
(-0.00741391,-0.0169504)
(0.00250453,0.0352905)
(-0.0146873,-0.00276184)
(0.0224871,0.0410887)
(-0.00592574,-0.0080511)
(0.0274519,0.0276499)
(-0.00291436,0.00155607)
(0.00599087,0.0153871)
(0.00231025,0.00471755)
(-0.0088435,-0.00780376)
(0.00426165,-0.00941253)
(-0.00759982,-0.0160356)
(0.0125418,-0.010614)
(0.00297343,-0.00304589)
(0.0241928,-0.00190628)
(-0.00696123,0.00598066)
(-0.00417079,-0.00166481)
(-0.0137802,0.00464809)
(-0.00858506,-0.00598914)
(-0.0179587,0.00353926)
(-0.021375,-0.0192044)
(-0.0154926,0.0214118)
(-0.0320485,-0.00857874)
(0.00300104,0.0276949)
(-0.0306848,-0.0133912)
(0.0166324,0.02651)
(-0.010361,-0.0179726)
(0.00833466,0.00945925)
(0.00360734,-0.0105003)
(-0.00386009,-0.00465591)
(0.0028295,0.00555368)
(-0.0149981,-0.0178976)
(0.0176857,0.00625546)
(-0.0266643,-0.000114492)
(0.0193839,0.0177751)
(-0.0135826,-0.00201576)
(-0.00378359,0.0124665)
(-0.0103501,-0.0133708)
(-0.00656494,-0.00147042)
(-0.011361,-0.00529845)
(-0.00551039,-0.00175918)
(-0.0224943,0.0166572)
(-0.0408909,-0.000497075)
(-0.0111442,0.0117069)
(-0.0388784,-0.0124403)
(-0.00251331,0.0260582)
(-0.00824926,-0.0202453)
(0.00219773,0.011639)
(0.00898382,-0.0171034)
(-0.00176039,-0.000145408)
(-0.00785599,0.00800922)
(-0.0230164,-0.0070624)
(0.0125471,0.0130822)
(-0.0199084,0.00514746)
(0.0197878,0.0123907)
(-0.0142603,-0.00693842)
(-0.0133987,-0.00861643)
(-0.01919,-0.00278865)
(-0.00903755,-0.0174365)
(-0.0302825,-0.0106995)
(-0.0216198,-0.00883932)
(-0.0371168,-0.00940582)
(-0.0330827,0.00398686)
(-0.0105269,0.00079623)
(-0.032356,-0.00489277)
(0.00392334,0.00856636)
(-0.0177862,-0.0128591)
(0.00222469,0.00854275)
(0.0127581,-0.0116641)
(-0.0098782,0.00482432)
(-0.000883026,0.00792339)
(-0.0195165,0.00276943)
(0.00838452,0.00801887)
(-0.0376477,0.00343977)
(0.0116551,0.0183608)
(-0.0152194,-0.00542342)
(0.00612251,-0.00964483)
(-0.0140765,-0.0251108)
(0.00486615,-0.00862093)
(-0.0206343,-0.0210814)
(0.0139672,0.0102943)
(-0.0196027,-0.0165292)
(-0.0018646,0.0203671)
(0.00311257,0.0013627)
(0.00187779,0.0121624)
(0.0182152,0.012009)
(0.012192,0.00343083)
(0.00353342,0.00402022)
(0.0163418,-0.00697472)
(-0.00303007,0.00415374)
(-0.0045274,0.00304975)
(-0.00891284,0.00351434)
(-0.00641052,-0.0020606)
(-0.00566021,0.000273367)
(-0.00112961,-0.00522994)
(-0.000141319,-0.0135585)
(0.000886118,0.00526749)
(-0.00934382,-0.0173501)
(0.0174596,-0.00719116)
(-0.0126107,-0.0211701)
(0.0326848,0.00881765)
(-0.00607177,-0.00232014)
(0.0249922,0.0125843)
(-0.0070912,0.00884249)
(0.0135633,0.00436251)
(0.0141902,0.0151672)
(0.0131831,-0.0041142)
(-0.00238809,-0.00424741)
(0.0112627,-0.0123698)
(0.0020953,0.0072654)
(0.00133645,0.00439647)
(0.0115615,0.00589103)
(-0.00421374,0.000253464)
(0.0179328,0.00526169)
(-0.0219558,-0.00405202)
(0.00174915,0.00240699)
(-0.021537,-0.0116259)
(0.00438038,-0.012298)
(-0.016219,0.00166616)
(-0.00428518,-0.00283428)
(-0.00175968,0.005817)
(-0.0120949,-0.00687077)
(0.00364095,0.00354147)
(-0.00713191,0.00229272)
(0.00882488,-0.00692997)
(-0.00144405,0.00920103)
(0.016384,-0.0208347)
(0.00581519,-0.00132378)
(0.0106502,-0.0166941)
(0.00891436,0.0142606)
(0.00677865,0.00841195)
(0.0125476,0.0107065)
(-0.00242537,0.00361027)
(0.0191632,0.00556743)
(-0.0162719,-0.00465128)
(0.0141186,0.00931308)
(-0.0261962,-0.0121752)
(0.00310509,0.00466905)
(-0.0259069,7.929e-05)
(0.00309858,-0.00123638)
(-0.015534,0.00807486)
(-0.00631652,-0.00504639)
(-0.00506768,0.00317802)
(-0.0109155,0.000761765)
(0.00852514,-0.00554964)
(0.00355067,7.05608e-05)
(0.0174556,-0.0237403)
(-0.00236366,0.00402983)
(0.0155278,-0.0168289)
(0.000532761,-0.000202124)
(0.00301316,-0.00951971)
(-0.00318621,-0.00192466)
(0.00898296,-0.0104883)
(-0.0115702,-0.00773133)
(0.0158681,0.00239414)
(-0.0204884,0.00349969)
(-0.00655866,0.00898653)
(-0.0116421,0.00636)
(0.00204489,0.0137798)
(0.008586,0.0267834)
(-0.00314233,0.00796552)
(0.0210803,0.0306034)
(0.00702887,-0.0111539)
(0.0350333,0.0367126)
(0.00681551,-0.0114223)
(0.036498,0.0258637)
(0.00920537,-0.00323594)
(0.0210956,0.0146565)
(-0.00639308,-0.00235371)
(0.00982305,0.00389399)
(0.00324602,-0.0173234)
(-0.00233454,0.00207354)
(0.0111091,-0.0165041)
(-0.00991616,0.0147497)
(0.00816169,-0.0182929)
(-0.0204618,0.0176328)
(0.0141886,0.0183541)
(-0.0212778,0.029526)
(-0.00709343,0.013452)
(-0.0113168,0.0281738)
(-0.0142997,-0.00133321)
(0.0144331,0.0399345)
(-0.00756025,-0.00156513)
(0.0350827,0.0355883)
(0.00830229,-0.00778712)
(0.0325676,0.035073)
(-0.000634934,-0.0078013)
(0.0159733,0.0180551)
(0.00773125,0.00669949)
(-0.000210361,-0.00201815)
(0.000763301,-0.0147555)
(-0.00076849,0.0106855)
(0.00776345,-0.0240417)
(0.00151679,0.0263075)
(0.00970496,-0.0112397)
(-0.0219237,0.0415858)
(0.00148093,-0.0106857)
(-0.0277097,0.0241339)
(0.00341561,-0.000585983)
(-0.0236053,0.00375359)
(-0.0261694,-0.0125319)
(0.000298371,0.0238641)
(-0.0309598,0.0171616)
(0.0181324,0.028176)
(-0.0257076,0.00685284)
(0.0186824,0.0276716)
(-0.00739659,-0.00268863)
(0.00434938,0.0119699)
(-0.0033192,0.00572925)
(0.000742278,0.00471056)
(-0.00672198,-0.00896913)
(-0.00556248,0.00209997)
(-0.00455817,-0.0100042)
(-0.00917244,0.0238726)
(0.00036852,-0.015225)
(-0.0068895,0.0268019)
(0.0017303,-0.012876)
(-0.00390314,0.00991048)
(-0.00909842,-0.0116254)
(-0.0332234,-0.0180989)
(-0.0100982,-0.0340103)
(-0.0118837,0.0129554)
(-0.0397706,0.00489795)
(0.00363722,0.0179612)
(-0.0300449,0.0154345)
(-0.00576971,0.0197359)
(-0.0145479,-0.00819888)
(-0.000616144,0.00680541)
(0.000872635,-0.00675627)
(-0.0017416,0.00486456)
(-0.00442706,0.00659297)
(-0.0121068,0.013872)
(-0.00323548,0.0141377)
(-0.00781963,0.0225353)
(-0.00217909,0.016119)
(0.00736371,-0.00958117)
(0.0251706,0.0138488)
(0.0174384,-0.0271405)
(0.0380121,0.0329807)
(0.0542273,-0.0510016)
(0.0759755,0.00216678)
(-0.00929828,-0.00784424)
(-0.00333357,0.0148883)
(0.0104766,0.0164162)
(-0.0394473,0.0116773)
(0.00603586,0.0115353)
(-0.0161344,-0.00853411)
(-0.00679281,0.00444716)
(0.00259234,-0.00899871)
(-0.00859444,0.0147963)
(0.00136765,0.00997934)
(-0.00752808,0.0159425)
(0.000545033,0.0176755)
(-0.0196808,0.0310106)
(-0.00942401,0.00392842)
(0.00280263,-0.0139144)
(-0.0328742,-0.0180542)
(-0.0223689,0.0376149)
(-0.0485063,-0.0310529)
(0.0330396,0.036402)
(-0.0331093,0.0215206)
(-0.00930111,-0.00998853)
(-0.00841026,0.0341934)
(0.00254159,-0.00553185)
(-0.0265769,0.00493304)
(0.00757058,0.000152853)
(-0.0126326,0.00535798)
(0.00301894,-0.00185835)
(0.00602251,-0.00709475)
(0.00375383,0.00447355)
(0.00140963,-0.00069972)
(-0.030631,0.0155499)
(0.00593012,0.00937968)
(-0.0294386,0.0263952)
(0.00528433,0.0150423)
(-0.0133817,-0.000767395)
(-0.00064115,-0.0122672)
(0.015343,0.0115405)
(-0.0114307,-0.0226722)
(-0.015231,0.000328323)
(-0.0135675,-0.00858727)
(0.00093048,-0.00120159)
(0.0207769,0.0188282)
(0.0194613,0.00442394)
(0.0198531,0.028338)
(0.0252422,0.00477573)
(0.00154882,0.010936)
(0.0105974,0.00206945)
(0.0193133,0.000827021)
(-0.00493091,0.00508891)
(0.0087466,-0.00276413)
(-0.00920773,0.00408735)
(0.00658621,-0.00219912)
(-0.0301684,0.0130573)
(0.00273693,0.0123468)
(-0.0367187,0.000762149)
(0.000348814,-0.00167978)
(-0.0110041,-0.0222603)
(0.0283347,-0.0095459)
(-0.0110168,-0.0167873)
(0.0322655,-0.00367955)
(0.00195958,0.00533078)
(0.037899,0.00986593)
(0.00783306,0.0166742)
(0.0275605,0.0154708)
(0.00964626,0.0199248)
(0.0175961,0.00544616)
(0.00868684,0.00569358)
(0.0140496,-0.00547788)
(0.00366268,0.00325276)
(0.00479549,-0.000911852)
(0.000822318,0.00976562)
(0.000820042,0.00497275)
(-0.00497488,0.00461934)
(-0.00873634,0.0047243)
(-0.00796701,0.00707065)
(-0.0206051,0.00628119)
(-0.014606,-0.00622827)
(-0.00678555,-0.00208028)
(-0.00598888,-0.0104303)
(-0.000600353,-0.00417421)
(0.000367726,-0.00166292)
(0.0100992,0.00784026)
(-0.00357052,0.0138321)
(0.00179718,-0.00201554)
(0.0077989,0.0149755)
(0.00662597,-0.0139229)
(0.00311081,0.0022556)
(0.0159893,-0.00954228)
(0.0089237,0.00486897)
(0.00228897,0.00781924)
(0.00752059,0.00866569)
(-0.00259831,0.00257316)
(0.00754115,0.00893399)
(-0.0163943,0.00327552)
(-0.00454216,0.017605)
(-0.0287489,-0.00306003)
(0.00188891,0.0026813)
(-0.0270731,0.00352501)
(0.00188865,0.00289446)
(-0.020661,0.00137828)
(-0.00402413,-0.00230257)
(-0.0140564,0.00267073)
(-0.0026045,-3.33155e-05)
(0.00456497,0.000118231)
(-0.00157393,0.00883726)
(0.00774467,-0.00717222)
(-0.00149431,0.000830906)
(0.0132636,-0.00959057)
(-0.00113511,-0.00865502)
(0.0055091,-0.00766321)
(0.00143183,-0.0076564)
(0.0114905,-0.00461684)
(-0.0112165,-0.00399999)
(0.00858194,0.00420645)
(-0.0290875,0.00503811)
(0.00537105,0.010865)
(-0.03263,0.0233569)
(-0.00967182,-0.000463174)
(-0.00869181,0.0246673)
(-0.0123053,-0.00770742)
(0.00997845,0.0281316)
(-0.0029218,-0.00333552)
(0.0210474,0.0285211)
(0.00484294,0.0026333)
(0.0203541,0.0245993)
(0.00246234,0.00184596)
(0.0163999,0.0114138)
(0.00156723,0.00903846)
(0.00763186,-0.00174792)
(0.00259422,-0.0122024)
(0.0104226,0.00764816)
(0.0161773,-0.0061257)
(-0.0105645,0.0152079)
(0.0154023,0.00337337)
(-0.0384614,0.0289685)
(0.0134717,0.010493)
(-0.0380687,0.0311868)
(-0.00678919,0.00707197)
(-0.0175763,0.0326683)
(-0.0197485,-0.00703388)
(0.0110425,0.030325)
(-0.0133726,0.00292715)
(0.0269413,0.0220513)
(-0.00723634,0.00550158)
(0.0175147,0.0121239)
(0.00365014,0.00862629)
(0.012373,0.00678792)
(-0.00209897,0.00948869)
(0.00351107,-0.00164371)
(0.00227886,-0.00709896)
(0.00731095,0.00904598)
(0.000235874,-0.00450517)
(-0.00407218,0.0259135)
(0.00960643,-0.010093)
(-0.0115415,0.0319059)
(0.00141568,-0.00107753)
(-0.0109007,0.0343571)
(-0.0233887,-0.00302967)
(-0.048771,-0.00236596)
(-0.0328426,-0.0248892)
(0.0113649,0.0124206)
(-0.0326354,0.0176217)
(0.0187498,0.00923629)
(-0.0195638,0.022861)
(0.0124834,0.00715379)
(-0.0145879,0.00662732)
(-0.00205203,-0.000692402)
(0.000554816,0.00773707)
(0.0030917,0.00652971)
(-0.0123323,0.00229202)
(0.00309974,0.0154271)
(-0.021329,0.00484594)
(0.000842732,0.0285713)
(-0.0194873,-0.00289131)
(0.0283733,0.0228684)
(-0.00604432,-0.00162234)
(0.0977504,0.00581396)
(-0.070747,-0.00985408)
(-0.0920568,-0.0471786)
(-0.0121363,-0.0996182)
(-0.0201017,-0.00606627)
(-0.0202698,0.00553847)
(0.0282473,0.00975543)
(-0.03023,0.0117186)
(0.00863654,0.00578659)
(-0.00776647,0.00755965)
(-0.013854,-0.00522632)
(-0.00276131,-0.00120905)
(0.00608771,0.012329)
(-0.0116601,0.0249833)
(0.0064635,0.0151002)
(-0.0264076,0.0326272)
(0.0116684,0.0152653)
(-0.00176502,0.0254754)
(0.0179715,-0.0245002)
(0.113714,-0.000411811)
(-0.0173305,0.00867657)
(-0.00938973,-0.00369178)
(0.0108716,0.0173793)
(-0.0059784,0.00835114)
(-0.0165151,-0.0029791)
(0.0277806,0.0457752)
(0.0261434,-0.00195404)
(-0.00200586,0.00379959)
(0.0143194,0.00590091)
(-0.003388,-0.00415376)
(0.00202095,-0.00297645)
(0.00339028,0.0045018)
(-0.000209481,0.0142367)
(-0.00297647,0.0225109)
(0.000692892,0.0341004)
(-0.00965518,0.0329197)
(0.0104835,0.0156143)
(-0.0181121,0.0132253)
(0.0544187,-0.0741729)
(-0.0487958,-0.0679827)
(-0.0139088,0.00384527)
(0.0203628,0.0187313)
(0.0013099,-0.00852632)
(0.00348209,-0.00407745)
(-0.0124639,-0.026544)
(0.0533804,0.0377152)
(0.0381565,-0.0113922)
(0.0100338,0.0214966)
(0.0233063,-0.000908242)
(-0.0101041,0.00206074)
(0.00424904,-0.00306343)
(0.00769867,0.00359785)
(-0.00264519,0.0195696)
(0.00304359,0.0139418)
(-0.0113097,0.0339192)
(0.00407601,0.025506)
(-0.0165507,0.0412841)
(0.00295359,0.0180055)
(0.00757307,0.00725261)
(-0.0205763,-0.0111964)
(0.0878446,0.0210108)
(-0.0396266,0.019801)
(-0.0505211,0.0021469)
(-0.086659,-0.0817477)
(0.0243815,0.00909162)
(0.0333759,-0.00341865)
(0.0326707,0.00315521)
(0.0249752,0.0136585)
(0.0352138,-0.00121298)
(0.0235161,0.0122823)
(0.0116554,0.000329982)
(0.00411606,-8.4323e-05)
(-0.00365885,0.0184321)
(0.0119508,0.00213085)
(-0.0193165,0.0246227)
(0.0105125,0.0117409)
(-0.0241165,0.0284845)
(0.00309943,0.0163088)
(-0.0182619,0.00591005)
(0.018848,-0.00284784)
(0.0123716,0.00242121)
(0.0113821,-0.0259647)
(0.00127196,-0.00672394)
(0.00156654,-0.0296048)
(0.0226858,0.0140574)
(0.0332967,0.00194291)
(0.0230016,0.0108835)
(0.0323064,0.0120045)
(0.0205076,0.00177176)
(0.0113419,0.00439297)
(0.0139037,-0.000502743)
(0.00947618,-0.00229185)
(-0.00308602,0.0124272)
(0.0129243,0.00377171)
(-0.00540988,0.0156015)
(0.00930549,0.00400767)
(-0.0130142,0.0169808)
(-0.00791072,0.00978037)
(-0.0193921,0.00527201)
(-0.0163097,-0.0036551)
(0.00212306,-0.00863355)
(-0.00391035,-0.012987)
(0.00631223,-0.0131093)
(-0.0112538,-0.015824)
(0.0106378,-0.00420128)
(0.00060158,-0.000167202)
(0.00355064,-0.00223388)
(-0.00681395,0.011382)
(0.00337082,0.00260189)
(-0.00644344,-0.00316815)
(0.00570962,-0.00652016)
(0.000328435,-0.00873342)
(0.00754363,0.00487076)
(0.00721391,0.00382044)
(0.000243149,0.0117912)
(-0.00258011,0.00350864)
(0.000855591,0.0073502)
(-0.0179702,-0.00486)
(-0.00317572,0.00736756)
(-0.0210102,-0.00483425)
(-0.00105006,-0.00303779)
(-0.0178883,-0.0156874)
(0.0135775,-0.00234483)
(-0.0224973,-0.0168582)
(0.0105168,-0.0122774)
(-0.023194,-0.00404399)
(0.00596799,-0.00447418)
(-0.00924821,0.0058765)
(0.000817314,0.00284935)
(-0.00220766,-0.00071735)
(-0.00492288,-0.00168774)
(-0.00185308,-0.00517405)
(0.00288699,-0.00752171)
(0.00242007,0.00233318)
(0.0048984,-0.000378147)
(0.00824443,0.00483823)
(-0.0132651,-6.90116e-05)
(0.00971895,0.000913757)
(-0.0381196,0.0185654)
(-0.00131568,0.00643119)
(-0.0297697,0.0249296)
(-0.00490757,-0.00923137)
(-0.0218392,0.0368446)
(-0.0110011,-0.0111119)
(0.00274043,0.0288231)
(-0.0038372,-0.00788864)
(0.00910097,0.0226168)
(0.00122546,0.00590465)
(0.00313687,0.0141868)
(0.00762474,0.0133072)
(0.00562019,0.00664235)
(-0.00143867,0.00870741)
(0.00703889,-0.00307084)
(0.0110963,-0.00258867)
(0.00345286,-0.00840218)
(0.00717311,0.00195973)
(-0.020542,0.00464178)
(0.00393855,-0.000368613)
(-0.0417339,0.0197352)
(-0.00868204,0.0125045)
(-0.0513625,0.038787)
(-0.0079193,0.000563098)
(-0.0345021,0.0335671)
(-0.0159554,-0.0168949)
(-0.00996356,0.0335455)
(-0.0107646,0.00302372)
(0.00680372,0.0215536)
(-0.00243305,0.00646221)
(0.00630378,0.00108667)
(0.00282289,0.00600304)
(0.00838827,-0.00244388)
(0.00654656,0.0149711)
(0.000982435,-0.0151349)
(-0.00188216,-0.00515321)
(0.00030694,-0.00762355)
(-0.000975223,0.00206152)
(-0.0113042,0.00297855)
(-0.0136757,0.00272749)
(-0.0259842,0.0222048)
(-0.0100911,0.00019274)
(0.00945908,0.0105141)
(-0.0124683,0.0180943)
(-0.0419255,0.00730277)
(0.0128136,0.000450694)
(2.75744e-05,0.0154871)
(-0.0121583,0.0112841)
(0.0110865,0.00953324)
(-0.00804141,0.0146909)
(0.000522146,-0.00528731)
(-0.00240307,0.00381638)
(-0.00668559,-0.00134051)
(-0.00269704,0.00908004)
(-0.00405951,-0.00359968)
(-0.0108947,0.0076283)
(-0.00271578,-0.00214229)
(-0.0284146,0.00877277)
(-0.0139417,0.0175142)
(-0.0359149,-0.00908405)
(0.00356585,0.00719989)
(-0.000458344,0.0138153)
(0.150151,-0.0489253)
(0.0004052,0.0554387)
(-0.0386333,-0.0792946)
(0.107621,0.00630778)
(-0.0150912,0.000747546)
(0.0371936,-0.00303547)
(0.0315048,0.0103947)
(-0.00459382,0.0157412)
(0.00301801,0.0103071)
(-0.00355187,0.00457353)
(-0.00594572,-0.00354688)
(-0.00341167,0.0072912)
(0.00417237,0.00715632)
(-0.00917922,0.0197683)
(0.00364563,0.0135343)
(-0.0341698,0.0238208)
(-0.0106765,0.0371811)
(-0.0129144,0.0128417)
(-0.0690876,0.0104848)
(0.0972074,0.0320138)
(-0.0118983,0.00401539)
(-0.0156795,-0.0106635)
(0.000347111,0.00103315)
(-0.0140601,0.0233222)
(0.000216342,0.035793)
(-0.011431,-0.0747303)
(0.0163445,-0.00813346)
(-0.00584764,-0.0140916)
(0.00753491,-0.000805432)
(-0.0113646,0.0067748)
(-0.0045266,-0.00429345)
(-0.00707846,0.0113515)
(0.00714131,0.0160698)
(0.00240846,0.0157271)
(0.0061681,0.0294799)
(-0.0123311,0.0249792)
(0.00497444,0.0399696)
(-0.0324609,0.0101169)
(-0.0193972,-0.0191489)
(-0.0490833,-0.0134469)
(0.00853938,0.00068602)
(-0.00756363,-0.029187)
(0.0203218,-0.0121219)
(0.0246852,0.00501673)
(-0.00764289,0.0288888)
(-0.0642792,-0.0387849)
(0.026336,-0.0133567)
(-0.0367515,0.0024562)
(0.0223121,-0.0184604)
(-0.0143252,0.0209132)
(0.0064444,-0.0097046)
(-0.0127874,0.0175309)
(-0.00282501,0.0102468)
(0.00923201,0.00659921)
(-0.0126069,0.0274239)
(-0.000867097,0.0165771)
(-0.00869509,0.0404737)
(-0.000778232,0.0146145)
(0.00797776,0.0357652)
(0.0214537,0.00731747)
(0.0230201,0.0396622)
(0.0799332,0.102152)
(-0.114285,0.0103078)
(-0.00470972,-0.00386141)
(-0.0178826,0.00990787)
(-0.00428405,-0.00757321)
(0.0396967,-0.0163449)
(-0.00334549,0.0194203)
(0.020199,-0.0168294)
(-0.00534401,0.0246378)
(0.0148603,-0.00701322)
(-0.00475,0.0149402)
(-0.012066,0.00910027)
(0.0149059,-0.00459255)
(-0.00968149,0.0196476)
(0.01336,-0.00243483)
(-0.0174952,0.0263987)
(-0.00116276,0.00455919)
(-0.0106748,-0.000599213)
(0.0112072,-0.00528645)
(0.00107856,-0.00247433)
(0.0336708,-0.00205672)
(-0.0254002,-0.0106668)
(0.0142209,-0.0181346)
(0.0168447,-0.0167009)
(0.0123546,0.00172825)
(0.0178956,-0.0194902)
(0.00554993,0.0180338)
(0.0151809,-0.0149138)
(0.00449308,0.0109116)
(0.0129532,0.00275291)
(-0.000304406,-0.000102524)
(-0.00342995,0.00416712)
(0.0142052,-0.00159135)
(-0.00793612,0.0182173)
(0.00315304,0.000385568)
(-0.00578674,0.0187228)
(-0.00559418,-0.00960543)
(-0.00853828,0.0128865)
(-0.00807479,-0.0139824)
(-0.00293301,-0.0164012)
(-0.00553512,-0.0230549)
(0.00589516,-0.0149782)
(-0.0130795,-0.0221241)
(0.00797476,-0.0197843)
(-0.00841358,0.0020984)
(0.00666775,-0.00847301)
(-0.00262195,0.000377293)
(0.0105159,-0.00620213)
(-0.00600911,-0.000235078)
(-0.00201462,-0.00763004)
(0.00138016,-0.00981618)
(0.00512999,0.00765958)
(-0.00107986,0.00275841)
(-0.00292857,0.0148196)
(-0.00997887,-0.003093)
(-0.00680885,0.0144866)
(-0.0127019,-0.0102746)
(-0.0131114,0.00903547)
(-0.0138675,-0.0158434)
(0.00555702,-0.00847146)
(-0.0203637,-0.0302791)
(0.00890329,-0.00946727)
(-0.0174937,-0.0190783)
(0.0183369,-0.0126766)
(-0.0167664,-0.00984161)
(0.00952912,-0.00729042)
(-0.0104571,0.00544099)
(0.00255923,-0.0107152)
(-0.00901212,0.00752313)
(-0.00221388,-0.000490734)
(-0.00582109,-0.00271862)
(0.00504169,-0.00941733)
(0.00969542,0.00304572)
(0.0107947,-0.0109316)
(0.0106108,0.0106195)
(-0.0151504,-0.00832348)
(-0.00193361,0.00422308)
(-0.0236591,0.00545553)
(-0.00806393,0.00244367)
(-0.0253027,0.0225885)
(-0.0115102,-0.00953101)
(-0.00989215,0.0127948)
(-0.0118243,-0.0151406)
(-0.00420405,0.0155514)
(-0.0161554,0.00307312)
(-0.00198695,0.0064001)
(-0.00961488,0.00551922)
(-0.000545953,0.00412509)
(-0.00889587,0.000896099)
(-0.00550024,0.00786519)
(-0.00997378,-0.00049903)
(0.0098452,-0.0172816)
(0.00592232,-0.00152283)
(0.00759645,-0.0163708)
(0.0134735,-0.000143533)
(-0.0119244,-0.0204653)
(-0.0120103,0.00822052)
(-0.0380814,0.00305893)
(-0.0222325,0.00174531)
(-0.0309656,0.0173482)
(-0.0286762,-0.0023802)
(-0.0305916,0.0289643)
(-0.0212013,-0.00612322)
(-0.0121195,0.0138606)
(-0.0296552,0.00195767)
(-0.00257783,-0.00272851)
(-0.0195845,0.00912918)
(-0.00699378,-0.00781406)
(-0.0187725,0.00217605)
(-0.000325049,-0.00430757)
(-0.0129804,0.00289284)
(0.00165863,-0.0132051)
(0.00123343,-0.0044941)
(-0.00352691,-0.0221068)
(-0.00519771,-0.00230766)
(-0.0143414,-0.0190758)
(-0.0217442,-0.00111558)
(-0.0275859,0.000803606)
(-0.0316881,-0.00680106)
(-0.0245143,0.0108828)
(-0.0262881,-0.00578404)
(-0.0374348,0.0166269)
(-0.0218974,-0.010622)
(-0.0117462,0.0159494)
(-0.0232627,0.0150167)
(4.98748e-05,-0.00320739)
(-0.0245995,0.0126042)
(-0.00564115,-0.0056646)
(-0.0241904,0.00106232)
(-0.0045101,-0.00793136)
(-0.0124626,0.00882054)
(-0.0143434,-0.00813513)
(-0.00245938,-0.00601101)
(-0.00720233,-0.0223816)
(-0.0218035,-0.00159141)
(-0.017949,-0.0117121)
(-0.0358392,-0.009836)
(-0.0180227,-0.000686539)
(-0.0375726,-0.0259287)
(0.0218507,-0.0129733)
(-0.00235237,0.000964744)
(-0.00143775,-0.0142649)
(0.0238587,-0.0144354)
(-0.00103762,0.00672142)
(0.00576736,0.0226106)
(0.00209803,0.00208195)
(-0.0108845,0.028925)
(-0.0119143,0.00228951)
(-0.0132586,0.0125639)
(-0.00978601,0.000948509)
(-0.0149435,0.0109095)
(0.00911977,0.0041009)
(-0.00872107,0.00215466)
(0.00393558,0.00264495)
(-0.0309984,0.00153114)
(-0.00845255,0.0116733)
(-0.0374731,-0.00981177)
(-0.0127978,0.0185481)
(0.0167802,-0.019759)
(0.00981562,0.00343465)
(0.0224385,0.0218313)
(0.0264117,0.0178873)
(-0.0139614,-0.0669171)
(0.0145275,-0.00359831)
(0.00882521,-0.009243)
(0.014509,-0.0220668)
(0.00171332,0.0251169)
(-0.00125529,-0.0129471)
(-0.0117735,0.0211899)
(-0.00127645,-0.00598442)
(-0.016269,0.0166867)
(0.00578534,0.00803464)
(-0.00563851,0.00544126)
(0.00884761,0.0126944)
(-0.014254,0.00462154)
(0.010981,0.0272863)
(-0.0267899,-0.0143579)
(0.00409738,0.00490267)
(-0.0262254,0.00296019)
(-0.0337881,-0.0267803)
(-0.034713,0.113275)
(-0.0222909,0.023374)
(-0.0489891,0.0204954)
(0.0071452,-0.00709309)
(-0.032685,0.0135847)
(0.0214182,-0.0372507)
(-0.011504,0.0323245)
(0.0139034,-0.0230256)
(-0.0145463,0.0260653)
(0.00582867,-0.0135506)
(-0.0217953,0.0157315)
(-0.000151572,0.00697463)
(0.00440434,0.00502787)
(0.00968765,0.00859971)
(0.00103015,0.0156762)
(0.00572171,0.0224379)
(0.00799934,-0.00833307)
(0.0197047,0.00434494)
(0.0149589,-0.0283719)
(0.00420872,-0.00895815)
(0.0442869,0.0197822)
(-0.0319643,-0.0122654)
(0.0191294,-0.0186494)
(0.0132869,-0.0269837)
(0.00209786,0.00312069)
(0.0279002,-0.0382789)
(0.000194125,0.0230231)
(0.0183066,-0.0339133)
(-0.0109699,0.0174664)
(0.0106647,0.000442756)
(-0.0164314,0.0119024)
(-0.0053175,-0.00287863)
(0.0180735,0.00263691)
(0.00497151,0.0018432)
(0.0104839,-0.00125523)
(0.012301,-0.00104783)
(0.00183908,-0.01235)
(0.0144075,-0.000760234)
(0.0204991,-0.0413149)
(0.0201759,-0.0283988)
(0.0230706,-0.042306)
(0.00388001,-0.0250309)
(0.0226059,-0.0346095)
(0.0162383,-0.0402711)
(0.0150595,0.00823974)
(0.0103342,-0.0290328)
(0.00823951,0.0129586)
(0.0097932,-0.0141254)
(-0.000982293,0.0135137)
(0.00530918,-0.00962716)
(-0.0127961,0.00561281)
(0.00393816,0.00184523)
(0.0120461,-0.00324735)
(0.00652813,-0.00182215)
(0.0116507,-0.00952562)
(-0.000831592,0.00875117)
(-0.000704371,-0.0184706)
(-0.00274144,-0.00720393)
(-0.00731041,-0.0426389)
(0.00418245,-0.0178888)
(0.0104306,-0.0517618)
(0.00384211,-0.039935)
(0.00104152,-0.0257362)
(0.00616262,-0.0253577)
(0.00643452,-0.00823586)
(0.00697095,-0.0250584)
(0.00295092,0.00613692)
(-0.00232619,-0.0118088)
(-0.00779859,-0.00231195)
(-0.00106698,0.00727195)
(-0.00446261,-0.0067957)
(0.00911747,-4.74567e-05)
(-0.00136926,0.00510449)
(-0.000933502,0.00436118)
(-0.00481026,-0.00300982)
(-0.00316221,0.00370385)
(-0.00063923,-0.0164001)
(-0.00780766,-0.00244273)
(-0.00781167,-0.0336438)
(-0.00640212,-0.0165424)
(-0.00412321,-0.035778)
(0.0138413,-0.0104166)
(-0.00670433,-0.0314724)
(0.00772994,-0.0178494)
(-0.00533658,-0.00944407)
(0.00880834,-0.0122599)
(-0.0074942,-0.00608534)
(0.00664276,0.0018109)
(-0.00366401,0.00237748)
(-0.00538959,0.00140053)
(-0.00475362,-0.000870704)
(-0.000359696,-0.00780373)
(0.00517585,0.00854717)
(-0.00283832,-0.00956971)
(0.00740088,0.00671454)
(-0.00638523,-0.00692075)
(-0.00601659,0.00299013)
(-0.0176652,0.00465247)
(-0.001135,-0.00224488)
(-0.0169832,0.0081443)
(0.00170324,-0.00625445)
(-0.0152873,0.00883968)
(0.00242121,-0.00665315)
(-0.00786712,0.00453055)
(-0.00560579,0.00269795)
(-0.00436845,-0.00399555)
(-0.00730677,0.000943565)
(-0.00965152,-0.0045858)
(-0.0168913,-0.010621)
(-0.00444067,-0.00179769)
(-0.0143765,-0.0070716)
(0.000295414,-0.00732741)
(0.013895,-0.00485849)
(0.00371236,-0.0198057)
(0.00938783,-0.00618937)
(-0.0153507,-0.0192226)
(-0.0054968,-0.00560304)
(-0.0314749,-0.00225051)
(-0.016785,0.000562123)
(-0.0258556,0.0128191)
(-0.00214569,-0.00946095)
(-0.0220013,-0.00268205)
(-0.000195518,-0.0055216)
(-0.00980219,-0.013621)
(-0.00865166,0.013447)
(-0.0138795,-0.0189069)
(-0.0177176,0.00534794)
(-0.0146947,-0.0161085)
(-0.0210877,-0.00461817)
(-0.0107069,-0.00449262)
(-0.0133292,-0.00459733)
(-0.00465272,-0.013461)
(0.01393,-0.0199641)
(0.00111796,-0.0175367)
(0.0144296,-0.0118119)
(-0.00820588,-0.0163971)
(-0.0161992,-0.0167016)
(-0.0190569,-8.6678e-05)
(-0.0216959,-0.015379)
(-0.0174175,-0.00108363)
(-0.0160553,-0.00529927)
(-0.0269926,-0.00210409)
(-0.00747907,0.0102311)
(-0.0158379,-0.012616)
(-0.0148031,0.0182058)
(-0.0118336,-0.0194599)
(-0.0226437,0.0190489)
(-0.0197398,-0.0127084)
(-0.0217341,-0.00273709)
(-0.00672783,-0.00737197)
(-0.0170186,-0.00461485)
(-0.0142681,-0.00730928)
(0.00968002,-0.0213284)
(-0.0116388,-0.0154667)
(-0.00576349,-0.0266239)
(-0.00512974,-0.0152858)
(-0.0358937,-0.0187375)
(0.00130023,-0.00973796)
(-0.0336332,-0.0316388)
(-0.00765149,-0.00057246)
(-0.0201708,-0.020285)
(-0.0231805,0.00085703)
(0.0115166,-0.0029732)
(-0.0156122,-0.00241639)
(-0.000360708,0.0286383)
(-0.0158092,-0.00352958)
(-0.00419504,0.022929)
(-0.0173125,-0.00801185)
(-0.0127545,0.00259146)
(-0.00837503,-0.00246055)
(-0.0149975,-0.00170871)
(-0.0102671,0.00097792)
(-0.00358533,-0.0204661)
(-0.00520718,-0.00463462)
(-0.028746,-0.0195492)
(0.00662962,0.00536722)
(-0.0343994,-0.0222423)
(0.012724,0.0121115)
(-0.0147922,-0.0254924)
(0.0182395,0.0139329)
(0.02286,-0.0276982)
(0.0109695,0.00104225)
(0.0162082,-0.0256981)
(-0.00741106,-0.00686724)
(0.03024,0.026773)
(0.000359038,-0.0185791)
(0.0101233,0.0341195)
(-0.0151696,-0.0104456)
(-0.00463362,0.0119739)
(-0.0083506,-0.0045117)
(-0.00658831,0.00836245)
(-0.00216652,-0.00169259)
(0.00110165,-0.00452811)
(0.00507496,0.0141364)
(-0.00630109,-0.0104946)
(0.0177056,0.0217785)
(-0.00965977,-0.0188919)
(0.0261443,0.0272939)
(-0.0031083,-0.0370081)
(0.0172543,0.00181249)
(0.0183085,-0.0146541)
(0.00732412,0.0123435)
(0.0246848,-0.0237325)
(0.00459047,-0.00793395)
(0.0231205,0.0109465)
(0.0147545,-0.0275508)
(0.0113137,0.0229685)
(0.0134795,-0.0240116)
(-0.00983775,0.0290921)
(0.00370676,-0.00968325)
(-0.0170203,0.0190238)
(-0.00303721,-0.00380903)
(0.00817448,0.00498466)
(0.00959045,0.0019113)
(0.0142057,0.00311602)
(0.0194454,0.0077898)
(0.016697,-0.0118812)
(0.0218297,0.0109073)
(0.0278036,-0.040649)
(0.0334176,0.00675079)
(0.0365751,-0.0476117)
(0.00227176,-0.00137279)
(0.0347702,-0.0427207)
(0.0163706,-0.0130655)
(0.0320539,-0.00530565)
(0.0240597,-0.024486)
(0.0130683,0.0163453)
(0.0117991,-0.00711444)
(-0.00399715,0.0159058)
(0.0117023,-0.000451377)
(-0.0169945,0.0139782)
(-0.00687461,-0.0142791)
(0.0135755,0.000919097)
(0.0238747,-0.0131665)
(0.0156755,-0.00301273)
(0.0266968,-0.00610681)
(0.0221806,-0.0130822)
(0.0224781,-0.0145292)
(0.0191496,-0.0379514)
(0.0186718,-0.00889767)
(0.039882,-0.0540317)
(0.0106415,-0.025282)
(0.0293612,-0.0359758)
(0.0082062,-0.0125437)
(0.0276877,-0.0102094)
(0.0115575,-0.0156339)
(0.00588903,0.0134719)
(5.18198e-06,-0.00880495)
(-0.0167669,0.0194689)
(-0.00310212,0.00662876)
(-0.0148313,0.0177398)
(0.0136344,-0.00814134)
(0.0109737,0.0048032)
(0.0128147,-0.0126168)
(0.0037407,-0.00258426)
(0.0175757,-0.00783093)
(0.00722583,-0.0177237)
(0.0143289,-0.0119823)
(0.00840904,-0.0396881)
(0.00848889,-0.023685)
(0.0137001,-0.0387769)
(0.00965889,-0.0198292)
(0.0183741,-0.0338459)
(0.00115645,-0.0219214)
(0.0112314,0.000222184)
(0.000702486,-0.0137761)
(-0.000738495,0.00551935)
(-0.0103564,0.00605929)
(0.000901969,0.0132713)
(-0.014151,0.00497847)
(-0.00354711,0.0103928)
(0.0125813,-0.00535276)
(-0.00672736,0.00745574)
(0.012367,-0.012142)
(-0.00685032,-0.00648349)
(0.00339046,-0.00802174)
(0.00135213,-0.0136221)
(0.000915605,-0.0062781)
(-0.00726374,-0.0226831)
(0.00797807,-0.0230327)
(-0.000437301,-0.0261084)
(0.00640846,-0.0226735)
(9.02294e-05,-0.0175534)
(-0.00023515,-0.0107088)
(-0.00444462,-0.0137916)
(-0.00168442,-0.00406472)
(0.00244409,-0.00277219)
(-0.0064103,0.0013967)
(-0.00579407,0.0035045)
(-0.00478098,0.00762578)
(-0.0102406,-0.00569262)
(-0.00490538,-0.0093911)
(0.0011996,0.00482865)
(-0.00486163,0.0073162)
(0.00351448,0.0141689)
(-0.0148815,0.0179126)
(-0.0020986,-0.00442686)
(-0.0138175,0.0184958)
(-0.00126884,-0.000946966)
(-0.0160749,0.0108092)
(0.0061326,-0.01204)
(-0.0133817,-0.000812133)
(0.0113512,-0.00527831)
(-0.0142269,-0.00652761)
(-0.00587309,-0.000381253)
(-0.0102336,-0.0074732)
(-0.00278691,-0.00205462)
(-0.0171313,-0.0144523)
(-0.0151959,-0.0111414)
(-0.0117571,-0.00671784)
(-0.0175939,-0.0111163)
(0.00897725,-0.00963369)
(0.00487652,-0.00205021)
(-0.000516801,-0.00588327)
(0.00117762,-0.00651152)
(-0.00549566,0.00512973)
(-0.00709186,-0.010517)
(-0.0219995,0.0224037)
(-0.00425931,-0.0110498)
(-0.0134803,0.0188948)
(0.010077,-0.00902635)
(-0.0182368,-0.00275555)
(0.012104,-0.00182764)
(-0.0179752,-0.0117426)
(0.00187392,0.00355062)
(-0.0179061,-0.0123996)
(-0.00250307,-0.00567749)
(-0.0180791,-0.0103208)
(-0.0227313,-0.0129473)
(-0.0174137,-0.0141123)
(-0.0142138,-0.0143302)
(0.000938445,-0.00822307)
(0.00759289,-0.0197706)
(0.0121854,-0.0112679)
(0.0189941,-0.0236696)
(0.00452563,-0.0024529)
(0.00112994,-0.0201276)
(-0.00591502,0.00873634)
(0.000519952,-0.0134951)
(-0.01279,0.0136809)
(0.0159788,-0.00274048)
(-0.01655,-0.00432201)
(0.0209527,0.00437197)
(-0.0123837,-0.0137973)
(0.00863644,0.012993)
(-0.0245384,-0.0129753)
(0.000119263,0.00076561)
(-0.020223,-0.00917934)
(-0.00728544,-0.0145402)
(-0.0154049,0.00318912)
(-0.0102383,-0.0123523)
(-0.00751107,-0.00133746)
(0.0102677,-0.0204708)
(-0.000248583,-0.0131535)
(0.00365521,-0.0212539)
(0.0178202,-0.0112526)
(-0.0193824,-0.0208973)
(0.00535313,0.00292912)
(-0.0122699,-0.019416)
(0.0104747,0.00588381)
(0.0115041,-0.0155627)
(-0.0100395,0.00408381)
(0.028571,0.00599493)
(-0.00862661,-0.00132677)
(0.0146971,0.0178856)
(-0.00895919,-0.0135604)
(0.00869367,0.0116877)
(-0.0125193,-0.00347811)
(-0.000223392,-0.0105161)
(-0.00369124,-0.00894953)
(-0.0112123,-0.0150635)
(-0.0117921,-0.00190664)
(0.000331006,-0.0217459)
(0.0112557,-0.0059417)
(-0.00833541,-0.0299709)
(0.0133581,0.000391386)
(-0.0223664,-0.0147207)
(0.0280882,0.0144507)
(-0.00668433,-0.0258846)
(0.0226946,0.0221748)
(0.0125683,-0.0252536)
(0.00628886,0.0109765)
(0.039868,-0.0103017)
(0.0074024,-0.00488129)
(0.0284276,0.0138409)
(-0.00242911,-6.35706e-05)
(0.0191381,0.00761532)
(-0.00636087,-0.0114429)
(0.00245948,-0.00652955)
(-0.00202942,-0.0069749)
(-0.0061604,-0.00324174)
(-0.011022,-0.0024696)
(0.00592226,-0.0139132)
(0.00188653,0.00825708)
(0.00886289,-0.0137729)
(0.0241285,0.0181343)
(-0.00724542,-0.00927741)
(0.025129,0.02146)
(0.00597011,-0.022631)
(0.0303089,0.0279842)
(0.0190213,-0.0366129)
(0.0154361,0.0168663)
(0.0311491,-0.0257501)
(0.00608507,0.00579697)
(0.0258804,-0.00439071)
(0.00519194,-0.00965323)
(0.0155146,0.0124674)
(0.00376829,-0.0030347)
(-0.00738725,0.0110391)
(0.00990864,-0.00646766)
(-0.00818786,0.00911682)
(-0.0129787,-0.00868096)
(0.00612314,-0.000293348)
(0.00256636,-0.00532906)
(0.00851144,-0.00449331)
(0.0242042,0.00434551)
(0.0189693,-0.0041609)
(0.0266776,0.00810789)
(0.0227403,-0.019061)
(0.022981,0.00610292)
(0.0293284,-0.0397007)
(0.0212983,-0.00210427)
(0.033033,-0.036009)
(0.0127506,0.00447328)
(0.0229718,-0.0124716)
(0.0162078,0.0116158)
(0.00905133,0.00395904)
(0.0105311,-0.00535027)
(-0.0140944,0.0200585)
(0.00614812,0.00281083)
(-0.0168405,0.0194737)
(-0.00744388,-0.0154332)
(0.00562688,-0.0037679)
(0.0010194,-0.0157909)
(0.0169789,-0.0107725)
(0.0193642,-0.0064509)
(0.0214239,-0.0158963)
(0.0209954,-0.0108563)
(0.0170471,-0.0272131)
(0.0216197,-0.0107581)
(0.0248432,-0.0372638)
(0.0186077,-0.00703884)
(0.0217051,-0.0359504)
(0.0183044,-0.0038172)
(0.0175066,0.00033957)
(0.0117573,-0.00152372)
(-0.00280806,0.023911)
(-0.00463215,0.00426645)
(-0.00656776,0.0292014)
(-0.00512452,-0.00244105)
(-0.0135199,0.0214418)
(0.00172901,-0.00288234)
(-0.00617573,0.00215058)
(0.00407347,-0.0116238)
(0.00122582,-0.015885)
(0.00552517,-0.0106629)
(0.0126897,-0.0172902)
(0.0112165,-0.0199786)
(0.0159395,-0.0308014)
(0.0108365,-0.0248263)
(0.0176273,-0.0270839)
(0.0174556,-0.0305723)
(0.0239033,-0.0181034)
(0.0104951,-0.0143292)
(0.0175505,0.00691122)
(-0.000528492,-0.00316513)
(0.0115454,0.0208581)
(-0.011269,0.00256755)
(0.00263719,0.0249129)
(-0.0121201,0.00394957)
(-0.000593184,0.0135604)
(0.00527836,-0.00423104)
(-0.00237964,-0.00281048)
(0.00500826,-0.000760006)
(-0.00977427,-0.015455)
(0.000417239,-0.00655738)
(-0.00150137,-0.0147229)
(0.00301336,-0.0149672)
(-0.000966607,-0.0148953)
(0.00477626,-0.0240817)
(0.00800848,-0.0082803)
(0.0126179,-0.0204098)
(0.00843757,-0.0115107)
(0.00233352,-0.0131371)
(0.0106836,-0.00172721)
(0.00358766,-0.00364207)
(0.00797726,0.00533152)
(-0.00384638,0.00533756)
(0.00858462,0.0085808)
(-0.00681668,0.0102956)
(0.00858081,0.013642)
(0.00337854,0.00169807)
(-1.24448e-05,0.00310776)
(0.00407977,0.00806163)
(0.00234298,0.0103965)
(-0.00819105,0.0211978)
(-0.000999659,0.00766328)
(-0.0127173,0.0201949)
(0.00657254,-0.000501449)
(-0.00895924,0.00727395)
(0.0114864,0.0027853)
(-0.00993886,0.00356983)
(0.0111618,-0.000383039)
(-0.00724496,0.00287858)
(0.00395313,0.00378828)
(-0.00946434,-0.003628)
(-0.000978,-0.0104974)
(-0.0117313,-0.0103223)
(-0.01592,-0.00953731)
(-0.00855808,-0.00409481)
(-0.0115758,-0.00548685)
(0.00408331,-0.00327013)
(0.00905841,-0.000948222)
(0.0124086,-0.00280699)
(-0.00103466,0.00380528)
(-0.00276961,0.0100123)
(-0.00392084,-0.00527621)
(-0.00473476,0.0200741)
(0.00132349,0.00017231)
(-0.010893,0.0125548)
(0.0149088,-0.0107066)
(-0.010027,0.00913656)
(0.0185606,-0.00526613)
(-0.0137381,-0.00027753)
(0.00697487,-0.00458294)
(-0.0148565,-0.00597473)
(0.00172715,-0.0111546)
(-0.0211417,-0.00956073)
(-0.0136538,-0.018144)
(-0.0108213,-0.00268789)
(-0.0102728,-0.0138156)
(0.0110632,-0.00498954)
(0.00787135,-0.0114339)
(0.0106019,-0.00264013)
(0.00535259,-0.0176828)
(0.013705,-0.000386113)
(-0.000668778,-0.014945)
(0.00362088,0.018499)
(0.00426299,-0.0108167)
(-0.00413161,0.0139725)
(0.0197045,-0.00772991)
(-0.00639581,-0.000733316)
(0.0251227,-0.00205146)
(-0.00703529,-0.00261933)
(0.0135465,-0.00442239)
(-0.00737834,-0.00729276)
(0.00706393,-0.00813192)
(-0.0114465,0.00246829)
(-0.00593391,-0.0165571)
(-0.00446093,0.0032444)
(-0.0104034,-0.0157252)
(-0.00295487,0.00416102)
(0.00409353,-0.00840031)
(0.0142828,-0.0050381)
(0.00754434,-0.0138337)
(0.0107802,-0.00726385)
(-0.00271826,-0.00447239)
(0.0208048,0.00472981)
(0.00220154,-0.00575163)
(0.0042341,0.00831093)
(0.0207184,-0.0107806)
(0.00935228,0.00278883)
(0.0291142,-0.00214868)
(0.00552989,-0.00402501)
(0.0257007,-0.00100261)
(-0.00826905,-0.00288923)
(0.0096001,-0.00251488)
(-0.00641017,-0.00471577)
(5.30908e-05,-0.0135569)
(-0.00243637,0.00151865)
(-0.00177924,-0.0129725)
(-0.00116887,-0.00297452)
(0.000766672,-0.0138301)
(0.00105942,-0.0013667)
(-0.00227959,-0.0153477)
(0.0225131,-0.00414701)
(-0.00902575,-0.01042)
(0.00961987,0.0146169)
(0.00537824,-0.00820534)
(0.0220911,0.015363)
(0.0233336,-0.0129022)
(0.0158903,0.00877869)
(0.0248561,-0.0095434)
(0.0104143,-0.00364042)
(0.0254568,-0.00996459)
(0.00304511,-0.00711505)
(0.0118374,-0.00488864)
(0.000727213,-0.0113305)
(0.00170552,-0.0124639)
(0.00287315,-0.0134835)
(-0.00710229,-0.0137381)
(-0.0185098,0.00418686)
(0.00258643,-0.00586)
(-0.000817127,0.00527775)
(0.00357754,-0.0100787)
(0.0124377,0.0030558)
(0.00144945,-0.000187175)
(0.0243885,0.0167355)
(-0.00226022,-0.00214711)
(0.0188002,0.0107637)
(0.0170745,-0.0237678)
(0.0192771,0.00719023)
(0.0167444,-0.0260272)
(0.00552769,0.00251989)
(0.0163952,-0.00983162)
(0.00018864,0.00674486)
(0.0052601,-0.00109775)
(0.00197064,-0.0083666)
(-0.000882282,-0.00215657)
(0.000811746,-0.00774688)
(-0.00751337,0.00602468)
(-0.0154383,-0.0105798)
(-0.00227011,-0.00241589)
(-0.00796533,0.0043955)
(0.0108962,-0.00571003)
(0.0205372,0.00167696)
(0.00864808,0.00120466)
(0.0190737,0.00282213)
(0.0161141,-0.0101533)
(0.0183033,0.00513659)
(0.0167575,-0.0190884)
(0.016629,0.00353856)
(0.021065,-0.0244065)
(0.0128655,0.0147463)
(0.0151287,-0.0128184)
(0.00641338,0.0160304)
(-4.85426e-05,0.00847287)
(6.66519e-05,0.00286467)
(-0.0080714,0.0103643)
(0.0055615,-0.00486166)
(-0.0094953,0.012332)
(-0.0103515,-0.00348839)
(0.00152528,-0.00471407)
(-0.00872003,-0.00343264)
(0.00997681,-0.0160299)
(0.00224404,0.00109232)
(0.0151997,-0.0129032)
(0.0149035,-0.00218182)
(0.0122581,-0.0146717)
(0.011115,-0.0129174)
(0.0125498,-0.0267148)
(0.0194812,-0.00689715)
(0.0104679,-0.017629)
(0.0148944,0.00485678)
(0.0101256,-0.0041091)
(0.00851663,0.0122102)
(0.00491471,0.0169596)
(0.00247132,-0.000703199)
(-0.00121135,0.017848)
(0.00145565,0.000339097)
(-0.00760056,0.0102839)
(-0.00455588,0.000572412)
(-0.00110882,-0.0152854)
(-0.0072516,0.00881145)
(-0.000253559,-0.0105982)
(-0.00275519,-0.004602)
(0.0134325,-0.0206761)
(0.00637693,-0.0150209)
(0.0147171,-0.0144028)
(0.00566454,-0.0156225)
(0.0160305,-0.0146498)
(0.0150863,-0.0163964)
(0.016104,-0.00980673)
(0.0128133,-0.00256144)
(0.0154854,-0.00152851)
(0.00861372,-0.00211269)
(0.00905521,0.0215543)
(-0.00174096,0.00695188)
(0.0113755,0.0231097)
(-0.00855965,0.00819543)
(0.00258757,0.0182883)
(-0.00858567,0.00366859)
(-0.00740778,-0.00384033)
(-0.00462348,0.00469184)
(-0.00673354,-0.0166615)
(-0.00896093,0.00667967)
(0.00169476,-0.0169182)
(0.000361434,-0.007893)
(-0.000540628,-0.00906265)
(-0.00106374,-0.0137784)
(0.000758023,-0.0025263)
(0.0121462,-0.0126089)
(0.00919608,-0.00752398)
(0.00662714,-0.0010437)
(0.00419978,-0.00130785)
(0.00182783,-0.00116999)
(0.00398866,0.0106531)
(-0.00560267,0.00680105)
(0.0116892,0.0152603)
(-0.00997116,0.00642623)
(0.0106653,0.00593128)
