(0.000386759,0.000661669)
(-0.00229026,0.0147092)
(0.0100912,-0.000295056)
(0.0027416,0.00918662)
(0.0166526,-0.0111901)
(0.00529757,0.0231237)
(0.00583299,-0.0049913)
(0.00196557,0.00325051)
(0.00858068,0.00681041)
(0.0103992,-0.0048367)
(0.0177606,0.0189297)
(0.00898163,-0.0103273)
(0.00799536,0.0134616)
(0.0146784,0.000520955)
(0.00435819,-0.00120553)
(0.0157872,-0.00703633)
(0.00432525,-0.00177031)
(0.00442881,-0.00242237)
(0.00691973,-0.0104777)
(0.00588615,-0.0118909)
(-0.00240051,0.00552483)
(0.00518476,0.00139919)
(0.0122163,-0.0124563)
(0.022629,0.013109)
(0.00869009,-0.00535132)
(0.00873989,0.0140531)
(0.0155468,-0.00511283)
(0.00335567,-0.00255202)
(0.0161176,0.00420425)
(0.00437389,-0.0131009)
(0.025641,0.010707)
(0.0165234,-0.00510075)
(0.0163693,0.00628303)
(0.00628372,-0.0035237)
(0.00863607,0.00193358)
(0.0110875,0.005271)
(0.0111493,-0.00529635)
(0.00578614,0.00397035)
(0.00847348,-0.0107888)
(0.0119111,-0.00566572)
(-0.0041936,-0.00982147)
(0.0168575,-0.00215166)
(0.0110874,0.00532382)
(0.0284692,-0.000709359)
(0.0185406,0.00198234)
(0.0217577,0.00751525)
(0.0168062,0.00206494)
(0.00176726,8.64296e-05)
(0.0115994,0.00505382)
(0.000584895,0.00245014)
(0.00243679,0.00990993)
(0.00848369,0.00681502)
(0.00412596,0.00469546)
(0.0127968,0.0197968)
(0.00484953,0.01347)
(0.00210805,0.00955255)
(0.00258925,0.0104885)
(-0.000280262,-0.000161431)
(0.0147185,0.00255697)
(-0.00574822,0.00477861)
(0.00430287,0.0104305)
(0.0113571,-0.00153696)
(0.0071493,0.00618337)
(0.00813104,0.0171533)
(0.0215928,0.00538552)
(0.0197724,0.00406372)
(0.0157713,-0.00391824)
(0.00763531,0.00489217)
(-0.00415963,-0.0137851)
(0.00134717,-0.00768357)
(-0.013607,0.000422203)
(0.00174703,0.00986614)
(-0.0148824,0.00743131)
(0.00415387,0.0188373)
(0.0163784,0.0099446)
(-0.011895,0.0023256)
(0.0104636,0.0121947)
(-0.0102935,-0.0122846)
(9.63568e-05,-0.00206442)
(0.00120123,0.000420732)
(-0.0121787,-0.0130346)
(0.00986023,0.00765058)
(0.0039419,-0.00191452)
(0.00529151,0.00845773)
(0.00411158,0.00793484)
(0.0143397,0.011937)
(0.00890843,-0.00976827)
(0.0119978,-0.00750782)
(-0.0118128,-0.00646167)
(0.0197799,-0.0222568)
(-0.0239206,0.00115665)
(0.0174308,-0.0108474)
(-0.0194167,0.0189167)
(0.0120333,0.00515226)
(0.00130787,0.0249459)
(0.000248607,-0.0104768)
(0.00582622,0.00695646)
(-0.0097016,-0.00104861)
(0.00343997,-0.00333048)
(0.00186509,0.00471757)
(-0.00648993,-0.000285122)
(0.0064441,0.00803518)
(0.00165924,-0.00780244)
(-0.00168038,0.0196576)
(0.00959469,0.00101367)
(0.00782251,0.0183749)
(-0.00936484,-0.00620718)
(0.0181017,0.00558834)
(-0.0120319,-0.00439093)
(0.0195912,-0.00832498)
(-0.0327491,0.00371901)
(0.0185525,0.00731496)
(-0.0314656,0.0196086)
(0.012511,0.00287812)
(-0.0170161,0.0255177)
(-0.000388727,-0.0067775)
(-0.00493812,0.0122169)
(0.00363253,-0.00633849)
(-0.0113872,-0.00155346)
(0.00545727,0.0118337)
(-0.0115842,0.0027244)
(0.00214233,0.00975366)
(0.000489566,-0.00558856)
(0.00401644,0.00416691)
(0.014801,-0.0131527)
(-0.000292875,0.0122022)
(0.00261269,0.0018495)
(0.00948009,0.00378678)
(-0.00218582,-0.0107096)
(0.0110074,0.000995152)
(-0.0170937,0.000154864)
(0.0200284,0.00738464)
(-0.0233465,0.00869203)
(0.0217929,0.00864878)
(-0.0165163,0.0219651)
(0.00835951,-0.00632186)
(-0.00590945,0.00836768)
(0.000287344,0.00540752)
(-0.00281123,-0.00569122)
(-0.0009338,-0.00400768)
(-0.00682291,0.0022406)
(0.00271562,0.0039866)
(0.00548523,-0.0102657)
(0.00248606,0.00227984)
(-0.00402396,-0.0157147)
(-0.00609267,0.00619775)
(0.0019436,-0.00444284)
(-0.00139069,-0.00764035)
(0.00161642,-0.000501584)
(-0.000149607,-0.00728057)
(-0.0141203,-0.000803116)
(0.0187684,-0.00648433)
(0.00193218,0.00698306)
(0.0100771,-0.0103741)
(0.00408855,0.00610858)
(0.00343791,-0.00494613)
(0.00995403,-0.00140245)
(0.00513967,-0.00721564)
(0.00470142,0.000709053)
(-0.0113216,-0.0112688)
(-0.00613947,0.00103017)
(7.33114e-05,0.00550583)
(-0.0170649,-0.000745064)
(0.00323994,-0.00159551)
(-0.00410825,-0.000185793)
(-0.00781626,-0.0177627)
(0.000798849,-0.0130018)
(-0.00913377,-0.012759)
(0.0101777,-0.0105739)
(-0.0061516,-0.0275695)
(0.0153323,0.011966)
(0.00289807,-0.0149774)
(0.0218417,0.0190579)
(0.00580583,-0.0133902)
(0.0118639,0.00609549)
(-0.00122255,-0.00138718)
(0.0219218,-0.00433039)
(0.00982166,0.00114068)
(0.0104157,-0.00285285)
(-0.00336441,-0.0110458)
(0.00286154,0.00686899)
(-0.00200539,0.019308)
(0.000511898,0.00685801)
(0.00178536,-0.00128421)
(-0.0131988,0.00598448)
(0.00384913,-0.0125205)
(-0.00146203,-0.00872489)
(-0.0093723,-0.0176444)
(0.00392519,-0.010639)
(0.00701361,-0.0220826)
(0.00738447,-0.00303836)
(0.00830769,-0.024644)
(0.017627,0.00614637)
(-0.0031679,-0.0130644)
(0.0144939,-0.00447709)
(0.0125556,-0.000547425)
(0.00375866,-0.00339136)
(0.0155182,-0.0013246)
(0.00974068,-0.0112049)
(0.00519864,-0.00486063)
(0.00124526,0.00820881)
(-0.00435199,0.0101836)
(5.10415e-05,0.0178718)
(0.0046654,0.0108718)
(0.000302218,0.00290178)
(0.00534991,0.013156)
(-0.00380878,-0.0014106)
(0.0113407,0.0103309)
(0.016391,0.000598282)
(0.00859647,-0.00946527)
(0.023649,0.00995397)
(0.01764,-0.00778399)
(0.0174746,0.0147528)
(0.0221597,0.0023488)
(0.0051206,0.00274724)
(0.0155456,0.00576577)
(0.0114705,-0.00129535)
(0.0131916,0.00144615)
(0.00720751,-0.00700356)
(0.00679336,-0.00969873)
(-0.0106588,-0.00276605)
(0.0063038,0.00494913)
(-0.00179653,0.0103969)
(0.0117914,0.00275737)
(0.0142014,-0.00401379)
(0.0135174,-0.00464877)
(0.0129677,-0.00445308)
(0.00559464,-0.0138982)
(0.0258279,0.000202194)
(-0.00659055,-0.0247892)
(0.0305325,0.022931)
(-0.000466591,-0.00319136)
(0.0235558,0.0123644)
(0.0208747,0.0153852)
(0.00674832,0.00600073)
(0.0246269,0.00951481)
(0.0136999,-0.00189079)
(0.00176277,0.00265847)
(0.027603,-0.00737002)
(0.00480203,0.00172187)
(-0.00579294,-0.00053619)
(0.0108536,0.00625862)
(0.00897404,0.0114385)
(0.00871995,-0.00366939)
(0.0210407,0.00946088)
(0.0212005,0.0127529)
(0.0379974,0.00760273)
(-0.0171694,-0.00222256)
(0.0158309,0.0109026)
(-0.0114714,-0.00942451)
(0.0128273,0.0078354)
(-0.0175155,0.0271829)
(0.00611104,0.0112705)
(0.0137253,0.0336869)
(0.00529596,0.0128426)
(0.00638133,0.0213918)
(0.0124488,0.0167613)
(-0.0056666,0.00160857)
(0.0163788,0.000178509)
(-0.00912524,-0.00961346)
(-0.0129382,-0.00650812)
(-0.00501863,0.0151049)
(0.0179452,0.0177604)
(0.00570874,0.0139926)
(0.0348776,0.0250247)
(0.0106547,0.020994)
(0.0396627,0.0130359)
(-0.000860694,0.0133028)
(0.0100473,-0.0180922)
(-0.0137868,0.000306827)
(-0.0172618,-0.0124049)
(0.00131527,0.0315569)
(-0.000538993,-0.018783)
(-0.0115227,0.032088)
(-0.00377299,-0.00770009)
(0.00119683,0.0189177)
(0.00111638,-0.00314155)
(-0.0157854,-0.00254906)
(0.00762269,-0.0126905)
(-0.00616122,-0.00821867)
(-0.000490115,-0.00580214)
(0.000897668,0.0240005)
(0.00809251,0.00786198)
(-0.00620614,0.0401116)
(0.0244138,0.0240095)
(-0.000711682,0.0281111)
(0.0143602,-0.00121103)
(0.00278656,0.0145483)
(0.00391508,-0.01616)
(0.0107034,-0.00376187)
(-0.0197784,-0.00219102)
(0.00102518,0.0193332)
(-0.013924,0.010975)
(0.00492605,0.0180485)
(-0.00549299,-0.00208122)
(0.00697816,-0.00205656)
(0.00755879,-0.0102216)
(0.00519699,-0.00660592)
(-0.00281404,-0.00779318)
(0.00200557,0.00811532)
(-0.0155525,-0.00330623)
(0.000365474,0.0240474)
(0.0032523,0.00414675)
(-0.00587053,0.0297334)
(0.0143272,0.00159661)
(0.00333418,0.0346002)
(0.0221037,-0.00835071)
(0.00315688,0.00162218)
(0.010434,-0.0138553)
(0.0148107,-0.0132449)
(-0.00663042,0.00702526)
(0.00635033,0.00236519)
(-0.0284347,0.0216012)
(0.0046022,0.00089613)
(-0.0182286,0.0169498)
(0.0090422,-0.0222037)
(-0.0104932,-0.00428512)
(0.0104046,-0.0139784)
(-0.00456013,-0.0204034)
(0.0170427,0.00506542)
(-0.0100817,0.00574936)
(0.00385398,0.0157043)
(0.0110767,-0.00204758)
(0.0100958,0.0109419)
(0.0106243,-0.013082)
(-0.00151179,0.0223918)
(0.0196851,-0.0178374)
(-0.00473358,-0.00210857)
(0.0235007,-0.0113692)
(0.00543089,-0.00957637)
(-0.0210653,-0.00747579)
(0.00656201,0.00661403)
(-0.0143168,0.00838318)
(0.000559322,-0.00698481)
(-0.0169054,0.0154073)
(0.0118624,-0.0122209)
(-0.000862578,0.00683903)
(0.0134623,-0.0134906)
(0.0056659,-0.0169168)
(0.00506875,0.00578661)
(-0.0105167,0.00121607)
(-6.04844e-05,0.00135374)
(0.00357296,-0.00642487)
(0.00679629,0.00947951)
(0.006185,0.00281862)
(0.0049219,0.00368315)
(0.0028452,-0.00915572)
(-0.00530491,0.012152)
(-0.00117506,-0.00549679)
(-0.0011155,0.0104988)
(-0.0170397,6.02236e-05)
(0.00886845,0.00564005)
(0.00447439,0.0064743)
(0.0163249,-0.00198489)
(-0.00358474,0.027102)
(0.0075767,-0.0119252)
(0.0223176,0.00434617)
(0.00968125,0.0015365)
(0.0166487,-0.0239767)
(-0.00444902,-0.00759429)
(-0.00963712,0.00042477)
(0.0104135,0.00602408)
(-0.0068996,-0.00231688)
(0.00851773,-0.00386636)
(-0.00544152,-0.00177156)
(0.00967384,-0.0126088)
(0.0126257,-0.000117773)
(-0.0100155,-0.00798687)
(0.0029101,-0.00697004)
(0.00273796,-0.00874441)
(-0.000707354,-0.000745641)
(0.00890144,-0.0059183)
(0.0145145,0.0226355)
(0.00826822,-0.0197261)
(0.0177121,0.0241185)
(0.0121275,-0.00818954)
(0.0184566,0.016274)
(0.0066488,0.00547535)
(0.0316789,0.000600368)
(-0.00608068,-0.0105318)
(-0.00202325,-0.00312273)
(-0.00194968,-0.00110987)
(-0.00632055,0.00666512)
(0.0146139,-0.0121091)
(0.0040889,0.00485462)
(0.0051443,-0.0158312)
(0.00148734,-0.0114827)
(0.00223305,-0.013316)
(-0.00226435,-0.0180575)
(-0.00157802,-0.0181392)
(0.00458843,-0.00269955)
(0.0071264,-0.0215369)
(0.0141566,0.0146931)
(-0.00148017,-0.0139361)
(0.0146283,0.0181325)
(-0.0028656,-0.0033214)
(0.0280926,0.0147663)
(0.0129728,-0.000981344)
(0.0188826,0.00537428)
(-0.00280809,-0.00917852)
(-0.00477627,0.00215703)
(0.0039465,-0.0125176)
(-0.00963627,0.0123033)
(0.0132701,-0.00450219)
(0.000925123,0.00810682)
(0.0166327,0.00377264)
(-0.00677313,-0.0249675)
(0.0120037,-0.00509354)
(0.00373016,-0.0141048)
(0.00784201,-0.0147785)
(0.0281792,0.000916639)
(-0.0101235,-0.00238187)
(0.0108177,-0.0151159)
(0.0132737,-0.00201127)
(0.00483659,-0.000131514)
(0.0132529,0.000617826)
(-0.00474662,0.0035051)
(0.002776,-0.0073937)
(-0.00421292,0.00606217)
(0.00656764,-0.0152524)
(-0.0100606,-0.00443226)
(0.0080765,0.00151899)
(0.00225425,-0.00845723)
(0.0111941,-0.00755068)
(0.00724444,-0.0054654)
(0.0150246,-0.00767744)
(-0.000986078,-0.0168347)
(-0.00528154,-0.0261081)
(0.00138721,0.00316167)
(-0.0205885,-0.0356247)
(0.0302963,-0.0166671)
(-0.0338324,-0.00708061)
(0.0211353,0.00104947)
(0.00956125,-0.00196481)
(0.00483403,-0.00727087)
(0.0235173,-0.00264312)
(0.00059858,0.00113129)
(0.00623064,-0.0130903)
(0.0133779,0.00138234)
(-0.00729708,-0.0132844)
(-0.0130075,-0.0178965)
(-0.0142476,-0.00124999)
(0.00775722,0.00230763)
(-0.0048753,-0.00126137)
(0.00972548,0.0139179)
(-0.000420035,-0.00727199)
(0.00175642,0.0187627)
(-0.0145817,-0.0232356)
(-0.014861,-0.0182552)
(-0.019432,-0.0224319)
(-0.00373345,-0.0181958)
(-0.0191823,0.0241019)
(0.00451395,-0.0193256)
(-0.0144419,0.0153545)
(0.00397804,-0.00436392)
(0.0193887,0.00634157)
(0.0103673,0.00681164)
(-0.00111602,-0.0160601)
(0.0181715,0.010949)
(0.000894907,-0.0123259)
(0.0129306,-0.00310382)
(-0.023469,0.00787846)
(0.0110894,0.0134475)
(-0.0125605,0.00929616)
(0.020358,0.0369354)
(-0.00245499,0.00213176)
(0.00465548,-0.00861346)
(0.00117135,-0.00397799)
(-0.0184656,-0.0196658)
(0.0018423,0.0142875)
(-0.0171647,-0.0412518)
(-0.00779711,0.01124)
(-0.00433925,-0.017825)
(-0.0106536,0.0180281)
(0.00488789,-0.0290484)
(0.00568726,-0.0004965)
(0.00814817,-0.0120998)
(0.00319111,-0.00195639)
(0.00711218,-0.00718456)
(0.00296925,-0.000301992)
(0.00315401,0.0011861)
(-0.0113157,0.0254456)
(0.01471,0.0213468)
(-0.0227999,0.0293221)
(0.0215243,0.0184996)
(-0.00347418,0.0117968)
(0.0147985,-0.0110686)
(-0.0107978,-0.0132287)
(0.0145224,-0.00741978)
(-0.00947694,0.00807008)
(0.0114032,0.00282816)
(0.0258516,-0.0300865)
(0.019565,0.00531725)
(-0.0279466,0.0112219)
(0.026217,9.04416e-05)
(0.00118438,-0.0135136)
(0.00805168,-0.0238463)
(-0.00042207,-0.010405)
(0.00920379,-0.0228789)
(0.00220039,0.00910149)
(0.00420164,0.0142646)
(-0.00913923,0.0231324)
(0.00551105,0.0136362)
(-0.00708161,0.0144727)
(0.0113419,-0.00226412)
(0.00327442,-0.00323671)
(0.0281765,-0.00858238)
(0.0221179,-0.0433776)
(0.0335783,-0.0298549)
(0.0210661,-0.00310805)
(0.0109384,0.00209712)
(-0.0116284,0.0162774)
(-0.00306835,0.0101888)
(-0.0334826,0.00754864)
(0.004565,-0.00908626)
(-0.00084454,-0.0286461)
(-0.00651339,-0.0235521)
(0.00628018,-0.0174496)
(0.00146982,-0.0148746)
(0.00586666,0.0136245)
(-0.00211622,0.022289)
(-0.00219179,0.00121393)
(-0.00695139,0.00281786)
(-0.0127643,-0.0097787)
(0.00595889,-0.0139867)
(-0.00261556,-0.0144506)
(0.0404513,-0.0368741)
(0.0177687,-0.0420999)
(0.0379857,-0.0353949)
(0.0357278,-0.0233856)
(0.0013281,-0.0135155)
(0.00576588,0.0109543)
(-0.0198682,-0.00114816)
(-0.017919,-0.00992448)
(-0.000784669,-0.0064886)
(-0.0129903,-0.027109)
(-0.00587764,-0.0157092)
(0.0123976,-0.0151993)
(0.00689731,-0.0259933)
(0.00524787,-0.000373918)
(-0.0130199,0.0187312)
(0.000171557,0.00048049)
(-0.00362535,0.00992903)
(-0.00405501,-0.00129991)
(-0.00708631,-0.00226733)
(-0.00103403,0.00633854)
(0.0106293,-0.0189288)
(0.0115958,-0.00442613)
(0.0197966,-0.0348025)
(0.0276347,0.0070116)
(-0.0158911,-0.00703486)
(0.0140815,0.02149)
(0.00551347,-0.00655434)
(-0.0121067,-0.00233342)
(0.0128243,-0.00939855)
(0.00869004,-0.0208826)
(0.00988006,-0.00789621)
(0.0120353,-0.0141112)
(0.0207628,-0.0172195)
(-0.00108315,0.00240358)
(-0.00590524,0.000768076)
(0.00326424,0.000308742)
(0.00336102,0.00916088)
(0.0133388,-0.0109936)
(0.00830095,0.0119925)
(0.015022,-0.00430356)
(0.00486707,-0.00852579)
(0.00692614,0.00814702)
(0.0036122,-0.0170241)
(0.0153516,0.0174827)
(-0.0092546,-0.0131332)
(-0.00127088,0.000434431)
(0.014705,0.0118956)
(8.37809e-05,0.00288964)
(0.01888,0.0106675)
(0.00290913,-0.00800794)
(0.0382048,0.0116282)
(0.00917556,-0.00280353)
(0.0317504,0.00170246)
(0.00179753,-0.0071058)
(0.000276989,-0.0110962)
(0.013818,-0.00959227)
(0.00800749,0.00182547)
(0.00560116,-0.00885822)
(0.00208293,0.00314805)
(0.0214019,-0.00907255)
(-0.00637123,-0.00704935)
(0.00168817,0.00291407)
(-0.0186178,-0.0185097)
(0.00621392,-0.0122047)
(-0.0160503,-0.0105849)
(0.00401588,-0.013975)
(0.00985241,0.0104209)
(-0.00549718,-0.0125176)
(0.016963,0.0233387)
(0.00277547,-0.0111719)
(0.0342362,0.0160625)
(0.00520902,-0.0042905)
(0.0362376,0.0143915)
(0.00458552,-0.00415688)
(0.000682193,-0.0105535)
(0.0227621,-0.0181069)
(0.00518131,-0.00577128)
(0.0339513,-0.00670334)
(0.00219428,-0.00304623)
(0.0222687,-0.0186989)
(-0.00669786,-0.00840356)
(0.0218782,-0.00846317)
(0.007146,-0.0120714)
(0.00483496,-0.0176197)
(0.017502,-0.0164318)
(-0.0142685,-0.00508738)
(0.0190762,0.00664307)
(0.00339441,-0.0141678)
(0.00574886,0.00820278)
(0.00965052,-0.0130359)
(-0.00508494,0.0175571)
(0.0115233,-0.0228489)
(-0.0108076,0.0242565)
(0.018088,-0.00992161)
(-0.0100737,-0.0311885)
(0.0205894,-0.0189678)
(-0.0130711,-0.0261011)
(0.0297113,-0.0195575)
(7.53906e-05,-0.0156148)
(0.0294815,-0.0186647)
(-0.0176576,-0.00943433)
(0.0253938,-0.0320019)
(-0.0038653,-0.0349705)
(-0.00277037,-0.0157365)
(0.0129143,-0.0257058)
(-0.0218742,-0.000463015)
(0.0228835,-0.0202595)
(-0.00592262,-0.0109204)
(0.00517188,0.00613026)
(0.0319181,-0.0152475)
(0.00504609,0.0188887)
(0.0185785,-0.0234677)
(0.00499922,0.0250066)
(0.0120163,-0.0168908)
(-0.0276638,-0.0310588)
(-0.0101418,-0.00425354)
(-0.0179094,-0.0305211)
(0.0131657,-0.0033638)
(-0.0275154,0.00335224)
(0.0234014,-0.0167822)
(-0.0274557,-0.0284998)
(0.0153497,-0.00986103)
(-0.0294162,-0.0193991)
(0.00338265,-0.00266045)
(-0.0225288,-0.0565043)
(-0.0165457,-0.00752419)
(-0.0097557,-0.0392824)
(-0.0127432,0.00913701)
(-0.000537068,-0.0131392)
(0.0104237,-0.00086516)
(0.0186061,0.00724345)
(0.0118368,-0.00953371)
(0.0204983,0.00710922)
(0.00310074,-0.00900757)
(-0.01404,-0.015156)
(-0.0139024,0.00235617)
(-0.0149125,-0.00982332)
(-0.0125043,0.00141292)
(-0.012614,-0.0187436)
(0.00313699,0.00134572)
(-0.0248591,-0.0217524)
(0.000432241,0.00389318)
(0.00763132,-0.0157693)
(-0.0371744,0.0347885)
(-0.0173516,-0.0679221)
(0.0197731,-0.055454)
(-0.00636937,-0.0482911)
(-0.0315134,-0.0156918)
(0.00643213,-0.0258011)
(0.00303649,-0.00897131)
(0.016659,-0.0196189)
(0.00849529,-0.00409777)
(0.0103494,-0.0161428)
(0.00408423,0.00123661)
(0.0111863,-0.00431427)
(-0.0274316,0.00346011)
(0.00327618,0.0101781)
(-0.00946907,-0.00262374)
(-0.00639292,-0.00188666)
(-0.0133509,-0.0110445)
(-0.0154698,-0.0149225)
(-0.0166228,-0.00629359)
(-0.023113,0.092806)
(-0.0440954,0.0587253)
(0.00739474,0.0275447)
(0.0744321,-0.0703161)
(-0.00284275,0.0164611)
(-0.00576566,-0.0374394)
(0.0361384,0.000340723)
(-0.0121719,-0.0173492)
(0.0276888,-0.0135538)
(-0.00678321,-0.00864971)
(-0.00567213,-0.0114025)
(-0.00945174,-0.00269467)
(0.0152335,0.0132175)
(-0.0134493,-0.0112315)
(0.00164007,0.0275813)
(-0.0174434,-0.0152804)
(0.00508251,0.0272838)
(0.000760219,-0.0495506)
(0.00245062,-0.0162543)
(0.0104592,-0.086589)
(-0.0119331,0.0038238)
(-0.0161361,0.0271089)
(-0.0239489,-0.0202637)
(-0.00424835,0.0300553)
(0.00639411,0.0100606)
(-0.00691979,0.0209244)
(0.0022892,0.0119035)
(-0.0326847,0.00317313)
(-0.0102345,-0.0109481)
(-0.0142184,-0.00477623)
(-0.0088716,-0.0190301)
(-0.0069513,0.000525318)
(0.00350606,0.00557419)
(-0.0154345,-0.005795)
(-0.000882279,0.0115182)
(-0.0132907,-0.0157356)
(0.00491317,-0.00144731)
(0.00247448,-0.0554229)
(0.0355445,-0.0124551)
(0.0272461,-0.062622)
(0.0422742,-0.0198209)
(0.0452591,-0.0210198)
(-0.00910632,-0.0372069)
(-0.00184488,0.0273183)
(-0.00793334,0.00711851)
(-0.0404208,0.0174955)
(-0.00977036,0.00791225)
(-0.0231085,-0.0226745)
(-0.00337138,-0.000169685)
(-0.00466786,-0.00609942)
(-0.0103177,-0.0114762)
(-0.00455785,0.00510891)
(-0.0116071,0.00546364)
(-0.00414262,0.00777827)
(-0.0146715,0.00914764)
(-0.0208403,0.00121345)
(-0.0168637,-0.00550208)
(-0.0100151,-0.00965862)
(0.0276419,-0.0283246)
(0.0246435,-0.00154267)
(0.00573178,-0.0373417)
(0.0345438,0.0104556)
(-0.00214193,-0.0147246)
(0.0101451,0.0323103)
(0.00114804,-0.000864725)
(-0.0148503,0.00498252)
(0.0167426,-0.00598728)
(-0.0239796,-0.0128375)
(0.0071412,-0.00111797)
(-0.00965501,-0.00506288)
(0.00746297,-0.0080433)
(-0.00269591,0.0100422)
(-0.00791341,-0.00154719)
(0.00730988,-0.00638762)
(-4.17022e-05,0.00902972)
(-0.00258602,-0.00790338)
(0.00806543,0.0163404)
(0.0122653,-0.000924915)
(0.00666122,-0.00616632)
(0.0112057,0.0100121)
(0.00895785,-0.0305274)
(0.0191862,0.0087023)
(-0.00250787,-0.00947715)
(0.00195988,0.0238591)
(0.0158153,-0.00853366)
(-0.020187,0.0155224)
(0.0322708,-0.00139174)
(-0.0106831,0.00238035)
(0.0283486,-0.00422266)
(0.000959707,-0.00383106)
(0.0225539,-0.00323237)
(-0.0049316,0.00743604)
(0.00379679,-0.00485765)
(0.00629716,-0.00801039)
(0.00796437,-0.00332218)
(0.0130957,-0.0141833)
(0.00145313,-0.00361122)
(0.0103288,-0.000303475)
(-0.00568747,-0.00016913)
(0.00944321,0.012723)
(-0.0041587,-0.0133497)
(0.00915698,-0.00189704)
(-0.00750462,-0.0125755)
(-0.0138101,-0.000598977)
(0.00710313,0.0025631)
(-0.0078643,-0.00177292)
(0.0238759,-0.00120331)
(-0.00204903,-0.0125577)
(0.037892,0.00526462)
(0.00640756,-0.00741034)
(0.0244259,0.00591337)
(0.000699596,0.0110828)
(-0.00433293,-0.0170134)
(0.021161,-0.0226053)
(0.00664584,-0.0106311)
(0.020635,-0.0250755)
(0.00592227,-0.00178899)
(0.0134871,-0.013237)
(-0.00670795,-0.0122232)
(0.010442,-0.0113499)
(0.00110798,-0.0126377)
(-0.0101161,-0.0119014)
(0.0241526,-0.01024)
(-0.0112773,-0.00213507)
(0.0240275,0.0154902)
(0.00556604,-0.00498855)
(0.00908501,0.0229529)
(0.0156906,-0.0102794)
(-0.00268377,0.0168804)
(0.0154355,-0.00219322)
(-0.00467301,0.0252081)
(0.00921796,0.00270654)
(-0.0253317,-0.0266319)
(0.0135386,-0.0231248)
(-0.0151817,-0.029669)
(0.0269053,-0.03359)
(-0.0106599,-0.00597141)
(0.0286126,-0.0154169)
(-0.0100053,-0.0205052)
(0.0171912,0.00321892)
(-0.00905918,-0.0156989)
(-0.000207457,-4.35356e-05)
(0.0154686,-0.0234834)
(-0.0117377,0.00402394)
(0.0321165,-0.0098805)
(0.00476744,-0.00151897)
(0.0154062,0.000882036)
(0.0291454,-0.00686754)
(-0.00166625,0.0136859)
(0.0150327,-0.00875762)
(-0.00424273,0.0181663)
(0.018382,0.00567371)
(-0.0396785,-0.0266704)
(0.00498726,-0.0168224)
(-0.0272437,-0.0218227)
(0.0186787,-0.0102031)
(-0.040143,-0.0225517)
(0.012818,0.0010848)
(-0.0431067,-0.0128048)
(0.0229117,0.00484531)
(-0.011935,0.0103358)
(0.000622258,0.0287434)
(-0.00553056,-0.0254638)
(-0.012171,-0.00887887)
(-0.00299989,-0.0216485)
(-0.00719751,-1.2586e-05)
(0.0171524,-0.0140496)
(0.0118492,0.00697157)
(0.0102707,-0.00942721)
(0.00898605,0.00364887)
(0.00363638,-0.00452213)
(0.0198673,0.00757264)
(-0.00534321,-0.0120883)
(-0.0187374,-0.00674963)
(-0.0287006,-0.0226186)
(-0.00904205,0.0118511)
(-0.0345559,-0.0183107)
(0.008347,0.0197513)
(-0.0142192,-0.00574209)
(0.00328393,0.058706)
(0.0879472,0.111454)
(-0.0266745,0.0573337)
(-0.0100588,-0.0014149)
(-0.0239191,-0.0345333)
(-0.013295,-0.00333922)
(-0.0381138,-0.011242)
(0.0115525,-0.00569735)
(0.0073226,-0.0120066)
(0.0156039,-0.0235153)
(0.01005,0.00840353)
(0.00208372,-0.028863)
(0.00940799,0.0054089)
(-0.00531846,0.00808029)
(-0.0143986,-0.0187133)
(-0.00486789,-0.00016699)
(-0.0192051,-0.00850269)
(-0.01143,-0.00391908)
(0.00123772,0.0110239)
(-0.0173459,-0.0419747)
(0.0343314,0.0552175)
(-0.0068768,-0.0129434)
(0.00365231,-0.0343414)
(0.00693654,-0.0078052)
(-0.0067638,0.0274203)
(-0.0311458,0.0277119)
(0.00139113,-0.0273071)
(-0.00571797,0.0255147)
(-0.0051762,0.00989312)
(0.00844151,-0.0101546)
(-0.00900608,-0.0107426)
(-0.00742675,-0.0233323)
(-0.00242455,-0.00799391)
(0.00399783,0.0116691)
(-0.0222383,-0.00636137)
(0.00518821,0.00936675)
(-0.0184912,-0.0200927)
(-0.00239464,0.0176669)
(-0.0185373,-0.0372835)
(0.0286461,-0.00718109)
(-0.00674104,0.0172332)
(0.000457331,-0.0124642)
(0.00746465,0.00779048)
(0.00406569,0.00487982)
(-0.00834823,-0.0132951)
(0.00455085,-0.022167)
(0.110778,0.0082352)
(-0.019092,0.0289133)
(0.00825533,0.0115797)
(-0.0191141,0.0115361)
(-0.00990414,-0.00800924)
(-0.0195967,-0.0117758)
(-0.01557,-0.016991)
(0.00267676,-0.00914791)
(-0.00377281,0.0100456)
(0.00110995,0.00141849)
(-0.0193555,-0.0061445)
(0.0180367,0.0237928)
(0.00407969,-0.0235208)
(0.0345347,0.0354554)
(0.0124666,-0.0268146)
(0.000427373,0.0750822)
(-0.0389518,-0.0242991)
(0.00114131,-0.0274203)
(-0.0310807,0.0033622)
(-0.0386637,0.0133237)
(-0.0199401,0.020517)
(-0.029907,0.0346587)
(-0.0342668,0.00244907)
(-0.019268,0.0190042)
(-0.0188006,-0.0129087)
(-0.0111222,0.00187988)
(0.000719252,-0.00456611)
(-0.000611573,-0.00961449)
(0.00467149,0.0169523)
(-0.0248214,0.00691544)
(-0.0185569,0.0039548)
(-0.0077631,0.0181035)
(-0.00459233,-0.00028867)
(0.00192659,0.00739248)
(0.0143837,0.0206869)
(-0.00966086,0.0188267)
(0.0109628,0.0226714)
(-0.0163432,0.0142591)
(-0.00701204,0.0164182)
(-0.0139381,0.0200265)
(-0.0316573,0.0109314)
(-0.0106472,0.0226446)
(-0.024413,-0.0193201)
(-0.00915184,0.0152251)
(-0.0113162,-0.00648498)
(-0.0110204,0.00512899)
(-0.0118148,0.00458574)
(0.00282747,0.00581647)
(0.0108575,0.00676036)
(-0.00182861,0.00878868)
(0.00525846,-0.011403)
(-0.0213266,0.0215673)
(0.00947994,-0.00125652)
(-0.00362215,-0.0103326)
(0.0171692,0.013567)
(-0.016929,-0.00208235)
(0.00858455,0.00878656)
(-0.0108885,0.0065778)
(-0.00140561,0.0155763)
(-0.00932832,0.00453511)
(-0.0161328,0.00773972)
(0.00401123,0.0019627)
(-0.0170254,0.00694807)
(0.00237972,0.000729933)
(-0.0246062,0.00450556)
(0.0177186,0.00214918)
(-0.0156042,0.0159552)
(0.00527671,-0.00494425)
(0.0133007,-0.00667763)
(0.000464213,0.00710843)
(0.0178026,-0.0171346)
(0.000599731,0.00789501)
(0.0252243,0.000715284)
(-0.0142486,0.0148413)
(0.0147513,0.00690784)
(-0.00695493,-0.000246471)
(0.00751023,-0.00362003)
(-0.00446107,0.00539953)
(-0.0019653,-0.00237063)
(0.000632072,0.00382407)
(-0.00139488,0.0150682)
(0.00860614,-0.00564023)
(-0.0040922,0.00242781)
(0.022959,-0.00644405)
(-0.00147007,0.0122765)
(0.0238542,0.00490094)
(-0.00479789,0.0201038)
(-0.0147883,-0.00900146)
(0.00898187,-0.0146438)
(0.00293062,-0.0223659)
(-0.000251118,-0.0248082)
(0.0152412,-0.0186049)
(-0.00582654,-0.00984859)
(0.0180063,-0.0162309)
(-0.0174894,-0.00416081)
(0.0151662,-0.012206)
(-0.00963778,-0.015651)
(0.0190865,0.00415524)
(-0.0075183,0.001196)
(0.0202572,0.0257807)
(-0.000914965,-0.00431209)
(0.0142636,0.018881)
(0.00934713,-0.00573177)
(0.00255265,0.0118661)
(-0.00392221,-0.0134609)
(0.00696493,0.00553739)
(0.0147555,0.0115962)
(-0.0304641,-0.0222275)
(-0.00323517,-0.0176762)
(-0.000486042,-0.0148464)
(0.00544367,-0.0300248)
(0.00286975,-0.0167518)
(-0.00162391,-0.0164753)
(0.018725,-0.0115266)
(0.0100383,-0.00216972)
(0.019145,0.00146122)
(0.0054464,-0.0104637)
(0.0495662,0.0149958)
(-0.00377035,0.0126565)
(0.0370027,0.0182813)
(0.0107917,0.0160145)
(0.0257304,0.00482453)
(0.0281204,-0.000331848)
(0.010212,-0.00321833)
(0.0105373,0.00571384)
(-0.00974945,0.0088902)
(0.0128201,0.00955485)
(-0.022652,-0.00950562)
(-0.00850563,-0.00389176)
(-0.0189088,-0.0128921)
(0.00900796,-0.00355919)
(-0.0137542,-0.0211056)
(0.0209492,-0.00185848)
(-0.00540178,0.00214636)
(0.00666716,-0.00278021)
(-0.0100867,-0.0148345)
(0.020333,-0.00408157)
(0.0408515,0.026565)
(0.00395582,0.0282929)
(0.0260759,0.00894514)
(-0.000172949,0.0340067)
(0.00346382,-0.0124973)
(0.0199434,0.0158831)
(-0.00717531,-0.0232389)
(0.0172141,0.00699358)
(-0.012766,-0.0190369)
(0.01593,0.0157854)
(-0.0128153,-0.00457046)
(-0.00105682,0.00025373)
(-0.00498873,-0.0188732)
(0.0189202,0.0206945)
(-0.00708683,-0.0335452)
(0.0102015,0.0209199)
(-0.0178334,-0.0334656)
(0.00678146,-0.0309441)
(-0.0641547,-0.0714255)
(-0.00333323,-0.0554405)
(-0.011631,-0.0160766)
(0.0312758,0.0185649)
(0.0255686,0.0243566)
(-0.00658893,0.0292917)
(0.00287842,0.00234108)
(0.0133522,0.0111769)
(-0.00815243,-0.0179601)
(0.011741,0.00825004)
(-0.0107134,-0.0249966)
(0.0143684,0.00989453)
(-0.00434915,-0.00467946)
(-0.00454045,0.00837813)
(0.00337029,-0.00937773)
(0.012223,0.00415818)
(0.0119693,-0.0141671)
(0.00930212,-0.0153425)
(0.0230939,0.0543896)
(-0.0143758,-0.0933184)
(-0.00281384,0.0116957)
(-0.000248429,0.0283147)
(0.00231414,-0.00171558)
(-0.0104796,-0.00806052)
(0.0198758,-0.0182419)
(-0.00712153,-0.0149655)
(-0.00102048,0.015683)
(0.00803636,0.00451252)
(-0.00831513,-0.00802079)
(0.000814917,-0.0132906)
(-0.0153876,-0.0271587)
(0.00565912,-0.0119046)
(-0.0128853,-0.0079865)
(0.00365307,0.00568669)
(-0.00840537,-0.0116541)
(-0.0014411,-0.0106162)
(0.00561809,-0.0153494)
(-0.0011251,-0.0180672)
(-0.0514447,0.027881)
(0.00927177,0.0379385)
(0.017891,0.00625528)
(-0.00852253,-0.0110054)
(-0.0173153,0.0142435)
(-0.000781958,0.0217152)
(0.0726969,-0.0420699)
(-0.000175174,-0.0347345)
(-0.00689822,0.004314)
(-0.0232937,0.0165603)
(-0.0221726,0.0100815)
(-0.0156551,-0.00806225)
(-0.0139377,-0.0148689)
(-0.00168846,-0.0295248)
(-0.000555745,-0.0218737)
(0.00627144,0.0196151)
(0.00078346,-0.0150427)
(0.00195328,0.0205606)
(0.0268222,-0.0253791)
(0.0157067,0.00309512)
(6.6906e-05,-0.0335783)
(0.0100573,0.0106953)
(-0.0701089,-0.0517296)
(0.0134011,-0.0276894)
(0.0588071,-0.0457104)
(0.0844485,-0.00423513)
(-0.0058254,0.0312609)
(-0.0342436,0.0123619)
(-0.0373237,0.0348025)
(-0.0244464,-0.00201731)
(-0.0207585,0.01243)
(-0.0136984,-0.00717792)
(-0.00908495,0.00673122)
(-0.00886739,-0.0084967)
(0.00675429,-0.00601286)
(-0.0087205,0.0204788)
(0.000349292,-0.00193354)
(-0.0102554,0.0059064)
(0.014021,0.0010081)
(-0.00064796,0.00047583)
(0.0118677,-0.00301846)
(-0.0006972,0.0169432)
(-0.0200835,-0.00618701)
(-0.0019017,0.0123891)
(0.00894187,0.0282612)
(-0.00193198,-0.00207811)
(-0.013754,0.0517259)
(-0.0232045,-0.0129059)
(-0.0127958,0.0144396)
(-0.0274882,-0.0155641)
(-0.00739814,0.0141817)
(-0.0183015,-0.00539828)
(-0.00148248,0.00967854)
(-0.0252769,0.00656782)
(0.0097748,0.00393458)
(0.00069564,0.00376026)
(0.00765547,0.0214823)
(0.00324825,-0.0196652)
(0.000278932,0.00816719)
(0.00466588,-0.0141006)
(-0.0141081,-0.00197135)
(0.00198023,-0.01194)
(-0.0250804,-0.00498089)
(-0.000501057,-0.00222846)
(-0.0010488,0.0251468)
(-0.00674489,-0.00941675)
(-0.00032348,0.0335952)
(-0.016262,-0.0114513)
(-0.00163334,0.0145217)
(-0.0331464,-0.0108143)
(0.0172293,0.0139045)
(-0.0201272,0.00449051)
(0.0106335,0.0143984)
(-0.0214308,0.00538763)
(0.0105562,0.0106974)
(0.0130812,-0.0019891)
(0.00472157,0.0128059)
(0.0211841,-0.0132155)
(-0.0112792,0.00744635)
(0.00802802,-0.0152446)
(-0.0123076,0.0010318)
(0.00902081,-0.0109331)
(-0.008063,-0.00100207)
(0.0066327,-0.00952566)
(-0.00379138,0.00680516)
(-0.000246252,0.00132929)
(0.0068391,0.00786074)
(-0.00957879,-0.00413037)
(0.0125967,0.0104036)
(-0.0120149,0.0138617)
(0.0225464,0.00706052)
(-0.0101069,0.00112993)
(0.021485,0.00548638)
(-0.0102645,0.0135833)
(-0.0137291,-0.0194356)
(-0.00349329,-0.0159774)
(-0.01201,-0.0194176)
(-0.00888179,-0.0130546)
(-0.00291095,-0.0311316)
(-0.0149745,-0.0101792)
(0.00490107,-0.0217487)
(-0.0163154,0.00261347)
(-0.000173547,-0.0183431)
(-0.00143776,0.00622221)
(0.00987911,-0.0066494)
(0.00344654,0.00249598)
(0.00583347,0.00687526)
(-0.00336002,-0.00443897)
(0.0170635,0.0151025)
(-0.0114373,-0.000986831)
(0.0113735,-0.00177285)
(0.000167632,-0.0109144)
(0.0115715,0.00717403)
(0.00671183,0.0087422)
(-0.0242953,-0.0143032)
(0.00394894,-0.00908017)
(-0.0198707,-0.015061)
(-0.00707861,-0.0290786)
(0.00980719,-0.0237607)
(-0.0128929,-0.0150209)
(0.0172042,0.000853659)
(-0.018482,-0.00365111)
(0.0175293,0.000714545)
(0.000240454,-0.0028671)
(0.028147,0.0157806)
(0.0136492,0.0176383)
(0.0249156,0.0138557)
(0.0122703,0.00616135)
(0.00704725,0.00789454)
(0.0223475,-0.00405096)
(0.000831644,-0.0101037)
(0.011261,-0.0113227)
(9.47015e-06,-0.00825409)
(0.018759,0.0153521)
(-0.0338347,-0.0136198)
(0.00718266,-0.00258987)
(-0.00823526,-0.0063563)
(0.0169458,-0.00255151)
(-0.00327992,-0.00647738)
(0.00486448,-0.00312165)
(0.00209854,0.00880375)
(-0.0334852,-0.00647613)
(0.0188843,0.0402688)
(-0.0232587,-0.0227406)
(0.0202749,0.049937)
(0.00642085,0.015744)
(0.0168057,0.0180338)
(0.00572613,0.0270381)
(-0.000236678,-0.00944975)
(0.0190743,0.00603893)
(-0.0125322,-0.0172101)
(0.0213157,-0.00355393)
(-0.00995903,-0.017052)
(0.0204128,0.0165651)
(-0.00983585,-0.0103496)
(0.0188528,-0.00224218)
(-0.00443067,-0.00319083)
(0.0323292,0.0140912)
(-0.00959803,-0.0151823)
(-4.12846e-05,0.0224276)
(0.0147876,0.00261187)
(-0.0565893,-0.00684117)
(-0.00499294,0.00976602)
(-0.0281813,-0.0169034)
(-0.0121114,0.0466661)
(0.00640853,0.0480747)
(-0.0252856,0.0346808)
(0.00509017,0.0442101)
(-0.019059,0.0171998)
(0.0167312,0.0187173)
(-0.0144631,-0.0132412)
(0.0097182,0.00359247)
(-0.0135558,-0.0291091)
(0.0219401,0.0057208)
(-0.00587738,-0.00358845)
(0.023724,-0.00422196)
(0.00727999,0.000800996)
(0.0187726,0.00706698)
(0.0196578,-0.00568162)
(-0.0124816,0.0237092)
(0.0537822,-0.0156646)
(-0.0454433,-0.0121236)
(0.0747757,-0.0581763)
(0.0388775,-0.0262707)
(-0.0213515,0.0263627)
(0.0437468,0.00838791)
(-0.0649516,0.0146597)
(0.00542281,0.0319129)
(-0.048906,0.00911977)
(0.00615892,0.0214025)
(-0.0170455,-0.00657942)
(0.00450301,-0.00991076)
(-0.0193576,-0.0280301)
(0.00278212,-0.00465349)
(-0.00850951,-0.00407595)
(0.0258874,0.000860716)
(4.66135e-06,-0.000759605)
(0.0190349,0.000810678)
(-0.00588393,-0.0103758)
(0.00124395,0.0256767)
(-0.0333602,-0.00567552)
(0.00377363,0.0529414)
(-0.0420638,-0.0156694)
(0.0714794,0.0114104)
(0.0107606,-0.00715958)
(-0.0503137,-0.120789)
(-0.0169508,-0.0152665)
(-0.0321421,0.0207052)
(-0.0383562,0.00758883)
(-0.006377,0.0210527)
(-0.036076,0.00604201)
(-0.00763109,0.00257473)
(-0.0109469,-0.0174624)
(-0.00616365,-0.011903)
(-0.00605955,-0.00148327)
(0.0216793,0.0169542)
(0.00566425,-0.00178187)
(-0.000466183,0.00459579)
(0.0293212,-0.00331273)
(-0.00168482,0.0140842)
(-0.00034016,-0.00409869)
(-0.0053201,0.0596003)
(-0.0098055,0.0148845)
(-0.0173824,0.0507224)
(0.0536644,0.0378138)
(-0.0505711,-0.0056724)
(0.00137653,0.0472522)
(-0.0275768,0.029051)
(-0.0326893,0.0381277)
(-0.0178486,0.0144779)
(-0.0244709,0.0228721)
(-0.0101811,0.0144331)
(-0.0103344,-0.0104154)
(-0.00553686,0.00123594)
(0.0184271,-0.000708447)
(-0.00679765,0.00440572)
(0.0226375,0.00850608)
(-0.0058164,-0.00139568)
(0.0278542,0.0113597)
(-0.0203461,-0.00482895)
(0.00482,0.00877913)
(-0.00944031,0.00503232)
(-0.00712311,0.0210053)
(-0.038489,0.0125139)
(0.0417361,0.0356198)
(-0.0228496,-0.0133887)
(0.00404606,0.0598075)
(-0.0173591,-0.0064534)
(0.00073701,0.0264939)
(0.000380716,-0.0125698)
(-0.00142428,0.0102246)
(-0.00805304,0.00887555)
(0.00304058,0.00719451)
(-0.0132981,0.00271719)
(0.0153353,0.0201584)
(-0.00207929,-0.00321574)
(0.0167924,0.0199075)
(-0.00201359,-0.0105118)
(0.018126,0.0277782)
(-0.00661285,-0.0250643)
(-0.0179002,0.00195923)
(-0.000674019,-0.0274236)
(-0.0204151,-0.0106771)
(-0.00540281,-0.0209578)
(0.0121079,0.0145486)
(-0.00868101,-0.0226314)
(0.00512016,0.0211736)
(-0.0154345,-0.0273417)
(0.00540364,0.0241359)
(-0.00973552,-0.00610558)
(0.0139997,0.0140943)
(-0.0190359,0.000532265)
(0.0382913,0.0161034)
(-0.0190014,0.0103596)
(0.00965669,0.00889502)
(0.00788537,-0.00721117)
(0.00388769,0.0231096)
(0.00924864,-0.00815755)
(-4.5686e-05,0.0113176)
(0.00716373,-0.0155366)
(-0.0196516,0.00833833)
(0.0074555,-0.0239761)
(-0.0212878,-0.00800039)
(0.00731602,-0.00404141)
(-0.00580011,-0.00256637)
(-0.00132534,-0.0100481)
(0.00129882,0.0133117)
(-0.00908105,-0.00544968)
(0.00611356,0.0116654)
(-0.0120421,-0.0031119)
(0.0219005,0.0129367)
(-0.00584794,0.00541884)
(0.0254622,0.0113486)
(-0.0139186,0.00673966)
(0.00800189,0.00449246)
(-0.004149,-0.0113272)
(0.00851438,-0.00150512)
(-0.0151795,-0.0159356)
(0.00820265,-0.0185313)
(-0.0166551,-0.0014549)
(-0.00185323,-0.0159516)
(-0.00938906,0.0152094)
(-0.00588637,-0.00566829)
(-0.00136834,0.017574)
(-0.00985454,-0.0132598)
(0.00443467,0.000627822)
(-0.00997034,-0.00832902)
(0.000598087,-0.00862773)
(0.00272467,0.00648818)
(-0.0100692,-0.0104686)
(-0.00632547,-0.00464051)
(-0.00421797,0.000644266)
(0.00468794,-0.00128968)
(0.00282304,0.000522645)
(0.00190409,-0.00585027)
(-0.000823727,-0.0170623)
(0.00522287,0.00823131)
(-0.00829976,-0.00360763)
(0.0171432,-0.0167185)
(-0.0181891,0.00557741)
(0.0281168,-0.00334996)
(-0.0098911,0.0170693)
(0.00864837,0.0019152)
(-0.00173356,0.0118269)
(0.0195862,0.0032343)
(0.0201246,0.0153224)
(-0.010995,-0.00850492)
(0.00166663,-0.00368856)
(-0.00688686,0.0150032)
(0.00977259,-0.00485911)
(-0.0111863,0.00990752)
(0.00386634,-0.000500106)
(-0.0105003,0.0140083)
(0.0106785,0.0115466)
(-0.0131969,0.0012174)
(0.0162621,-0.000163815)
(-0.0106049,0.0113284)
(0.0244099,0.0104786)
(0.0277706,-0.00131731)
(0.0135477,0.00815397)
(0.0146916,0.00521299)
(-0.0184733,0.00145961)
(0.0156567,0.019817)
(-0.0242734,0.00399424)
(0.0216192,0.0175484)
(-0.00983023,0.0137688)
(0.0107986,0.0036372)
(0.00625085,0.000424002)
(-0.00787672,-0.00615923)
(0.00983538,-0.0042043)
(-0.00371039,-0.00292777)
(0.0139782,-0.000366401)
(-0.00992635,-0.0103878)
(0.0128468,0.0105146)
(0.00112141,0.00802328)
(0.0220002,0.00588522)
(-0.0031088,0.00600448)
(0.023914,0.010066)
(0.00690586,0.00804069)
(-0.000328739,0.00282321)
(0.0137657,0.00790935)
(-0.042206,0.0133498)
(0.0073911,0.0151598)
(-0.0613076,-0.0109207)
(-0.00299215,0.0324365)
(-0.0223764,0.0326923)
(-0.00206848,0.0043187)
(-0.0144674,0.0271679)
(0.0138814,-0.00391364)
(-0.00337827,0.0242028)
(0.00046071,-0.0118607)
(0.0110422,0.00595473)
(0.00107011,-0.0181987)
(0.00449808,-0.000961691)
(0.0100693,0.00410694)
(0.0235473,0.00396605)
(0.00235036,0.0196122)
(0.0225397,-0.00311337)
(0.00556029,0.0129037)
(-0.0164006,0.0151785)
(0.0115738,0.0165552)
(-0.0546148,0.00639849)
(-0.000274186,0.00428095)
(-0.0595759,0.00412669)
(-0.0320895,-0.0120064)
(-0.00542814,0.0366774)
(-0.0384601,-0.0266067)
(0.00439979,0.0343684)
(-0.0221737,-0.015116)
(0.0141608,0.0262211)
(-0.0130928,-0.0149216)
(0.000303082,0.0127699)
(-0.0192872,-0.0335642)
(-0.00237737,-0.00536274)
(-5.72189e-05,-0.00291973)
(0.0228894,-0.00413675)
(-0.00380868,0.0155979)
(0.0104573,-0.0143057)
(-0.000466894,0.0122196)
(-0.00706021,-0.00118592)
(-0.0203284,0.0124945)
(-0.0119409,0.0464297)
(-0.0330438,0.0100566)
(-0.000466111,0.0418956)
(0.00579311,0.000388079)
(-0.00859406,0.0335818)
(-0.00753512,-0.0304441)
(0.0149504,0.0491456)
(-0.023804,-0.00358001)
(0.00907642,0.0356402)
(-0.0220351,-0.0174179)
(0.00723934,0.0137263)
(-0.019335,-0.0255753)
(-0.00378596,-0.0137184)
(-0.0109836,-0.00341638)
(0.0117588,-0.00522425)
(-0.00530628,-0.00164994)
(0.0155656,-0.0172499)
(0.0105797,0.00916792)
(-0.0037615,-0.0111361)
(-0.00284587,0.0184315)
(-0.00328959,0.0308359)
(-0.00643442,0.0328884)
(-0.0195536,0.0443186)
(0.0455452,0.0242696)
(-0.0100108,0.0461178)
(0.0122465,0.0298481)
(0.0032905,0.0370392)
(-0.00963843,-0.00537891)
(0.0169807,0.0269867)
(-0.0193871,-0.0198903)
(-0.00185294,0.0144603)
(-0.0100351,-0.0242152)
(-0.0148197,0.0079183)
(0.0041067,0.00714862)
(-0.00757046,-0.00402217)
(0.00263679,-0.00441931)
(-0.00152221,-0.010902)
(0.0287611,0.0130476)
(-0.00638917,-0.0291462)
(0.00804841,0.0128899)
(0.00368528,-0.0138382)
(-0.00640199,0.00989501)
(-0.00719273,0.00733926)
(0.0266105,0.0130917)
(0.00920292,-0.00362415)
(0.0130942,0.00547352)
(0.0213123,0.00689036)
(-0.0136576,-0.00973429)
(0.0132651,0.0092732)
(0.00117318,-0.0171226)
(-0.00274,0.00527585)
(0.00747722,-0.0133744)
(-0.0156476,-0.00152275)
(0.00340151,-0.000349494)
(-0.00491744,-0.00244555)
(0.0026732,0.0214669)
(-0.0104919,-0.00504988)
(0.0110526,0.0130522)
(0.00240157,-0.0260768)
(0.00758345,0.0195572)
(-0.00537201,-0.0324331)
(-0.00697724,-0.00660599)
(0.0071565,-0.0161886)
(0.00961465,-0.00744466)
(0.00351197,-0.0282263)
(0.00813091,-0.00374114)
(-0.00325932,-0.0202712)
(-0.00152888,-0.00568476)
(-0.00476865,-0.000425421)
(0.0106755,-0.00613704)
(-0.00646647,0.00220632)
(0.0306336,-0.000708498)
(-0.0135313,0.00179546)
(-0.000314298,0.0129132)
(-0.00885647,0.0049017)
(6.66581e-05,0.0217997)
(-0.00622644,-0.00337558)
(-0.00461569,0.022871)
(-0.00175981,-0.0189662)
(-0.0172522,0.00563762)
(-0.00767917,-0.0108172)
(-0.006454,-0.000261884)
(-0.00435724,-0.00215822)
(-0.00841479,-0.0125996)
(-0.000920586,-0.00543985)
(0.00137417,-0.00284013)
(-0.0084,-0.00629125)
(0.0023047,-0.0105646)
(-0.00836746,0.00547065)
(0.0182392,-0.00825781)
(0.00092403,0.00851087)
(0.0232594,-0.00908435)
(-0.0087483,0.0062419)
(-0.00371852,0.0114921)
(-0.00658755,-0.0242646)
(0.00346833,0.0103592)
(-0.00313499,-0.0142396)
(0.00123543,-0.0118429)
(-0.0103996,-0.0108933)
(-0.013104,-0.00712712)
(0.00120268,0.00831623)
(-0.0200949,0.00916056)
(-0.0041827,0.0114805)
(-0.0197013,-0.000611153)
(0.00914342,0.0037046)
(-0.0126224,0.00751601)
(-0.00741134,-0.0180205)
(-0.0107222,-0.000585756)
(-0.0122285,-0.0174923)
(-0.0088881,-0.021323)
(-0.003394,0.0011905)
(-0.0068949,-0.00349897)
(-0.000688898,-0.00659987)
(0.00749228,-0.00493946)
(0.0066014,-0.0149585)
(0.00568255,0.015827)
(-0.000731395,-0.0119571)
(0.0063535,0.00268054)
(0.00146399,0.00548413)
(-0.00628763,-0.00104227)
(0.00957309,0.0133103)
(-0.0136652,0.0016658)
(0.0140781,0.0323968)
(-0.0226671,0.00657495)
(0.00608687,-0.00611723)
(-0.0167527,0.0204204)
(0.00964412,-0.0302892)
(-0.0141528,0.0160795)
(-0.0180112,-0.0182719)
(-0.0259256,0.0124307)
(-0.0129606,-0.00235925)
(-0.00458888,-0.00737898)
(0.00757698,0.00182627)
(-0.00380761,0.0112099)
(0.020104,0.0021087)
(-0.000516906,0.00753479)
(0.0242641,0.0159818)
(0.00700969,-0.00692407)
(0.00840244,0.0204598)
(0.0140424,-0.0137501)
(0.0122198,0.0097505)
(-0.0102566,-0.0175213)
(0.00464267,-0.0014288)
(-0.00235522,0.00246708)
(-0.000542795,-0.0149269)
(-0.0118278,-0.00543471)
(-0.0169946,-0.0423656)
(-0.00433424,0.0117364)
(-0.0209646,-0.0159567)
(-0.0060358,-0.000396832)
(-0.0216343,-0.0125046)
(-0.01958,-0.0034548)
(-0.00533183,-0.000304125)
(-0.0103872,0.010693)
(0.0132127,0.00544757)
(-0.0122526,0.0136863)
(0.0149911,0.0107558)
(0.014473,-0.012905)
(0.0161406,0.00469584)
(0.0217833,0.00569822)
(-0.00096129,-0.00352277)
(0.0139866,-0.00722783)
(-0.0147869,-0.0129676)
(0.00398785,-0.00323687)
(-0.0168573,0.00482883)
(0.00319916,-0.0131725)
(-0.0165729,-0.0079518)
(0.00357437,-0.0183959)
(-0.0111874,-0.0180482)
(0.0108435,-0.0106189)
(-0.00242458,-0.0092238)
(-0.00399847,-0.0120028)
(-0.00097115,0.00220337)
(0.00700659,0.0173963)
(0.0105165,0.0054701)
(-0.0127552,0.00889486)
(0.0056842,0.0101924)
(-0.00203003,0.0118575)
(-0.00441217,-0.00767505)
(-0.00160619,0.000415159)
(-0.00111777,0.0149952)
(-0.0145323,-0.0186862)
(-0.0253795,0.00350267)
(-0.010175,-0.0199579)
(0.00585837,0.00767193)
(-0.00245623,-0.0418965)
(0.00213471,0.0118874)
(0.0175319,-0.0177025)
(0.0113432,0.00441953)
(0.00212028,-0.0161334)
(0.0115854,-0.00301544)
(0.000446249,-0.0240686)
(0.00130901,0.000205666)
(-0.00283895,-0.00873579)
(0.0147011,-0.00555723)
(-0.00838471,-0.00660537)
(0.001479,-0.0189581)
(-0.00964224,-0.00567417)
(-0.00767872,-0.0117357)
(-0.0106042,0.0123462)
(-0.000321104,0.00222461)
(-0.0177501,-0.0118813)
(0.00142269,0.00794872)
(0.00318252,-0.0117299)
(0.00731963,0.019279)
(-0.00756523,-0.0148645)
(0.00867989,0.0166299)
(-0.00237603,-0.0238931)
(0.0199027,0.0220498)
(-0.0103311,-0.00986325)
(0.0126984,0.00207848)
(-0.00541725,-0.0301678)
(0.00154904,-0.00468822)
(-0.00638728,-0.0139756)
(0.00609748,-0.0168763)
(-0.0140728,-0.0127797)
(0.0169593,-0.0192616)
(-0.00375207,0.000883815)
(0.00359664,-0.0356531)
(-0.00573317,0.00804265)
(-0.00555181,-0.0124367)
(-0.0100195,0.0061313)
(-0.00229916,0.0155173)
(0.00209842,0.0029891)
(4.42493e-05,0.00735953)
(-0.0032071,-0.0100841)
(0.00860873,0.0200414)
(-0.0210876,-0.0210595)
(0.0118228,0.00674948)
(-0.029138,-0.0203712)
(0.00125352,0.00231095)
(-0.00696193,-0.0162891)
(-0.0102964,-0.00168064)
(-0.00766757,-0.0147529)
(-0.0127783,-0.0100261)
(-0.000861586,0.00893962)
(-0.0104391,-0.0196851)
(0.00952775,-0.00281912)
(0.00236911,-0.0205002)
(0.0118934,0.0257241)
(0.014366,-0.0285573)
(0.00282635,-0.00228364)
(0.00793286,-0.0159112)
(0.0133228,-0.0108048)
(0.0100923,-0.0116664)
(-0.0103949,-0.0108558)
(0.015455,-0.00200256)
(-0.0149887,-0.0149154)
(0.00903915,0.0113414)
(-0.0266339,-0.0232785)
(0.00203919,-0.00719262)
(-0.0047686,-0.0149082)
(-0.00511714,0.000518486)
(0.00184035,0.00415697)
(-0.0153971,-0.00917215)
(0.00757937,-0.00422139)
(-0.00442634,-0.00540332)
(0.000454278,0.0069238)
(-0.00289256,-0.0134178)
(-0.013654,0.00334959)
(0.00382116,-0.00661375)
(0.00604645,-0.000126709)
(-0.00144008,-0.00513369)
(0.00361976,-0.0297771)
(0.00631673,-0.0165549)
(0.00359815,-0.0186737)
(-0.00302063,0.00627434)
(-0.00591046,-0.0123118)
(-0.00782525,-0.00629385)
(-0.00113873,-0.0181125)
(0.00609742,0.00397181)
(0.00873395,-0.00628141)
(-0.00863593,0.00592453)
(0.00562703,0.0121294)
(-0.00767999,-0.00534668)
(0.0206633,0.0158323)
(-0.00820381,-0.0056601)
(0.00374517,0.00702589)
(0.00218977,-0.00153082)
(0.000876096,0.00502337)
(-0.0104589,0.0015412)
(-0.00928391,-0.00900321)
(-0.00094837,0.00723767)
(0.00191426,-0.0197414)
(-0.00526582,-0.00292615)
(-0.00041419,-0.0182137)
(-0.000747059,0.0064604)
(0.00250287,-0.0156896)
(-0.00308555,0.00199145)
(0.00575017,-0.0089995)
(0.00361571,0.00633014)
(-0.00201276,-0.01292)
(0.00752209,0.00545975)
(-0.0042701,0.00808716)
(0.000567065,-0.0178465)
(-0.00630401,0.0102705)
(-0.00643078,-0.00784399)
(0.00309549,0.00421948)
(-0.00614987,0.00353641)
(-0.02465,0.00915346)
(7.65987e-05,0.00250817)
(-0.016234,0.00209264)
(0.00545272,0.0202768)
(-0.0231842,0.00972127)
(-0.00518261,-0.00117868)
(-0.0191309,0.00162107)
(-0.0030936,-0.00963332)
(-0.0033845,-0.00590152)
(-0.0132158,-0.00409544)
(-0.00758695,-0.00978373)
(0.00899313,-0.00214543)
(-0.0075479,0.00431262)
(0.0110603,0.00102231)
(0.00356532,-0.00232611)
(0.00521231,-0.0164611)
(-0.00162481,0.002603)
(-0.00229309,-0.00118119)
(-0.0119884,0.00471193)
(-0.00362951,0.000801767)
(0.000584353,0.0112133)
(0.00574658,0.011385)
(-0.0142539,0.0139469)
(0.00279898,0.00344465)
(-0.0185022,0.00449499)
(0.00956733,-0.00145856)
(-0.0171011,0.0142132)
(-0.0163283,-0.0222303)
(-0.0123624,0.00387229)
(-0.0236042,-0.0112319)
(-0.014238,-0.0139613)
(-0.0161048,0.00415244)
(-0.0144285,-0.00355048)
(0.0067212,0.00216059)
(-0.00556308,-0.00754568)
(0.00531659,-0.000181534)
(-0.00717701,-0.000730495)
(0.00280012,0.00983653)
(0.00219926,-0.00443805)
(0.00232675,0.0179226)
(-0.00459508,-0.00464226)
(0.00796658,0.00431384)
(-0.0145998,-0.0120798)
(0.00311792,0.0119203)
(-0.023337,-0.0128161)
(-0.00633318,-0.0189466)
(-0.0180173,-0.000594908)
(-0.0122965,-0.0312387)
(-0.00653319,0.000502509)
(-0.0306484,-0.0199904)
(-0.021721,-0.00312132)
(-0.0187785,-0.00792975)
(-0.0176879,0.00173832)
(-0.00136727,0.00592833)
(-0.010041,0.00197778)
(0.0061279,0.00703544)
(-0.00559044,0.00164007)
(0.00123922,0.0161579)
(0.00550363,0.00460657)
(0.00203782,0.010727)
(0.00447326,-0.0117557)
(0.000979151,-0.00114396)
(-0.007754,-0.0149114)
(0.00129213,-0.0131043)
(-0.0114568,-0.0216274)
(-0.00114519,-0.00588016)
(-0.00148913,-0.0304763)
(-0.0159669,-0.0239066)
(0.0132574,-0.00917341)
(-0.0168732,-0.0143673)
(-0.0021604,-0.000636357)
(-0.00712511,0.00123493)
(-0.0164844,0.00297391)
(-0.00417547,0.00141292)
(0.00318249,0.00366284)
(0.00129278,0.00395325)
(-0.00619162,0.0180281)
(-0.00293744,-0.000236414)
(0.00122986,0.00798941)
(7.20374e-05,0.000976648)
(0.00968048,0.00286149)
(0.00313126,-0.00797333)
(-0.0048848,-0.0196267)
(0.00453585,0.0024454)
(-0.00415547,-0.0210107)
(0.00295015,0.00508585)
(0.0099617,-0.035373)
(-0.00281474,0.00459698)
(0.0173846,-0.0099527)
(-0.00301614,0.00879316)
(0.00440648,-0.00687455)
(0.0052117,-0.0001961)
(-0.0137876,-0.00807314)
(-0.00476729,-0.00313624)
(0.00227259,-0.0216331)
(0.00355454,-0.00201844)
(-0.000829761,-0.0232864)
(0.00183058,-0.0060032)
(-0.00319082,-0.00996086)
(-0.00492547,-0.00882402)
(0.000610131,-0.0126386)
(-0.005001,-0.0206176)
(-0.0145688,-0.0133555)
(0.00514526,0.000841311)
(-0.00856581,-0.0199748)
(-0.00334096,-0.00180058)
(-0.00168035,-0.0305915)
(0.0048291,0.0166819)
(0.000867581,-0.0185151)
(0.00915835,0.0087843)
(-0.00801455,-0.00692312)
(0.0102641,0.00346826)
(-0.00923523,-0.00556329)
(-0.0108806,-0.000801776)
(-0.00430376,-0.0146072)
(0.000850765,-0.00876799)
(-0.00656729,-0.0205557)
(0.00293168,-0.0171498)
(-0.00995353,-0.0181513)
(0.00557819,-0.0191437)
(-0.00954701,-0.00559591)
(-0.000816986,-0.0239235)
(-0.0127389,-0.0135035)
(-0.00675635,-0.00861175)
(-0.00812978,-0.00794752)
(-0.00474608,0.00319239)
(-0.0042361,-0.00833784)
(-0.0118393,0.0124442)
(-0.00636392,-0.00711517)
(-0.00349937,0.00175831)
(-0.0111229,-0.00244835)
(-0.00237988,-0.0159168)
(-0.0111685,-0.00353225)
(-0.00640581,-0.00378803)
(-0.00514667,-0.00760636)
(-0.0065022,-0.0189824)
(-0.00606607,-0.0127364)
(-0.00599149,-0.00984523)
(-0.0106786,-0.0035207)
(-0.00695506,-0.0133454)
(-0.0130695,-0.0118006)
(0.00163732,-0.015196)
(-0.00674541,-0.00673096)
(0.000109111,-0.0110246)
(-0.00703762,-0.00677937)
(-0.00726023,-0.00518706)
(-0.0072758,-0.00298458)
(-0.00523636,0.00535013)
(-0.0077754,0.000424863)
(-0.00742893,-0.0109221)
(-0.0122711,-0.0154211)
(0.00121795,-0.00546261)
(-0.00397782,-0.00787531)
(-0.0139029,-0.00551989)
(-0.00141257,0.00304958)
(-0.0144826,0.000843527)
(-0.00267277,0.00020645)
(-0.0188812,-0.0093151)
(-0.0125324,-0.0109516)
(-0.00374691,-0.00073591)
(-0.0226395,0.000297514)
(0.00132959,-0.0156276)
(-0.0113465,-0.0170654)
(0.0094193,0.00246023)
(-0.00743117,-0.0105272)
(0.00508073,0.00356203)
(0.00655587,-0.00492431)
(-0.0036289,-9.02962e-05)
(0.0018705,-0.00186377)
(-0.0015333,-0.0105426)
(0.00546695,-0.00540242)
(0.00149951,-0.00735173)
(0.00142446,-0.00550561)
(-0.00934647,0.00487827)
(0.00185158,0.00354103)
(-0.00524994,-0.00283722)
(0.00580728,0.00338339)
(-0.0113482,0.00207909)
(0.00114899,0.0039157)
(-0.0010346,-0.00408726)
(-0.0135581,-0.000583602)
(0.00314509,-0.000344598)
(-0.00684702,-0.00646812)
(0.0011361,0.00100539)
(-0.00756915,-0.00798318)
(0.0139916,0.0048959)
(0.00480246,-0.000632041)
(0.00563364,-0.00204207)
(0.0118658,-0.00995082)
(0.00165761,-0.0116495)
(0.00965811,-0.0141391)
(0.00586893,-0.00869254)
(-0.00490365,-0.018304)
(-0.0121564,0.00616079)
