(0.00019069,-0.000536768)
(-0.000854618,0.00182776)
(-0.00292676,-0.000833132)
(0.000615083,0.00185718)
(-0.00591605,0.00076891)
(-0.00192872,-0.000766695)
(-0.00385724,0.00136161)
(0.0016279,0.00272911)
(-0.000915899,0.0019998)
(0.00296063,-0.00733854)
(0.000598998,0.000462781)
(-0.00161703,0.000754839)
(0.00532614,-0.0016079)
(-0.000804504,-0.00244616)
(0.0019005,0.000328764)
(-0.00190398,-0.000960296)
(-0.000555612,0.00248304)
(0.000445449,-0.00371034)
(-0.00147392,-0.00172733)
(-0.00391762,-0.00306953)
(-0.00265558,0.000813074)
(-0.00324431,0.00521559)
(-0.0033306,0.00186231)
(-0.000635971,0.00314199)
(-0.00501214,0.000147077)
(0.000831129,0.00516776)
(-0.00490786,-7.04965e-05)
(0.00101304,-0.00222698)
(0.00197651,0.00121129)
(-0.000501885,-0.00192867)
(0.00315292,-0.00405538)
(3.80645e-05,-0.0072495)
(0.00619268,-0.00512247)
(-0.00227048,-0.00348446)
(0.00338512,-0.00430373)
(-0.00262237,-0.00421764)
(0.00130537,0.00370049)
(0.00219941,-0.00122276)
(-0.00191028,0.00130657)
(8.42425e-05,-0.00206424)
(-0.00169915,0.00416882)
(-0.000885139,0.00555668)
(-0.00536962,0.00316338)
(-0.00117219,-0.000796714)
(0.000481359,-0.00277486)
(-0.00198232,-0.000568494)
(0.00196135,0.000866686)
(0.000574561,0.00213238)
(0.00180853,0.000906699)
(-0.000707011,-0.00211436)
(0.00255151,-0.000867878)
(-0.00162055,-0.00547188)
(0.00263653,-0.00195783)
(-0.00115155,-0.00568628)
(0.00345868,-0.00575288)
(-0.0029332,-0.000651461)
(0.00159697,-0.00148136)
(-4.76584e-05,-0.00411504)
(-0.000668291,-0.00357148)
(-0.000249193,-0.000914725)
(-0.00101858,0.00130257)
(0.000475957,0.00203275)
(-0.00165917,0.00520449)
(-0.00164383,-0.00179929)
(-1.84302e-05,-0.00444315)
(-0.0027125,0.00496923)
(-0.00145498,-0.00575466)
(0.000285938,0.0086106)
(0.00177081,-0.00176957)
(-0.00416214,-0.00361931)
(-0.0010725,-0.000182209)
(-0.00263201,-0.00140491)
(-0.00456728,0.00160777)
(-0.00509991,-0.00753773)
(0.000704362,-0.00654496)
(-0.00545708,0.00127246)
(-0.00327935,0.000370882)
(0.000252442,0.00201035)
(-0.0069899,-0.00191152)
(0.000481858,-0.00114861)
(0.000517557,0.00595085)
(0.000978783,0.00248334)
(-0.00585018,0.00303132)
(0.00199896,0.00082247)
(-0.00419438,-0.00293446)
(-0.00458881,0.00460028)
(-0.00318286,-0.00381079)
(-0.00500241,0.00171526)
(-0.000556409,-0.00252937)
(-0.00396308,0.000378737)
(-0.00369633,-0.0014585)
(-0.000382729,-0.00147447)
(-0.00454183,-0.00101006)
(-0.00397357,0.00533556)
(-0.00524829,0.00144839)
(-0.0031883,0.00555236)
(-0.00760356,-0.00373253)
(0.000440516,0.00525862)
(-0.00135003,-0.000525128)
(2.42745e-05,0.000834549)
(-0.0003968,0.00240195)
(0.00130275,-0.000358929)
(-0.00682396,0.00260465)
(-0.00232756,0.00352847)
(-0.00232038,-0.00106704)
(-0.00636187,0.0102794)
(-0.00159817,-0.00672327)
(-0.00322077,0.0112056)
(-0.00107211,-0.00336301)
(-0.000186414,0.00468242)
(-0.00241384,-0.00306712)
(0.00113759,0.00890815)
(-0.00454833,-0.000347355)
(0.00173569,0.00846907)
(-0.00547397,-0.00229593)
(0.00350574,0.00822217)
(-0.00558474,-0.00600207)
(-0.00139137,0.00374536)
(-0.000764371,-0.0040353)
(-0.00240431,0.003349)
(-0.00118096,0.00317413)
(0.00241106,-0.00374009)
(-0.00516522,0.00439598)
(-0.00271998,0.000136667)
(-0.00254518,0.00148539)
(-0.00451486,0.00866929)
(-0.00334225,-0.00160314)
(0.00322174,0.0107891)
(0.000208963,-0.0012286)
(0.00353242,0.00641323)
(0.000583692,0.000694456)
(-9.30076e-05,0.00722985)
(-0.00522759,0.00090172)
(0.0019737,0.00934192)
(-0.00601865,-0.00210192)
(0.000485157,0.00455545)
(-0.00748179,-0.00648029)
(-0.00306424,-0.000636981)
(-0.00474353,-0.00399241)
(-0.00454218,-0.00185838)
(0.00112195,0.00285738)
(-0.00177584,-0.00275724)
(-0.00258622,5.01039e-05)
(-0.00507907,-0.00144445)
(-0.00654117,0.00421794)
(-0.00276335,0.0042568)
(-0.00199259,-0.000840321)
(0.00162087,0.00545217)
(-0.00220153,0.00199389)
(-0.00457176,0.00947589)
(-0.00306808,0.00355139)
(-0.000578864,0.00734406)
(0.00173033,0.00093282)
(-0.00471686,0.00565874)
(-0.00714658,-0.0046908)
(0.00163771,0.00023966)
(-0.00698014,-0.00437073)
(0.00158743,-0.000769373)
(-0.00477642,-0.00202384)
(0.000788767,-0.00124296)
(0.00137188,-0.000827192)
(-0.00464357,-0.00381689)
(-0.00311254,0.00310802)
(-0.00638457,-0.00220739)
(-0.00186926,4.08758e-05)
(-0.00329068,-0.00185883)
(-0.00169893,0.00354502)
(-0.00607183,0.00169216)
(-9.49958e-05,0.00349067)
(-0.00587486,0.00567957)
(-0.00288058,0.00207016)
(-0.00390384,0.00570102)
(-0.00285628,4.84457e-05)
(-0.00303293,0.00170666)
(-0.00220313,-0.00332414)
(0.00396564,0.00125956)
(-0.00704541,-0.0069904)
(0.00220634,0.00054016)
(-0.0024964,-0.00263691)
(0.00208186,0.00113067)
(0.00298447,-8.43272e-05)
(-0.000999028,-0.00198099)
(-0.00296894,0.00107951)
(-0.00042971,0.00160821)
(0.00312475,-0.000418957)
(-0.00288992,-0.0021869)
(-0.00501389,-0.000832359)
(-0.00306005,0.00521771)
(-0.00265312,-2.86433e-05)
(-0.00357122,0.00267139)
(-0.00294442,-0.00140147)
(-0.00407039,0.00350186)
(0.000184039,0.00155733)
(-0.00210246,-1.43732e-05)
(-0.00272815,-0.00451191)
(-1.86548e-06,0.000306582)
(-0.00444903,-0.00323472)
(0.00243079,-0.00312214)
(-0.00674046,-0.000185175)
(0.00183863,-0.00881104)
(-0.000166416,0.00222534)
(-0.000573617,0.00335354)
(-0.00227333,0.000629192)
(-0.00172578,-0.00158657)
(-0.0053692,0.00346727)
(-0.0007522,-0.00196406)
(-0.00310856,0.00146741)
(-0.00145777,-0.00496108)
(-0.0034602,-0.000797584)
(0.000337465,-0.00953904)
(-0.000683738,-0.00251615)
(-0.00105113,-0.00698891)
(0.00043254,-0.000774015)
(-0.000326244,-0.00114591)
(-0.000499249,0.00178407)
(-0.00156543,0.000139723)
(-0.00494932,0.000817578)
(-0.000584074,-0.00301298)
(0.00072741,-0.00339208)
(-0.000153517,-0.00539455)
(-0.000802302,0.000950515)
(-0.00199044,3.30617e-05)
(-0.00168269,0.00645981)
(0.000738458,-0.00262065)
(-0.00437207,0.00151592)
(-0.00249533,-0.00772064)
(-0.00137879,-0.00364515)
(-0.00556508,-0.00657696)
(-0.00130469,0.00474132)
(-0.00496409,-0.0128165)
(-0.00124742,-0.00218668)
(-0.000323382,-0.0079573)
(0.00106467,0.000910649)
(-0.000402085,-0.0088748)
(-0.000714013,0.000618504)
(-0.000795932,-0.00382011)
(-0.00114387,-0.0039052)
(0.00784385,-0.00612659)
(-0.00299491,-0.00589913)
(0.00319851,-0.00387331)
(-0.00439293,0.00181223)
(0.000813265,0.000795427)
(-0.000881022,-0.000261398)
(-0.00667026,0.00134647)
(-4.74569e-06,-0.00303506)
(-0.0056387,0.000685777)
(-0.00391958,-0.00155365)
(-0.00449687,-0.00417458)
(-0.00777002,-0.00459929)
(-0.00236227,-0.0125296)
(-0.00363433,-0.00181263)
(-0.00158896,-0.0123025)
(-0.00180908,-0.00247211)
(0.000748896,-0.00904316)
(-0.00315939,-0.00479167)
(0.000454927,-0.0020906)
(-0.00308924,-0.00364598)
(0.00307308,0.000697421)
(-0.00526473,-0.00433838)
(5.7738e-05,-0.00819584)
(-0.00148371,0.0038407)
(-0.00227409,0.00274197)
(-0.00304318,0.000915917)
(0.0011886,-0.00295864)
(-0.00163633,-0.00583906)
(-0.00908594,0.00258459)
(-0.00574207,-0.01103)
(-0.00431023,0.00411045)
(-0.00946655,-0.00380457)
(-0.00663715,-0.0042246)
(-0.00474165,-0.00385684)
(-0.00381384,-0.00912869)
(-0.00943,-0.00170694)
(-0.00448007,-0.00580923)
(-0.00342041,0.00258469)
(-0.00152928,-0.00528879)
(-0.00593771,-0.00135025)
(0.0030031,-0.00133847)
(-0.00696364,-0.000913543)
(0.000751781,-0.00186592)
(-0.00358398,0.00795345)
(0.00207301,-0.00446361)
(-0.0028987,0.00621967)
(-0.00473895,0.00261895)
(-0.00643686,-0.00935592)
(-0.00927937,0.00688302)
(-0.00857675,-0.00656563)
(-0.00837014,0.00382806)
(-0.0079742,-0.0125853)
(-0.00518689,0.00470607)
(-0.00789034,-0.00756456)
(-0.00477573,0.0003025)
(-0.00774456,0.00376933)
(0.000133984,-0.000459083)
(-0.00745872,0.0102287)
(0.00083115,0.000745321)
(-0.00800312,0.000440172)
(0.0042214,0.00380122)
(-0.00546907,-0.00155757)
(0.000395092,0.000798847)
(-0.00592147,0.00482815)
(0.00201213,-0.000455446)
(-0.00621431,0.00738303)
(-0.00217035,0.0040517)
(-0.0073361,-0.00831896)
(-0.00565358,0.00892646)
(-0.00755979,-0.00508083)
(-0.00971743,0.00917571)
(-0.00167545,-0.00639882)
(-0.00540685,0.0148728)
(-0.00182376,-0.00356039)
(-0.00386009,0.0115649)
(-0.00686237,0.00771864)
(-0.000752581,0.0109737)
(-0.00765987,0.00247716)
(0.00859816,0.00488273)
(-0.0059365,-0.000880642)
(0.00160871,0.00332371)
(-0.00458539,-0.000891118)
(0.00131706,-0.00336033)
(-0.000914563,0.00369522)
(-0.00174628,-0.00213719)
(-0.00552454,0.00405466)
(-0.00604483,0.00189938)
(-0.00638817,0.000352778)
(0.000118519,0.00861199)
(-0.00325929,-0.00102509)
(0.00129802,0.00788178)
(0.000554405,-0.00604107)
(-0.00111365,0.0109557)
(-0.00633636,0.00252056)
(-0.000670704,0.0058221)
(-0.00146767,0.00888486)
(0.00427442,0.00383371)
(-0.00235152,0.00548425)
(0.00833535,0.00684967)
(-0.00937039,-0.00106147)
(0.00221854,0.00148658)
(-0.00546296,-0.00332419)
(-0.00268388,-0.00196688)
(-1.13513e-05,0.00154857)
(-0.00132598,-0.00875698)
(-0.00736353,0.00641525)
(-0.00902019,0.00327131)
(-0.00183489,-0.000179571)
(-0.00859082,0.00569465)
(-0.00659491,0.00419604)
(-0.00356277,0.00741191)
(0.000419332,0.00278472)
(-0.00155948,0.0105806)
(0.00109205,0.00154665)
(-0.00593812,0.00995528)
(0.00276991,0.00558946)
(-0.000273239,0.00787766)
(-0.00533267,0.00309609)
(0.00192383,0.00380243)
(-0.00752394,-0.00178433)
(0.00398813,-0.00551408)
(-0.00426767,-0.00139305)
(0.000945264,-0.00233692)
(0.00133146,-0.00063444)
(-0.00487534,0.00251612)
(0.00262388,0.0027147)
(-0.00551271,-0.00341778)
(-0.000686743,0.00405342)
(-0.00144715,0.0049332)
(-0.00123356,-0.00192912)
(-0.000367327,0.00779736)
(-0.0053397,-0.000103466)
(-0.0010125,0.00997506)
(-0.00226774,0.00545104)
(-0.00186075,0.005751)
(-0.00218728,0.00355817)
(-0.00106038,0.00371363)
(-0.00892208,0.000254842)
(0.00702213,-0.000936633)
(-0.00878232,-0.00176579)
(0.00425278,-0.001979)
(-0.00294478,-0.00455594)
(0.00259485,-0.00326622)
(-0.000634292,-0.00347249)
(-0.00366735,0.000500221)
(-0.00193441,0.00227265)
(-0.00452607,0.00137172)
(0.00133454,-0.000659872)
(-0.00643007,5.13579e-05)
(-0.00367665,-0.00121802)
(-0.000842491,0.00576186)
(-0.00119312,0.000671825)
(-0.00321637,0.00574465)
(-0.0067781,-0.00157273)
(-0.00438227,0.00746285)
(-0.00326683,0.000313713)
(-0.000916753,0.000997084)
(-0.00593538,-0.00228666)
(-0.00181029,-0.00252449)
(-0.00653348,-0.0078908)
(-0.000178402,-0.00122832)
(-0.00491403,-0.00305158)
(0.00120577,-0.00254657)
(0.00111822,0.000705918)
(-0.00293533,-0.00396197)
(0.00174167,0.00393982)
(-0.0010614,-0.00574504)
(-0.000905884,-0.00115137)
(-0.00485631,-0.00158311)
(-0.00378001,-0.00458037)
(-0.00590204,-0.000967205)
(-0.0042198,0.000433483)
(-0.00404757,-0.0054207)
(0.00079476,0.000172033)
(-0.00168919,-0.00456695)
(-0.00239573,0.00561619)
(-0.00259888,-0.00565562)
(-0.000173182,0.00108147)
(0.00170587,-0.00430065)
(-0.00108187,-0.000993666)
(0.00417926,-0.00293078)
(-0.00357056,-0.0039085)
(0.00475697,-0.00214653)
(-0.00448729,0.00771106)
(0.000807031,-0.00447549)
(0.000589337,0.00640041)
(-0.00390221,-0.00274553)
(0.00277797,0.000540915)
(-0.00751935,-0.00498218)
(-0.00402283,-0.00113025)
(-0.010915,-0.0068577)
(-0.00685394,-0.0055058)
(-0.00243111,-0.00927739)
(-0.00671502,0.00206188)
(-0.00156115,-0.00672039)
(-0.00405022,0.00416815)
(0.00166363,-0.00496316)
(-0.00291517,0.00570136)
(0.00188346,-0.00630007)
(-0.00469844,-0.00205713)
(0.00206447,-0.00313238)
(-0.00253819,-0.00546513)
(0.00101063,-0.00415588)
(-0.00140101,0.00189518)
(-0.00277124,-0.000187281)
(0.00455935,6.48917e-05)
(-0.00213491,-0.00437624)
(-0.000427085,-0.0034041)
(-0.00733639,0.00231616)
(-0.0094323,-0.00577922)
(-0.00743854,-0.00345041)
(-0.00750583,-0.00436097)
(-0.00402564,-0.0122163)
(-0.00658841,0.00107617)
(-0.000609092,-0.00343188)
(-0.00748981,0.00114268)
(-0.00451841,-0.00564652)
(-0.00481073,0.00557398)
(0.00191794,-0.00197061)
(-0.00578186,0.00240618)
(0.00341026,-0.002236)
(1.5537e-05,0.0027877)
(0.00110142,0.000629767)
(0.00131207,0.00208322)
(-0.00110028,-0.00391709)
(0.000501005,-0.00454309)
(-0.0055012,0.00145257)
(-0.00494272,-0.00216623)
(-0.0113013,0.00235184)
(-0.0148303,-0.00769729)
(-0.00923513,-0.00102346)
(-0.0258472,-0.00884609)
(-0.00616961,-0.00588904)
(-0.0114628,-0.0122449)
(-0.00616753,-0.00484558)
(-0.00379419,-0.0020129)
(-3.87468e-05,0.000532902)
(-0.00801296,0.00199344)
(-0.00196377,-0.00586646)
(-0.00512924,0.00870884)
(0.00599752,-0.000380981)
(-0.00351386,0.00100367)
(0.00116381,-0.00164691)
(-0.00156389,0.000582736)
(-0.00496796,0.00327465)
(-0.00380486,0.00296075)
(-0.00254567,0.00198015)
(-0.0139693,-0.00756542)
(-0.0092675,0.00647929)
(-0.0224427,-0.0162755)
(-0.00909676,0.0040537)
(-0.0318361,-0.031852)
(-0.0248457,0.0172001)
(-0.0231151,-0.0302947)
(-0.0181618,0.0113512)
(-0.0173013,-0.00339401)
(-0.00920561,0.00055089)
(-0.000190342,0.00237921)
(0.0028006,-0.00111917)
(-0.00171281,0.0100586)
(0.00177563,-0.000540088)
(-0.00149625,0.00659564)
(0.00505919,0.00165723)
(-0.0022617,0.00104144)
(-0.000395449,6.35824e-05)
(-0.00500205,-0.00120643)
(-0.00583396,0.010313)
(-0.00670933,-0.003415)
(-0.0121654,0.0106467)
(-0.0123245,-0.0138731)
(-0.0176257,0.0176701)
(-0.0186752,-0.0244267)
(-0.0180208,0.0315225)
(-0.0186832,-0.0154472)
(-0.0250236,0.0176177)
(-0.00421228,0.00316919)
(-0.00418192,0.0140288)
(-0.00285188,0.00708174)
(0.00127931,0.00503747)
(-0.00466917,0.00507855)
(0.00728841,-0.00169071)
(0.000303445,0.00192971)
(0.00516639,0.000158471)
(-0.00142819,0.00112753)
(-0.00363217,0.000874568)
(-0.00444475,0.00170377)
(-0.00640399,0.00706294)
(-0.00956345,-0.00324839)
(-0.00780912,0.00706124)
(-0.000629199,-0.0016925)
(-0.00885095,0.0101545)
(-0.00355879,0.00199985)
(-0.0046479,0.0175829)
(-0.00405266,0.00559447)
(-0.0124819,0.0139989)
(-0.00647245,0.0108445)
(-0.00179673,0.00730921)
(-0.0086356,0.0109917)
(0.00232557,-0.000480877)
(-0.0004384,0.00550092)
(0.00456655,-0.00276403)
(-0.00167631,0.00382505)
(0.00119185,-0.00105278)
(-0.00057343,0.00385395)
(-0.00427977,0.00169457)
(0.00219816,0.000748944)
(-0.0125518,0.00706211)
(-0.00461911,0.00132636)
(-0.0090519,0.00674519)
(-0.00662772,0.00305088)
(-0.00600287,0.00555145)
(0.000185317,-0.00097668)
(-0.00512741,0.00477446)
(-0.00401856,0.00878126)
(-0.00500729,-1.95108e-05)
(-0.000476979,0.00791266)
(-0.00217253,0.00999868)
(-0.00161882,0.00345432)
(0.00353724,0.00157315)
(-0.00817347,0.000428393)
(0.00390889,-0.000827787)
(-0.000305774,0.00273486)
(0.00280426,-0.00324888)
(-0.000613983,-0.000118623)
(-0.0043774,-0.00462879)
(-0.00166732,-0.000251159)
(-0.00906419,0.00321401)
(8.61482e-05,5.05594e-05)
(-0.0115356,0.00619606)
(-0.00517199,-0.000714565)
(-0.00827647,0.00827287)
(5.29471e-06,-0.000839138)
(-0.00473138,0.00630783)
(0.00165349,0.00548453)
(-0.00210467,0.0112636)
(-0.000591449,0.0066878)
(0.000169222,0.00659684)
(-0.0077292,-0.0014716)
(0.00257581,0.0046308)
(-0.00813978,0.000484545)
(0.00392068,-0.00257279)
(-0.00468401,-0.00219462)
(0.00331545,-0.000465818)
(0.00289491,0.00173052)
(0.00121763,0.000779976)
(-0.000524936,-0.00177595)
(-0.00655631,-0.00491728)
(-0.00546721,0.000969612)
(-0.00554615,0.00237319)
(-0.00271495,-0.0034887)
(-0.00786062,0.0041217)
(-0.00396696,0.000560648)
(-0.00369277,0.00862574)
(-0.00271606,-3.13077e-05)
(0.000867303,0.00334196)
(-0.00465981,0.000593552)
(-0.000947315,0.00358593)
(-0.00902665,0.000247234)
(0.00342264,-0.00264549)
(-0.00329778,0.000725167)
(-0.000249692,-0.000918539)
(0.00025074,-0.00203999)
(0.00082901,-0.00412765)
(0.000768799,0.00182899)
(-0.00173799,-0.00767272)
(-0.00186472,-0.00267072)
(-0.00173364,-0.00662896)
(-0.00137347,-0.00186819)
(-0.00298837,-0.00323212)
(-0.00126376,-0.00368282)
(-0.00032032,-0.00578824)
(-0.00335398,-0.00108185)
(0.000261018,-0.00268919)
(-0.00401827,0.00211095)
(0.00096431,-0.00313557)
(-0.00251356,0.00264409)
(-0.00310225,0.00125771)
(0.00144677,0.00613885)
(-0.000972025,-0.00546505)
(-0.00139212,-0.00764598)
(0.00264636,-0.0035899)
(0.00393322,-0.00453609)
(0.00150692,-0.00132014)
(-0.00500515,0.00303126)
(-0.00178619,-0.00585351)
(-0.000518912,0.00249865)
(-0.00315356,-0.00559585)
(0.00109929,-0.00523484)
(-0.00618365,-0.00546943)
(-0.00209449,-0.00681958)
(-0.00222604,-0.00216236)
(-0.00676443,-0.00511123)
(0.00108817,-0.0103719)
(-0.00452696,0.00147278)
(0.000255331,0.000723706)
(-0.00628129,0.000929866)
(-0.000678171,-0.00430099)
(-0.00347541,0.00567963)
(-0.000270449,-0.004596)
(-0.00409146,0.00448473)
(0.000741365,-0.00349529)
(0.0012566,-0.000814894)
(-0.000493118,-0.00637099)
(-0.00321052,0.00327661)
(-0.00462837,-0.00726343)
(-0.00112164,-0.00186731)
(-0.0042963,-0.00256425)
(-0.00377824,-0.000353318)
(-0.00440335,-0.0013817)
(-0.00856195,-0.0022134)
(-0.00187841,-0.00410434)
(-0.017611,-0.00055673)
(-0.0014724,-0.00808311)
(-0.0113816,0.000286944)
(0.00289583,-0.00459676)
(-0.000656451,0.00172572)
(0.00325656,0.00532851)
(-0.00205902,0.00249947)
(-0.00154516,-0.000319371)
(-0.0064356,0.00246267)
(0.00208581,-0.00452067)
(-0.00114439,0.00230198)
(0.00129923,0.000614137)
(-0.000335715,-0.000288105)
(-0.00266854,-0.00339989)
(0.00278172,0.00246018)
(-0.00321699,-0.000243026)
(-0.00972116,-0.00256187)
(-0.00528953,0.00369589)
(-0.0231774,-0.0179385)
(-0.00802848,-0.00850545)
(-0.0553133,-0.0266011)
(-0.0260769,-0.00104624)
(-0.0458403,-0.0215742)
(-0.0240837,-0.000406753)
(-0.0137249,7.0867e-05)
(0.00368564,-0.003185)
(0.000585395,0.00029024)
(0.0048492,0.00205137)
(0.00128532,0.00370461)
(-0.00378492,-0.00283895)
(-0.00326901,0.0057152)
(0.00152684,0.000719865)
(0.00166247,0.00372713)
(-0.00489306,-0.00116634)
(-0.00195921,0.00022368)
(-0.00408934,0.00457079)
(-0.0100386,-0.0123913)
(-0.00926457,0.00373119)
(-0.0142401,-0.0402806)
(-0.0236144,0.0156526)
(-0.145746,-0.101835)
(-0.138696,0.111611)
(-0.102111,-0.127949)
(-0.161909,0.0852062)
(-0.00922637,0.00593266)
(-0.00850532,0.0126932)
(-0.00396758,0.00367512)
(0.00337943,-0.000400087)
(-0.003209,0.00660349)
(0.00107485,-0.00158567)
(-0.00152206,0.00544342)
(0.0016136,0.000952569)
(0.00215791,0.00102673)
(-0.00455175,0.00129932)
(0.000552063,0.00609768)
(-0.00203401,0.0113528)
(-0.010984,-0.0132369)
(-0.011261,0.0158753)
(-0.0228399,-0.0442425)
(-0.0153901,0.0278721)
(-0.155206,-0.122197)
(-0.114006,0.108999)
(-0.122018,-0.137438)
(-0.141746,0.0833351)
(-0.00880856,0.0206861)
(-0.001947,0.0130276)
(-0.00160607,0.0109886)
(0.00234038,0.0109598)
(0.00208446,0.00841999)
(0.00046662,-0.0015894)
(-0.00183257,0.00195445)
(0.00227315,-0.0025691)
(0.00104692,0.00124814)
(-0.00356094,-0.000974203)
(-0.00345637,0.004695)
(-0.00270087,0.0114113)
(0.00313628,0.00474534)
(-0.00511595,0.0106164)
(0.00725601,-0.00159406)
(-0.0117159,0.0170165)
(-0.00725913,-0.00228852)
(-0.0172491,0.0357743)
(-0.0123229,0.0107299)
(-0.0184705,0.0366058)
(-0.00504612,0.0258805)
(-0.000340362,0.0220574)
(0.00266968,0.0105948)
(0.00322182,0.00466405)
(-0.00253206,0.0119966)
(0.000824992,-0.00414199)
(0.0052071,0.00260466)
(0.00550648,-0.00315516)
(0.00466142,0.00183712)
(-0.00435429,-0.00175667)
(0.00368509,0.00064038)
(-0.00613422,0.00212802)
(-0.00353109,-0.000330979)
(-0.00808721,0.0048009)
(0.00871841,0.00290387)
(-0.00522194,0.00590007)
(0.00158077,0.0124646)
(-0.00507434,0.00998042)
(-0.00223374,0.0203638)
(-0.00569879,0.0132942)
(7.85216e-05,0.0163233)
(0.000181222,0.00409287)
(-0.00391769,0.0110963)
(-0.00315076,0.00263452)
(0.0022017,0.00340082)
(0.00107993,-0.00510258)
(0.00224355,0.00298035)
(0.0025415,-0.000966766)
(0.00433193,-0.000103529)
(0.00138382,1.47656e-05)
(-0.000748947,-0.00543579)
(-0.0050031,-0.00337343)
(0.00150609,-0.0025955)
(-0.00551469,0.00144435)
(-0.0057747,0.000152618)
(-0.00765276,0.000563206)
(-0.000503973,-0.000794278)
(-0.00527892,0.00749686)
(-0.00308403,0.006037)
(-0.0015421,0.00523171)
(0.0031368,0.00996272)
(-0.00302021,0.00996096)
(-0.00482218,0.00177828)
(-0.000780938,0.00362416)
(-0.00547556,0.00505812)
(-0.00158528,0.00130492)
(-0.00164234,-9.45526e-05)
(0.00165503,-0.00398982)
(-0.000707592,-0.00321488)
(-0.000965571,-0.00361868)
(-0.000268437,-0.000377849)
(-0.00260602,-0.000625546)
(0.00107052,-0.00276407)
(-0.00681929,0.00317311)
(-0.000831717,0.000927481)
(-0.00763962,0.0035455)
(-0.00379361,-0.00304236)
(-0.00265549,0.00573379)
(-0.0028933,-0.00152476)
(-0.000865578,0.00923962)
(-0.000636708,0.00527006)
(0.00186105,0.00369608)
(-0.0059881,0.00418589)
(0.00108243,0.00196057)
(-0.00582713,0.00294946)
(0.00197862,-0.00331851)
(-0.00124016,0.00208644)
(-0.0032117,-0.00155804)
(-0.00348736,0.00335613)
(0.000206947,-0.00338692)
(0.000146447,0.0038109)
(-0.000337484,-0.0103926)
(0.000292849,-0.00240151)
(-0.00112408,-0.0111723)
(-0.00280505,-0.000843628)
(-0.00192073,-0.0105248)
(-0.00151889,-0.000630147)
(0.0011037,-0.00666326)
(-0.00227833,-0.0022955)
(0.00239416,-0.00129322)
(-0.00314157,0.000725466)
(-0.000490585,-0.0053928)
(0.00294956,0.000577242)
(0.00139072,-0.00401881)
(0.00346864,-0.00073365)
(0.00181739,-0.00186945)
(-0.00171217,-0.000749033)
(0.00549644,0.00117211)
(-0.00392306,0.00403618)
(-0.00316418,-0.00635229)
(-0.00217596,-0.00409255)
(-0.000155295,-0.00703973)
(0.00239574,-0.00484302)
(-0.00709508,-0.0107723)
(-0.000512291,-0.00323894)
(-0.00596048,-0.00833893)
(-0.00587989,-0.00513249)
(0.000959855,-0.00560335)
(-0.00958745,0.00510874)
(0.00048259,-0.00138693)
(-0.0040884,0.00540142)
(-0.000624387,7.9747e-05)
(0.00170034,0.00567391)
(-0.00122137,-0.00621935)
(0.00416306,0.00114408)
(0.00292943,-0.0032341)
(-0.0015476,-0.00102035)
(0.00282776,0.00027522)
(-0.00192298,0.00322931)
(-0.00184383,-0.0076673)
(0.00241012,0.00103765)
(-0.00442378,-0.00514852)
(-0.00288524,0.000490439)
(-0.00421778,-0.00275939)
(-0.00257407,-0.00606928)
(-0.00277777,-0.0101249)
(-0.0202179,0.00991316)
(0.00270773,-0.011403)
(-0.0208539,0.00730939)
(0.00927441,-0.00761878)
(-0.00710456,0.0153831)
(0.00781125,-0.00396981)
(0.00258652,0.0101382)
(0.006269,0.00291886)
(-0.00268311,0.00835421)
(0.00245309,0.00151256)
(0.00144273,0.00490076)
(-0.000209428,0.000507558)
(0.000262975,0.00453217)
(-0.00153549,-0.006124)
(0.00336366,0.00106383)
(-0.00550753,-0.000233882)
(0.00273359,-0.00553786)
(-0.00423785,-0.00977195)
(0.00262998,-0.0101366)
(-0.00438198,-0.0290172)
(-0.0859707,0.0290348)
(0.0185453,-0.0859365)
(-0.0954603,0.0176625)
(0.0167267,-0.0761642)
(-0.00583182,0.0349095)
(0.0314766,-0.0164781)
(-0.00350519,0.0156958)
(0.0117657,-0.00698394)
(-0.00274738,0.00709197)
(0.00124715,0.000131)
(0.000874197,0.00576447)
(0.00342357,0.00176637)
(0.00368404,0.00236487)
(-0.00505702,-0.00182335)
(0.00272701,-0.000132608)
(-0.000826292,-0.000918895)
(0.00938277,-0.0113235)
(-0.00127524,-0.0164137)
(0.129546,-0.0792076)
(-0.012745,-0.0535519)
(0.0262037,0.0225591)
(0.017552,-0.00704571)
(0.00909008,-0.00908981)
(0.0176029,0.00898834)
(0.0802257,0.16562)
(0.155921,0.00252784)
(0.00774318,0.032956)
(0.0253783,-0.00320561)
(-0.00104353,0.00961769)
(0.00671632,-0.000907668)
(-0.000980627,0.00496684)
(-0.00123401,0.00418476)
(0.00640006,0.00482316)
(-0.00219172,-0.00213287)
(0.00550484,0.00143712)
(-0.00247736,0.00665435)
(0.0118923,-0.0196817)
(-0.00910355,0.00507148)
(0.111505,-0.104862)
(-0.010049,-0.0333438)
(0.000725979,0.0219477)
(0.00190082,-0.0249144)
(-0.00636019,-0.0276993)
(0.00377507,-0.0246273)
(0.0506823,0.166327)
(0.140433,-0.00515915)
(0.0140876,0.0302156)
(0.0191353,0.00921721)
(0.00124429,0.011358)
(0.0037422,0.00233999)
(0.00146336,0.00146718)
(0.00251889,-0.00238936)
(0.00512688,0.00232952)
(-0.000976881,-0.00182582)
(0.00588334,0.00284888)
(0.00450728,0.00154413)
(0.0121229,-0.0140441)
(0.00260752,0.00905929)
(0.0420072,-0.000106651)
(-0.00873489,0.016262)
(0.0762793,0.125193)
(0.00601829,0.0828838)
(0.0789781,0.114214)
(-0.00382795,0.0954572)
(0.0190121,0.0537772)
(0.0189361,0.0381973)
(0.0017626,0.0203456)
(0.00587545,0.0102402)
(0.00919384,0.00989061)
(0.00506195,-0.00514463)
(0.00105324,0.00170646)
(0.00226414,-0.000791676)
(0.00312177,-0.00212149)
(0.000492997,-0.00639899)
(0.0058012,0.000243281)
(0.00070063,0.0063489)
(0.00541803,-0.00433887)
(0.00217663,0.00741201)
(0.0157569,0.0042074)
(-0.0079583,0.00637507)
(0.0139097,0.026504)
(0.00296662,0.00857572)
(0.00205104,0.0274831)
(-0.00185019,0.029364)
(0.00279482,0.0294111)
(0.00468198,0.0167727)
(0.00612216,0.0152839)
(0.00182316,-0.00018345)
(0.00439338,0.0095414)
(-0.00571447,-0.00533607)
(0.00742324,0.000460615)
(-0.00287555,0.00102813)
(0.00253702,-0.00183453)
(-0.000572501,-0.00509859)
(0.00558152,-0.00769195)
(-0.00319238,-0.00179038)
(0.000885738,-0.00179787)
(-7.03142e-05,0.00332783)
(0.00557045,-0.000908722)
(-0.000879309,0.00367262)
(0.00317157,0.0103858)
(-0.00475328,0.00841754)
(-0.000180764,0.0137761)
(-0.00477043,0.011437)
(0.00634906,0.0135431)
(-0.000107932,0.00544)
(0.00204389,0.0105644)
(-0.00667878,-0.00150156)
(0.0026557,0.00380502)
(-0.00458574,-0.00860003)
(-0.00251587,0.00504213)
(-0.00592432,-0.0029587)
(0.00233473,0.000870936)
(0.000455317,0.00228776)
(0.00177247,-0.0036116)
(-0.00362097,0.0032682)
(7.53464e-05,-0.0025882)
(-0.00245905,0.00604192)
(-0.00287057,0.0038539)
(-0.00422826,0.00019355)
(0.00392175,-0.00198881)
(-0.00585494,0.0046671)
(0.00247357,0.00437357)
(-0.000286883,0.00628407)
(0.00281211,0.0121914)
(0.00320119,0.00403167)
(-3.18246e-05,0.00685313)
(-0.00118442,-0.00492682)
(0.00135117,0.00575259)
(-0.0013193,-0.00289369)
(0.00193486,0.00214335)
(-0.00362175,-0.00557398)
(-0.0010627,-0.00207484)
(-0.00251744,-0.00549469)
(0.00108881,-0.00156588)
(-0.00122157,-0.005536)
(-0.00321211,-0.00216049)
(-0.00343153,-0.00577351)
(-0.00422754,0.00237073)
(-0.00600057,-0.00861576)
(-0.00529054,-0.000492384)
(-0.00123374,-0.00642148)
(-0.00466458,-0.000440712)
(-0.00360715,-0.000411623)
(-0.00168081,-0.00524482)
(-0.00157348,-0.00144843)
(-0.00313264,0.00205444)
(-0.0072164,-0.00482313)
(0.000792952,-0.00213083)
(0.00201271,-0.00579725)
(-0.000407757,0.000425477)
(0.0040486,0.00243949)
(-0.00127323,-0.000755913)
(-0.00415013,-0.00451496)
(0.00157341,-0.00244677)
(-0.00529773,-0.00855204)
(-0.00292737,-0.000870193)
(-0.0100214,-0.00498666)
(-0.000168454,0.00124285)
(-0.00471312,-0.00848796)
(-0.00660094,-0.000463286)
(-0.00628543,-0.00781546)
(-0.0104447,-0.00185309)
(0.00328693,-0.00183196)
(-0.0116087,-0.00234775)
(-0.0034011,-0.000375696)
(0.00243126,-0.000534028)
(-0.00264955,-0.00280486)
(-0.000624088,0.00160318)
(-3.33188e-05,-0.00435853)
(0.000550119,-0.00147318)
(0.00370919,-0.00205878)
(-0.000591394,-0.00236919)
(-0.00460814,-0.0111315)
(0.00455467,0.00256795)
(-0.00352654,-0.00702279)
(0.00428412,0.00254274)
(-0.00100345,-0.00667393)
(0.00344235,-0.00220899)
(-0.00762735,-0.0116154)
(-0.00958415,0.00649266)
(-0.00533349,-0.00994211)
(-0.0225592,0.0064101)
(0.00859415,-0.0140182)
(-0.0101607,0.00697586)
(0.0203368,-0.00294637)
(-0.00188132,0.000182318)
(0.00625733,-0.000229845)
(-0.000421969,-0.000267348)
(0.00311958,0.000368628)
(-0.00456182,0.00189349)
(-0.000756806,0.00285897)
(0.0038388,-0.00136194)
(-0.00198846,-0.00378793)
(0.0105861,0.00738248)
(-0.000702474,-0.00591745)
(0.00691305,0.00126314)
(-0.00022395,-0.00999392)
(0.0164241,-0.00829349)
(-0.00662695,-0.030118)
(-0.0900942,0.0291375)
(0.0255559,-0.069256)
(-0.106591,0.0144557)
(0.0183353,-0.0648515)
(-0.0201456,0.0270763)
(0.0476063,-0.0132643)
(-0.00568753,0.00439617)
(0.0247617,-0.00545525)
(-0.00141351,0.00205921)
(0.00659197,0.00340646)
(-0.00262575,0.00156058)
(0.00435951,0.00489202)
(0.00531096,0.00337778)
(-0.00218821,-0.0052467)
(0.0123101,0.00505026)
(-0.00228909,-0.000869842)
(0.0214425,-0.0128359)
(0.00261268,-0.00806287)
(0.136376,-0.0820564)
(-0.0354972,-0.0275716)
(-0.0238961,0.0174401)
(0.0100349,0.0475906)
(0.0155855,-0.00826062)
(-0.0449749,0.00743853)
(0.0496246,0.147473)
(0.175551,0.0433332)
(0.00551957,0.0258334)
(0.0434461,0.00958047)
(2.40683e-05,0.00394984)
(0.00885126,0.00485631)
(-0.00223204,0.00465728)
(0.000208055,0.00216562)
(0.00969516,-0.000130884)
(-0.00503625,-0.00286368)
(0.0106465,0.00408929)
(-0.00408173,0.00187746)
(0.0188196,-0.00939309)
(0.00212044,-0.00247787)
(0.130602,-0.118058)
(-0.021702,-0.0235169)
(-0.0298472,0.0156987)
(0.0223618,0.00387648)
(-0.0100774,-0.0327685)
(-0.0230394,-0.00960045)
(0.0279598,0.154919)
(0.170359,0.0200727)
(0.0125677,0.0213667)
(0.030396,0.000950927)
(0.00507984,0.00431576)
(0.0117144,0.00310626)
(-6.26106e-05,0.00429315)
(0.000229459,0.00464108)
(0.0035201,0.000678191)
(0.000390101,-0.00639418)
(0.00834728,0.0017341)
(0.00366257,0.00141148)
(0.0210663,-0.00236634)
(0.000425743,0.00319859)
(0.0476205,0.000525032)
(-0.00936988,0.00352109)
(0.0652308,0.116636)
(-0.0108355,0.0855531)
(0.0757559,0.102743)
(-0.0295826,0.0975865)
(0.0352306,0.0493957)
(0.0313489,0.0228668)
(0.0151614,0.00972751)
(0.0145551,-0.00090638)
(0.00164354,0.00637464)
(-0.00148569,-0.00158844)
(0.00311973,0.00237765)
(-0.00106575,-0.000348043)
(0.00616779,0.000482038)
(-0.00257752,-0.00632322)
(0.00670995,-0.00334845)
(-0.00116332,-0.00403255)
(0.0059802,-0.00241841)
(0.0023442,0.00345757)
(0.0147857,0.00438834)
(-0.0012933,0.00193034)
(0.0194125,0.0179848)
(-0.00779339,0.00752612)
(0.0201727,0.0293683)
(-3.56065e-05,0.0178905)
(0.0111467,0.0148802)
(0.00519078,0.00568879)
(0.0103437,0.0120837)
(-0.00308486,5.87714e-05)
(0.00620333,0.0082657)
(-0.00969028,-0.00998666)
(0.0039005,0.00329689)
(-0.00118719,-0.000989705)
(0.00489846,-0.00106674)
(0.0024478,0.000374118)
(0.00623979,-0.00218333)
(-0.00165533,0.000167715)
(0.00559014,-0.0077442)
(-0.00101107,0.00332489)
(0.00271485,-0.00104952)
(-0.00157528,0.00352478)
(0.0106993,0.00611694)
(-0.00536765,0.00518252)
(0.00693883,0.00735549)
(-0.00948085,0.00338058)
(0.0137265,0.0115097)
(-0.00299883,-0.000224586)
(0.0109219,0.0101496)
(-0.00782073,-0.000361226)
(0.00261059,0.00396557)
(-0.00391296,-0.00503061)
(0.00390543,0.000442106)
(-0.00569319,-0.00683885)
(-0.000431993,-0.000147764)
(0.000508906,0.00231582)
(-1.17786e-05,-0.00375364)
(0.000340502,0.00544821)
(0.00210198,-0.00316168)
(-0.00172715,0.00761239)
(0.00394169,-0.00159012)
(-0.00141118,-2.12734e-05)
(0.00382694,0.000476565)
(-0.00427981,0.00410144)
(0.00566333,0.00161354)
(-0.00248072,0.00235711)
(0.0087992,0.0057739)
(-0.00629102,0.00241481)
(0.00568663,0.00671972)
(-0.00224705,-0.0036827)
(0.00408727,0.00125652)
(-0.000534639,-0.0118225)
(4.37855e-05,0.00265319)
(-0.00528399,-0.00201025)
(0.00203141,-0.00240163)
(-0.00556197,-0.00261091)
(-0.00264826,0.000520011)
(-0.00027005,-0.00272676)
(-0.00230291,-0.00291602)
(-0.000893605,-0.000990014)
(-0.00674593,-0.00383422)
(-0.00285464,-0.00679714)
(-0.00701018,-0.0020276)
(-0.0049623,-0.00105056)
(-0.00930662,-0.00568162)
(0.00148239,-0.00668712)
(-0.00303986,-0.00269164)
(-0.00371374,-0.00516987)
(0.00133583,-0.0038346)
(-0.000586163,-0.00573021)
(0.000799227,-0.00219957)
(0.00193199,-0.000731464)
(-0.00278926,-0.0025131)
(0.00554007,0.00288438)
(-0.00468385,-0.000669211)
(-0.000134697,-0.00270849)
(-0.000896757,-0.000145032)
(-0.00545707,-0.00403623)
(-0.00257901,-0.00207577)
(-0.00528552,-0.00866599)
(-0.00866242,-0.00426351)
(-0.00837619,-0.00156982)
(-0.0120767,-0.00170077)
(-0.00242882,-0.00635123)
(-0.0141197,-0.00387592)
(-0.00885878,0.000399504)
(-0.00861744,-0.00948068)
(-0.00147198,-0.00193934)
(0.000542387,-0.0028047)
(-0.00676681,-0.00640151)
(-0.000974034,-0.00820769)
(0.000285251,-0.000698669)
(-0.00170372,-0.00104411)
(0.00368536,0.00266375)
(0.000375324,0.00309101)
(-0.000315071,-0.00707293)
(0.0067009,0.00119912)
(-0.00364609,-0.0044254)
(0.00297114,0.00104716)
(-0.00473415,-0.00489123)
(-0.00110059,-0.00104192)
(-0.00493265,-0.00463277)
(-0.0035793,-0.00540701)
(-0.00700054,-0.011997)
(-0.017047,-0.00452887)
(0.000784419,-0.00383497)
(-0.0130857,-0.00542764)
(-0.0015488,0.00150732)
(-0.00308581,-0.00854656)
(-0.000233203,0.00136395)
(-0.000974165,-0.00292446)
(-0.000848173,0.00293118)
(-0.00177152,-0.00270333)
(0.00390449,0.00348495)
(0.00789863,-0.000944007)
(0.000341436,-0.00480116)
(0.0089795,0.00402877)
(0.00160327,-0.00488102)
(0.00350366,0.00304919)
(0.00192498,-0.00786329)
(0.011278,-0.0118216)
(-0.00863184,-0.0219099)
(-0.00612078,-0.0174219)
(-0.00217338,-0.0466912)
(-0.014771,-0.0141399)
(0.0025186,-0.0373804)
(-0.00759489,0.00176975)
(0.0257091,-0.0131714)
(-0.00462509,6.28987e-05)
(0.00909826,0.00320355)
(-0.000507152,-0.00612775)
(0.00620727,0.00431891)
(-0.000181581,-0.00281104)
(0.0020411,0.00861228)
(0.00707161,0.00140891)
(0.000756817,-0.00331463)
(0.00716401,0.00355197)
(-0.000143669,-0.00485448)
(0.0134056,-0.00600002)
(-0.00617242,-0.0109551)
(0.024132,-0.0452418)
(-0.0057393,-0.0372968)
(0.0173234,-0.0771766)
(-0.0106852,-0.11803)
(0.00641163,-0.0810728)
(-0.00915439,-0.0950278)
(0.00362432,0.0153359)
(0.0424074,-0.00562194)
(-0.00108606,-0.000483394)
(0.0217836,-0.00293141)
(-0.0114796,-0.000654745)
(0.00958975,0.00585269)
(-0.00341089,-3.30926e-05)
(-0.00314248,0.00534385)
(0.00761133,0.00107289)
(0.00368843,-0.00289176)
(0.0130529,0.00150475)
(-0.00334982,-0.000822646)
(0.0182192,-0.0110818)
(-0.00833439,0.000194231)
(0.0365682,-0.0292472)
(-0.00884599,-0.0224786)
(-0.00531684,-0.056551)
(-0.0254354,-0.103796)
(-0.0275191,-0.0744245)
(-0.0252786,-0.0871489)
(-0.00133605,0.0149592)
(0.035986,-0.0125293)
(0.0021398,0.00398003)
(0.0152258,0.00134487)
(-0.0031656,-0.00579193)
(-0.00332118,0.000453331)
(-0.000552819,0.0037021)
(-0.00210472,0.00638923)
(0.00393184,0.000565758)
(-0.00496432,-0.0043673)
(0.00605365,-0.00397571)
(0.00377127,-0.00292298)
(0.0171528,-0.00432982)
(0.00405687,-0.00282091)
(0.0260816,-0.00546472)
(-0.00877813,-0.000932619)
(0.0234552,0.0024899)
(-0.0167337,-0.00512181)
(0.00988362,0.0126046)
(-0.00430092,0.0102835)
(0.00710879,0.00859413)
(0.0135341,0.000221429)
(0.000712615,-0.00135606)
(0.00346483,-0.00353705)
(-0.00367836,0.00668222)
(0.000184891,-0.00188163)
(-0.00324285,0.00083972)
(0.00379985,0.00237696)
(0.00559186,-0.00187076)
(-0.00118617,-0.00382312)
(0.00725847,-0.001312)
(-0.00163761,-0.00512154)
(0.00688676,-0.00786113)
(0.00749805,-0.00118072)
(0.0168721,-0.00613074)
(0.000351802,0.000362549)
(0.0107228,0.0128656)
(-0.00216825,0.00118837)
(0.0110241,0.00750382)
(-0.00364748,0.0025907)
(0.00850803,0.0114635)
(0.00111578,-0.00301729)
(0.0118866,0.00887879)
(-0.00618082,0.00442637)
(2.57062e-05,0.00621784)
(-0.00534345,0.000497645)
(-0.00190927,0.00137799)
(-0.00490602,0.00333139)
(0.0052461,-0.000410668)
(-0.00148544,-0.000146161)
(0.00904566,-0.00375933)
(-0.00206547,-0.00231519)
(0.00844957,-0.00293772)
(0.0018073,-0.00116383)
(0.00839271,-0.00443588)
(-0.00272772,-0.00123827)
(0.0145396,0.000622829)
(-0.000504965,0.00164124)
(0.00976917,0.0057148)
(-0.00386696,-6.64701e-05)
(0.0154998,0.0112817)
(-0.00579801,0.00290516)
(0.0113418,0.007031)
(-0.00875088,-0.0037001)
(0.00618066,-0.000849369)
(-0.010043,-0.00213552)
(0.000237926,0.00164835)
(-0.00359314,0.000600029)
(0.00471802,-0.00299342)
(0.0043713,0.00109016)
(0.00254407,0.000835143)
(-0.00179528,0.00048567)
(0.00520699,-0.00245966)
(-0.00310415,0.00334851)
(0.0056554,-0.00166004)
(-0.000146635,-0.00220695)
(0.00527771,0.0019402)
(-0.00261189,-0.00371024)
(0.00466708,0.00589458)
(0.000269204,-0.00569411)
(0.00735892,0.00870002)
(-0.00300486,-0.00199119)
(0.00463137,0.00580246)
(-0.00709421,-0.00458731)
(0.00244164,-0.00145048)
(-0.00327877,-0.00440985)
(-0.000310722,-0.0037733)
(-0.00333675,0.000191716)
(0.000100686,-0.00112521)
(-0.00457324,0.00111687)
(-0.00080545,-0.000946829)
(0.000510804,0.00185195)
(-0.00390859,-0.00202732)
(0.00111424,0.00193711)
(-0.00431242,0.00178727)
(-0.00051478,0.000329155)
(-0.00743532,-0.00174041)
(0.00302761,-0.00413347)
(-0.00181222,-0.000878657)
(-0.00428546,0.000544376)
(0.00220558,-0.0061397)
(0.00142969,0.00315961)
(0.000788986,-0.00165992)
(0.000907916,0.00107667)
(0.00220255,-0.00286305)
(-0.000799676,0.00026145)
(-0.000885546,-0.00404226)
(0.00608539,0.00386098)
(-0.000216496,0.000973294)
(-0.00117938,0.000332508)
(-0.0044679,0.000165522)
(-0.000733428,0.00365996)
(-0.00170545,0.00168056)
(-0.000383278,-0.00485187)
(-0.00399014,-0.00367856)
(-0.00231199,-0.00462096)
(-0.00864962,-0.00337821)
(0.000310929,-0.00369332)
(-0.00831688,-0.00692657)
(-0.00233934,-0.00524598)
(-0.00376326,-0.000563908)
(-0.00841617,-0.00123571)
(0.00287183,-0.00410371)
(-0.001486,-0.00269014)
(0.00253874,-0.00259037)
(0.00262134,-0.00109147)
(-0.000966506,-0.00335782)
(0.00370714,0.00282325)
(-0.00303855,0.00120945)
(-4.04587e-05,-0.00306477)
(0.00325415,0.00261113)
(0.0016794,-0.00343267)
(0.000282796,-0.00326372)
(-0.00277884,-0.00486007)
(-0.00785097,-0.0039893)
(-0.00514615,0.000429042)
(-0.00838998,-0.00256575)
(-7.92913e-05,-0.0077155)
(-0.0110008,-0.0067439)
(-0.00193421,-0.00243381)
(-0.00626335,-0.0093644)
(-0.00449314,0.000177206)
(0.000430444,-0.0046842)
(0.00032137,-0.00204117)
(0.000896421,-0.0085286)
(0.00162176,-0.00120474)
(-0.00600354,0.000252704)
(0.00588518,0.00777043)
(0.00140204,0.000151994)
(0.00313726,-0.00584239)
(0.00519392,0.00518429)
(0.00333639,-0.00125)
(-0.00120864,-0.000539297)
(-0.000813862,-0.00519017)
(-0.00277526,-0.00280262)
(0.000341572,-0.00856276)
(0.00464815,-0.00732858)
(-0.00348352,-0.0207419)
(-6.89132e-05,-0.00686727)
(0.00111464,-0.00774902)
(-0.00160542,-0.00370739)
(-0.000370409,-0.00630306)
(-0.00439961,-0.00947101)
(0.00631786,0.000443005)
(-0.000614541,-0.00800241)
(0.00343289,0.00648964)
(-0.00386217,-0.00249517)
(0.00336334,0.00794749)
(0.00590746,0.00698137)
(0.00375607,-0.00032574)
(0.00585513,0.00300608)
(0.00147675,-0.00365646)
(0.00851488,0.000825688)
(0.00182794,-0.00603315)
(0.0107472,-0.014893)
(-0.00165287,-0.0125358)
(0.000330849,-0.0246704)
(-0.00425466,-0.0316928)
(0.00394037,-0.00702287)
(-0.00452685,-0.0118872)
(-0.00273597,0.000166663)
(0.00700441,-0.00344502)
(-0.00931377,0.00212227)
(-0.000572605,0.00172346)
(-0.00224473,-0.00157977)
(-7.02203e-05,0.00232091)
(-4.94511e-05,0.00141393)
(-0.000623379,0.00453446)
(0.00111915,0.00203956)
(-0.000314076,0.00264322)
(0.0048828,0.000574851)
(-0.000299611,-0.00143853)
(0.0137867,-0.00333382)
(0.00681156,-0.00514681)
(0.0148726,-0.0138273)
(-0.00667365,-0.00379769)
(0.00912217,-0.0105224)
(-0.00164585,-0.0163207)
(-0.0107006,-0.00574237)
(-0.00611646,-0.0103479)
(-0.00329657,0.00817299)
(-0.000107955,-0.00548029)
(-0.00571308,-0.00289321)
(0.00155191,0.00012901)
(-0.0069969,-0.00170088)
(-0.00124173,0.00418708)
(-0.00112698,0.00100752)
(-0.00249496,0.00618464)
(0.00269925,0.00279225)
(-0.0033934,-0.00136553)
(0.0032346,0.000416631)
(0.00197316,-0.00500361)
(0.00436653,-0.0034034)
(0.00533834,-0.0069782)
(0.0139787,-0.00676442)
(0.00606752,-0.00375591)
(0.00762884,0.00573371)
(0.000801475,-0.00878701)
(0.00121544,0.00477108)
(-0.000311328,-0.00421773)
(-0.00155306,0.000108322)
(0.00196297,-0.000945593)
(-0.00403593,0.00330772)
(-0.00489226,0.00210055)
(-0.00316249,0.00158892)
(-0.00443511,0.00139724)
(-0.00143584,0.000568906)
(-0.00514755,0.00419594)
(-0.000733524,0.00417561)
(-0.0026948,-0.00352029)
(0.00604575,0.00108156)
(-0.00288672,-0.00309682)
(0.00620056,-0.00882694)
(-0.000805213,-0.0116751)
(0.00465396,-0.000837776)
(-0.00181335,-0.00379128)
(0.0112047,-0.00295298)
(0.00288198,-0.00072071)
(0.00419272,0.0084507)
(-0.00154849,-0.00764614)
(0.00709888,0.00505496)
(-0.00230018,-0.00158556)
(0.00563757,0.0076451)
(-0.00290173,-0.00229565)
(-0.00290958,-0.000881869)
(-0.00436053,0.00483511)
(-0.000503308,0.00161871)
(-0.000610412,0.00557636)
(0.00731901,0.000361516)
(0.00440105,-0.0031151)
(0.00859663,-0.000304637)
(-0.00281851,-0.00787422)
(0.00914036,-0.00735574)
(-0.00267091,-0.00225945)
(0.00650797,-0.00580002)
(0.00145176,-0.00523057)
(0.00275808,0.00553876)
(-0.00302626,-0.00491403)
(0.00421776,0.00522944)
(0.000902771,-0.00925393)
(0.0104786,0.00473544)
(-0.00368992,-0.00419558)
(0.000371842,0.00209207)
(-0.00863006,-0.00285464)
(8.22238e-05,-0.0014937)
(-0.00602967,0.00316315)
(4.47135e-05,-0.00127135)
(-0.00450701,-0.000755953)
(0.00361614,-0.000208374)
(0.00192879,-0.00363276)
(0.00451718,-0.00395316)
(0.00119705,-0.00231136)
(0.0067827,-0.000180023)
(-0.00550406,-0.0029272)
(0.00426632,0.000363525)
(-0.00329618,-0.00384761)
(-0.00143831,-0.00131829)
(-0.00298907,-0.00444604)
(0.000916616,0.000215392)
(-0.00149917,-0.00363116)
(0.00430141,0.000226068)
(-0.00447893,-0.0017699)
(0.00170169,0.00108279)
(-0.00276698,0.000524486)
(0.00428737,-0.00460339)
(-0.00563003,0.00241787)
(0.00228614,0.00129073)
(-0.00159686,-0.00158571)
(0.00336748,-0.0012704)
(-0.00349702,0.00582547)
(-0.00294951,-0.00173192)
(0.000743356,0.00133078)
(0.000265482,-0.00365504)
(0.00204876,0.00510805)
(-0.00784997,-0.000945696)
(-0.000904137,0.00517124)
(0.000339836,-0.000749185)
(0.00554096,0.00256504)
(-0.00027752,-0.000292102)
(0.00123325,0.00443395)
(-0.00143863,0.00188666)
(-0.0016628,0.0030915)
(-0.00168109,0.000821878)
(0.000336294,-0.00151013)
(-0.00221002,-0.00245355)
(0.00481788,0.00152098)
(-0.00102669,0.00537875)
(0.00481287,0.00211079)
(-0.00670274,0.00181482)
(-0.00282475,0.00441746)
(-0.00465389,-0.000874672)
(0.00315388,0.00340971)
(-0.00942405,0.00408831)
(-5.18406e-05,0.00461348)
(-0.00572657,0.00068371)
(-0.00111194,0.00501621)
(-0.00403834,0.000297091)
(-0.00076647,0.00282558)
(-0.000726213,-0.000454336)
(0.00025471,0.00291812)
(6.33166e-05,0.0024316)
(-0.00198466,0.00213134)
(-0.00246248,0.000330037)
(-0.000753879,-0.00159189)
(-0.00307157,-0.00216719)
(0.000347839,0.00015574)
(-0.00423477,0.00383411)
(0.00855186,0.000329107)
(-0.000236327,-0.00136852)
(-0.000247051,0.000714912)
(-0.00464115,-0.00161694)
(0.000911982,0.00450667)
(-0.00399062,-0.000263173)
(-0.000640092,-0.000640141)
(0.00142687,-0.00193104)
(-0.00406274,0.00270711)
(0.000173626,0.000414599)
(0.000293745,0.00458013)
(-0.00162043,-0.00330638)
(0.000993223,-0.00171487)
(-0.00054671,0.000849877)
(-0.000929465,0.00108828)
(0.00117993,-0.00446811)
(0.00106048,-0.00282623)
(-0.00526451,-0.00476204)
(0.00601739,0.00338516)
(-0.00292199,-0.000563139)
(0.0030092,0.0036833)
(-0.00392533,0.00409145)
(0.00241359,0.00287794)
(0.000525241,-0.000399988)
(0.00263951,0.00187859)
(-0.000442576,0.00188381)
(-0.00035018,0.00614857)
(-0.000889182,-0.00165536)
(0.000404191,0.000924415)
(-0.00286039,-0.00483746)
(-0.0015621,-0.00219014)
(-0.00228705,-0.00589361)
(-0.002182,-0.00736465)
(-0.00544957,-0.00757826)
(0.00123761,0.00271479)
(-0.00148181,-0.00262887)
(0.00222961,-0.00116936)
(0.000859803,-0.00633233)
(0.00816441,-0.00155309)
(-0.00188429,-8.06308e-05)
(0.000636143,0.00259506)
(-0.000679394,0.00398516)
(0.00269601,0.00524258)
(0.000948846,0.00462549)
(0.00320617,0.00641337)
(0.00370818,0.00125041)
(0.0036928,0.00141855)
(-0.000688796,-0.00893773)
(-0.000356544,0.000924052)
(-0.000891421,-0.00338272)
(0.00171725,-0.00561332)
(-0.00177615,-0.00169486)
(-0.000885884,-0.00436356)
(-0.00587387,-0.00209004)
(-0.00411515,-0.00307654)
(-0.0080071,-0.00243464)
(-0.00374907,-0.00307478)
(0.00150431,-0.00261064)
(-0.000902868,0.00293162)
(-0.00152776,-0.00263999)
(0.00068875,0.00261133)
(0.000899386,-0.000956999)
(-0.000401102,0.00214773)
(0.00242847,-0.000635381)
(0.00388671,0.00846575)
(0.00260405,-0.00597312)
(0.00235819,0.00234506)
(0.00673033,-0.00615071)
(0.0056714,-0.00339055)
(-6.28505e-05,0.000294319)
(0.000575547,-0.0034997)
(-0.0045987,0.00596375)
(0.00182177,-0.00748841)
(-0.00669096,-0.00384361)
(-0.00369351,-0.00405358)
(-0.00837578,-0.00245252)
(-0.00458512,-0.000512038)
(0.00015071,-0.00383853)
(-0.00367937,0.000744242)
(0.00112134,-0.0025024)
(-0.00352131,0.00382584)
(-0.00297664,0.00267365)
(0.000930491,0.00613401)
(-0.0066898,-0.00277041)
(-0.00452844,-0.000949723)
(-0.000866137,-0.00379944)
(0.00542694,-0.00370801)
(0.000116666,-0.0022954)
(0.000597858,-0.00641364)
(0.00170878,-0.00134609)
(0.00610713,-0.00507848)
(0.0008685,-1.19603e-05)
(-0.00179966,-0.00663009)
(-0.00452395,-0.00336856)
(-0.00503464,-0.00232517)
(-0.00854614,-0.00218639)
(-0.00730541,-0.00177659)
(-0.00406473,-0.00555091)
(-0.00142054,0.00416401)
(-0.00173341,-0.00516796)
(0.00205893,0.00494894)
(0.00269975,0.00665278)
(9.27146e-05,-0.00122651)
(-0.000703589,0.00413058)
(-0.00202795,-0.00197273)
(0.00113536,-0.00547678)
(-0.00595175,-0.00779526)
(0.00560217,-0.00278926)
(0.00683915,-0.00966745)
(0.0062979,0.00495542)
(0.000544447,-0.00140202)
(0.00349535,0.00104593)
(0.00186769,-0.00723175)
(0.00849217,-0.00253892)
(-0.00348554,0.00244413)
(-0.00488639,-0.00556203)
(-0.000837825,-0.000370604)
(0.000281644,-0.00750793)
(0.00307015,0.00453111)
(0.00119194,-0.00646031)
(-0.00160207,0.00171712)
(0.00137148,0.00364761)
(0.00695474,-0.00209296)
(0.00332219,0.00316809)
(0.000553511,-0.00776829)
(0.00231774,-0.000243676)
(0.00166068,-0.000120588)
(0.00252235,-0.00628878)
(-0.00192845,-0.00410441)
(0.00150787,8.21149e-05)
(2.09333e-05,-0.00487375)
(0.00268095,-0.00097376)
(0.00184648,-0.00707)
(0.00431641,-0.0010682)
(-0.00412757,-0.00482887)
(0.00392377,-0.00447904)
(-0.00178584,-1.14993e-05)
(0.00146503,-0.00680456)
(-0.00655433,-3.02866e-05)
(0.00200399,-0.00356579)
(-0.00477297,-0.00291012)
(0.00376815,0.00249577)
(0.00267809,-0.00502018)
(0.00291063,0.00138066)
(0.00289661,-0.00541049)
(-0.00138505,-0.00547053)
(9.26158e-05,-0.00352599)
(-0.00172154,-0.00365483)
(-0.00272586,-0.00112451)
(-0.00477296,0.000393771)
(-0.00656566,-0.00275565)
(-0.00364284,-0.00190139)
(-0.00188115,0.00191929)
(-0.000230248,-0.00663136)
(0.000904649,-0.00446227)
(0.00109108,-0.00566879)
(-0.00474428,-0.00303852)
(0.00385408,-0.00890688)
(-0.00199643,0.0014401)
(0.00192239,2.21774e-05)
(-0.00200074,-0.00216879)
(-0.00328989,-0.00138788)
(0.00107826,0.000189963)
(-0.00411881,-0.00203126)
(-0.00144495,-0.00337885)
(-0.00735859,-0.00207991)
(0.00455347,-0.00116515)
(-0.00564098,-1.70463e-06)
(-0.000715535,0.00135567)
(4.89287e-05,0.00309431)
(0.00293451,0.00293802)
(-0.00215037,0.00282842)
(0.00254671,0.0055261)
(0.000184215,0.00324608)
(0.00202992,-0.00189544)
(-0.00512726,0.00343888)
(0.00245505,0.00281763)
(-0.00245479,0.00474391)
(0.00421018,0.000741716)
(-0.00100668,0.00398856)
(0.00173104,0.00550647)
(-0.0021651,-0.000844583)
(-0.00306511,-0.0010778)
(-0.00363215,-0.000915511)
(0.00301187,-0.00102806)
(-0.00191079,0.000462979)
(0.00248931,-9.67745e-06)
(-0.00114464,0.00310308)
(-0.000765819,0.00415414)
(0.00217241,0.00323904)
(0.00142051,0.000862336)
(0.000930824,0.00150409)
(-0.00193944,-0.00298428)
(-0.00276677,0.00206172)
(0.00173212,0.00144558)
(0.00124955,0.000102328)
(-0.00102437,0.000958063)
(-0.0067032,0.00119165)
(0.00122129,0.000473671)
(-0.00267847,0.00193164)
(0.00241564,0.00345728)
(0.000187678,-0.00070498)
(0.00269264,-0.00213778)
(-0.00013305,-0.00185604)
(0.000802248,-0.00245344)
(-0.00349259,-6.54475e-05)
(0.000694573,0.00178513)
(-0.000638032,0.00207019)
(0.00140971,0.00213205)
(0.00251672,0.00364364)
(-0.000468176,0.00134669)
(0.0034673,0.00548668)
(0.000677544,0.000819102)
(0.00159075,0.00338517)
(0.00274476,0.00110161)
(-0.000409237,0.000822596)
(0.00497292,-7.18374e-06)
(0.00130836,-0.00184236)
(0.00352765,0.00162525)
(-0.00341228,-0.00196998)
(0.00393743,0.00349853)
(-0.000304692,0.00296441)
(0.000963076,-1.21546e-05)
(0.000722024,-0.00191625)
(0.000384034,-0.00182942)
(0.000485129,0.00255669)
(0.00288979,0.00102635)
(-0.000789113,-0.000933671)
(0.00102893,0.00191856)
(-0.000670888,0.00163932)
(0.00555818,-0.000504718)
(0.00227196,-0.000982567)
(0.00413627,-0.000657535)
(0.00412411,-0.00240011)
(-6.07939e-05,0.00150228)
(0.00670194,-0.00301506)
(0.00260857,0.00226335)
(0.00148889,0.000619761)
(-0.000260312,0.00549793)
(-0.00106926,0.00253242)
(-0.00211583,0.000453045)
(-0.00153717,0.00509685)
(0.00432252,0.00334543)
(0.000345341,0.00130682)
(0.00225416,0.00599627)
(-0.00211155,0.00174483)
(-0.00222679,0.00427238)
(-0.00119973,-0.00199587)
(0.000459347,0.00210782)
(-0.00400432,6.5153e-05)
(0.00168917,0.00108434)
(-0.00461261,0.000227505)
(0.00326757,0.00160804)
(-0.00264698,-0.00151341)
(0.00236658,0.0023871)
(0.00257292,-0.00305169)
(0.000220658,0.000944115)
(0.00257837,0.0034637)
(0.000344576,-0.000497897)
(-0.000633886,0.00305231)
(-0.00491903,0.00423968)
(-0.00280107,-0.0015674)
(0.00175139,0.00386243)
(-0.00221419,-0.000307283)
(0.000584574,0.00296388)
(0.00170528,-0.000683835)
(0.00119924,0.00295101)
(-0.00020951,-0.00254897)
(0.000393149,0.00256551)
(-0.00337997,0.00158408)
(0.00883092,0.000808125)
(-0.000757281,0.00188887)
(0.00371432,0.00354434)
(-0.00265008,-0.00171138)
(-0.00296595,0.00209768)
(-0.00504182,-0.00294271)
(-0.000603557,-0.000189218)
(-0.0017373,-0.000580335)
(-0.00278552,0.0019838)
(0.000624157,-0.000329587)
(-0.00347641,0.00245005)
(-0.000802139,-0.000145309)
(0.00209696,-0.00133463)
(-0.00246531,-0.00160552)
(0.00106766,0.00135004)
(-0.00523779,-0.001161)
(-0.000100176,-0.00386149)
(-0.000578613,-0.00622895)
(0.00481285,-0.00300197)
(-0.000372204,0.0019161)
(0.00367446,0.000825513)
(-0.00307227,0.00335195)
(0.00564091,-0.000812326)
(-0.00225401,-0.00610297)
(-0.00191997,0.00632151)
(-0.00179005,-0.00453654)
(-0.00126069,0.00130643)
(0.000103296,-0.00580134)
(0.000438281,0.00188942)
(-0.00290548,0.00241847)
(-0.00292758,0.00291046)
(-0.0051883,0.00405263)
(0.00310192,-0.00241319)
(-0.00273799,0.00435068)
(0.00233282,-0.00326596)
(0.000226287,0.000145791)
(0.00205589,-0.0036986)
(-0.000574773,-0.00322781)
(0.00441924,-0.00156644)
(0.00311978,-0.00136547)
(0.00509633,-0.00623602)
(0.00589399,-0.00323369)
(0.00303567,0.000459831)
(0.00665912,-0.00338651)
(-0.00196623,-0.000899504)
(0.00051577,-0.00651313)
(0.000500839,0.00147815)
(-0.00266651,-0.00431403)
(-0.00209011,0.00126685)
(-0.0018567,-0.00688528)
(-0.00140367,-0.000433295)
(-0.00284114,0.00479126)
(0.00381646,-0.00171939)
(-0.00167851,3.62572e-05)
(0.00411835,-0.00206661)
(-0.000369473,0.000237703)
(0.0035109,-0.00289909)
(-0.00067562,0.00227705)
(0.00264457,-0.00379471)
(0.000992052,-0.00201889)
(0.00191991,-0.00507913)
(0.00446364,-0.0057274)
(0.0024914,-0.00448583)
(0.00580138,-0.00439628)
(-0.000115255,-0.00131176)
(-0.000201806,-0.00293468)
(-0.000622886,-0.00544417)
(0.000245405,-0.00492451)
(-0.00388256,-0.00373624)
(-0.000205887,-0.000368305)
(0.00162888,-0.0012359)
(0.00303834,0.00402726)
(0.0019332,-0.00100033)
(-4.86153e-05,0.00178079)
(0.00382662,-0.0030661)
(0.00172621,0.000361487)
(0.00481169,-0.00454298)
(-0.00316018,-0.00174138)
(-0.000510181,-0.000256156)
(-0.00331505,-0.000469823)
(0.00247394,-0.00141902)
(9.2369e-05,-0.00444068)
(-0.00109658,-0.00165865)
(0.00473611,-0.00221402)
(0.00146216,-0.00263634)
(0.0031424,-0.00534213)
(-0.00224604,-0.00360438)
(0.00119825,-0.00352142)
(-0.00257682,-0.00303292)
(0.00299115,0.000218682)
(-0.00113754,-0.00352799)
