(-0.0143768,-0.00743799)
(-0.0147023,-0.002943)
(-0.0156364,-0.000445082)
(-0.0138079,0.00213324)
(0.00272209,0.000947214)
(-0.0185161,0.00222361)
(0.0114633,-0.00135715)
(-0.0122532,0.00656084)
(0.00819603,0.00114013)
(-0.0101824,0.00584575)
(0.00993621,0.0121461)
(0.000733476,-0.000148493)
(0.00530964,0.00899106)
(0.012175,-0.010493)
(0.0050199,0.00262794)
(0.00997466,-0.0126096)
(-0.00648888,-0.00814004)
(0.0308057,-0.00285827)
(-0.000727035,0.00292633)
(0.0219539,-0.0016178)
(-0.00447656,-0.00978739)
(0.000333832,-0.00302805)
(-0.0106949,0.000601067)
(-0.0102795,-0.00544906)
(-0.000165656,0.00227498)
(-0.00889988,0.00345884)
(0.0254275,-0.00157672)
(-0.0138212,0.00805121)
(0.0146566,0.0131163)
(-0.010854,0.0166779)
(0.00645304,0.0233254)
(-0.00794452,0.01306)
(0.00861775,0.0191081)
(0.00653198,-0.00376585)
(-0.00070417,0.0184319)
(0.0191243,0.00936649)
(-0.013912,0.00830253)
(0.0153856,0.00760129)
(-0.00416089,0.00150298)
(0.0210333,0.00788145)
(0.0158317,-0.00419387)
(0.0022201,-0.000582366)
(-0.000852393,0.0110661)
(-0.0017077,0.00648685)
(0.00515635,0.00553219)
(-0.0125524,0.00649373)
(0.0122715,0.0150735)
(0.00447849,0.00259463)
(0.0159402,0.0130028)
(-0.0127193,0.00761644)
(0.00286926,0.0224386)
(-0.0169599,0.00290859)
(0.00950691,0.0237326)
(-0.000579983,0.00580899)
(0.0129651,0.0012699)
(0.00597962,-0.0020628)
(-0.0134909,0.0194049)
(0.00204631,0.0133967)
(-0.00395343,0.00702267)
(-0.00270933,0.0127599)
(0.0211536,-0.00588241)
(0.000622077,0.00210025)
(0.0135312,0.014185)
(-0.00651809,0.00118095)
(0.00620726,0.00963807)
(-0.0147272,0.0138785)
(0.00718637,0.0110651)
(0.00271999,0.00896069)
(0.00243883,0.00977552)
(0.00356607,0.00731067)
(0.00397005,0.00329341)
(-0.00445878,0.00201124)
(0.0134338,0.00248072)
(0.000767553,0.00405611)
(0.0159572,0.00366166)
(0.00276013,0.0037181)
(0.00243988,0.00607585)
(0.00311695,0.00566456)
(-0.00387013,0.0109677)
(-0.00937818,0.00570003)
(0.0150445,0.00516778)
(0.00574061,0.00430686)
(0.0133755,0.00513967)
(-0.00197065,0.00925263)
(0.0169855,0.0148672)
(-0.00558143,0.0138908)
(0.00185689,0.0187789)
(0.00208212,0.0186662)
(0.0061001,0.0159176)
(-0.00650738,0.00706536)
(-0.00122997,0.00767867)
(0.00391271,0.00952372)
(0.00366152,-0.00145349)
(-0.00601773,0.00975006)
(0.00591344,-0.00451006)
(0.000742807,0.0124827)
(0.00104912,0.0137471)
(-0.00719563,-0.00306262)
(0.00290378,0.0172128)
(-0.00834813,-0.00188399)
(0.000980341,-0.00621204)
(0.00918414,0.00169068)
(0.000678858,0.00986972)
(0.00654122,0.00186198)
(0.0063101,0.0021774)
(0.012046,0.00893358)
(0.000541924,0.018277)
(0.00990379,0.0193799)
(0.00160611,0.00607074)
(-9.23607e-05,0.00533502)
(0.00270511,-0.000370045)
(0.00579424,0.0025556)
(0.00513133,-0.0010541)
(-0.00503525,0.00818105)
(0.000963004,0.00160944)
(-0.00568269,0.000242618)
(-0.00146585,0.0128113)
(-0.00623897,0.000685175)
(-0.000777401,0.0155498)
(-0.0137719,-0.00638754)
(0.00164252,0.0170615)
(0.0162218,-0.000482358)
(0.0112799,0.00270859)
(0.0178975,0.00432526)
(0.00311769,0.00344888)
(0.0124201,0.00897837)
(0.00553655,-0.000330224)
(0.00178995,0.0092026)
(0.0108743,-6.02159e-05)
(0.00234003,0.00366598)
(0.0175977,-0.00292845)
(0.00223139,-0.00533057)
(0.0274089,0.00291076)
(-0.00500441,0.00541107)
(0.0156691,0.00547266)
(-0.00229696,0.00993122)
(-0.00669876,0.00652381)
(-0.00589762,0.000416509)
(-0.000168253,0.00765178)
(-0.00477197,4.01338e-06)
(0.00509269,0.00705097)
(0.0161478,0.0074376)
(-0.000610562,0.00486634)
(0.0122501,0.00779366)
(0.00104199,0.00146486)
(0.0215905,0.00559314)
(0.000468715,0.00809492)
(0.00745496,0.00746193)
(0.00688796,-0.00635952)
(-0.000613255,-0.00450968)
(0.0164502,-0.00106656)
(0.0017849,-0.00996758)
(0.0275036,0.00135997)
(-0.00361364,-0.000889302)
(0.0232528,0.00367901)
(-0.0114359,-0.00025273)
(0.00260927,0.005241)
(-0.00352924,-0.00427449)
(0.0100346,-0.0023028)
(-0.00748192,0.00787451)
(-0.00633914,0.00753794)
(0.00978365,0.0036146)
(-0.0136609,0.00350262)
(0.0203641,0.00116956)
(-0.00928927,-0.00320168)
(0.0105722,-0.00345952)
(0.000817796,-0.00338754)
(0.00818314,-0.0138967)
(0.00750656,-0.00514395)
(0.00571041,-0.00701416)
(0.00521764,-0.00706662)
(0.0131805,-0.00856332)
(0.00982355,-0.0113364)
(0.00512977,-0.00306197)
(0.00765191,-0.00212616)
(-0.0127253,-0.000883752)
(0.00820493,-0.00557947)
(-0.0065174,0.0022923)
(0.00502264,-0.0152628)
(-0.00708523,-0.00512651)
(-0.0125481,0.00796408)
(0.00143339,0.0040719)
(-0.0177417,0.00257379)
(0.00609133,0.00900154)
(-0.0107104,-0.0032747)
(0.00656263,-0.00630595)
(0.008763,-1.38847e-05)
(0.010918,-0.0149592)
(0.00987183,-0.0146313)
(0.0140018,-0.0178583)
(0.0018536,-0.0104816)
(0.0100356,-0.00619976)
(-0.00619253,-0.0141442)
(0.000907301,-0.00475064)
(-0.00123282,-0.000889425)
(-0.00625456,-0.0115562)
(-0.00174768,-0.00633226)
(-0.0108029,-9.36067e-07)
(0.00757627,-0.0151936)
(-0.00846028,0.00546944)
(-0.00982007,-0.00676179)
(-0.00353281,0.00464518)
(-0.022977,0.00316364)
(-0.0135832,-0.0077159)
(0.00463414,-0.00728291)
(-0.0161758,0.00588722)
(0.0149195,-0.0240049)
(-0.0074427,-0.00149005)
(0.00476526,-5.77364e-05)
(-0.00209655,0.0058532)
(-0.00221437,0.0120495)
(0.00227414,0.0173412)
(0.00687742,0.0156814)
(0.00319707,0.00355021)
(0.000268008,-0.000237366)
(0.00573282,0.00510784)
(0.00395357,-0.0101366)
(0.0197056,-0.00956859)
(0.00608993,-0.00227288)
(0.0335009,-0.00416846)
(-0.0253239,-0.0117013)
(-0.0166627,-0.00238574)
(-0.0158342,-0.00518559)
(-0.0168269,0.000704283)
(0.00334453,-0.00353577)
(-0.0285796,-0.00191142)
(0.0209385,-0.00106051)
(-0.0015113,-0.00639004)
(0.0144491,0.0031493)
(-0.0179261,-0.00445285)
(0.00902641,0.0151373)
(-0.0136419,-9.92865e-05)
(0.00149234,0.0173982)
(-0.00284169,0.00307016)
(-0.0100763,0.0102436)
(0.00335338,0.00801577)
(-0.0175417,-0.00517003)
(0.0148302,0.00566857)
(-0.00677399,-0.00882765)
(0.0145209,-0.00451519)
(-0.00399955,-0.00629493)
(-0.00501082,0.000338676)
(-0.00400925,0.0105561)
(-0.0154028,0.0018012)
(-0.00583471,0.0142066)
(-0.00585457,0.00898024)
(0.0141435,-0.00163445)
(0.0106197,-0.00108794)
(0.00961618,-8.01247e-05)
(-0.0147225,-0.0169465)
(0.0188133,-0.00316993)
(-0.0289591,-0.00541443)
(0.0239044,-0.0135529)
(-0.00990273,-3.77136e-05)
(-0.000614167,-0.00217855)
(0.00874342,0.0024197)
(-0.0136051,-0.00268665)
(0.00241969,-0.00711053)
(-0.00436903,0.00391544)
(-0.0107801,0.00364276)
(0.012124,-0.00139075)
(-0.0128988,0.00439005)
(0.00638072,0.0103866)
(-0.00771959,0.0147931)
(0.00930761,0.0170776)
(0.00159491,0.0143282)
(-0.00356172,0.0118582)
(0.0306325,0.00935102)
(0.00500612,0.00965512)
(0.00857054,-0.00521704)
(-0.00157988,-0.00833822)
(0.015962,0.00543441)
(0.0381105,-0.0325128)
(-0.00380097,0.00574523)
(0.0323367,-0.0266236)
(0.0125206,0.00564657)
(0.00813104,0.00114364)
(-0.00821073,-0.00596641)
(-0.000232386,-0.00384048)
(-0.0249662,-0.00114824)
(0.0305387,-0.0130525)
(-0.00945339,0.00873611)
(0.0247169,0.00665889)
(-0.00520817,0.0184913)
(0.0171121,0.0078949)
(0.00319394,0.0240019)
(0.00533065,0.016686)
(0.014288,0.00907222)
(0.00878247,-0.00241805)
(0.00565366,0.00445463)
(0.00570438,-0.0132181)
(0.0117404,-0.0129185)
(0.0141687,-0.0159742)
(-0.00632456,0.010551)
(0.0229431,-0.0133501)
(-0.009692,0.00332129)
(0.00947546,0.00769176)
(-0.0106026,0.00776497)
(0.00625712,0.00292251)
(-0.0266072,-0.000266304)
(-0.00394349,0.00169161)
(0.00673567,0.000912109)
(0.0095474,0.0102728)
(-0.00588912,0.00437329)
(0.0138179,0.00941051)
(0.0016769,0.0107232)
(0.0153973,0.00421993)
(-0.00580447,0.0202699)
(-0.00157382,-0.0139551)
(-0.00118618,-0.00122971)
(-0.00696128,-0.0226648)
(0.000495565,-0.00281056)
(0.0111435,-0.0187519)
(-0.0139845,-0.00594359)
(0.002118,-0.00163739)
(-0.00362675,0.00987383)
(0.00573322,0.00929876)
(-0.0117965,-0.000157698)
(0.00605428,0.00966385)
(-0.0226834,0.00529287)
(-0.00574853,0.00919415)
(0.0169192,0.00226567)
(0.0062639,0.0144772)
(0.0106822,-0.00254727)
(0.0245554,-0.0143866)
(7.3532e-05,0.00201749)
(0.0192345,0.0133061)
(-0.0063775,0.0129176)
(0.00179995,-0.00791143)
(0.00276102,0.00013023)
(0.00608285,0.0149026)
(0.0082164,-0.0103079)
(0.0176167,0.0171657)
(0.00464656,-0.00589899)
(0.0187017,0.0152313)
(0.00107306,0.021535)
(0.000706563,0.00784863)
(-0.00156538,0.00435887)
(0.0034134,0.00499606)
(-0.00502847,0.00222735)
(-0.0114863,0.00994713)
(0.0115958,0.00219728)
(0.00876499,0.00225416)
(0.0121284,0.00621852)
(0.0211228,-0.00321471)
(0.017485,0.0141056)
(0.0176728,-0.00564966)
(-0.014244,0.0153914)
(-0.00816008,0.0066068)
(-0.00912634,0.00969186)
(-0.00478737,0.016611)
(-0.00880561,-0.0204505)
(0.0273843,0.0202474)
(-0.00196063,-0.0078102)
(0.0212152,0.0136342)
(-0.00781778,0.0131698)
(0.00995519,-0.00151129)
(-0.00866626,-0.00292856)
(0.0120412,-0.00499189)
(-0.00851758,0.00269249)
(-0.0186972,0.00579915)
(0.0114465,0.00263916)
(-0.017158,-0.000505699)
(0.00662949,0.0027955)
(0.00160758,-0.00986168)
(0.0182835,0.00274595)
(0.0167553,-0.00958749)
(0.00140193,0.00473389)
(-0.00334472,-0.00382617)
(-0.00797187,-0.00468449)
(-0.00138008,0.00834077)
(-0.0118106,-0.0129501)
(0.00966779,-0.00540139)
(-0.0185247,-0.00354558)
(0.000395073,0.000465487)
(-0.029095,-0.000263978)
(-0.00320232,-0.00472291)
(-0.020282,-0.00204715)
(0.00252708,-0.00454072)
(-0.00994124,0.00686428)
(-0.0094513,0.0107516)
(0.0046691,0.00771068)
(-0.011519,0.00509554)
(0.00304379,0.0097452)
(-0.00831578,-0.00394953)
(0.00603078,0.00371381)
(0.00515136,-0.00578998)
(0.000951541,-0.0114484)
(0.00882414,-0.0125006)
(0.00800242,-0.00941262)
(-0.0108207,2.32834e-05)
(-0.00137156,-0.0177364)
(-0.00917694,-0.00804004)
(-0.00348822,-0.0170214)
(-0.0125465,-0.00699267)
(-0.0161273,-0.00800346)
(-0.00903038,-0.00659155)
(-0.0132416,-0.00511459)
(0.000906548,-0.00989877)
(-0.0100692,-0.00293106)
(-0.00767687,0.00368813)
(-0.0147852,0.00471397)
(-0.00510942,0.0131309)
(-0.0154464,-0.00398744)
(0.00913461,-0.00610712)
(-0.0196554,-0.0058843)
(0.00271443,-0.0115323)
(0.00471376,-0.0133659)
(-0.00835489,-0.00164456)
(-0.00327017,0.00480022)
(-0.0168996,-0.0134882)
(0.000481516,0.00548363)
(-0.00881543,0.00229222)
(-0.00647455,0.00111775)
(-0.00459703,0.00504234)
(-0.00903679,-0.00318008)
(-0.000525467,-0.010395)
(0.00123935,-0.0103106)
(0.00207873,-0.00485581)
(0.0163977,-0.00968353)
(-0.00577742,-0.0060758)
(-0.0242215,0.00677752)
(0.000338139,0.00254618)
(-0.0393589,-0.00217623)
(0.00715498,-0.00179462)
(-0.0144274,-0.00723413)
(0.00988078,-0.0186218)
(0.00951067,-0.025199)
(-0.0111637,-0.00473485)
(-0.00976829,-0.013527)
(-0.0105066,-0.0244401)
(-0.0123083,0.00119334)
(-0.000570978,-0.0281403)
(-0.01876,-0.0170651)
(-0.0180429,0.00126015)
(0.000907487,-0.00929075)
(-0.0079158,-0.00636024)
(0.0121282,-0.0166317)
(-0.00518909,-0.0140181)
(0.0156625,0.000641906)
(-0.00312919,-0.00817571)
(-0.0312016,0.00341219)
(-0.0107711,-0.00075821)
(-0.0140414,0.00897666)
(-0.00780064,-0.00385454)
(0.00903294,-0.000167873)
(-0.0218497,-0.000520223)
(0.0401842,-0.00952343)
(-0.025554,-0.00518047)
(0.015362,-0.0110391)
(-0.0253408,-0.0159168)
(0.00726481,0.0033744)
(0.0110362,-0.0433978)
(-0.0100725,-0.00799334)
(0.00508731,-0.0331122)
(-0.00560817,-0.00983242)
(-0.0109141,-0.00228324)
(-0.00190165,-0.0202027)
(-0.0080302,0.0013287)
(-0.00260304,-0.00345449)
(0.00694937,-0.0153625)
(-0.0171274,0.0064064)
(0.00638337,0.00105388)
(-0.000569722,0.0135926)
(-0.00981227,0.00734937)
(0.0383518,0.0116771)
(-0.0212828,0.0196545)
(0.0452978,-0.0173626)
(-0.0271114,0.0405886)
(0.0378269,0.018052)
(-0.0442199,-2.10067e-05)
(0.0550604,-0.00194855)
(-0.000728265,-0.0206339)
(0.030838,0.0168737)
(0.015814,-0.0239193)
(0.00506257,-0.00131188)
(-0.00537607,-0.00319136)
(-0.00797818,-0.00778116)
(-0.00636862,0.000608498)
(-0.0205773,-0.0103993)
(0.0228908,-0.012152)
(-0.0161699,0.00873537)
(0.0170459,-0.0137069)
(-0.00317213,0.0174276)
(0.0044906,-0.0122838)
(0.0049784,0.00231848)
(0.00472034,-0.0167209)
(-0.00452155,-0.00313453)
(0.0183182,-0.0304436)
(0.0080508,0.0348938)
(-0.0259036,-0.0331815)
(0.0313639,-0.0150528)
(-0.00127848,-0.0316746)
(0.00182184,-0.00246832)
(0.00918694,-0.00274896)
(-0.00879914,0.00351704)
(-0.00195036,0.00844408)
(-0.00240133,-0.0064555)
(-0.014526,0.00582753)
(-0.0139615,-0.00515866)
(0.00601672,-0.0037003)
(-0.000119662,0.00782314)
(0.00551574,0.00254075)
(0.00313344,0.00105001)
(0.013738,-0.0127451)
(-0.01356,0.000601174)
(-0.0171639,-0.0131922)
(-0.0230468,-0.0206711)
(-0.0167815,-0.00657894)
(0.0195885,-0.0192209)
(-0.0136215,-0.033255)
(-0.00687687,-3.6017e-05)
(-1.96552e-05,-0.0369987)
(-0.0297894,0.00555919)
(-0.000489377,-0.00771879)
(-0.0248632,0.00579787)
(-0.00753172,0.0120114)
(-0.00887344,0.00758719)
(0.00144064,0.000842798)
(-0.0149177,0.0047719)
(0.00115921,0.0110974)
(0.0148439,-0.00290175)
(0.0073333,0.0029293)
(0.00289627,-0.0111169)
(0.0338662,-0.00426916)
(-0.0027544,-0.0100345)
(0.0220976,-0.0084038)
(-0.0131675,0.00246223)
(-0.000537149,-0.00652814)
(0.0158013,-0.0166351)
(-0.00695281,-0.0168516)
(0.0184007,-0.00469744)
(0.00419661,0.0049667)
(0.00465559,0.010497)
(0.00400154,0.025494)
(0.0178774,0.0240213)
(-0.00817037,0.0184996)
(0.0109209,0.017627)
(0.00367284,0.00134521)
(0.00347996,0.00160308)
(-0.0125984,0.0137216)
(0.0145358,0.0103263)
(0.000925979,0.0201593)
(0.00921781,0.0010526)
(0.0269019,-0.0154133)
(-0.00721485,0.00308368)
(0.0227896,-0.00941251)
(-0.01742,0.00985783)
(0.00195972,-0.00416094)
(-0.0040085,-2.36505e-05)
(-0.0120169,0.0288392)
(-0.00714353,0.00545803)
(0.00341602,0.0137261)
(0.00024038,-0.00406472)
(0.014487,0.0296099)
(0.0176705,0.0192394)
(0.0050791,0.00606963)
(0.0169209,0.0143784)
(0.0196744,-0.0155164)
(0.0103946,-0.00168608)
(-0.0140016,0.0174297)
(-0.00290781,0.00772586)
(-0.0170444,0.0113768)
(-0.000397423,9.88141e-05)
(0.015249,0.00150835)
(0.00688932,0.0110033)
(0.0266154,0.00117557)
(-0.00738295,0.00731811)
(0.0123851,0.015125)
(-0.00964161,0.00402112)
(-0.00565196,0.0156761)
(-0.0176052,-0.0186445)
(0.00727493,0.0157357)
(-0.0247016,0.00780294)
(0.00136048,0.00348374)
(-0.0167007,0.0160114)
(0.00365739,0.000899094)
(-0.0021206,0.00814909)
(0.00768164,-0.0115427)
(0.00154633,-0.00602348)
(-0.00970369,0.0143206)
(-0.00220614,0.00264384)
(-0.0207669,0.0117997)
(-0.00510057,0.0123021)
(-0.0066039,-0.00300401)
(-0.0013972,-0.000164768)
(0.00952838,0.00268127)
(0.00862435,-0.00210552)
(0.00682221,-0.000881132)
(0.00743228,-0.0154732)
(0.0100178,0.00244393)
(-0.00261435,-0.00396806)
(-0.00594299,-0.00915437)
(-0.00712737,-0.0120339)
(-0.0110374,0.00319524)
(-0.00594285,-0.00335687)
(-0.0151555,-0.0037667)
(-0.0140926,-0.00939218)
(-0.00112096,-0.0089475)
(-0.00561097,-0.00827035)
(0.000705039,0.0124703)
(0.00262429,-8.309e-05)
(0.00423834,5.01501e-05)
(-0.0145689,-0.0142787)
(-0.00675529,-0.00145261)
(-0.00668717,-0.0131808)
(0.0029409,-0.010397)
(0.00783722,-0.0142779)
(-0.00662865,-0.00871512)
(0.00977835,-0.0083944)
(-0.0174667,-0.0112219)
(-0.0035608,0.00544925)
(0.00397157,-0.0096862)
(-0.00726012,-0.0191768)
(0.00137749,0.0163656)
(-0.0108908,-0.0208882)
(-0.00188656,0.00758728)
(-0.0106856,-0.0191742)
(-0.0166223,-0.00474024)
(-0.00265612,-0.0170479)
(0.0130892,0.00024755)
(-0.0223554,0.0085226)
(0.0169873,-0.0107231)
(-0.018136,-0.00382324)
(-0.000621105,-0.000496628)
(0.00319412,-0.0189247)
(-0.00325023,0.002842)
(0.031544,-0.0287359)
(-0.00106837,0.00483664)
(0.0151483,-0.00111223)
(-0.0113843,-0.0162836)
(0.000658424,-0.00388037)
(0.0141139,-0.0276418)
(-0.0158323,-0.0134814)
(0.00762951,-0.0191207)
(-0.0237862,-0.0283775)
(-0.00916934,-0.00613865)
(-0.0012892,-0.0332318)
(-0.0142569,-0.00284209)
(0.00193755,-0.00398576)
(0.00381641,-0.00774578)
(-0.0261635,0.0126322)
(0.0042564,-0.0139153)
(0.00160562,0.0107916)
(-0.0149868,0.00537676)
(0.0302967,-0.0106584)
(-0.0151661,0.030356)
(0.0442664,-0.0225141)
(-0.0156912,0.0401772)
(0.0133433,-0.00162718)
(-0.0362413,0.0327154)
(0.0184623,-0.00289729)
(0.0117476,0.00260062)
(0.00347607,-0.0097355)
(0.0242723,-0.0213492)
(-0.0103837,-0.0185061)
(0.00439064,-0.0145087)
(-0.0184238,-0.0143768)
(-0.000461386,0.000714697)
(-0.00633634,-0.00892687)
(-0.00505241,0.000151534)
(-0.0107699,0.0171955)
(-0.0115046,-0.0146333)
(0.0173635,0.00188679)
(-0.0316076,0.0126539)
(0.0250155,-0.0302905)
(-0.00901328,0.0428856)
(0.00146832,-0.0287307)
(0.00412832,0.0434673)
(0.0124956,0.0386311)
(-0.0785993,0.060193)
(0.0890741,-0.0194553)
(-0.0109594,0.0340302)
(0.047568,-0.00947258)
(0.0211557,0.00545951)
(-0.00326832,0.00941884)
(0.0180674,-0.011462)
(-0.00889887,-0.00976306)
(0.00170236,-0.00569209)
(-0.0125983,-0.0110472)
(0.00550755,-0.0127635)
(-0.00341376,0.00755836)
(-0.00178877,-0.0257867)
(-0.00688329,-0.0103096)
(-0.0147608,-0.0192027)
(-0.0168154,-0.030703)
(0.0241369,-0.0214288)
(-0.0690309,-0.0151663)
(0.0750836,-0.0382469)
(-0.098763,0.113861)
(-0.0510081,0.00505085)
(0.0132192,-0.0655548)
(-0.0209397,0.0127285)
(0.000791148,-0.0588596)
(0.0106873,0.00362486)
(-0.0143461,-0.0205818)
(0.00934468,0.0036867)
(-0.010651,0.00479174)
(0.00456977,0.000558211)
(-0.00872231,-0.010187)
(0.0141156,-0.00710268)
(0.00117616,0.00826757)
(-0.0143431,-0.013066)
(-0.0076447,-0.00669986)
(-0.0282458,-0.0234353)
(-0.0172928,-0.0207555)
(-0.0281594,-0.0120112)
(0.0347804,-0.032614)
(-0.0264336,0.0416282)
(0.0958672,-0.115792)
(0.0647209,0.000913967)
(-0.0664733,0.105899)
(-0.00267281,-0.0681192)
(-0.0456989,0.0110581)
(0.00425206,-0.0274347)
(-0.0291073,-0.0111068)
(-0.00738404,-0.0129153)
(-0.00708883,-0.00419746)
(4.62148e-05,-0.00595985)
(-0.00650051,-0.00218821)
(-0.0137058,-0.00800353)
(0.010477,0.00970973)
(0.00248192,-0.0215956)
(-0.000809081,-0.0122132)
(-0.00452754,-0.015231)
(-0.0171446,-0.00964512)
(-0.00143209,0.00206514)
(0.0142289,-0.00387284)
(-0.0110008,0.0284267)
(0.029112,-0.0207451)
(-0.00207755,-0.00797471)
(0.0114201,0.02402)
(0.00688549,-0.0322238)
(-0.0108967,-0.00474089)
(0.00404031,-0.0169938)
(-0.0106998,-0.0150374)
(-0.000552005,0.00555187)
(0.0321036,0.000154257)
(0.00435925,0.00552856)
(0.0138415,0.00186822)
(-0.0144894,0.00525699)
(-0.00194184,0.0099762)
(-0.00530526,-0.00669418)
(-0.00747084,0.00052288)
(0.0173967,-0.0323194)
(1.81652e-05,-0.00228729)
(0.0133424,-0.00919383)
(0.00132505,0.00923662)
(0.00372227,0.0189986)
(0.0191582,-0.00404122)
(-0.00522895,0.00607678)
(0.0101208,0.00592063)
(-0.00427024,0.00294381)
(0.00598015,-0.00993752)
(0.00839189,0.00880195)
(0.0173117,0.0132713)
(-0.00415776,0.00147373)
(0.0412031,0.0185862)
(0.0141846,-0.002153)
(0.0179516,-0.00259283)
(-0.00226133,0.0192965)
(-0.00884578,0.00521049)
(-0.0138644,0.00740495)
(-0.0128312,0.0165506)
(0.00392004,-0.01601)
(-0.00257461,0.00849017)
(0.0186499,-0.000122652)
(0.0102876,0.0228496)
(0.0132458,0.0170893)
(0.0243839,-0.00247697)
(0.00321085,0.0202614)
(0.00722161,0.00565734)
(0.000187297,0.00575407)
(0.00765618,-0.00113753)
(-0.0102941,0.0121034)
(0.0142156,0.0187725)
(-0.012361,-0.00539276)
(0.0146681,0.0127037)
(0.0210315,-0.00633092)
(0.0103129,-0.00154165)
(-0.00761577,0.0123302)
(-0.00850728,0.00390942)
(-0.0110433,0.00818421)
(-0.013159,0.0195259)
(-0.0135022,0.00601757)
(-0.00593902,0.0138285)
(-0.00303446,0.00292633)
(0.0109739,0.00408682)
(0.0125973,0.00951276)
(0.0156377,-0.0041243)
(0.00305439,0.0114165)
(0.003137,-0.0138994)
(-0.00575941,0.0112787)
(0.00820269,0.00300949)
(-0.0203735,0.01118)
(0.00171537,-0.00234286)
(-0.00821792,-0.00412998)
(-0.000531838,-0.00524593)
(0.00384201,-0.0115046)
(-0.00235545,-0.0199875)
(0.00608878,-0.00655819)
(0.00722447,-0.00335563)
(0.000143236,-0.00586679)
(0.0089171,0.000789413)
(0.00332586,0.0057747)
(-0.0101543,-0.00512158)
(0.00759055,0.0019468)
(0.00595625,0.00107209)
(0.0136296,0.00474236)
(-0.0137523,0.0197448)
(-0.0145386,0.00777281)
(-0.00911394,-0.011714)
(0.00371292,0.0144177)
(-0.0102099,-0.00869248)
(0.00632987,0.0151334)
(-0.00526418,-0.0193851)
(-0.00555526,0.00428296)
(-0.00534381,-0.0104301)
(-0.0146414,0.00119093)
(0.00381032,-0.00425542)
(0.00999617,-0.006864)
(-0.0027386,0.00577753)
(0.0188602,-0.0152257)
(-0.0158091,0.00543828)
(-0.00123332,0.00938587)
(-0.00298074,0.00480885)
(0.0105499,0.0106582)
(0.00210586,-0.00209021)
(-0.00160975,0.00661557)
(-0.0271952,0.0108407)
(-0.00688314,0.0114882)
(-0.038051,0.00374333)
(-1.39527e-06,0.00644861)
(-0.0116388,-0.0240491)
(0.00521815,0.000300153)
(-0.0175382,-0.0331685)
(-0.0057806,-0.0163256)
(-0.0029313,-0.0264735)
(-0.0198764,-0.0179113)
(-9.63391e-05,-0.00539366)
(0.00208185,-0.00463083)
(-0.0126684,0.00947464)
(-0.00074917,-0.0155316)
(-0.00944615,0.0186031)
(-0.0214094,0.00246788)
(0.013317,-0.00829852)
(-0.011923,0.0140599)
(-0.0055444,-0.0132298)
(0.00525801,0.025487)
(-0.0437591,-0.00175895)
(-0.0153685,0.00575312)
(-0.0510385,-0.00903669)
(0.0107863,0.0260084)
(-0.0258231,0.00150508)
(0.00940288,0.00464761)
(-0.0106487,0.00750476)
(0.0127684,-0.0108285)
(-0.0106681,-0.0129269)
(-0.0103574,-0.0176847)
(0.00269875,0.00538474)
(-0.00877407,-0.00339943)
(0.00469977,-0.00801754)
(-0.0233051,-0.00267177)
(0.0163477,-0.0181962)
(-0.0291064,0.00477397)
(0.000569339,-0.0272682)
(-0.00725372,0.0119223)
(-0.0599683,-0.0578275)
(0.0745922,-0.0840609)
(-0.0928738,-0.00826069)
(-0.0195434,-0.048778)
(0.0861411,0.000270747)
(0.0209791,0.0466546)
(0.00756559,0.000295665)
(-0.00140258,0.0440306)
(-0.000380348,0.0245044)
(0.0290662,0.00227347)
(-0.0068231,0.0145771)
(0.014775,-0.0141155)
(-0.0122018,-0.00175964)
(0.00451123,-0.00491976)
(0.00784001,-0.0162837)
(-0.0140885,-0.0210493)
(0.00322016,-0.0191737)
(-0.0138057,-0.0173452)
(-0.0312367,-0.036712)
(0.0541023,0.0671921)
(-0.0435107,-0.0349434)
(-0.0260867,0.0123862)
(0.038378,-0.0108379)
(0.0126447,-0.0102416)
(-0.0218623,0.0157057)
(0.00897974,0.0750593)
(-8.44324e-05,-0.00104473)
(-0.0107028,0.0508271)
(-0.0134582,-0.0274696)
(0.0182489,0.0221535)
(-0.00466117,0.00461948)
(0.013181,0.0126075)
(-0.00507975,0.00105497)
(-0.00846481,-0.0173721)
(0.00254994,0.00520209)
(-0.0316337,-0.010062)
(-0.00401094,-0.00729235)
(-0.037872,-0.0093596)
(-0.0120182,-0.00100138)
(-0.0206122,-0.00235382)
(0.0553816,0.115047)
(0.00609508,-0.00934408)
(-0.0171207,-0.00262161)
(-0.00065818,0.0126474)
(0.00489252,-0.0140794)
(-0.0320625,-0.0530093)
(0.0244508,0.0481844)
(-0.00606721,-0.0212278)
(0.00681812,-0.0390399)
(0.012765,0.00288266)
(0.0045781,0.00821659)
(0.00829628,-0.00738236)
(-0.0110653,0.00499815)
(-0.0093192,-0.0281909)
(0.00908197,0.00621857)
(-0.0282475,-0.0132508)
(0.00507648,0.0121419)
(-0.0128846,-0.00101405)
(-0.0002335,0.0182631)
(-0.00534794,0.0109515)
(0.0159783,0.0512822)
(0.0304909,-0.00378544)
(-0.0652384,0.00823851)
(-0.0287701,-0.0118876)
(0.0378275,-0.0204092)
(-0.0113934,-0.0131685)
(0.0243549,-0.0311328)
(0.00496434,-0.0206004)
(-0.00908267,-0.0375624)
(-0.00026551,-0.00593563)
(0.0114361,-0.00228333)
(0.00278376,0.0125436)
(-0.00268243,0.0116582)
(-0.0220281,-0.0193279)
(-0.00695449,0.00251683)
(-0.0167675,-0.0191517)
(0.00162752,-0.00952717)
(-0.0139238,-0.0164694)
(0.00921003,0.000307805)
(-0.00188938,0.00780825)
(-0.000103588,0.0293881)
(-0.00235236,0.0124258)
(0.00805196,0.0193168)
(-0.0350961,0.0205218)
(0.0223259,0.0210994)
(-0.00245021,0.00767898)
(-0.00897415,-0.0179564)
(-0.00337224,-0.0154542)
(0.00846842,-0.00664703)
(0.00433389,-0.00992967)
(0.0367996,0.0292195)
(0.000692096,0.0105411)
(0.0114982,0.0145824)
(-0.00858868,0.00652658)
(-0.0198648,0.00684826)
(-0.0166335,-0.0113045)
(-0.00187906,0.00884402)
(0.000829694,-0.0234004)
(0.0153779,0.00279376)
(-0.00807838,0.00912293)
(0.0112703,0.0126822)
(0.0108306,0.0292784)
(0.0183641,-0.000398497)
(-0.00733935,0.0256079)
(0.00276158,0.00801381)
(0.000714025,0.0167397)
(0.00226864,0.00102774)
(-0.0162925,-0.000696492)
(0.0223344,0.0242958)
(-0.0109061,-0.00535155)
(0.0247455,0.023591)
(-0.0034097,0.012588)
(0.00448143,-0.00447511)
(-0.00462124,0.0147773)
(-0.00931812,0.00576958)
(-0.00761398,0.00671522)
(-0.0227663,0.0153849)
(-0.0180555,-0.00697711)
(0.00132025,0.00925062)
(-0.00608732,-0.00238118)
(0.00661869,0.00843618)
(0.00223307,0.00483792)
(0.0101797,0.000197313)
(0.00226232,0.0145992)
(0.00144606,0.00443042)
(-0.00108402,0.000476772)
(0.0069563,0.00752128)
(-0.0141275,-0.00287379)
(0.00725442,0.00842076)
(-0.0214783,-0.0101342)
(0.00910552,-0.0183437)
(-0.00427193,0.00988762)
(-0.00337433,-0.00919805)
(0.0198208,-0.00576199)
(0.01691,-0.0158081)
(0.0190189,0.00263003)
(-0.00256595,-0.00166411)
(0.00713427,0.0140937)
(0.00419673,-0.00245123)
(0.0226444,-0.000171245)
(0.00230311,0.0105445)
(0.00666026,-0.00292553)
(-0.00881962,0.00292553)
(-0.00960016,0.00905213)
(-0.00665697,-0.00607422)
(-0.0189294,0.0153739)
(0.00199599,-0.00184675)
(-0.00528605,0.0123736)
(0.000306919,-0.00613888)
(-0.00685236,0.00081465)
(-0.0108247,0.00740015)
(-0.0160657,-0.00832037)
(-0.00237689,0.00284741)
(0.0110476,-0.0106968)
(0.000650167,-0.0168677)
(0.0150446,-0.0039324)
(-0.00274461,0.00060839)
(0.00327034,0.0210538)
(0.00264617,0.0122502)
(0.00409252,0.0111099)
(0.00913111,0.0184146)
(0.0104887,-0.00293477)
(-0.019204,0.024364)
(0.0146638,-0.00699879)
(-0.030423,-0.002897)
(-0.000309047,-0.00163035)
(-0.00634122,-0.00459536)
(-0.00784606,-0.00406944)
(-0.00864065,-0.00685992)
(-0.00565217,-0.0131703)
(-0.00346508,-0.00824684)
(-0.016465,-0.0159954)
(-0.00270725,0.00637935)
(-0.00374656,-0.00157868)
(0.00310103,0.000885794)
(0.00125522,0.00133637)
(-0.00277609,-0.00502429)
(-0.0184007,0.0165801)
(0.00926004,0.00776393)
(-0.00268886,0.0224204)
(0.0181657,0.00389451)
(0.0180896,0.00439998)
(-0.0198942,-0.000286826)
(0.0397065,0.00805163)
(-0.0736466,0.00244555)
(0.0329828,-0.0132835)
(-0.0348076,0.000930018)
(-0.00161711,0.0104377)
(-0.00161659,0.0173546)
(-0.0105168,-0.0177761)
(-0.00277254,0.00837494)
(-0.0258866,-0.0303856)
(0.0100862,0.0135272)
(-0.00411942,0.00864176)
(0.00776468,-0.00911534)
(0.0038276,-0.00627911)
(0.00618668,-0.017361)
(-0.0190575,0.00464709)
(0.0184109,-0.0179187)
(-0.0369391,0.0128889)
(0.0554352,0.0263827)
(-0.0315253,0.0153627)
(0.0820477,0.0119705)
(-0.00249778,0.0544881)
(-0.0175373,-0.0143958)
(0.0292764,-0.0213536)
(-0.0357784,0.014247)
(-0.0152205,0.0193598)
(-0.00844247,0.0294988)
(0.00375696,0.00186081)
(-0.000991959,0.0260378)
(-0.00370453,-0.018108)
(-0.00446437,0.00314539)
(0.00812968,0.00265062)
(0.00846841,-0.0137175)
(0.00363038,-0.00426504)
(0.00728406,-0.0188372)
(-0.0128347,-0.0149473)
(0.0266452,-0.00115858)
(-0.00673513,-0.0536805)
(0.0739877,0.0780553)
(0.0202267,-0.00144385)
(-0.0354771,-0.0123975)
(-0.0166753,0.0174651)
(0.0117834,0.00469725)
(0.0345491,-0.138237)
(0.0113401,-0.0343722)
(-0.0496153,0.0288694)
(0.000835514,0.00240267)
(-0.00636658,0.0218631)
(0.00538553,0.0112226)
(0.0136001,-0.00670111)
(-0.0011234,0.00218414)
(-0.00335395,0.00871229)
(0.00067225,0.000318008)
(-0.0121701,0.010734)
(-0.00694121,0.00166168)
(0.00514742,0.00443285)
(-0.0228252,-0.033887)
(0.00743202,-0.0220517)
(-0.0588923,-0.0985733)
(-0.00540352,0.00908394)
(0.0226753,0.0165083)
(-0.0135151,-0.00765991)
(-0.00196181,-0.0254383)
(0.053571,0.0590397)
(0.0113851,0.0433668)
(-0.0135149,0.0333032)
(-0.0182575,-0.00935277)
(-0.013244,0.0116291)
(0.00731263,0.00670302)
(0.0103974,0.0029875)
(0.00330226,0.00935499)
(-0.0106128,-0.0143172)
(0.00963438,0.00663006)
(-0.00573138,-0.0141863)
(0.00346261,0.00917333)
(-0.00777231,0.0190015)
(-0.00565437,-0.00265306)
(-0.00708812,0.00253815)
(-0.00322163,-0.0578775)
(0.00442419,-0.00833507)
(0.00639096,0.00206671)
(0.0522584,-0.00783422)
(-0.0487836,0.0484112)
(0.0275591,0.0367956)
(-0.0303718,-0.00266294)
(-0.0153993,0.00267614)
(-0.00871087,-0.0295436)
(0.00339083,0.00801042)
(0.0256492,0.00754746)
(-0.00470014,0.000131514)
(0.010342,0.012302)
(-0.00655077,-0.00890331)
(-0.00586465,-0.0064863)
(-0.0212713,-0.0167168)
(0.0132447,0.00225108)
(-0.00469914,-0.0288887)
(0.00710444,0.004959)
(-0.0090978,-0.00446425)
(0.00813661,-0.0078902)
(-0.0367917,-0.0155787)
(0.0166143,-0.0224869)
(-0.0112825,0.00160121)
(0.0116812,0.0146274)
(0.00240706,0.00988898)
(-0.017725,-0.0190641)
(0.00816851,-0.00764082)
(0.0164213,-0.00596979)
(-0.0182655,-0.0232026)
(0.0310643,0.00822746)
(-0.0087077,0.00385943)
(0.00741324,0.000330064)
(-0.00723334,0.0149439)
(-0.00444357,-0.000769298)
(-0.0121041,-0.00637516)
(-0.00720083,-0.00507371)
(-0.0173762,-0.0217609)
(0.0119911,9.00795e-05)
(-0.00387973,-0.0194347)
(-0.00947921,0.000556376)
(-0.00448962,0.0031128)
(-0.00282335,-0.0211808)
(0.00298531,0.00534874)
(-0.0161051,-0.00566132)
(0.0235085,0.00668732)
(-0.0205979,-0.00104209)
(0.00106562,-8.22167e-05)
(0.0109609,0.0105794)
(-0.0104629,-0.0035596)
(0.0243025,0.00139602)
(-0.00546313,0.0125724)
(0.00666185,-0.0081745)
(-0.00512695,0.0104377)
(-0.00533129,0.00385934)
(-0.00725239,-0.0021657)
(-0.00900449,0.0165503)
(-0.00591142,-0.0167751)
(-0.00842499,0.00297067)
(-0.014483,-0.00791224)
(-0.0111703,0.00550421)
(0.00401554,-0.00419388)
(-0.0210868,-0.00571963)
(0.00752207,-0.00615988)
(-0.0281389,-0.00465283)
(0.01413,0.00187558)
(-0.0172475,0.00713563)
(-0.00268045,-0.0109473)
(-0.00715952,0.00241446)
(0.00222843,-0.00585948)
(0.00390111,-0.0167234)
(-0.00640137,0.00268294)
(0.00721794,-0.0193929)
(0.0101619,-0.00482755)
(0.00942987,0.00582578)
(0.0154578,0.00404999)
(0.0137137,0.00232029)
(0.0174316,0.00594165)
(0.00698376,0.0196614)
(0.0051947,-0.00125099)
(0.000637681,0.0240835)
(-0.00924686,-0.0126504)
(0.00343261,0.0129506)
(-0.0246645,-0.00151645)
(-0.00594831,0.00423645)
(-0.0163488,-0.00417534)
(0.00837567,0.00644208)
(-0.00550327,-0.00640384)
(-0.00568787,0.0133973)
(-0.000736245,-0.00477974)
(-0.0139317,0.0130402)
(-0.00537093,-0.00339333)
(-0.00361083,0.00729994)
(0.00207702,-0.000209835)
(0.0124861,0.00139216)
(0.00693472,0.00218557)
(0.0117432,0.0173389)
(-0.00415922,0.00789165)
(0.00761595,0.0329753)
(0.0142687,0.00549544)
(-0.00740608,0.0262609)
(0.000995058,-0.0140457)
(-0.0124308,0.0350622)
(-0.00147043,-0.0154922)
(-0.0229606,0.00632652)
(-0.00676951,-0.0130885)
(0.00255053,0.0146361)
(-0.000175901,-0.0143303)
(0.00237372,0.00332698)
(-0.00343768,-0.00613715)
(-0.00398798,0.0029152)
(-0.0196064,-0.00242992)
(0.000165984,-0.0036435)
(-0.00537371,0.00782054)
(0.00737497,-0.00276604)
(-0.00935091,-0.00288827)
(0.000702743,-0.00168523)
(-0.00431362,0.00705836)
(0.00588984,0.012471)
(0.016306,0.00318605)
(-0.00367537,0.0145213)
(0.0167767,-0.0336788)
(-0.00300247,0.0226262)
(0.0421107,-0.0260914)
(-0.0542865,-0.00108782)
(0.000197279,-0.0235474)
(-0.0117892,0.0122446)
(-0.00995001,-0.00443314)
(0.0175742,0.0148246)
(-0.0171558,-0.00848629)
(0.0116883,0.00966394)
(-0.0348495,-0.00875542)
(0.00693707,0.00762415)
(-0.000689033,0.0107547)
(-0.00265937,-0.00585632)
(-0.00472059,0.00108693)
(0.00369555,-0.0238137)
(0.00305242,0.00603929)
(-0.0127708,0.00109146)
(-0.0114167,0.00401297)
(0.00530904,0.0203394)
(-0.00980891,-0.0108234)
(0.0289925,0.0200949)
(0.0423247,0.00276607)
(-0.0503178,0.0145185)
(-0.0274973,0.0176922)
(-0.0332143,-0.00395604)
(-0.045245,0.0317849)
(0.0162248,0.014372)
(-0.00420136,-0.00149089)
(0.0106164,0.00757879)
(-0.0026738,-0.0112774)
(0.00226203,0.00442273)
(0.000281289,0.0161546)
(-0.0035215,-0.00775431)
(0.0119973,0.00553823)
(-0.0118147,-0.0111611)
(0.0129064,0.0140305)
(-0.00212801,-0.00304588)
(-0.0234096,0.0293682)
(0.0405693,0.026344)
(-0.0828937,0.0124228)
(0.0236223,-0.0314116)
(0.0898934,-0.0128297)
(-0.0141004,-0.00325399)
(-0.0752424,0.0142321)
(0.0035604,-0.0416073)
(-0.0995443,0.0448836)
(0.0130514,-0.0152663)
(-0.0182141,0.0199732)
(0.0106522,-0.00353857)
(0.00660583,-0.00612756)
(0.00770467,-0.00104858)
(-0.00813641,0.01883)
(-0.0113354,0.00447064)
(-0.00491459,0.0171287)
(0.000519548,0.012542)
(0.0277836,0.0292471)
(-0.0173626,-0.0173155)
(0.0388599,0.0405431)
(-0.0346088,-0.0355189)
(0.0128495,-0.0289358)
(-0.0621043,0.0171913)
(0.0338454,-0.0454336)
(0.00478352,0.0611873)
(-0.0783727,0.0511615)
(0.0179619,-0.00371241)
(-0.0834468,0.0342651)
(0.0119093,-0.0254897)
(-0.010331,-0.00266587)
(0.020205,-0.0139485)
(0.00639428,-0.0171495)
(0.0175774,0.00798289)
(-0.0061762,-0.00864175)
(-0.00767007,0.00672682)
(-0.0015894,-0.0119172)
(0.00581075,0.0118679)
(0.0237087,0.00635074)
(-0.000734477,0.0153786)
(0.0249513,0.0272674)
(-2.07938e-05,-0.0322171)
(-0.0185841,0.0196579)
(0.010591,-0.0340072)
(-0.0183592,0.00186538)
(0.0498106,-0.00285596)
(-0.0468995,0.0203278)
(0.0064092,-0.0439983)
(-0.0304043,-0.00357033)
(-0.00704959,-0.0410855)
(-0.00624274,-0.021264)
(0.0130165,-0.00631095)
(-0.00748889,-0.0165169)
(0.0229363,0.0127714)
(-0.00642232,-0.0222238)
(-0.00358393,0.00706969)
(-0.0152664,-0.0247743)
(0.00664537,-0.000696987)
(-0.00833788,-0.0165153)
(0.00400591,0.0127947)
(-0.0127565,-0.00315484)
(-0.0105626,0.0124703)
(-0.0174077,0.00339396)
(0.0178252,-0.0119849)
(-0.0306762,-0.0190101)
(0.00972444,-0.0206132)
(-0.0107196,-0.00564343)
(-0.0172059,-0.0342148)
(-0.0120634,-0.0238136)
(0.00262462,-0.010802)
(-0.0112964,-0.00609031)
(0.0223352,1.81357e-05)
(-0.00121088,-0.00747976)
(0.010853,0.00418498)
(-0.00821368,0.00625257)
(-0.0113305,-0.0017924)
(-0.0187436,-0.00951667)
(-0.0120332,0.00256959)
(-0.0185518,-0.0231623)
(-0.00385897,-0.0188298)
(-0.00805089,-0.012608)
(-0.0134382,0.0150282)
(-0.00283435,0.00628184)
(-0.0178463,0.00385771)
(-0.0103634,-0.00197329)
(-0.00982859,0.00319293)
(0.0140937,-0.00371493)
(-0.0193926,-0.00283611)
(-0.00686328,-0.00908039)
(-0.00453685,0.0067666)
(-0.00228049,0.0016995)
(0.0136161,0.00404836)
(-0.0144374,0.0082198)
(0.00334972,-0.00757079)
(-0.00673863,0.00827261)
(-0.0054504,0.00522244)
(-0.00305384,0.00118715)
(-0.0159582,0.00123375)
(-0.0167115,-0.00771526)
(-0.0146259,-0.0132178)
(-0.00613063,-0.0118606)
(-0.0195528,0.00766054)
(-0.00423802,-0.0146928)
(-0.0211347,0.013569)
(-0.000698434,-0.000698041)
(-0.017409,0.0213054)
(0.0137222,-0.0185137)
(-0.0194198,0.0125582)
(0.00290648,-0.00446837)
(0.00313609,0.0111384)
(-0.0116463,0.00167329)
(-0.00168729,-0.00360209)
(-0.014353,0.0110203)
(0.00578109,0.0012106)
(0.0135194,-0.00736823)
(0.000955278,-0.00601633)
(0.00729729,-0.0251397)
(0.0211086,0.00643557)
(-0.0028619,-0.0120279)
(0.0169612,0.0115422)
(-0.0133161,-0.000483143)
(0.0115687,0.00938858)
(-0.0181649,-0.00708559)
(0.0145046,0.00548997)
(-0.0153893,0.00261508)
(0.00562576,0.00661168)
(-0.0103048,-0.00416066)
(0.0047554,-0.00125263)
(0.00505621,-0.0030436)
(-0.00504962,0.00516477)
(0.00283238,0.00152426)
(0.0025857,0.0151024)
(0.00467278,-0.00362528)
(0.00674612,0.00607322)
(-0.00309085,-0.0174939)
(0.00812444,0.00579081)
(-0.01378,-0.0101454)
(0.0302046,0.000909573)
(-0.0187006,0.00353976)
(0.0197706,0.0179299)
(-0.01492,0.0123559)
(0.00916188,0.0183634)
(-0.0164624,0.00520192)
(0.0040701,0.0079902)
(-0.00588188,0.00169966)
(-0.00329262,0.0206455)
(-0.00434921,0.00768325)
(0.00818407,0.00373008)
(0.00662725,-0.00202174)
(0.000407712,0.000525945)
(-0.0139408,0.00712832)
(0.00533472,0.00591197)
(-0.0151912,0.00969458)
(0.00664375,0.00753451)
(-0.00185715,-0.00116886)
(0.0043134,0.000174053)
(-0.00297855,1.70028e-05)
(0.0199782,-0.0124989)
(-0.0116816,-0.0147517)
(0.0186107,0.00380961)
(0.0100281,0.0016919)
(0.00417923,-0.00996955)
(0.0155672,-0.00214175)
(-0.00750352,0.0205812)
(0.0186344,-0.0216934)
(-0.028682,0.0121009)
(0.00989207,-0.00765061)
(-0.00273354,0.0169102)
(0.0166199,0.00551522)
(0.00289068,0.00122342)
(0.00198115,0.00796418)
(8.88611e-05,0.00579461)
(-0.0223675,0.00374018)
(0.00841576,0.00336253)
(0.0178236,0.00772116)
(0.013565,0.00192632)
(0.0141955,0.000898127)
(0.00390359,-0.0312275)
(-0.0129857,-0.00521993)
(-0.00691131,-0.0282843)
(-0.00231424,-0.00408173)
(-0.0164435,0.00526484)
(0.0006095,-0.0085799)
(-0.00999047,0.0240624)
(0.00985069,0.00643394)
(-0.0376892,0.016573)
(-0.00777347,0.0111859)
(-0.00827393,0.0223034)
(0.01006,0.000620028)
(0.0219704,0.00449438)
(0.0260063,-0.000770219)
(0.00182661,0.0011606)
(0.00297391,-0.00314355)
(-0.00405216,0.000454218)
(0.0178097,0.0113877)
(-0.0101946,0.00934475)
(0.0128812,0.00841672)
(0.00194192,-0.0155135)
(0.00267715,0.000616212)
(-0.0195983,-0.00514825)
(-0.000143093,0.014374)
(-0.010439,0.0119544)
(-0.0131077,0.0244087)
(0.00832511,0.000523626)
(0.00268454,0.0209623)
(0.0015591,-0.0214438)
(-0.0441955,0.0281365)
(0.00675909,-0.0143051)
(-0.0121721,0.0202325)
(0.016918,-0.00164939)
(0.0227382,0.00226401)
(0.0184384,-0.00696991)
(0.00964273,-0.003317)
(-0.0044308,-0.00568697)
(0.00790205,0.0117533)
(-0.00259517,0.0100859)
(0.0134666,0.00604389)
(-0.00282971,-0.00848905)
(0.0153451,0.00554392)
(0.00356618,-0.00295943)
(0.0229487,0.0169132)
(0.00369944,-0.0115449)
(0.0260666,0.047145)
(0.0147877,-0.0104824)
(-0.00765017,0.00908198)
(0.0528322,-0.0106983)
(-0.0362127,0.0147902)
(0.0196465,-0.0197321)
(-0.0135589,-0.00649954)
(0.0158789,-0.0102686)
(0.0184145,-0.0132627)
(0.0141158,0.00279446)
(0.0218226,-0.0119945)
(0.00750898,0.00219252)
(0.00564951,-0.00604009)
(0.00929748,0.00254604)
(0.00733206,-0.0155026)
(0.0104849,0.00222689)
(0.0208663,-0.00747825)
(0.00845522,0.0141543)
(0.0236817,0.0193299)
(0.0117934,0.0163711)
(0.00665576,0.0312552)
(0.0202607,-0.00685998)
(-0.0184534,0.0053985)
(0.0322627,-0.0169966)
(-0.00525139,-0.000983116)
(0.000581521,-0.0227635)
(0.0156338,-0.0208029)
(-0.00922727,0.000932846)
(0.0161341,-0.0177789)
(0.0120524,0.00999658)
(0.00521781,-0.0223292)
(0.00843751,0.0126213)
(-0.000378239,-0.0116503)
(0.00133826,0.00714255)
(0.00162674,-0.0197801)
(0.00310494,-0.00352581)
(-0.0254372,-0.0164636)
(0.0110794,-0.00965411)
(-0.0075126,0.00761648)
(-0.00856229,0.0195293)
(-0.016827,0.0142941)
(-0.00908964,0.00502249)
(-0.0111764,0.00370327)
(-0.00290462,0.00788463)
(0.0195666,-0.00392215)
(-0.0187754,-0.00148868)
(0.016407,-0.0034275)
(-0.00787625,0.0101439)
(0.0211483,-0.012615)
(0.00387238,0.0180037)
(0.0180339,-0.00746051)
(-0.000238659,0.00645461)
(0.00988075,0.00470854)
(0.00528442,0.00118851)
(0.00232656,-0.000122236)
(-0.0117145,-0.0126251)
(-0.0198021,-0.0126605)
(-0.00179385,-0.0267532)
(-0.0156099,-0.0171292)
(-0.00208306,-0.0080491)
(-0.0122812,-1.74758e-05)
(-0.0220136,0.0068421)
(-0.00614101,-0.00268417)
(-0.0202186,0.00836717)
(0.0170125,-0.00914202)
(-0.0209254,0.000150797)
(0.0135484,-0.00170302)
(-0.00548451,0.00614519)
(0.00756182,0.0047636)
(-0.00301309,-0.00449573)
(0.0171524,0.00388707)
(-0.00351178,-0.00870114)
(0.00314203,0.018677)
(-0.00292402,-0.00150164)
(0.0104014,0.00198115)
(-0.0026035,-0.00870368)
(-4.00495e-05,-0.00965391)
(-0.0173708,-0.0223609)
(-0.00807376,-0.0110533)
(-0.0146361,-0.00764377)
(-0.0140896,-0.00856386)
(-0.0144337,0.00518261)
(-0.0108541,-0.0108236)
(-0.00994989,0.00903985)
(0.0101498,-0.0172724)
(-0.00493769,0.00279767)
(0.00554665,-0.0065442)
(0.00026459,0.00412683)
(0.0114382,0.00193003)
(0.00525947,-0.00208065)
(-0.00741796,0.0149232)
(0.00756692,-0.00108519)
(0.00313285,-0.00219312)
(0.00166144,-0.004281)
(-0.00313568,-0.0138417)
(0.0113251,0.00490998)
(-0.0170536,-0.00669653)
(0.010281,0.0164686)
(-0.0304706,0.00593346)
(0.0036571,0.0105824)
(-0.0282298,-0.00324063)
(-0.00230175,0.00545757)
(-0.00609834,-0.00843102)
(-0.00857093,0.00660959)
(-0.0108647,-0.00792213)
(-0.00264463,-0.000226979)
(-0.00316434,-0.00354658)
(-0.0162976,0.00190293)
(-0.000683367,-0.00130361)
(-0.0046633,0.0111621)
(0.00304217,-0.0015214)
(0.00579285,0.00635612)
(0.00183983,-0.0082302)
(-0.000514492,-0.00386029)
(-0.010321,-0.0189521)
(0.0176563,0.00137965)
(-0.0263234,1.05103e-05)
(0.0108456,0.00921413)
(-0.0350813,0.0183733)
(-0.0031023,0.0047865)
(-0.0241182,0.0022649)
(-0.0199626,0.00378373)
(-0.00942347,-0.00188177)
(-0.0107525,-0.000880024)
(0.00556441,-0.00360445)
(-0.00143789,-0.00108641)
(0.00359296,0.000264321)
(-0.013285,-0.00841191)
(-0.00553024,0.01118)
(0.00992125,0.00737588)
(-0.00548474,0.0054397)
(0.00920689,0.00458407)
(0.0145467,-0.0153256)
(-0.00799896,-0.000383248)
(-0.00579214,-0.00732918)
(0.00471542,-0.0197424)
(-0.0304166,0.00151888)
(0.0170975,-0.00503405)
(-0.00275948,0.000174266)
(0.00711574,-0.00292703)
(0.00617482,0.00936831)
(0.000661134,-0.0121475)
(0.0183892,-0.0088899)
(-0.00737976,0.00991589)
(0.0155385,-0.00375413)
(0.00676874,-0.0032619)
(0.0279726,-0.00287642)
(0.00237078,-0.0147779)
(-0.000245213,0.00203669)
(0.00850225,-0.0214806)
(-0.00969171,-0.00671425)
(0.0104778,-0.00401501)
(0.0184054,-0.00599965)
(-0.00651358,-0.00527049)
(0.00382022,-0.00293715)
(0.00545488,-0.0178843)
(-0.0250105,-0.0145484)
(-0.00342246,-0.0287734)
(-0.00304074,-0.0174894)
(0.00788219,-0.0164879)
(0.0168098,-0.00879366)
(-0.00553274,-0.00271064)
(0.014,-0.0183742)
(-0.0215731,0.00583029)
(0.0209952,-0.00708433)
(0.00415954,-0.00700674)
(0.0387657,0.00642616)
(0.0131591,-0.0153336)
(0.0450267,-0.0102509)
(0.000855107,-0.0177604)
(-0.00240971,-0.00807821)
(-0.000630369,-0.0163058)
(0.0208963,-0.00365599)
(-0.013596,0.0113549)
(0.00947409,0.0102913)
(-0.0165032,-0.0206095)
(-0.0233511,-0.00307072)
(-0.0045785,-0.023173)
(-0.00583823,-0.0121415)
(0.00226411,0.00388051)
(0.00980153,-0.00294159)
(0.00112648,0.0101199)
(-0.00377799,-0.00931024)
(-0.00559681,0.00409596)
(0.00179524,-0.00962407)
(0.00817726,0.000613388)
(0.0223199,-0.00782713)
(0.0144428,-0.000435366)
(0.0293549,-0.00221683)
(0.000482852,-0.00246081)
(0.00405151,-0.0109865)
(-0.00518302,-0.0105267)
(0.023948,0.00286368)
(-0.00443982,-0.00840495)
(0.0172409,0.00677286)
(-0.0101795,-0.00767611)
(0.0133829,-0.00583412)
(-0.00249246,-0.0215368)
(0.0256689,-0.0130794)
(0.0304754,-0.000581305)
(0.0102726,-0.00300502)
(0.0166594,0.00768774)
(0.000302375,-0.0191172)
(0.0319808,-0.00656148)
(-0.00269976,-0.0092423)
(0.0193889,-0.00981226)
(0.0199421,-0.0123433)
(-0.00676186,0.0138307)
(0.0267539,-0.00944722)
(0.01093,0.00294303)
(-0.0068675,-0.0174996)
(0.00115875,0.000489134)
(0.00318958,-0.00583446)
(0.0102594,-0.00175306)
(0.0100259,-0.0118359)
(0.00451991,-0.0184993)
(0.00578934,-0.0114521)
(0.00739543,-0.0084056)
(0.00942223,-0.00085822)
(0.0153832,0.0220886)
(-0.00676487,0.0146211)
(0.00124753,0.00736368)
(-0.0109616,0.00142645)
(0.0164321,0.00391241)
(0.00703593,-0.00244028)
(0.00113575,-0.00657189)
(0.0235192,0.000563898)
(-0.00475473,0.016058)
(0.0138975,-0.00880096)
(-0.00276116,0.0179515)
(-0.00254608,-0.0144788)
(0.00162098,0.00281182)
(0.00289805,-0.00953566)
(0.00725991,-0.00143548)
(-0.00680725,-0.0175208)
(0.007469,-0.000940545)
(-0.0304403,-0.00248392)
(0.00204192,-0.0256906)
(-0.0250891,-0.00112873)
(0.000639408,0.00145511)
(-0.0198265,0.00647201)
(-0.021433,0.00818931)
(-0.0134449,-0.00461435)
(-0.0144259,0.00889554)
(0.0131537,-0.00217742)
(-0.01001,0.00329955)
(0.0124949,0.00787515)
(-0.0042505,0.0104138)
(0.011775,0.00742927)
(0.00986045,0.00795651)
(0.00608592,-0.00484678)
(-0.00648991,0.00311566)
(1.79314e-05,0.000546982)
(0.0126741,0.0079974)
(-0.00803705,-0.00554348)
(0.00421353,0.0111994)
(-0.0192626,-0.00574593)
(0.0077164,-0.0158358)
(-0.0164152,-0.00526986)
(-0.00690775,-0.0176001)
(-0.00787781,-0.0103503)
(-0.0216385,-0.00230539)
(-0.00814045,-0.00753129)
(-0.00618783,-0.00288764)
(0.0170064,-0.0136637)
(-0.00569965,-0.00287432)
(0.00457306,0.00766303)
(0.00888001,-0.00577299)
(0.0167514,-0.0011791)
(0.0027423,0.00321966)
(0.0050888,0.00834372)
(0.000616673,-0.00959036)
(0.0060786,0.000252581)
(0.000671539,0.00882661)
(0.00790985,-0.000395157)
(0.0111868,0.0119455)
(-0.018993,-0.00238223)
(-0.00319017,-0.00586905)
(-0.00189702,-0.0133366)
(-0.00374009,-0.00756344)
(-0.0155869,-0.0124198)
(-0.00884637,0.00330643)
(-0.00326441,-0.00613515)
(0.0123994,0.00743108)
(0.00633444,-0.00640242)
(0.00202417,0.0011597)
(0.0223107,-0.00878206)
(0.00839329,0.00395117)
(-0.00324859,0.00744246)
(0.0088565,-0.0101374)
(0.00535881,0.00719772)
(0.000564377,-0.00357317)
(-0.00428956,-0.00303728)
(0.00733999,-0.00875682)
(-0.00431551,0.00209654)
(0.00877035,0.000341265)
(-0.00497782,0.00554399)
(0.013662,0.00925036)
(-0.0124539,0.010645)
(0.00212792,0.020107)
(-0.0197221,0.00256948)
(-0.0122001,0.0121673)
(-0.00306345,-0.005225)
(-0.0194474,0.00720721)
(-0.00320945,-0.00373184)
(-0.0140103,0.00211678)
(-0.00407154,-0.00163285)
(-0.0232614,0.00267405)
(-0.000243766,-0.00070155)
(0.00550895,0.00510094)
(0.0146288,-0.00900378)
(-0.00732885,-0.00141641)
(-0.00212971,-0.00728406)
(-0.000589216,-0.00700315)
(-0.00688182,-0.0062565)
(0.0152245,-0.0126001)
(-0.0131651,0.00289056)
(-0.00141842,0.0125652)
(-0.0250356,0.0174587)
(-0.0041718,0.0155076)
(-0.0158785,0.0055013)
(-0.0218379,0.00567835)
(-0.00335499,0.000473609)
(-0.0229084,0.00544652)
(-0.00752566,-0.0194184)
(-0.00561987,0.00382856)
(-0.00736327,0.00118465)
(-0.0081,-0.00552881)
(-0.00794918,0.00411035)
(0.00320008,-0.00739362)
(0.0018433,0.000576507)
(0.012291,0.00229424)
(0.00869318,-0.0152544)
(-0.0128597,-0.00469809)
(0.000917612,-0.0125586)
(-0.0105152,-0.0119777)
(-0.0259164,0.0017503)
(-0.00126171,0.00680148)
(-0.0209645,0.00993024)
(-0.00458244,0.007966)
(0.00426657,0.0123773)
(-0.0170713,0.00546804)
(-0.00107745,0.000671618)
(-0.011025,0.00176109)
(-0.000696354,0.000254838)
(0.0020828,0.00121819)
(-0.00264329,0.005126)
(-0.00083103,-0.00733194)
(0.00800383,0.00347159)
(0.0100099,-0.0165198)
(-0.00223069,0.000280895)
(0.0118846,-0.0161662)
(0.00614654,-0.0103828)
(-0.0198003,-0.000693084)
(-0.0106994,-0.0120528)
(-0.0165394,-0.0126303)
(-0.0244187,-0.00725797)
(-0.00940925,-0.00858788)
(-0.0145134,-0.00233904)
(0.00461091,-0.00839928)
(0.00242417,-0.00197072)
(-0.00462713,-0.0029413)
(0.00296744,-0.00203436)
(-0.00555883,-0.00197645)
(-0.00238267,0.00615501)
(-0.001593,-0.000949446)
(0.0191811,0.00497565)
(0.00314379,-0.0149663)
(0.00480714,0.00267624)
(0.00432899,-0.0158441)
(-0.00105593,-0.00625754)
(0.00636079,-0.0100453)
(0.00583771,-0.00398412)
(-0.013718,-0.0026783)
(-0.00105705,0.00184527)
(-0.0264356,0.00258942)
(-0.0307309,-0.00350374)
(-0.0200562,-0.0116408)
(-0.0231237,-0.0047023)
(0.00413319,-0.00239006)
(-0.0119154,-0.00258594)
(0.00351864,-0.00662492)
(-0.00518623,0.00132121)
(-0.0015673,-0.0079398)
(-0.0147426,0.00382029)
(-0.00725584,-0.00480009)
(0.0014761,0.00416333)
(-0.0160155,-0.000974877)
(0.00175379,0.00457235)
(-0.00376486,-0.000969468)
(-0.0166406,-0.0034955)
(-0.00347108,-0.00878268)
(0.00726165,-0.00472549)
(-0.0024049,0.00752174)
(0.0170733,0.000263757)
(-0.0086401,-0.00933724)
(-0.00032422,0.00240946)
(0.00185666,-0.0153075)
(-0.00313558,-0.00896399)
(0.0165525,-0.0047298)
(-0.00563134,-0.0069421)
(0.0239479,-0.00146749)
(-0.011263,-0.00424574)
(0.0113743,-0.0115258)
(-0.00440193,0.00414064)
(0.00168064,-0.0112289)
(0.0107146,-0.000861101)
(-0.0099401,-0.00765232)
(-0.000972412,0.00276053)
(-0.00663302,-0.0120263)
(-0.0205019,-0.00671669)
(-0.00785213,-0.0124781)
(0.000415005,-0.00565844)
(0.0111827,-0.00450908)
(0.00588261,-0.00828962)
(0.00399831,0.00196555)
(-0.000843683,-0.00195809)
(0.00843809,-0.015583)
(-0.00981555,-0.000518226)
(0.0130256,-0.000404866)
(-0.00483613,0.00111877)
(0.00711041,0.00216222)
(-0.0132714,-0.00285801)
(0.00322469,-0.00854877)
(-0.00250361,0.00853168)
(0.00688371,-0.0241583)
(0.00788455,-0.004243)
(-0.0103629,-0.00618266)
(-0.00349723,0.0052037)
(-0.000899916,-0.0108918)
(-0.0114997,-0.011501)
(-0.0184028,-0.00136434)
(-0.00578983,-0.00346724)
(0.0136078,0.00284828)
(-0.00275879,-0.0115189)
(0.00681665,0.000567309)
(-0.0124905,-0.00188335)
(0.00247456,-0.0138103)
(-0.0235991,0.000664144)
(-0.00458395,-0.0144328)
(-0.0130761,-0.00492772)
(-0.0126144,-0.000368551)
(-0.00638323,-0.00203819)
(-0.0183402,0.0039911)
(0.00246744,-0.00584929)
(-0.0124593,-0.00216767)
(0.00699053,0.0197569)
(0.00171329,-0.0080996)
(0.00413344,0.0015409)
(0.00259902,-0.00736747)
(-0.0101886,0.00139882)
(-0.00588724,-0.00182806)
(0.000934966,-0.00619839)
(0.00819212,0.00386207)
(-0.0122236,-0.00535343)
(0.00287868,0.0148633)
(-0.0147811,-0.00813906)
(0.00307599,-0.00318933)
(-0.00475918,-0.0142724)
(-0.00145411,-0.00880124)
(0.00304291,-0.00256978)
(-0.0192774,0.00389838)
(0.00708021,-0.00881845)
(0.000216159,0.000206659)
(0.00970636,-0.00891158)
(-0.00264979,0.0100276)
(0.0211655,-0.00750777)
(0.00726303,0.0118218)
(0.000625947,0.00467458)
(0.011127,-0.0101494)
(-0.00401955,0.0038405)
(-0.000927923,-0.00225062)
(0.00368554,-0.0137598)
(-0.00654493,0.0018801)
(-0.00880006,-0.00358247)
(-0.00284752,0.0153635)
(-0.0141895,0.00243418)
(-0.00532872,0.00151601)
(-0.00894912,-0.00998595)
(0.00216024,0.00200931)
(-0.000399113,-0.00405754)
(0.000624932,0.00188413)
(-0.000288895,0.00915476)
(0.00658675,0.00848442)
(0.0146719,-0.00952572)
(0.00803187,0.00920455)
(0.0142466,-0.00138436)
(0.0114491,0.00227778)
(0.00450729,0.00148042)
(0.00350925,0.00163295)
(0.00478857,0.0167126)
(0.00575187,-0.00913038)
