(0.00967291,-0.00444761)
(0.00178804,0.0153387)
(0.00692693,0.00537291)
(0.00112059,0.00376743)
(-0.0031136,0.0175856)
(0.0105995,0.024208)
(-0.00427486,0.0224947)
(0.00756399,0.0330297)
(0.00227724,0.0202117)
(0.00647587,0.0325511)
(-0.00108386,0.00419357)
(-0.00244268,0.00952242)
(-0.000931252,-0.000200751)
(0.00618018,0.0108024)
(-0.00270958,-0.00667341)
(-0.00686439,0.00633274)
(-0.0147116,0.00537797)
(-0.0116878,0.0117309)
(-0.00249278,0.0149415)
(-0.00469473,-0.00327402)
(0.00505163,0.00812752)
(-0.00761698,-0.000736527)
(-0.0129281,0.0108568)
(0.0055937,0.00112595)
(-0.010252,0.0178439)
(0.00603448,0.0253311)
(-0.00424701,0.0129393)
(0.00523031,0.0328236)
(-0.00331961,0.005939)
(0.000642684,0.0111552)
(-0.00294533,0.00644574)
(-0.0175025,-0.00529888)
(-0.00203717,0.00598866)
(-0.00908312,-0.000835814)
(0.000699295,0.000351038)
(0.0067628,0.00779744)
(-0.0117456,0.028157)
(0.00942521,0.0138999)
(-0.00224753,0.0172499)
(0.0104984,0.0161618)
(-0.0168527,0.0115959)
(0.000769009,-0.00785959)
(-0.00347686,0.00588279)
(-0.00265606,-0.00415916)
(-0.00155378,0.00531524)
(-0.00486115,0.0174611)
(0.0130032,0.00458946)
(-0.0123385,0.0110339)
(0.0134283,-0.0120741)
(-0.0136762,0.00069156)
(0.00537143,-0.00678335)
(-0.0106446,-0.0148041)
(0.0205316,0.00179995)
(-0.00600108,-0.0131222)
(0.0118154,0.0138949)
(-0.00109369,0.000446708)
(0.0114511,0.0154618)
(0.01907,0.00806072)
(0.0085075,0.00931952)
(0.0141408,0.00994481)
(-0.00711248,-0.00571029)
(0.0163888,-0.00245467)
(-0.00643833,-0.00110302)
(-0.00290138,0.00101127)
(0.000883829,0.00440241)
(-0.000394895,0.00187878)
(0.00932226,0.0144091)
(-0.0108005,0.00667344)
(-0.00129133,0.00205189)
(-0.0141395,-0.00302396)
(0.00448637,0.0082651)
(0.00331941,-0.0175674)
(0.00126556,-0.00458143)
(0.00303486,-0.0124084)
(0.00853382,-0.0098483)
(-0.000903771,0.00348145)
(0.0104408,0.00443167)
(0.0109181,0.00363568)
(0.00884896,0.00827195)
(0.0174229,0.00359428)
(0.00154851,-0.0138288)
(0.0179848,-0.00848166)
(0.005387,-0.00641953)
(0.0111934,-0.00454796)
(0.0111655,0.00175429)
(0.00560709,0.00683561)
(0.0144831,0.0192123)
(-0.00464401,-0.00481161)
(0.00011057,0.0105352)
(-0.0243245,-0.0157053)
(-0.0162327,0.00614795)
(0.000845462,-0.0141102)
(-0.0070467,0.00194647)
(0.0047289,-0.00568713)
(-0.00509545,-0.00454221)
(-0.0144507,-0.00888956)
(0.00166188,-0.00334352)
(0.0144316,-0.000995811)
(0.00840773,0.00881417)
(0.00541788,0.00282412)
(0.0165294,-0.00577843)
(-0.0053396,-0.00444543)
(0.0139278,-0.0132524)
(0.00783816,-0.00688224)
(0.0190312,-0.0013913)
(-0.00204499,-0.00336349)
(0.0169372,0.00944138)
(-0.0071485,-0.00196658)
(-0.00458444,0.0149281)
(-0.0109864,-0.0129622)
(-0.0226956,0.00957812)
(0.00330067,-0.0166334)
(0.000826769,0.010678)
(0.00179155,-0.0120901)
(0.00349264,0.00744031)
(-0.00490714,-0.00193542)
(-0.00728643,0.0112026)
(0.00621409,-0.0060643)
(0.00170887,0.00545427)
(0.0149809,0.0143717)
(0.00654335,-0.00335524)
(-0.0072983,-0.0179734)
(0.0030204,-0.0123839)
(-0.00554212,-0.0145369)
(0.00197923,-0.0157251)
(0.00152113,0.0101391)
(-0.00233524,-0.00296925)
(-0.0133067,-0.00987124)
(8.81959e-05,0.00251788)
(-0.010357,-0.00797384)
(0.00466558,0.0116869)
(0.00906961,-0.0124163)
(0.0181184,0.01713)
(-0.000899451,0.00485737)
(0.017049,0.0157749)
(-0.0111059,0.010661)
(0.00540146,0.0115811)
(0.0184435,0.0124199)
(-0.00725666,0.000950135)
(0.0259816,0.0154176)
(0.013421,0.00675968)
(-0.00566736,-0.0077138)
(-0.0170359,-0.00100228)
(0.00525603,-0.0123645)
(-0.0189078,-0.0172631)
(0.0106675,0.00558166)
(-0.00539351,-0.00219575)
(-0.00212045,-0.00432641)
(-0.00770335,0.00173142)
(-0.0130762,-0.0095737)
(0.000873491,-0.00298493)
(0.010002,0.00259583)
(0.0128839,-0.00610375)
(-7.49772e-05,-0.00590991)
(0.0190306,0.00637366)
(0.00489617,-0.00624341)
(0.00360274,0.0127261)
(0.0144505,0.00922613)
(0.00275519,0.00976777)
(0.0276025,0.0198181)
(0.00344554,0.0123926)
(-0.00836567,-0.00915863)
(-0.0039975,-0.00809611)
(0.00813401,-0.0045651)
(-0.00850785,-0.01353)
(0.000855347,0.00600951)
(-0.00907656,-0.0231783)
(-0.000216654,-0.00968995)
(0.00627904,-0.00728559)
(-0.0101809,-0.0108784)
(0.00644194,-0.0117334)
(0.0104982,-0.0169037)
(0.0137286,-0.0174175)
(0.00209732,6.03136e-05)
(0.00980234,-5.88896e-05)
(0.0142356,-0.00583645)
(0.0193692,0.000718681)
(0.0144926,0.00178379)
(0.00523021,0.00181286)
(0.00504124,0.0127184)
(-0.00137958,0.0138426)
(0.00825848,-0.0138065)
(-0.00479393,0.00751564)
(-0.00358196,-0.0125778)
(0.00158588,-0.00355256)
(-0.00356043,-0.000921951)
(0.0040771,0.00731088)
(-0.00512828,-0.00755524)
(0.00791051,-0.0156014)
(-0.00606998,-0.0125279)
(0.0109062,-0.00364992)
(-0.00333768,-0.00994272)
(0.0158437,-0.00242191)
(-0.00179913,-0.00106703)
(0.012993,0.00701097)
(-0.00226756,0.00489504)
(0.0101882,0.00542767)
(-0.00105382,-0.00678266)
(0.00395737,-0.00320358)
(0.00389188,-0.00728408)
(0.0111205,-0.00563768)
(-0.00996471,0.0172834)
(-0.00211099,0.00435752)
(-0.0174813,0.0126211)
(-0.001647,0.0159813)
(0.00764297,0.0285749)
(0.00497103,0.0267508)
(0.0082681,0.0236681)
(0.00625291,0.0275573)
(0.00834169,0.030685)
(-0.0051082,0.0044942)
(-0.00527058,0.0158083)
(-0.00845283,0.00118957)
(-0.0105873,0.0135625)
(-0.020459,0.00814944)
(-0.0201794,0.0167129)
(-0.0344969,0.0147506)
(-0.0141402,0.00233846)
(-0.00260808,0.0199307)
(-0.0122024,0.00238671)
(-0.00551447,0.00605077)
(-0.00289,0.0116368)
(-0.00995271,0.0202056)
(0.000422963,0.00521927)
(-0.010948,0.00611107)
(0.00834932,0.0150401)
(0.0141938,0.0319075)
(0.0098066,0.0082333)
(0.0151391,0.00899536)
(0.00912065,0.0164639)
(0.00930793,0.00550002)
(-0.0104056,0.0124005)
(-0.0035748,0.00458065)
(-0.0199307,0.00373713)
(-0.0187057,0.00536973)
(-0.00767619,-0.00131765)
(-0.0122283,0.00900474)
(0.00643758,0.0139091)
(-0.00323603,0.0109429)
(-0.00278713,0.0137938)
(0.0030791,0.00444165)
(0.00197752,-0.00454785)
(0.00191243,0.00335411)
(-0.00414004,-0.00746501)
(-0.00083568,-0.00176938)
(0.00865573,-0.0097778)
(0.0188133,-0.0116349)
(0.0102198,-0.00554843)
(0.00697398,-0.00610291)
(7.34169e-05,0.00155574)
(0.00935756,-0.00222593)
(-0.0059089,-0.00923657)
(0.0106627,0.00225744)
(-0.00508574,-0.00321512)
(0.00647323,0.00126717)
(-0.00729219,-0.00919937)
(0.0157428,0.0155306)
(0.00685031,-0.00135791)
(-0.00569913,0.00819685)
(0.0120863,0.0116978)
(-0.0150749,0.00525306)
(0.00912834,-0.00422923)
(-0.00121223,0.00680029)
(0.0108833,-0.0121354)
(0.00319106,0.000819911)
(0.0153597,-0.00446329)
(0.00889569,0.00814788)
(0.00913289,-0.00245094)
(0.00540412,0.00949815)
(-0.00628827,0.0108192)
(-0.00158914,-0.000745568)
(-0.000629689,-0.00859133)
(0.00099387,0.00749061)
(0.00492717,-0.0224271)
(0.0025431,-0.00235922)
(0.0108999,-0.00656866)
(-0.00166668,0.00313832)
(0.0221196,-0.00179021)
(0.00148743,0.00861971)
(0.0080775,-0.00304721)
(-0.00591959,-0.0157213)
(0.0163195,0.000582601)
(-0.0022481,-0.00530995)
(0.0098462,-0.0106395)
(0.00874777,0.00282095)
(0.0189161,-0.00226695)
(0.0102716,0.0114025)
(-0.0136431,0.018111)
(0.0160285,-7.25464e-05)
(-0.0389792,0.00239293)
(0.00574415,0.00557568)
(-0.0130449,-0.0121552)
(-0.00775572,-0.00243877)
(-0.0149839,-0.014391)
(-0.00336525,0.0138765)
(-0.00282663,0.000456363)
(-0.0113867,0.00205553)
(-0.00584886,0.00192822)
(-0.00310771,0.00850112)
(-0.00414152,0.00508357)
(-0.00291863,-0.0136225)
(0.0062582,-0.00669305)
(0.000785175,-0.00811367)
(-0.0100413,-0.00582936)
(0.0149659,-0.00324529)
(0.0129762,0.00451494)
(0.0273062,0.0226985)
(-0.0113527,0.00831711)
(0.0185146,-0.0114396)
(-0.0180961,0.0154759)
(0.0138948,-0.0015962)
(-0.00614579,-0.00526526)
(-0.00267043,0.0189234)
(-0.00518913,-0.00405532)
(0.0033172,0.0219342)
(-0.0309327,0.0158495)
(-0.00947902,0.0162344)
(-0.00558036,0.0264258)
(-0.0153098,-0.000110359)
(0.00391355,0.0037077)
(0.00296954,0.000878103)
(-0.0160071,-0.0137373)
(0.00828012,0.000127172)
(-0.0126943,-0.0200625)
(-0.00712409,-0.00765603)
(0.00612136,-0.000870489)
(-0.00238101,-0.0105072)
(-0.019154,-0.00383422)
(0.0223513,-0.0113818)
(-0.0181146,0.00761974)
(0.0198508,0.00625072)
(-0.000345376,0.00335347)
(0.0273804,0.0153787)
(-0.0182683,-0.000795821)
(0.0339896,0.0283302)
(-0.0283392,0.0106103)
(-0.00769657,0.0188751)
(-0.00209993,0.0116043)
(-0.0245311,-0.00111099)
(0.026325,0.0112198)
(-0.00385314,0.0116804)
(0.000683571,-0.00543189)
(-0.0280396,-0.00427935)
(-0.00215962,-0.0143788)
(-0.00365417,0.00193014)
(0.0111809,0.00629668)
(-0.023303,-0.000412918)
(-0.0124155,-0.00759152)
(-0.00481859,0.00614416)
(-0.0233289,-0.00330664)
(0.0213413,-0.00451925)
(-0.00599006,-0.00929358)
(0.0133669,0.0165847)
(-0.0132126,-0.00357031)
(0.0164529,0.0231276)
(-0.0152198,-0.00304881)
(-0.00607736,0.0159024)
(0.0087457,0.000964277)
(-0.0336701,0.0157593)
(0.0132432,0.0129665)
(-0.0118936,-0.00028754)
(-0.00878265,-0.0102439)
(-0.0222767,-0.00296389)
(-0.00734229,-0.0109089)
(-0.0152919,-0.0105052)
(-0.00471018,0.00341236)
(-0.0100949,-0.00303518)
(-0.00466056,0.00398788)
(-0.00836243,0.000805691)
(-0.0133697,-0.00207148)
(-0.00632936,-0.00329153)
(-0.00360114,0.012267)
(0.00504437,-0.00324307)
(-0.0109075,-0.00169692)
(0.0113536,0.00583171)
(-4.66054e-05,-0.00745936)
(-0.0102837,0.0241059)
(0.0124284,-0.0067659)
(-0.0134471,-0.000999459)
(0.0136136,0.00981144)
(-0.0134681,0.00301873)
(0.00392259,-0.0108858)
(-0.00404899,-0.00283227)
(-0.00543559,-0.00921336)
(0.00959787,0.00870713)
(-0.0117814,-0.00540902)
(0.00180815,0.0101897)
(-0.00184061,0.00270459)
(0.00774683,0.00608758)
(-0.0132985,-0.00267836)
(0.01787,-0.0116837)
(-0.022932,-0.00340797)
(0.0186346,-0.00216155)
(-0.00959922,-0.00041041)
(0.022157,0.0229026)
(0.00182904,-0.0188785)
(0.0268722,0.0201903)
(0.00725394,-0.01003)
(0.00362774,-0.000587903)
(-0.00654998,-0.00362003)
(-0.00192227,-0.0116201)
(-0.0154671,0.00978352)
(0.00488506,0.00361565)
(-0.01414,0.0163292)
(0.00443963,-0.00263534)
(0.00363396,0.0086376)
(0.00633535,0.00844845)
(0.00810832,-0.0105881)
(-0.00264331,0.0161703)
(-0.000724757,0.00661602)
(-0.00869948,0.00424351)
(-0.00497586,-0.00620358)
(-0.00939895,0.00277794)
(-0.0113031,-0.00917979)
(0.00187384,0.000719383)
(-0.0108111,-0.00423021)
(-0.0135623,0.0122209)
(-0.00440936,0.0116116)
(-0.0212926,0.0120545)
(-0.00237788,0.0171469)
(-0.00597228,-0.00399259)
(-0.00316985,0.00989912)
(-0.0114504,-0.0123712)
(-0.0107231,0.00230103)
(-0.011022,0.013309)
(0.00587724,-0.0195203)
(0.018418,0.0168149)
(-0.00113139,-0.0176967)
(0.00016586,0.0185673)
(-0.00155409,0.00844363)
(-0.00400094,-0.00565652)
(-0.0117871,0.00166686)
(-0.00186512,-0.00979118)
(-0.0200229,-0.011102)
(-0.0122104,-0.00249469)
(-0.013309,-0.000184483)
(-0.012513,0.00285244)
(-0.0104835,-0.00912142)
(-0.0181675,0.000687562)
(-0.00394254,0.0162858)
(0.00473225,-0.00999905)
(-0.00746598,0.00549421)
(0.00261479,-0.00182909)
(-0.00717374,0.00362932)
(0.010863,-0.00172809)
(0.0126653,-0.0186838)
(0.00939342,0.0113626)
(0.00247748,-0.00737002)
(0.00334675,0.00113386)
(0.00225804,0.00486957)
(0.01093,-0.00213421)
(-0.0026537,0.00456162)
(0.00326538,0.000375749)
(-0.0168373,-0.0106249)
(-0.0154129,-0.00346225)
(-0.0100429,-0.00353184)
(0.0001923,0.000410834)
(-0.00942028,0.00511511)
(-0.00540424,0.00507058)
(-0.0100233,3.7141e-05)
(-0.00469935,0.00580034)
(0.00255524,0.0133437)
(-0.000203949,-0.00980848)
(0.0076291,-0.0037265)
(-0.0199781,-0.00718159)
(0.0122252,-0.0164319)
(-0.0191519,0.016261)
(-0.0185555,0.0145126)
(-0.0152647,-0.000792719)
(-0.0140636,0.0089471)
(-0.0241726,-0.0110064)
(-0.00322601,0.0124309)
(-0.0146686,0.00614147)
(-0.0214608,-0.0190311)
(-0.0143778,0.00342565)
(-0.00801937,0.00382166)
(-0.0057887,0.0142422)
(-0.0058592,0.0149839)
(-0.00371123,0.0134995)
(0.0135367,0.0152962)
(-0.00201034,-0.0183169)
(0.00711594,0.0114676)
(-0.00360439,-0.0249478)
(-0.00249143,0.00358136)
(-0.00737516,0.00140435)
(0.00861252,0.000896358)
(0.0142275,0.0302986)
(0.00611193,0.0450793)
(0.0335346,-0.0147192)
(-0.0259533,0.0179828)
(0.0159534,-0.0224247)
(-0.0290722,0.0242404)
(-0.0357651,-0.0191676)
(-0.0178765,-0.024392)
(-0.0230959,-0.000924391)
(-0.033232,0.00229773)
(-0.0163254,0.00993855)
(-0.0111315,0.0195571)
(-0.00229858,0.000686492)
(-0.00471063,0.00588182)
(0.00104043,-0.0135669)
(0.00786739,0.00494099)
(0.00342305,-0.0105639)
(-0.00470018,-0.00375075)
(0.00941219,0.0233751)
(0.00928655,0.00351482)
(-0.0028782,0.0407535)
(0.00204187,0.0502706)
(-0.0034524,-0.007656)
(0.0165756,0.029797)
(0.0207473,-0.00021481)
(0.00909598,0.0351364)
(-0.0279028,0.000111195)
(-0.000859542,0.0227776)
(-0.0141127,0.015194)
(-0.0225505,0.0272827)
(-0.00178082,0.00354769)
(-0.00911067,0.0264566)
(0.00258384,-0.00429481)
(-0.00786973,0.0237065)
(0.0184035,-0.0153563)
(-0.00169525,-0.00116557)
(0.0105085,-0.0100826)
(-0.00460327,-0.0133317)
(-0.00023585,0.00519406)
(0.00805175,-0.00979424)
(-0.0053008,0.0174541)
(0.00692537,0.0265629)
(-0.00177844,-0.0432105)
(0.0329476,0.0213052)
(0.0328336,-0.0265043)
(0.0238826,0.0215767)
(-0.00327607,-0.00809168)
(0.0181265,0.0053587)
(0.00649194,0.00827377)
(-0.0163417,-0.0102366)
(0.0141622,0.0032443)
(-0.00329933,0.00713446)
(-0.00706823,-0.0185327)
(0.00294078,-0.00485038)
(-0.00476108,0.00588211)
(0.00407916,0.00159068)
(0.0118485,0.000688674)
(0.0181844,0.00321534)
(-0.00835633,0.00312728)
(0.0216642,-0.00562663)
(-0.0255792,0.000691691)
(-0.0133741,0.00320054)
(-0.00251645,-0.0345595)
(-0.00096789,0.00869182)
(0.0133484,-0.0173368)
(0.0074826,0.00212758)
(-0.00287899,-0.0110881)
(-0.00404006,-0.0210846)
(0.0128103,0.00854134)
(-0.0184409,-0.02607)
(-0.00955006,-0.0170719)
(-0.00306498,-0.0140488)
(-0.0254231,-0.0122695)
(0.00152581,0.000646129)
(0.01143,-0.00446711)
(-0.00218063,-0.000246513)
(0.00603059,-0.00877402)
(-0.0123001,0.00394313)
(0.0148192,-0.00418295)
(0.000915094,0.0195565)
(-0.0126528,-0.0165491)
(0.00242757,0.00384056)
(-0.0162645,-0.00544179)
(-0.0252406,0.00684667)
(0.00247863,0.00662774)
(-0.0234945,0.000641611)
(-0.010625,0.015658)
(-0.0100305,-0.0109903)
(0.0124314,0.00345442)
(-0.0131027,-0.0132676)
(-0.0023529,-0.00646977)
(-0.0116872,0.000246437)
(-0.0155654,-0.00530265)
(-0.0129781,-0.00493927)
(0.00155068,-0.0046337)
(-0.0092327,-0.00625319)
(0.00569116,5.26135e-05)
(-0.0134615,-0.0101615)
(0.023168,0.00289837)
(-0.00733524,0.00689916)
(0.0130051,0.00957826)
(-0.00403989,0.01714)
(0.00616108,0.0113974)
(-0.0184948,-0.00200539)
(0.00127458,0.0120495)
(-0.0208794,0.0124588)
(0.00835946,0.0186564)
(-0.0130886,-0.0166403)
(0.00758876,0.00814874)
(-0.000269181,-0.024166)
(0.0117225,0.000519826)
(0.0062977,-0.0245547)
(0.0168304,-0.0128541)
(-0.00518965,-0.00660274)
(0.00258865,0.00269765)
(-0.0164905,0.00149792)
(-0.00717315,-0.0116248)
(-0.00817638,0.00374648)
(-0.0126347,0.00376148)
(0.00185517,0.00411636)
(0.00125724,0.00723985)
(-0.00280471,-0.0158947)
(-0.019248,0.0180331)
(0.00144227,0.00105859)
(-0.00774024,-0.00318057)
(0.0104404,-0.000345314)
(0.00220296,-0.00569858)
(-0.0141859,-0.00484866)
(0.00700181,-0.00110077)
(-0.00436227,0.00329589)
(-0.0064237,0.0016164)
(-0.0108934,-0.00194724)
(-0.0173833,0.0020615)
(-0.00661439,0.0177955)
(-0.00400579,-0.00720768)
(-0.00549964,-0.00352414)
(-0.0120389,-0.00378996)
(-0.00216768,-0.0208406)
(-0.005704,0.0132375)
(0.00885444,-0.0215242)
(0.00338996,0.0229122)
(-0.0139795,-0.0305693)
(0.00505479,0.010627)
(0.0078867,0.00307418)
(-0.00998048,-0.00590526)
(0.0132274,0.00683969)
(0.0065502,-0.0328589)
(0.000660917,-0.0062699)
(0.010021,-0.00788629)
(-0.0102391,-0.00766738)
(-0.00104839,-0.0104026)
(-0.0106218,-0.00702325)
(-0.0279109,-0.00328339)
(-0.0154739,0.00456528)
(0.0112903,0.0144895)
(0.000302707,-0.0057818)
(0.0255663,-0.00224312)
(0.0107451,-0.0125918)
(0.00375808,0.00997813)
(0.00876555,-0.0256281)
(-0.000414203,0.00426733)
(-0.0128024,-0.0055682)
(-0.0240333,-0.00548748)
(0.00989701,-0.00982934)
(-0.0193199,-0.0418723)
(0.0437412,0.0246772)
(-0.0101915,-0.0265579)
(0.0161588,-0.00848994)
(-0.00546773,-0.014581)
(0.00418077,-0.0206849)
(-0.00739996,-0.00080002)
(1.9193e-07,-0.00455439)
(-0.0142018,0.00108468)
(-0.00636662,0.010634)
(0.00749979,0.00698911)
(0.01498,0.0129094)
(-0.000397127,-0.0145981)
(0.00733159,-0.00705009)
(-0.0127674,0.0120625)
(-0.00048518,0.00110835)
(-0.00807026,0.0154164)
(0.00148823,0.026947)
(-0.0397997,0.00399325)
(0.00991414,-0.0159159)
(-0.028095,-0.0265028)
(0.0279622,0.0342406)
(-0.0613596,-0.0360102)
(0.0277271,-0.0320163)
(-0.0213711,-0.00438115)
(0.0134628,-0.000240753)
(-0.00164185,0.0117247)
(0.0139294,0.00537952)
(-0.000788533,0.0108049)
(0.0108802,-0.000630021)
(-0.00792694,-0.00309866)
(0.00416563,0.00468056)
(0.00027165,-0.0120762)
(0.00103172,0.000170598)
(0.0120048,0.0333902)
(0.0250704,0.0301505)
(0.0330476,0.0648572)
(0.0278672,0.0590552)
(0.0560683,-0.0074523)
(-0.0350149,-0.0176379)
(-0.0261837,-0.00813202)
(0.0400588,-0.00415451)
(-0.0279093,0.00503685)
(0.00959685,-0.00291886)
(-0.0416795,0.00495475)
(-0.0179925,-0.0117908)
(-0.0046138,0.00170923)
(0.00236002,0.0120933)
(0.0159254,0.00491104)
(0.00172447,-0.00171748)
(-0.00272928,-0.00832602)
(0.0088497,0.0158448)
(0.0183573,-0.00685334)
(-0.0125706,-0.00243021)
(0.0127567,0.0596536)
(0.0203758,0.0270667)
(-0.00718775,0.0621734)
(0.0169977,0.0374513)
(-0.0483932,-0.0352175)
(-0.00339883,-0.0619145)
(0.0406182,0.0358629)
(-0.0771445,-0.0150043)
(-0.0143165,-0.0124401)
(0.0382766,0.0316932)
(-0.0356471,0.0323785)
(-0.0048985,0.0176503)
(0.00993974,0.0206491)
(-0.00865084,0.010168)
(0.023178,-0.0122985)
(-0.00215621,-0.00131848)
(0.000937319,-0.0175664)
(0.00575509,0.0116576)
(0.0187315,-0.0200535)
(0.00454338,-0.0101591)
(0.00512594,0.0363746)
(0.00850634,-0.00240759)
(-0.0140147,0.0333979)
(0.0275602,0.0218227)
(-0.0297009,-0.0585697)
(0.0737306,0.00544569)
(0.0378046,-0.00884342)
(0.0281506,0.0210782)
(-0.0099808,-0.0312867)
(0.0416312,0.000199945)
(0.0118352,0.0152825)
(-0.00216367,-0.0232889)
(0.00652995,0.00559583)
(0.00151197,-0.0242091)
(0.0121702,0.00834389)
(0.00395834,-0.00976282)
(-0.0129522,-0.00736109)
(0.0107522,0.0162797)
(-0.00227386,-0.00900809)
(0.00728933,-0.000922024)
(0.0139293,0.00402403)
(0.00367256,0.00267813)
(0.00491046,0.000323256)
(0.0135224,0.0273557)
(0.0112445,-0.0550179)
(0.0378352,-0.00555921)
(0.0501574,-0.0418462)
(0.0206674,0.000848409)
(0.000265737,-0.0155248)
(0.0190546,-0.0328792)
(-0.002446,-0.0109281)
(-0.00177178,-0.0422819)
(0.0158424,0.00280985)
(-0.0131083,-0.0305953)
(-0.00811301,-0.00334441)
(-0.0104201,-0.0240584)
(-0.00549664,-0.00944145)
(-0.00457234,-0.000839525)
(0.013163,-0.00265986)
(-0.00612926,0.00386077)
(0.0286346,-0.00157996)
(0.00792301,-0.00565302)
(0.00366165,-0.0149935)
(0.00253743,0.0120959)
(0.0136594,-0.0131688)
(-0.00196253,0.0147746)
(0.0131502,-0.0054346)
(-0.00421382,0.00117192)
(-0.0117805,0.00413054)
(-0.0151931,-0.0229854)
(-0.00856599,0.0191573)
(-0.0149358,-0.0238413)
(-0.00575108,0.00879977)
(-0.0179223,-0.0157276)
(-0.00735562,-0.00754814)
(-0.0224044,-0.0037757)
(0.0119041,0.0001639)
(-0.00661871,-0.00463889)
(0.0181878,0.00197416)
(-0.00268989,-0.00248773)
(0.0309261,0.00362034)
(0.00221039,0.00416588)
(0.00824782,-0.00566939)
(0.00240521,0.00973971)
(0.00657806,0.00316689)
(-0.0195943,0.0111838)
(0.00141841,0.00580578)
(-0.0271955,-0.00016613)
(-0.00642626,0.0248755)
(-0.00783199,-0.0162684)
(-0.00743005,0.00522797)
(-0.0151712,-0.0191253)
(-5.44878e-05,-0.00747823)
(-0.0158926,-0.00694763)
(-0.000586433,-0.00854921)
(-0.0058995,-0.00907327)
(0.00933165,-0.0110483)
(-0.000407672,-0.00708415)
(-0.0114081,-0.0159445)
(0.0102377,-0.00892423)
(-0.00964761,-0.0029137)
(0.0110269,0.00941296)
(-0.00833081,0.00109399)
(-0.000231066,-0.0106607)
(-0.0167983,-0.00317818)
(0.00953634,-0.00899364)
(0.000414578,0.000718468)
(0.000584702,-0.00179795)
(0.019438,-0.00937393)
(0.00706946,0.00124066)
(0.0119011,-0.00515617)
(-0.00947371,0.00761088)
(-0.00801029,-0.00254967)
(-0.0130749,0.00568161)
(-0.0153003,0.00499291)
(-0.0151738,0.000234324)
(0.00347409,-0.00683112)
(0.00925243,-0.0100371)
(-0.00218962,-0.00699038)
(0.0158177,-0.00424452)
(-0.0168387,-0.00335185)
(0.00352817,-0.014672)
(-0.00355116,0.000207451)
(-0.0129405,-0.00438485)
(-0.0332041,-0.0120089)
(-0.00496722,-0.0033698)
(-0.0153409,-0.0266363)
(0.0272436,0.00818474)
(-0.00460007,-0.025031)
(0.00388746,0.00515871)
(0.0302716,-0.0168231)
(-0.00460357,-0.000919613)
(-0.00197084,-0.00405835)
(-0.0283029,-0.0133352)
(-0.0111288,-0.0110104)
(-0.0033132,0.00513897)
(0.0133362,0.0170478)
(0.00115365,0.00279771)
(0.00356989,0.00699806)
(-4.09887e-05,-0.0307654)
(0.0128985,-0.00100365)
(-0.00689982,-0.00603759)
(0.00755684,-0.00496852)
(-0.0240454,-0.00927458)
(-0.0233755,-0.0128993)
(0.0241423,-0.0227273)
(-0.00806241,-0.0365789)
(0.0232139,0.0181331)
(-0.0443251,-0.0469627)
(0.0380535,-0.0103563)
(-0.00391847,-0.0374722)
(0.0114294,-0.0170932)
(-0.00542675,-0.0040155)
(-0.003177,-0.0189909)
(-0.00921187,-0.00203101)
(-0.0116766,-0.00817077)
(-0.00334174,0.00425137)
(0.0120016,0.0162714)
(-0.00382177,-0.00985128)
(0.000220325,0.00598965)
(-0.0161406,0.00514006)
(-0.00160267,0.0192227)
(-0.0160198,0.0229431)
(-0.0310134,0.00679811)
(-0.0229394,0.0251206)
(0.0315192,-0.0369483)
(0.111183,0.0259971)
(-0.0480773,0.0601545)
(-0.0274321,-0.0563306)
(0.0435383,-0.0559927)
(-0.0513616,-0.0371828)
(0.0315843,-0.00408)
(-0.00248621,-0.016283)
(0.0198072,0.00053154)
(0.00571389,0.00454641)
(0.00161397,-0.00719824)
(-0.0116805,-0.00472163)
(0.0118972,0.0182945)
(-0.0064676,-0.0117885)
(0.00469154,0.00472852)
(-0.0126154,0.0384928)
(0.0427902,0.0358224)
(0.0112206,-0.0417131)
(0.039098,0.0124923)
(-0.00354445,0.00167752)
(-0.00660655,0.00504871)
(-0.0220024,-0.0141181)
(0.0106414,0.00565066)
(0.0964071,0.0880602)
(-0.0314109,-0.0465407)
(-0.033606,-0.00137077)
(-0.0104537,0.00464379)
(-0.0111437,-0.00464445)
(0.00669244,0.0110004)
(0.0101456,0.00651101)
(0.012142,-0.00650073)
(-0.000295836,-0.00849593)
(0.00872345,0.0131759)
(0.00469752,-0.0101135)
(0.00184164,0.00203539)
(0.0269846,0.0450098)
(-0.00899665,0.00178411)
(-0.01807,-0.0713467)
(-0.0301554,-0.0599178)
(0.00891496,0.00491938)
(0.00483498,0.0189425)
(-0.00396423,4.5003e-05)
(0.00350168,-0.0136677)
(-0.0240191,-0.0551372)
(0.0440069,0.0692363)
(-0.0424728,0.00116816)
(-0.0125168,0.0223071)
(0.000528306,0.00897624)
(0.00152952,-0.0042639)
(0.0187223,0.00780263)
(0.00831104,-0.0111389)
(-0.00929787,-0.0224514)
(0.00815185,0.0153782)
(-0.00828035,-0.0232903)
(0.00445919,-0.017063)
(0.000585236,0.0140168)
(0.0130401,-0.0240315)
(-0.0269294,0.0250208)
(0.00539765,-0.0320529)
(0.00420665,0.0410539)
(-0.0189332,0.0211901)
(-0.0282586,0.0465947)
(-0.0299152,-0.00172938)
(-0.00425031,-0.0216896)
(-0.0141319,-0.0223799)
(0.00186163,0.00263488)
(-0.00865306,-0.0209495)
(0.0343851,0.00984823)
(0.0125305,-0.0162796)
(0.0176278,0.00773787)
(0.015868,-0.0194423)
(-0.0295937,-0.0117786)
(0.0109375,-0.00259322)
(-0.0171142,-0.0012366)
(-0.00023868,-0.00942251)
(-0.00159418,0.000288125)
(0.00243676,-0.0139971)
(-0.0097816,-0.0126646)
(0.00207967,-0.0117303)
(0.00645515,-0.0452372)
(0.0234584,-0.00245093)
(0.00137002,-0.0234028)
(-0.0135999,-0.029032)
(0.00431272,-0.0337918)
(-0.00288173,-0.0117081)
(-0.000768378,-0.0100677)
(0.00798014,-0.0241211)
(0.0245367,-0.00687214)
(0.0120909,-0.0213532)
(0.0116944,0.00538411)
(0.00227225,-0.0179944)
(-0.0210911,-0.000626895)
(0.00366662,0.00608997)
(0.00297614,0.0124836)
(-0.00199988,-0.0180521)
(0.0253171,0.00608452)
(0.00418514,-0.00111601)
(-0.00132065,0.00329946)
(0.00240109,0.00735436)
(0.00301654,-0.00458151)
(-0.00560662,0.00487411)
(0.0152681,-0.0237921)
(-0.016993,0.0109751)
(-0.0106622,0.000589617)
(0.00050268,-0.00742928)
(-0.0108158,-0.00244795)
(-0.00137821,-0.00608435)
(-0.00259605,0.010853)
(-0.00559103,-0.00159555)
(0.00484256,0.0131345)
(-0.0208044,-0.00581856)
(0.0037491,0.00483562)
(0.00465893,-0.00331705)
(0.0164112,0.00303673)
(0.00597592,-0.00491771)
(0.0323305,0.0111637)
(0.00880826,-0.00538538)
(0.0141622,0.00842193)
(0.000357828,0.0126006)
(0.0135613,0.000934137)
(-0.0145779,0.0103884)
(-0.0121297,-0.00289711)
(-0.0146606,0.0181144)
(-0.0143953,-0.00126609)
(0.00332993,-0.000197465)
(-0.0176749,0.00274343)
(-0.00645409,-0.001633)
(-0.00908359,-0.00649742)
(-0.00404433,0.00582198)
(0.0019877,-0.0111897)
(0.000431399,-0.00429905)
(0.00176172,-0.00419413)
(0.00396997,-0.00275677)
(-0.0122108,-0.000720424)
(0.00995042,0.0091317)
(-0.032418,-0.00185555)
(0.0189437,0.00207371)
(-0.015721,0.000185465)
(-0.00685771,-0.0133811)
(-0.00661733,0.00404541)
(-0.00877402,-0.0014409)
(0.00882911,0.000600503)
(-0.0069974,-0.00781228)
(0.00837643,0.011038)
(-0.0109633,1.64973e-06)
(0.0179982,0.0109585)
(-0.00836266,0.00180412)
(-0.00229085,0.0127473)
(-0.0120501,0.00283998)
(-0.00626521,0.0140153)
(-0.00762532,-0.00761364)
(-0.00275783,-0.00277424)
(0.00305258,0.0036752)
(-0.0149094,0.00297213)
(0.0134748,0.00242273)
(-0.0152642,-0.00724417)
(0.0173318,-0.00196461)
(-0.0024219,-0.0022856)
(-0.0046112,-0.00459853)
(-0.000705487,-0.0191973)
(0.00334932,-0.00379531)
(-0.0132368,-0.0149193)
(0.00832765,-0.000184678)
(0.012534,-0.00958222)
(0.0150807,-0.00798638)
(0.0175187,0.0014504)
(-0.00373564,-0.0032427)
(0.0221374,-0.000942417)
(-0.0205386,-0.0124989)
(-0.00363432,0.00883842)
(-0.0263417,-0.00383222)
(-0.00152891,0.0147443)
(-0.0116458,0.00560269)
(0.00350503,0.0136663)
(-0.00689549,-0.019265)
(0.00616354,0.00860686)
(-0.0184269,-0.00336391)
(0.0264051,-0.0249361)
(-0.0465281,-0.00897358)
(-0.00445247,-0.0337026)
(0.00783669,-0.0072131)
(-0.0263585,-0.0266785)
(0.0214968,-0.0230245)
(-0.02642,-0.058177)
(0.0270158,-0.0253815)
(-0.000194151,-0.0275746)
(0.00835997,-0.017818)
(0.016289,-0.00935811)
(-0.0108666,-0.0206358)
(0.0117285,-0.00164062)
(-0.0126925,-0.0178319)
(-0.0060216,-0.00481765)
(0.00456542,0.0080899)
(-0.0056581,-0.0223087)
(-0.0106625,0.00115595)
(0.00497499,-0.00755767)
(-0.0383279,0.0176309)
(-0.00163691,0.00149369)
(-0.0607948,-0.00562758)
(-0.00147636,-0.0495035)
(0.0366887,0.0427207)
(0.00163431,0.0852683)
(-0.0342112,-0.0185457)
(-0.089284,-0.0820999)
(0.0138686,-0.0202102)
(-0.049578,-0.0695846)
(0.0156306,-0.000882416)
(-0.00724847,-0.021803)
(0.0102925,-0.00952584)
(0.0262945,0.0057534)
(-0.00239981,-0.00162891)
(-0.015719,-0.00144691)
(0.016991,-0.000482993)
(0.00461825,-0.011244)
(-0.00202369,-0.00575505)
(0.00914507,0.0230221)
(0.00553524,0.0076342)
(-0.033694,-0.0215506)
(-0.011168,-0.0495766)
(0.00442633,-0.00646828)
(0.0146578,0.0109634)
(-0.000350668,-0.00264852)
(-0.006342,-0.0135076)
(0.0372622,0.0466028)
(-0.0133022,0.035374)
(-0.0540476,-0.0438198)
(-0.0155355,0.0384681)
(-0.00644346,-0.0146783)
(-0.00278976,0.0151328)
(0.00578421,0.00899933)
(-0.00174915,-0.00751341)
(-0.0164767,-0.009364)
(0.0091583,0.00961488)
(0.0243416,-0.0237863)
(0.00875271,-0.00325433)
(0.0525575,0.0315585)
(-0.00755803,0.0313961)
(0.0288386,0.00404053)
(-0.00652,0.0426726)
(-0.0102953,0.025757)
(0.00420119,-0.0259085)
(-0.0140379,-0.0116845)
(0.00283,0.0239061)
(0.0597117,0.031175)
(-0.0149116,-0.0749407)
(-0.0323372,0.005897)
(-0.0216795,0.000727847)
(0.00497619,0.0178338)
(-0.00226865,-0.0020978)
(0.0198326,0.00131168)
(0.0150847,-0.00848575)
(-0.0280401,-0.0130995)
(0.015068,0.0017319)
(0.0163853,-0.00982166)
(-0.00415427,-0.0173519)
(0.0148526,0.037334)
(0.0160545,-0.0162188)
(0.000665072,0.0454768)
(-0.0109091,-0.00667858)
(0.0465275,-0.070466)
(-0.0461531,0.0146289)
(-0.0159381,-0.020939)
(0.0551902,0.00330864)
(0.022775,0.0147648)
(0.00931044,-0.00263418)
(0.00400974,0.0168731)
(-0.0124031,0.0128306)
(0.037803,-0.00661881)
(0.0170773,0.00561736)
(0.0362528,-0.00583084)
(0.025301,-0.0112429)
(-0.0230448,-0.00516545)
(0.00763686,0.0142461)
(-0.0268131,-0.00975059)
(0.00871958,-0.0119107)
(0.0069971,0.0170019)
(-0.0171896,-0.0193309)
(-0.0196154,0.0406348)
(-0.0112947,-0.0196202)
(0.0190378,0.00487819)
(-0.00350516,-0.0086437)
(0.0338486,0.00963896)
(0.0129935,-0.0110867)
(0.0191045,0.0022116)
(-0.0184451,0.0175504)
(0.0115086,0.00313332)
(0.00579197,0.00981085)
(0.0366708,-0.00164963)
(0.0286101,-0.0152867)
(0.0216476,-0.00429755)
(0.0125331,-0.00214228)
(-0.0179538,0.0129237)
(0.0137611,-0.00665238)
(-0.0157965,0.0205656)
(0.00698815,-0.0167758)
(-0.0157271,0.0137777)
(0.000275999,-0.0172588)
(-0.000586701,0.00965897)
(-0.0129524,0.00803476)
(0.0218014,0.00847097)
(-0.0129591,0.0161284)
(0.0271567,-0.00640731)
(-0.0139146,0.0194937)
(0.00163771,0.00415368)
(0.000475369,0.0240496)
(-0.0124663,0.0130573)
(0.00874425,0.0188416)
(0.00348657,0.00763596)
(0.0137689,0.00597772)
(0.0199066,0.00604863)
(0.00101173,0.0116057)
(0.004615,0.00694739)
(-0.00258439,-0.0123029)
(-0.00209248,0.00966675)
(0.00723106,-0.0193846)
(0.00815738,0.0117157)
(0.00820927,0.00132297)
(0.00811047,0.0170889)
(-0.00161153,0.0110845)
(0.0247141,0.00306324)
(-0.00351183,0.0176214)
(0.00647538,-0.0160788)
(-0.00634773,0.0244516)
(-0.0143895,0.00493049)
(0.0112755,0.020863)
(-0.0175207,-0.00527883)
(0.016698,0.0193966)
(-0.00790656,-0.0107206)
(0.00546789,0.0136028)
(-0.00196009,-0.00894591)
(-0.00338665,0.00887581)
(-0.00291423,0.00445405)
(-0.00235325,-0.0026874)
(-0.0278622,-0.0151908)
(0.0103779,0.00803051)
(-0.0355713,-0.00995092)
(-0.00629207,0.0100146)
(-0.0164442,-0.00744414)
(0.00249697,-0.00926823)
(-0.0081015,0.00580681)
(0.0056364,-0.0171652)
(0.00650089,0.0191444)
(-0.00639792,-0.0129596)
(0.000276217,0.0139858)
(-0.00545058,-0.000784815)
(-0.00135181,0.00682106)
(0.0108319,0.0160179)
(-0.00456116,3.9552e-05)
(0.00257292,0.00880613)
(-0.00469283,0.0122277)
(0.0138042,0.00360665)
(-0.00403469,-0.000185146)
(0.00790321,0.0103397)
(-0.0382993,8.69412e-05)
(-0.000257103,0.0114169)
(-0.0241738,0.00207006)
(0.00517769,0.00498929)
(-0.00937141,-0.00844359)
(0.00353279,0.00951371)
(-0.0123163,-0.00607397)
(0.0212116,-0.0149463)
(-0.013391,0.00355808)
(0.009769,-0.00767952)
(0.00208523,0.0055754)
(0.0183861,-0.0102408)
(0.0237631,0.0144934)
(0.0182059,0.000196443)
(0.0253374,0.00163229)
(-0.00881405,-0.00833222)
(0.0128426,0.00673155)
(0.00426706,-0.00453772)
(-0.00971252,0.00866174)
(-0.00261128,0.0101259)
(-0.012784,0.0106277)
(-0.00937258,-0.00636535)
(-0.00997417,-0.00861503)
(-0.0161811,0.0121466)
(0.0202632,-0.00710171)
(-0.00336621,0.00946065)
(0.0172605,-0.00569167)
(0.0200955,-0.00934606)
(-0.0102656,-0.0286492)
(0.018372,0.00949674)
(-0.00966037,-0.0103336)
(0.0232229,-0.0126998)
(0.0219662,0.00858438)
(0.0112775,-0.0259718)
(0.0241611,-0.00456005)
(-0.0133165,-0.017834)
(0.0231269,0.00712709)
(-0.0131438,0.00176682)
(-0.0152424,-0.0114848)
(0.010315,-0.00313409)
(-0.00467373,-0.0136283)
(-0.0162628,-0.00396179)
(-0.0065114,0.0100974)
(-0.0190241,0.0034382)
(0.0189293,0.0220821)
(-0.0138927,-0.0031542)
(0.0136592,0.00698561)
(-0.0269332,-0.00753398)
(-0.0167467,0.00372116)
(0.0065751,0.00400562)
(-0.0496648,-0.0550006)
(0.00958028,0.0133953)
(-0.0202192,-0.026)
(-0.00757838,-0.016153)
(0.0363944,0.00829245)
(0.00365774,-0.00694713)
(0.0270847,0.0163452)
(-0.00489034,-0.00324647)
(-0.0256356,-0.00689788)
(0.021338,-0.00296164)
(8.24565e-05,-0.0090735)
(-0.00108945,-0.0173857)
(0.00692055,0.0123916)
(0.0133226,-0.0180078)
(-0.0230754,0.0365927)
(0.0240241,-0.0220156)
(0.0119061,0.0735404)
(-0.0946204,-0.0189373)
(-0.000642607,-0.048701)
(0.0686632,0.0207413)
(-0.0732045,-0.0339805)
(0.0393906,0.0541915)
(-0.0459944,-0.0162512)
(-0.00222598,0.0208159)
(0.00583016,0.000720503)
(-0.00227092,5.92328e-05)
(0.0242501,0.0163701)
(0.0172667,0.00637868)
(-0.00459327,0.00447512)
(0.00912889,-0.00151394)
(0.0178348,-0.0162317)
(-0.00434829,-0.020453)
(0.0140662,0.005338)
(0.0259557,-0.000146262)
(-0.0164075,-0.0264282)
(0.0320724,0.0333017)
(-0.00458925,-0.113691)
(0.00100456,0.0659835)
(0.0785574,0.045429)
(-0.0563863,-0.0757253)
(-0.0506965,0.0238046)
(0.00737714,-0.00203134)
(-0.0358865,0.0203271)
(-0.0102575,0.0048267)
(0.0115775,0.00251518)
(-0.00014672,0.00183729)
(0.0163773,-0.00214032)
(0.010999,0.0148387)
(-0.0215544,-0.0161682)
(-0.00912239,-0.00613857)
(-0.0020179,-0.000638574)
(-0.0039955,-0.0106974)
(0.00539053,0.0240824)
(-0.00524726,-0.0299949)
(-0.042459,0.0563688)
(0.0468607,-0.0212098)
(-0.0508582,0.00166302)
(0.0179046,-0.00504798)
(-0.0221437,0.0433116)
(0.00120665,-0.00834077)
(-0.0351732,0.0292962)
(-0.0139876,0.0170414)
(-0.00863299,-0.010985)
(-0.00749715,0.0259)
(0.0385297,-0.015865)
(0.0231631,0.0181905)
(0.0335051,-0.0239643)
(0.0143593,0.0185187)
(-0.00893328,0.00483704)
(0.0017377,0.00300091)
(-0.0216031,-0.00218593)
(-0.0031028,-0.000516148)
(-0.0217032,-0.0038555)
(-0.0161297,-0.0108223)
(-0.0302813,0.0357804)
(0.00335341,-0.018182)
(-0.0223432,0.00754585)
(0.00433522,0.00149226)
(0.002063,-0.00101661)
(-0.00522129,0.00960015)
(-0.00971831,-0.0136181)
(-0.0207468,0.0346163)
(-0.00956442,-0.00135595)
(0.00755363,0.0136772)
(0.0202207,-0.00684908)
(0.0029721,-0.00547908)
(0.0415547,-0.017919)
(-0.00883134,-0.00204012)
(-0.0215643,0.00330864)
(-0.000128591,0.0193363)
(-0.00879185,0.0122403)
(0.0104252,-0.00684678)
(-0.0268702,-0.00916609)
(-7.51601e-06,-0.0144473)
(-0.021931,0.00464184)
(-0.00559213,-0.0172184)
(0.00576147,-0.00588987)
(0.0109515,0.00923057)
(0.0124029,-0.023849)
(-0.0107991,0.0180668)
(0.00212185,0.000523914)
(0.00320467,0.0366093)
(-0.0127726,0.0242441)
(0.00698679,0.0272269)
(-0.00113873,0.00919218)
(-0.00523758,0.00449051)
(0.00607356,0.00196729)
(-0.00322581,0.00864337)
(-0.00401962,0.00505199)
(-0.010733,-0.0129952)
(-0.00485648,0.00421516)
(0.00482096,-0.00800401)
(-0.016028,0.0135703)
(0.000585714,-0.0127774)
(-0.000559775,0.00947632)
(0.00553624,0.00309671)
(0.0163745,-0.00920092)
(0.00898374,0.0172193)
(0.00251782,-0.0178399)
(0.0102321,0.03396)
(-0.000472715,-0.00189416)
(0.0210879,0.0373555)
(-0.00934392,0.00759199)
(0.0173096,0.0309821)
(-0.00846337,0.00233083)
(0.00389055,0.0246216)
(0.000185466,0.00340352)
(0.000513321,-0.00684908)
(0.00037777,-0.00979613)
(-0.0132005,-0.0055996)
(-0.011783,-0.021416)
(0.00143875,0.00447521)
(-0.0120432,-0.0235643)
(0.00155182,0.00028622)
(0.00205037,-0.0149257)
(-0.0163571,-0.00502504)
(0.00297178,-0.00542889)
(-0.000399548,0.00438403)
(0.017001,0.00804598)
(-0.0108323,-0.0032254)
(-0.00579063,0.00819754)
(-0.0220338,0.0169212)
(-0.0176768,-0.00381496)
(-0.0120106,0.013975)
(-0.0151247,-0.000854549)
(0.00521819,0.00859365)
(0.0131132,0.00542266)
(0.0015624,0.000205483)
(-0.0108238,-0.00636477)
(0.00901186,-0.00448224)
(-0.00121989,-0.0163809)
(0.0203775,-0.00251286)
(-0.00180009,-0.0117594)
(0.00465951,0.00970462)
(0.0107453,-0.0160144)
(0.00215408,0.00121124)
(0.00515474,0.00188089)
(0.00172014,0.0150877)
(-0.00202196,0.011454)
(0.00244976,-0.00453117)
(0.0143742,0.0133842)
(-0.0101926,0.00579964)
(0.00943215,0.00939057)
(-4.27194e-05,0.0188202)
(0.0136556,-0.00122441)
(0.00444482,0.00211858)
(0.00883608,0.00653056)
(-0.0211298,0.00188717)
(-0.0150271,0.00675839)
(0.021821,0.00434642)
(-0.00653893,0.0117853)
(0.0083871,0.0123786)
(-0.00280167,-0.00588817)
(-0.00721635,0.0206795)
(0.00033193,-0.0174651)
(-0.00329155,0.0359282)
(0.0106221,-0.00649172)
(0.0111695,0.0173239)
(-0.0132436,0.00117834)
(0.00182114,0.0218082)
(-0.00551806,0.016761)
(0.0082536,0.00833921)
(0.00937578,0.0211482)
(-0.0108932,-0.00753525)
(0.0138112,0.0162613)
(-0.0084679,0.00151086)
(-0.000143813,0.00853273)
(-0.0193939,-0.0050182)
(-0.00470887,0.00920062)
(0.0148028,-0.00319041)
(-0.0058554,-0.00800454)
(-0.00955949,0.00365638)
(-0.00662394,-0.010575)
(-0.0141265,0.0167583)
(0.0117691,0.0102437)
(0.0107909,-0.00108718)
(0.0284994,0.0185741)
(0.0137644,-0.000355128)
(0.0155284,-0.00323227)
(-0.00391697,0.0245601)
(-0.0195547,-5.42154e-05)
(-0.0103092,0.0119674)
(0.00875601,0.0176922)
(-0.00021522,-0.013219)
(0.00500594,0.0232783)
(0.00316231,-0.026234)
(0.0179665,0.0158177)
(-0.00279977,0.00447999)
(-0.0104222,-0.000607889)
(0.0172304,-0.00982715)
(-0.00307374,-0.00893831)
(-0.00484751,-0.0146462)
(0.00471587,0.012487)
(-0.009083,-0.0194208)
(0.00814682,0.0300732)
(0.0339445,-0.0233716)
(0.00920455,0.028)
(0.0149996,-0.0166765)
(0.00819639,0.0171986)
(0.0157285,0.0175965)
(-0.048248,0.00818707)
(0.0158101,0.0304473)
(-0.014109,-0.0013237)
(-0.0181325,-0.0101465)
(0.0106363,0.00844925)
(0.000527287,-0.014755)
(-0.0011769,0.00458191)
(0.0214882,0.00425253)
(-0.00452374,0.0039661)
(-0.0133409,-0.0121002)
(0.0136423,-0.0123713)
(-0.020125,-0.00879774)
(0.016829,-0.00262692)
(-0.00603004,-0.0147163)
(0.000188833,0.00390196)
(0.0377419,-0.0102193)
(-0.0140885,-0.0125168)
(0.0375277,-0.00574735)
(-0.00401127,0.0254398)
(0.014732,-0.010784)
(-0.0578516,0.0275837)
(-0.00424743,0.0116945)
(-0.0162071,0.00874434)
(0.00088338,-0.00956974)
(-0.00254683,-0.00356205)
(0.00497258,-0.00417381)
(0.00223527,-0.0137143)
(-0.0018895,0.0107155)
(-0.0277816,0.00455364)
(-0.00719613,0.00239512)
(-0.00140588,-0.0043146)
(-0.0242789,-0.00481888)
(0.0198353,0.00329263)
(-0.0192633,-0.0152376)
(-0.00751539,0.0422372)
(0.00825697,-0.0424582)
(-0.0351227,0.0172355)
(0.032947,-0.0100551)
(-0.0231637,0.0235176)
(0.0105582,-0.0211258)
(-0.0298733,-0.00152741)
(0.00751307,0.0236978)
(-0.0038483,-0.0187659)
(0.00537132,0.0136886)
(0.0213776,-0.0280036)
(0.00476021,0.0126378)
(0.0148311,-0.0210583)
(-0.00108856,0.0131546)
(-0.014202,0.00850562)
(-0.00316782,0.0129336)
(-0.0145361,0.0187884)
(-0.00723201,0.0089524)
(0.00431579,-0.0114264)
(-0.0233534,-0.00218802)
(-0.000980296,0.0164642)
(-0.000972403,-0.0040423)
(-0.011476,0.00135641)
(0.000697777,-0.0119932)
(-0.00470665,-0.0114656)
(-0.0121053,-0.00378837)
(-0.0215653,-0.0266193)
(0.00309076,0.0133235)
(0.0110859,-0.00339302)
(-0.00661986,-0.00980164)
(0.0332727,-0.0128192)
(-0.0145236,-0.0170972)
(0.0213878,-0.0222547)
(-0.0171728,-0.00915655)
(-0.012634,-0.00607192)
(-0.00201177,0.0104673)
(-0.0139785,0.00654917)
(0.0101269,0.0195087)
(-0.0113091,-0.00439385)
(-0.0155618,0.00645086)
(-0.0134763,-0.00901431)
(0.00846074,0.000768871)
(0.00564428,-0.00537143)
(-0.00258662,0.00689658)
(0.000550993,-0.024098)
(-0.00421352,0.014043)
(-0.00306217,0.00318786)
(-0.0084661,-0.00542106)
(0.0150071,0.0222971)
(0.00375762,0.0055359)
(0.0154205,0.0121812)
(-0.0064679,-0.0115538)
(0.0211542,-0.00399494)
(0.000845291,-0.0145089)
(-0.00317446,-0.0159288)
(-0.00474598,-0.0103894)
(-0.00872857,0.000571647)
(0.00125673,-0.010095)
(-0.0164476,0.00804663)
(0.0146998,0.00958163)
(-0.0238793,-0.00403748)
(0.00466774,0.000521482)
(0.0149087,-0.0087628)
(0.0164019,0.0185034)
(0.00573632,-0.00778169)
(0.00542305,0.0305859)
(0.0145378,9.45097e-05)
(0.0117417,0.0180307)
(0.0106129,0.00359479)
(0.016569,0.0161793)
(0.00612042,-0.00323682)
(0.0109271,-0.00340958)
(0.0025679,-0.00608338)
(0.00724978,-0.0221694)
(0.0150655,-0.00664652)
(-0.0060845,-0.0015284)
(-0.0109822,-0.0172901)
(-0.0028975,-0.00568588)
(-0.00886959,-0.0253718)
(-0.00678233,-0.00259547)
(-2.40785e-05,-0.0244698)
(-0.0256059,-0.00758656)
(0.00895065,-0.0159113)
(0.004007,-0.00948376)
(0.00781453,-0.0179403)
(-0.00576793,-0.0232507)
(-0.00474393,-0.00934716)
(-0.00613324,0.00654447)
(-0.0156868,-0.00583346)
(0.0118539,0.0153785)
(-0.00116382,-0.0184956)
(0.0119239,-0.00467036)
(0.00960423,-0.00845198)
(0.00589414,-0.00906508)
(0.0116168,-0.0162962)
(-0.00196148,-0.0077941)
(0.0064057,-0.0200672)
(0.0141197,-0.00523948)
(9.2296e-05,-0.0240408)
(0.00974923,-0.00407914)
(0.00617208,-0.0367848)
(-0.0152406,-0.0208528)
(-0.00476527,-0.013152)
(-0.00679759,-0.0101003)
(0.0165437,-0.00325831)
(-0.00563664,-0.0167776)
(0.0116105,-0.00827468)
(-0.000843113,0.00522015)
(0.00081537,-0.00138637)
(-0.00120596,0.0184752)
(0.0172311,0.00638536)
(-0.00395006,0.00184978)
(0.025526,-0.00305851)
(-0.0140462,-0.00560718)
(0.000641063,0.00839235)
(0.015477,0.00291872)
(-0.00253494,0.0100527)
(0.0185606,0.0158673)
(0.00330818,-0.0030845)
(0.00520232,0.000371974)
(-0.00488971,-0.0236256)
(-0.00754368,0.0136701)
(-0.012124,-0.00511921)
(-0.00485442,0.00777788)
(-0.0161966,0.0168269)
(-0.0097202,0.00313283)
(0.00630261,0.0102003)
(-0.0088097,0.0192214)
(0.00439691,0.00850322)
(-0.0142734,0.0236536)
(0.00111789,0.00757324)
(-0.0268013,0.00676283)
(0.00282266,0.00348105)
(-0.0215393,0.0130106)
(0.0041567,0.00345283)
(0.00476553,-0.0143299)
(0.00778622,0.0108184)
(-0.00461965,0.00747528)
(0.00755598,-0.00549954)
(-0.0143939,0.0176773)
(0.012548,-0.0258975)
(0.000948297,0.0196888)
(0.0145996,0.015316)
(-0.00370211,0.0107065)
(0.00819735,0.00884288)
(-0.0148913,0.0209222)
(0.00890579,0.0167302)
(-0.00605758,0.0126795)
(0.00803969,0.0114674)
(-0.00998897,0.00575823)
(0.00899798,0.0177974)
(-0.00837902,-0.00297353)
(0.00719538,0.00903893)
(-0.0099551,-0.00218189)
(-0.00027715,0.00346359)
(-0.0033431,-0.0203073)
(-0.00449214,-0.00187507)
(-0.0153538,0.00527037)
(-0.002884,-0.0166981)
(-0.0242975,0.00835951)
(0.0279844,0.00963345)
(-0.0010393,0.00151591)
(0.018315,0.0220981)
(0.0172058,-0.000759869)
(0.0288604,0.0226175)
(-0.00289743,0.0057139)
(-0.01205,-0.000215673)
(-0.00994611,0.0264864)
(-0.00122152,-0.00528374)
(0.00436848,-0.000237975)
(-0.00587439,-0.00465793)
(0.00536352,-0.0107314)
(-0.0111588,-0.0122317)
(-0.00188959,0.000483545)
(-0.0109915,-0.00520695)
(-0.0145783,-0.0152871)
(0.00846389,-0.0209876)
(-0.0307298,-0.00761863)
(0.0161036,-0.0155465)
(-0.0384136,0.00829292)
(0.0174105,-0.00522184)
(0.000171973,0.0130029)
(0.0153343,0.00808318)
(0.0247896,0.01955)
(-0.0110738,0.0139099)
(0.0175463,0.00118365)
(-0.0067043,0.0122521)
(0.0174396,0.00908571)
(-0.00614709,-0.00468809)
(0.00210974,-0.00363537)
(-0.0194413,-0.0112468)
(0.000433872,0.00334925)
(-0.0208591,-0.0163283)
(-0.0187883,0.00286928)
(-0.00562242,0.0116614)
(-0.016067,-0.00150411)
(-0.0108192,0.00248525)
(-0.00737772,0.00261116)
(0.0131313,-0.0175635)
(-0.023188,-0.000728809)
(0.0236219,0.00711017)
(-0.0128713,0.000807055)
(0.00420705,0.00286144)
(0.0145017,0.00584527)
(0.0205568,0.0097175)
(0.0194735,0.000762331)
(-0.00110781,-0.0183268)
(0.0105436,0.00486451)
(0.010301,-0.00851072)
(0.00683612,-0.00732315)
(0.0121818,-0.0168374)
(-0.0192284,-0.00166063)
(-0.0218026,-0.0190294)
(-0.0237717,0.00524023)
(-0.00365983,0.00759946)
(0.0163631,0.0100883)
(0.00172285,0.00755386)
(0.00838302,0.0165927)
(0.0056172,-0.0077361)
(-0.000702832,0.0124959)
(0.00145225,0.00322797)
(-0.00948595,0.0200257)
(0.0147762,0.00218933)
(-0.00754913,0.00952697)
(0.00373593,-0.0155358)
(0.000283952,0.00545558)
(0.00497588,0.00345306)
(-0.00617055,-0.0109149)
(0.0211851,0.0040063)
(-0.0177071,-0.0224534)
(0.0301512,-0.00750731)
(-0.0085248,-0.00452796)
(0.0222394,-0.0141081)
(-0.012046,0.00409361)
(-0.00594855,-0.0131522)
(-0.00204,0.00890171)
(0.00308646,-0.0114808)
(0.0198567,0.017617)
(0.000196117,-0.011664)
(0.0100204,0.0196749)
(-0.0115391,-0.0052294)
(0.00858574,0.0196103)
(-0.00733772,0.00453056)
(0.0111204,0.0128721)
(-0.0134104,0.00760421)
(-0.009071,0.0101904)
(-0.00685411,0.0079566)
(-0.0109047,-0.00622)
(0.0141555,0.00960472)
(-0.012063,-0.0175237)
(0.0307275,0.0108924)
(0.0211715,-0.0183144)
(0.0282303,0.00550609)
(0.0132592,-0.0125135)
(0.00305185,-0.0154218)
(-0.00765126,0.000395171)
(0.00488174,-0.0143489)
(0.00116475,0.00274832)
(-0.0061848,-0.0103997)
(0.00940753,-9.01066e-05)
(-0.00822908,-0.0125847)
(0.0116457,0.0070858)
(-0.00549625,-0.000937615)
(-0.00180381,0.0115845)
(-0.00717644,0.00299049)
(-0.00533112,0.014738)
(0.00917736,0.0114905)
(0.00414518,-0.00258692)
(0.0173264,0.00526418)
(0.0139427,-0.00748823)
(0.0256185,0.01182)
(0.0263181,-0.0251645)
(0.0130658,0.00810461)
(0.028025,-0.0139727)
(0.00179653,-0.00336804)
(-0.00403278,-0.00416987)
(-0.0084346,0.000540144)
(-0.00692494,-0.0112729)
(-0.0182284,0.0020992)
(-0.0103616,-0.0049273)
(0.000558427,-0.0114092)
(-0.0145705,-0.00889909)
(0.00994728,-0.00971984)
(-0.00631819,-0.00627293)
(0.0119534,-0.0151302)
(0.00636993,-0.00900492)
(-0.00917998,-0.00733335)
(0.00690135,-0.00292325)
(-0.0142106,-0.00798239)
(0.0115019,0.0115208)
(-0.00593961,-0.00855491)
(0.0169949,-0.00167393)
(-0.00050837,-0.00390255)
(-0.0041921,0.00380127)
(0.015525,0.00325269)
(-0.00489048,-0.000142382)
(0.00635662,-0.0011623)
(-2.13932e-05,-0.00970866)
(-0.00488412,0.00543005)
(0.0008086,-0.0155706)
(-0.00321211,-0.00634848)
(-0.0280665,-0.0265728)
(0.00974064,-0.00825593)
(-0.0069319,-0.0145307)
(0.00454912,0.000594053)
(-0.0083867,-0.0207158)
(0.0030036,-0.00885303)
(0.000845094,-0.00166152)
(0.00114446,0.00710094)
(-0.00866305,0.011875)
(0.00653514,-0.00204859)
(-0.00677246,-0.00240366)
(0.0074912,0.0107673)
(-0.0066198,0.00885415)
(0.00326648,0.00749762)
(0.00836273,-0.00280275)
(0.011251,0.00357319)
(0.0144562,0.0104798)
(0.00760927,0.0151083)
(0.00368695,0.00549582)
(0.00937455,-0.00678979)
(-0.00122725,-0.00576642)
(-0.00043192,0.00635355)
(-0.0136967,-0.009621)
(0.0106229,-0.00767262)
(-0.0115931,-0.00372037)
(0.00671897,0.000128705)
(-0.0150146,0.0112169)
(0.0143067,0.00606951)
(-0.0150022,0.0231518)
(0.00559796,0.0254717)
(-0.00863671,-0.00254117)
(0.0041911,0.00303028)
(-0.0111071,0.00084015)
(0.000485662,0.00214608)
(0.000100183,-0.00449743)
(0.00918612,0.0182137)
(0.00513712,0.0110507)
(0.0129239,0.000129727)
(-0.0156243,0.0107637)
(0.0223009,0.00312226)
(-0.0145036,0.00335002)
(0.0162578,0.0119187)
(-0.00996043,-0.00159523)
(0.0137022,0.00821208)
(-0.0366904,-0.0161166)
(0.0128935,0.00645793)
(-0.0109586,0.0156711)
(-0.00105005,0.00351689)
(-0.00464965,0.0102141)
(0.00646747,0.00694988)
(-0.0147592,0.00367268)
(-0.00026334,0.00471364)
(-0.00561031,0.00512314)
(-0.00889606,-0.0030852)
(-0.00315629,-0.00846836)
(-0.0078981,0.00306717)
(-0.022267,0.00474853)
(0.00120661,-0.00528785)
(-0.0182193,0.0166225)
(0.0160985,-0.0108647)
(-0.013763,0.0147345)
(0.0215294,0.00606368)
(-0.00959518,0.000680108)
(0.00869416,-0.00428965)
(-0.0103295,-0.00784859)
(0.000853738,-0.00180287)
(-0.00150302,0.0118933)
(-0.00811582,-0.0059484)
(-0.00490662,-0.000442341)
(-0.0124667,0.00195759)
(0.0112128,0.00753517)
(-0.0118094,-0.00706822)
(-0.000944821,0.00380901)
(-0.00223295,-0.00202464)
(-0.0125688,-0.0151914)
(-0.00840505,-0.00619344)
(-0.0174089,-0.00367701)
(0.00480199,-0.00856723)
(-0.021111,-0.000235089)
(0.0151022,-0.00332898)
(-0.0164745,0.00564593)
(0.0171205,0.00171794)
(0.00589972,0.0156866)
(0.00515716,-0.00606007)
(0.0080699,-0.002547)
(-0.00640911,-0.00682663)
(0.0118998,0.00511947)
(-0.0104765,-0.0112798)
(0.0135033,-0.00899207)
(-0.00726612,-0.0151493)
(0.00546103,0.00815489)
(-0.0340257,-0.00434809)
(-0.0164339,0.00565804)
(0.00157667,0.015659)
(0.000173095,-0.00793788)
(-0.00183717,0.00565424)
(-0.00696907,0.00272225)
(-0.000614574,0.00510116)
(-0.0160915,0.00953614)
(0.0101625,0.00386715)
(-0.0180589,0.0217633)
(0.0202643,-0.00397865)
(-0.00472051,0.00487293)
(0.00379497,-0.0157702)
(0.0145305,0.00336683)
(0.0183865,-0.00984715)
(0.0111231,-0.00106421)
(0.0023719,-0.013727)
(-0.00592991,-0.0251896)
(-0.00513511,-0.00300146)
(0.00483447,-0.0129746)
(-0.0142012,0.00232749)
(-0.0163447,-0.00848075)
(-0.00657236,0.00600934)
(0.00626484,-0.00453319)
(-0.000204829,0.019436)
(0.0086354,0.00738072)
(0.0117495,0.0083015)
(0.00151081,0.018464)
(-0.00304715,0.00688023)
(-0.00321064,0.0280599)
(0.00680391,0.0024709)
(-0.00398242,0.0248221)
(-0.000595211,-0.0131603)
(-0.00441103,0.00898886)
(-0.00274605,-0.00701978)
(-0.00447347,-0.00113654)
(0.00050161,-0.00967425)
(0.00253196,-0.0133346)
(0.00872121,-0.0020325)
(0.00244574,-0.0120413)
(0.00922192,-0.000978948)
(0.00238954,-0.00142223)
(0.00581562,-0.0125242)
(0.0121837,0.00761048)
(-0.00454963,-0.0147464)
(-0.0013107,0.005324)
(0.0104739,-0.000281496)
(0.00651062,0.012538)
(-0.0106722,0.0195783)
(0.00740127,0.0164681)
(-0.00334749,0.0126505)
(-0.00295483,0.0183288)
(-0.013797,0.00508121)
(0.0107504,0.0149918)
(-0.0271171,0.00835311)
(-0.00118281,-0.00194573)
(-0.00351301,0.00949233)
(0.0091154,-0.0199315)
(0.01107,0.0152838)
(0.0260513,-0.0207457)
(-0.00113954,0.012491)
(0.0244659,-0.00818333)
(0.0132128,-0.0291492)
(-0.00145402,-0.0110177)
(0.00678218,-0.0224002)
(0.0087937,-0.00560828)
(0.00968762,-0.00454975)
(0.00195728,0.00404244)
(0.00446257,0.0193847)
(0.00555011,0.00156693)
(-0.000447483,-0.00679282)
(0.00607749,0.00886918)
(-0.00924214,0.0149605)
(0.00610758,0.0108652)
(-0.00709858,0.0134917)
(0.0101564,0.0010561)
(0.00545391,0.0193231)
(0.0146181,-0.0207118)
(0.00636476,0.0223274)
(0.0256193,-0.0163194)
(0.00670224,4.09043e-05)
(0.0182842,-0.0214649)
