(-0.000460785,-0.00185183)
(0.004066,-0.00839743)
(0.0022158,-0.0118334)
(0.0120956,-0.0117699)
(0.00808016,-0.0116277)
(0.00860022,-0.0136594)
(0.0120499,-0.012254)
(0.000589183,-0.00104639)
(-0.000377628,0.00240094)
(-0.00867716,-0.000957159)
(-0.00206047,0.0032366)
(-0.0107974,0.0048957)
(-0.00519597,-0.00277285)
(-0.00676867,0.00372398)
(0.000913218,-0.00286953)
(-0.0141933,0.00430995)
(-0.00346907,0.00023718)
(-0.0136837,0.00101426)
(0.00302305,-0.00887095)
(-0.00636979,-0.00415451)
(0.00372559,-0.00539119)
(1.56523e-05,-0.0143333)
(0.00387313,-0.00500195)
(0.00350777,-0.0133287)
(0.0036367,-0.00611836)
(0.003256,-0.00671151)
(0.00911187,-0.00410315)
(0.00315019,0.00312885)
(-0.00238756,-0.00130278)
(-0.00524296,0.0114944)
(-0.00549803,0.00554342)
(-0.00594785,0.00649544)
(-0.00626815,5.86202e-06)
(-0.0047552,0.00333968)
(-0.00724232,0.00478494)
(-0.00901109,0.00447367)
(-0.00263989,0.00325879)
(-0.0155818,0.00767038)
(0.000641146,0.000673672)
(-0.00672202,0.000306955)
(0.0034364,1.35228e-05)
(-0.00219641,-0.0029339)
(0.0036836,-0.00521196)
(-0.00172115,-0.00674567)
(0.00550896,-0.00388028)
(0.00318639,0.00281924)
(0.00485159,-0.00760446)
(0.00334058,0.00387772)
(-0.00965867,-0.00205133)
(0.0049214,0.0134716)
(-0.0198976,0.00171252)
(0.00652174,0.01033)
(-0.00999918,0.00347309)
(0.00835767,0.00213418)
(-0.0149998,0.000519319)
(-0.00580984,0.00811889)
(-0.00611492,0.00118771)
(-0.00782727,0.0109336)
(0.00429556,0.00249036)
(-0.00345672,0.0021284)
(0.00052298,-0.00240765)
(0.00384058,-0.000369798)
(0.0057206,-0.00123172)
(-0.00171032,0.00289869)
(0.00992775,-0.00503232)
(-0.000451429,0.0062423)
(-0.000305141,-0.0142183)
(0.00448361,0.0148282)
(-0.0108989,-0.000815304)
(0.000754878,0.0135444)
(-0.0138518,-0.000242129)
(0.00794447,0.0107812)
(-0.0101706,-0.00706852)
(0.010241,0.00275358)
(-0.0108862,-0.00495287)
(0.00806998,0.000893496)
(-0.00328842,0.000424131)
(0.00909023,0.00698529)
(0.000263321,-0.00226303)
(0.00447635,0.00653636)
(0.000441626,-0.000663545)
(-0.00277344,0.000714304)
(0.00790512,0.000634466)
(-0.00717006,0.00415421)
(0.0135133,-0.00712656)
(-0.00542178,0.0133757)
(0.00898851,-0.00724157)
(-0.00823487,0.0200332)
(-0.000964866,-0.0139998)
(-0.00857722,0.0149809)
(-0.00901423,-0.00965777)
(0.0040225,0.0115263)
(-0.01138,-0.0150978)
(0.0113464,0.00705313)
(-0.0040378,-0.0199011)
(0.0132015,0.00291629)
(-0.00138417,-0.00889645)
(0.00773712,0.00789505)
(0.00860277,-0.00438705)
(0.00530766,0.00678669)
(-0.00144564,-0.0052273)
(-0.00112798,0.00193114)
(0.00504394,-0.00592639)
(-0.00726724,0.00142135)
(0.0114296,-0.00148805)
(-0.0112796,0.00940918)
(0.00111783,-0.00386642)
(-0.00924423,0.0145752)
(-0.0015077,-0.00622172)
(-0.0126425,0.0163744)
(-0.0051192,-0.0129262)
(0.00154514,0.0115981)
(-0.00140428,-0.0199344)
(0.00892801,0.00780501)
(0.00163817,-0.0217381)
(0.00743888,0.0072257)
(0.0052408,-0.0140606)
(0.0101333,0.00823354)
(0.00414136,-0.0103137)
(0.00564761,0.00657151)
(0.00650653,-0.00933056)
(0.00621954,0.00204786)
(0.0042663,-0.00424605)
(-0.00332834,0.00468364)
(0.00468028,-0.0060112)
(0.00117687,0.00209158)
(-0.000945025,-0.00281994)
(-0.00812581,0.0144136)
(-0.00137686,-0.0107624)
(-0.00707025,0.0120098)
(-0.00745412,-0.00710487)
(-0.00413471,0.0180179)
(-0.00295549,-0.00808887)
(0.00310135,0.00937239)
(0.00269376,-0.0037314)
(0.0087705,0.00526592)
(0.000534237,-0.0124585)
(0.00758652,0.00897156)
(0.00216515,-0.0029396)
(0.0148961,0.000456675)
(0.00585538,-0.00139391)
(0.0121251,-0.00557668)
(0.00576997,-0.00627624)
(0.0155495,-0.00306632)
(0.00157851,-0.00683172)
(0.00808889,0.00226518)
(0.00428414,-0.00323178)
(-0.00363686,0.00613638)
(0.000882699,-0.00294666)
(-0.0114569,0.0184593)
(-0.00196149,0.00040787)
(-0.00770556,0.016264)
(-0.00362715,-0.00390041)
(-0.00237646,0.00970693)
(-0.00478192,-0.00171092)
(0.0070159,0.00585203)
(0.00577976,-0.00555955)
(0.0107188,0.00171082)
(-0.00238994,-0.0106822)
(0.0144375,-0.00230921)
(0.00877403,-0.000566132)
(0.00987957,0.0012544)
(0.0103481,-0.00554162)
(0.011909,-0.00117566)
(0.00869843,-0.00887435)
(0.0136015,0.00436199)
(0.00896126,-0.00584392)
(-0.00031818,0.00953454)
(0.0069717,0.000606331)
(-0.00255968,0.011669)
(0.00871141,-0.00787772)
(-0.0093363,0.0151061)
(-0.00206498,-0.00349983)
(-0.00251884,0.00589454)
(0.00122415,-0.000229074)
(0.00422625,0.00715768)
(0.00550702,-0.00812113)
(0.0107557,0.000755278)
(4.27099e-05,-0.00299061)
(0.00790132,0.00122915)
(0.011468,-0.00244551)
(0.00401957,-0.000453632)
(0.0104349,-0.00864845)
(0.00563246,0.00537891)
(0.0119726,-0.00993276)
(0.00280155,0.000822058)
(0.0119459,-0.00636633)
(0.00260255,0.00632568)
(0.00885526,-0.00523577)
(-0.000689701,0.00926791)
(0.00835631,-0.00586015)
(-0.000795214,0.00593813)
(0.00651717,-0.00455939)
(-0.00109437,0.00413856)
(0.00579881,-0.00905942)
(0.0065557,0.0028854)
(0.00427975,-0.000920273)
(0.00112305,-0.00122824)
(0.00409283,-0.00861985)
(0.0022271,0.00215931)
(0.00053305,-0.0087546)
(0.00250818,-0.0114445)
(0.00369259,-0.00713526)
(0.00499925,-0.0172551)
(0.0134399,-0.00994378)
(0.0048216,-0.0104572)
(0.017548,-0.00727323)
(-0.00223346,-0.00147022)
(0.00604787,0.00397095)
(-0.0132578,0.00344795)
(-0.000927157,0.0113905)
(-0.0125513,0.0044094)
(-0.00629846,0.00339701)
(-0.0167668,0.0033998)
(0.000214675,-0.00215778)
(-0.0152935,0.00391376)
(0.00037356,-0.00128366)
(-0.0237932,0.00253694)
(0.00309569,0.00108608)
(-0.0158089,-0.000102136)
(0.00907791,-0.00202523)
(-0.00234728,-0.0137365)
(0.000395078,-0.00627678)
(0.00414347,-0.0177286)
(0.0171286,-0.00858746)
(0.00941307,-0.00650363)
(0.0118135,-0.00993023)
(0.00217166,0.000745053)
(0.0054548,0.00412899)
(-0.00657244,0.0122878)
(-0.00690649,0.0155181)
(-0.00605807,0.00615605)
(-0.00418306,0.00828299)
(-0.00384121,0.00211849)
(-0.0137364,0.010915)
(-0.0147993,0.00455736)
(-0.00335813,0.00434788)
(-0.0283141,0.0112663)
(-0.0020701,0.00748938)
(-0.014797,0.00381316)
(0.00201918,0.00413937)
(5.67998e-05,-0.00740461)
(0.00805157,0.0125708)
(0.00447303,-0.00467307)
(0.0169984,-0.00741263)
(0.00952564,-0.00547184)
(0.0074928,-0.0186955)
(0.0139606,0.00710625)
(-0.00463479,-0.00353756)
(0.00668812,0.00280302)
(-0.0114435,0.00195274)
(0.0138809,-0.000700534)
(-0.00614786,-0.00169343)
(0.00124843,0.000152124)
(-0.0144616,0.00505358)
(-0.0127907,0.00346559)
(-0.0154874,0.00912827)
(-0.018631,0.0110628)
(-0.00160666,0.00778373)
(-0.00680991,0.00787221)
(0.00414088,0.0105124)
(0.00667014,-0.00237283)
(0.0162645,0.00255418)
(-0.000906018,0.00348413)
(0.0197986,-0.00445392)
(0.00788008,0.0117096)
(0.00981753,-0.00213166)
(0.00414448,0.00788559)
(-0.00150751,-0.00391536)
(0.00510813,0.00496481)
(-0.0111482,-0.00419386)
(0.0120637,-0.00572384)
(-0.0143941,-0.00655394)
(0.00488711,-0.00149935)
(-0.0136636,-0.00743525)
(-0.00817629,0.00218302)
(-0.0124291,0.00176478)
(-0.00659853,0.0089814)
(-0.00374687,0.0108099)
(0.00737698,0.0096837)
(0.00270263,0.00369017)
(-0.000349678,0.00697914)
(0.0133837,0.00623706)
(-0.00219415,0.0162135)
(0.0246687,0.00177274)
(-0.0058773,0.0174105)
(0.0123146,-0.0150986)
(-0.011253,0.0193054)
(0.00326838,-0.0141716)
(-0.00808175,0.00933986)
(-0.0112441,-0.0119245)
(0.00632079,0.00230673)
(-0.00504381,-0.0257615)
(-0.000888901,-0.00244829)
(-0.00944505,-0.0223518)
(-0.00665875,0.00500989)
(-0.0055484,-0.00929235)
(0.00224146,0.00406477)
(0.00132353,0.00113683)
(0.00867325,0.00690083)
(0.00638593,-0.00459729)
(0.00548731,0.00708657)
(0.0172659,-0.012319)
(-0.00781018,0.0218633)
(0.00961368,-0.0114277)
(-0.00810938,0.0247167)
(0.0016701,-0.00598867)
(-0.000874679,0.0184666)
(0.00559436,-0.0221126)
(-0.00750601,0.0161719)
(-0.00148715,-0.0183161)
(0.0035444,0.0151569)
(0.00286554,-0.0324318)
(-0.0153,0.00623731)
(0.00385842,-0.0244774)
(-0.0137229,0.0109389)
(0.00301925,-0.0134052)
(0.00102422,0.0119132)
(0.00684801,-0.000868124)
(0.0135319,0.00841061)
(0.0123567,-0.0107565)
(0.00146852,0.00665368)
(0.0145256,-0.0141008)
(0.00248727,0.0202191)
(0.0120762,-0.00954943)
(-0.00339299,0.0195406)
(0.00776797,-0.015233)
(-0.00535839,0.0222621)
(0.00290598,-0.0169617)
(-0.00832995,0.015961)
(0.00758966,-0.0191497)
(-0.011019,0.0193535)
(0.00828126,-0.02176)
(-0.010588,0.0199793)
(0.00776855,-0.0114846)
(-0.00511787,0.0228394)
(0.000921225,0.00344621)
(0.00665563,0.0182269)
(-0.00170183,0.00776763)
(0.0165801,0.0101324)
(0.0110039,-0.0140032)
(0.0190626,0.00461115)
(0.0106066,-0.01222)
(0.0105426,0.0115671)
(0.0122551,-0.0120219)
(0.006862,0.0145197)
(0.00780584,-0.00624673)
(-0.00538794,0.015481)
(0.0143298,-0.0138417)
(-0.011768,0.0215548)
(0.00566309,-0.0120698)
(-0.0179167,0.0274946)
(0.00621679,-0.00437327)
(-0.0116758,0.0239842)
(0.00301389,0.00356115)
(0.00032847,0.0196351)
(-0.00323548,0.0066841)
(0.00840583,0.0264449)
(0.00016096,0.0118598)
(0.0179389,0.0106375)
(0.00752897,-0.000213173)
(0.0119351,-0.000843495)
(0.0106847,-0.00522542)
(0.0235606,0.0153708)
(0.0159077,-0.00871213)
(0.0116508,0.0101421)
(0.0123162,-0.0085743)
(0.00204151,0.00768494)
(0.0131417,-0.00345323)
(-0.0123268,0.0182222)
(0.0129096,-0.00521575)
(-0.0176066,0.0187978)
(0.00331533,-0.00335056)
(-0.00969813,0.0231521)
(0.00205213,0.00209149)
(-0.00394847,0.0170667)
(0.00551669,0.0103556)
(0.010146,0.0202739)
(0.00256203,0.00529871)
(0.0152655,0.00518494)
(0.0101246,0.00192497)
(0.00383641,0.00523738)
(0.0135364,-0.00093251)
(0.0039431,0.00978696)
(0.0154374,-0.00815718)
(0.00697307,0.00734275)
(0.0133545,-0.00754774)
(-0.000779899,0.00456953)
(0.00982728,-0.0094953)
(-0.00739573,0.00584595)
(0.0149352,-0.00957104)
(-0.0112378,0.00947637)
(0.00389673,-0.00462293)
(-0.00711939,0.0102076)
(0.00644585,0.000876184)
(0.00278995,0.00916361)
(0.00843079,-0.00245197)
(0.00569098,0.00680281)
(0.00562934,0.00231321)
(0.00670619,0.00567754)
(0.0031871,-0.00133824)
(-0.00118834,-0.00440273)
(0.00238164,-0.000749382)
(0.003073,-0.00501425)
(0.0097075,-0.00309942)
(0.00722929,-0.00350939)
(0.0124065,-0.00604527)
(-0.0019335,-0.000888883)
(0.0094667,0.0117441)
(-0.0109631,0.00751947)
(-0.00734682,0.01737)
(-0.00878553,0.00137344)
(-0.00256039,0.00864987)
(-0.016451,0.00211206)
(-0.00292456,0.00147001)
(-0.0226212,0.00501537)
(0.00262886,0.00292343)
(-0.0286919,0.00773528)
(0.00661979,0.00499314)
(-0.0179258,0.00344726)
(0.000189708,0.00568092)
(-0.000267599,-0.00322758)
(0.00121182,0.0112945)
(0.0109166,-0.00188371)
(0.00997997,0.00196638)
(0.0100359,-0.00362519)
(0.0154527,-0.00147446)
(0.00293813,0.00528415)
(0.000141991,0.0128078)
(0.00146708,-0.000345943)
(-0.00620265,0.0150587)
(0.0036114,-0.00826842)
(-0.00969877,0.0136743)
(-0.00675846,-0.0122375)
(-0.00880412,0.0116463)
(-0.0189748,0.000502949)
(-0.00623136,0.00374919)
(-0.0267557,0.00546432)
(0.00424786,0.0113518)
(-0.0192459,0.00401298)
(0.00340203,0.0166081)
(0.00584954,-0.00216032)
(0.00646628,0.0157238)
(0.00830945,-0.00427801)
(0.0127837,0.00394944)
(0.0150426,-0.00275715)
(0.0101484,-0.0033423)
(0.0113249,-0.00324689)
(0.0113257,0.0009585)
(0.00644537,-0.0181844)
(-0.000391668,0.00751143)
(0.0178506,-0.0239295)
(0.00158773,0.00548851)
(-0.00202522,-0.0181176)
(-0.00521895,0.0101261)
(-0.022436,-0.00790362)
(-0.0065694,0.0109032)
(-0.0243628,0.00548382)
(-0.00240906,0.0110332)
(-0.0110428,0.00470713)
(0.00728238,0.0142377)
(-0.000252129,-0.00084902)
(0.0149258,0.0164556)
(0.00253097,0.00908756)
(0.0179924,0.00491542)
(0.0110141,0.00426411)
(0.020424,-0.00839711)
(0.00105533,-0.00449558)
(0.00778368,-0.00240104)
(-0.0024153,-0.012889)
(-0.00212225,0.0106915)
(0.00588185,-0.0239523)
(0.00975084,-0.0108062)
(-0.0170537,-0.0211304)
(0.00380338,0.000156215)
(-0.0338351,-0.00591127)
(0.00603649,0.00641807)
(-0.0175301,-0.00256363)
(0.000928616,0.00591372)
(0.000295925,0.00204759)
(0.00875658,0.00873927)
(-0.00204723,0.00736721)
(0.0211353,0.00939729)
(-0.0101618,0.0141111)
(0.0205879,-0.00804161)
(-0.0107085,0.0220873)
(0.0104892,-0.0170598)
(-0.0107965,0.00464697)
(-0.0035483,-0.0234213)
(-0.0348744,0.00177639)
(-0.0127983,0.0103413)
(0.00789573,-0.0352507)
(0.00101574,-0.0152346)
(-0.026432,-0.0200068)
(0.0118989,-0.00906928)
(-0.0438727,-0.00484893)
(0.0149964,-0.0037275)
(-0.0193926,0.000662353)
(0.00538033,0.00890984)
(0.008847,0.000964464)
(0.0108032,-0.00639123)
(-0.00544436,0.0146562)
(0.0175498,-0.0138817)
(-0.0145747,0.0263249)
(0.00823017,-0.000656203)
(-0.00217288,0.029115)
(-0.00570102,-0.0228982)
(0.000763088,0.02839)
(0.0214368,-0.0174871)
(0.00110877,0.0215266)
(0.0179704,-0.00696023)
(0.0295436,-0.00575141)
(0.0196366,-0.0206904)
(-0.0308745,-0.00510089)
(0.0232265,-0.0194576)
(-0.0444055,0.0036361)
(0.0177871,0.0029861)
(-0.018269,0.012007)
(0.00851054,0.0114267)
(0.011693,0.0050126)
(0.017887,-0.0221357)
(0.00414554,0.00911112)
(0.0187684,-0.0213158)
(-0.00128434,0.0218301)
(0.013802,-0.0155184)
(-0.00443776,0.0311783)
(0.00160675,-0.00923944)
(-0.0028362,0.0130826)
(0.0147766,-0.027261)
(-0.00798413,0.0167343)
(0.0146395,-0.0157747)
(-0.00422999,0.00440981)
(0.0246764,-0.0234632)
(-0.0299321,0.00173258)
(0.0220934,-0.0062371)
(-0.024614,0.021562)
(0.0127445,0.0156655)
(0.00180118,0.0262519)
(-9.40142e-06,0.0197312)
(0.0153283,0.0166889)
(0.0121732,-0.00987461)
(0.00983239,0.00107431)
(0.02424,-0.0219615)
(0.0121805,0.015358)
(0.0169768,-0.00892722)
(0.00621024,0.0107612)
(0.024722,-0.0136247)
(-0.00207212,0.0132312)
(0.0139132,-0.0195349)
(-0.0103442,0.0105102)
(0.0151546,-0.0125508)
(-0.0164503,0.00981692)
(0.0127021,-0.0113544)
(-0.0164556,0.0219969)
(0.0169596,0.00777328)
(-0.00119303,0.0339582)
(-7.61811e-05,0.0276073)
(0.00861912,0.0360176)
(-0.00338284,0.0265437)
(0.0166462,0.0192628)
(0.0098267,0.000240261)
(0.0188408,0.00770263)
(0.0178986,-0.00471959)
(0.016558,0.0109861)
(0.0246338,-0.00710611)
(0.00729668,0.0105763)
(0.0200467,-0.00100216)
(-0.0023084,0.00235555)
(0.0224512,-0.00734284)
(-0.0137084,0.00155562)
(0.0124011,-0.0125076)
(-0.0212582,0.0200201)
(0.0108025,0.00321271)
(-0.0162215,0.0243033)
(0.00402909,0.0105457)
(-0.00479695,0.0321582)
(-0.000127269,0.0224537)
(0.00590005,0.0323823)
(4.42833e-06,0.0217589)
(0.0146674,0.020535)
(0.00816708,0.00501291)
(0.00190826,0.00163144)
(0.0155569,0.00707748)
(0.0114182,0.00999921)
(0.0183756,-0.00098083)
(0.00601318,0.0028276)
(0.012366,-0.00414661)
(-0.00245685,-7.38781e-05)
(0.0166155,-0.00335965)
(-0.0105233,0.004286)
(0.0115738,0.0016588)
(-0.0186714,0.00377416)
(0.00267523,0.00135325)
(-0.00966094,0.0106705)
(0.00864251,0.00519036)
(0.00452984,0.01178)
(0.00512251,0.00723364)
(0.00716521,0.0153789)
(-0.000443199,0.00352345)
(0.00473758,0.00828413)
(0.00128526,0.00238677)
(-0.00708504,0.00284474)
(-0.0149407,0.00494051)
(-0.000446264,0.00493179)
(0.00261332,-0.00589836)
(0.00265098,0.00264417)
(0.00673056,-0.00225359)
(-0.00326947,0.00191606)
(0.00191258,0.00753116)
(-0.0040499,0.00561579)
(0.00217183,0.00870412)
(-0.00586772,-0.00445218)
(-0.00484296,0.00109546)
(-0.0103282,-0.00175812)
(-0.00446569,-0.00337199)
(-0.00950506,0.0019074)
(0.00744334,-0.00156859)
(-0.014355,0.00974356)
(0.00839008,6.72062e-05)
(-0.0155077,0.00920279)
(-0.00687097,0.00899721)
(-0.00180658,0.00315808)
(-0.0105543,0.0131483)
(-0.00166632,0.00534881)
(-0.00239181,0.00495708)
(0.0058077,0.00658414)
(-0.000511045,0.002093)
(0.0119251,0.00784439)
(0.00553566,0.0039068)
(0.0119057,-0.00540509)
(-0.00699854,-0.000871842)
(0.0121016,-0.0145955)
(-0.00356046,-0.00240351)
(0.00284154,-0.010567)
(-0.00646735,-0.000171019)
(-0.0121259,-0.000691266)
(0.0031578,5.41837e-05)
(-0.0206967,0.0164729)
(0.00855287,-0.00178335)
(-0.017294,0.012316)
(-0.00622577,0.011797)
(-0.00065635,0.00557103)
(-0.00841078,0.01956)
(-0.0014604,0.00823082)
(-0.00125608,0.00929772)
(0.0100781,0.00853666)
(0.00747162,0.00185495)
(0.0156988,-0.00756923)
(-0.00481088,0.00554111)
(0.0114042,-0.0076816)
(0.00646871,-0.00337522)
(0.0201395,-0.0200395)
(0.00937216,-0.0121292)
(-8.33631e-05,-0.0209526)
(0.00627216,0.00719693)
(-0.0127533,-0.00356371)
(0.00972262,0.00212872)
(-0.0200109,0.0139511)
(0.00721351,0.00359102)
(-0.0122745,0.00798902)
(-0.00231843,0.0191281)
(-0.00698416,0.00586339)
(0.00607636,0.0227137)
(-0.0107793,0.0133027)
(0.0142112,0.0173709)
(-0.00248632,0.00774276)
(0.00884826,-0.000794792)
(-0.00227218,-0.00139183)
(-0.00204088,-0.0241588)
(-0.0296093,0.0377076)
(-0.0252868,0.0372705)
(-0.00891733,-0.0120409)
(0.00963955,0.00785843)
(-0.0274003,-0.0115255)
(0.0188337,-0.000392041)
(-0.037279,-0.00292648)
(0.0272567,0.00385025)
(-0.0283036,0.00643317)
(0.0127598,0.00598614)
(-0.00701193,0.00473239)
(0.00511145,0.0075159)
(-0.0166737,0.00878026)
(0.0108079,0.0114919)
(-0.0298941,0.0239168)
(0.0128871,-0.000696618)
(-0.0101867,0.0168023)
(-0.0108693,-0.00994367)
(-0.0127645,-0.0337144)
(-0.0456887,0.000436541)
(-0.107441,-0.000725864)
(-0.0970818,0.0653297)
(-0.00640694,-0.0796233)
(-0.0250353,-0.0108682)
(-0.0211391,-0.0283615)
(0.0241513,0.00243202)
(-0.0474976,-0.000276399)
(0.0321902,0.00988277)
(-0.0288811,0.0100381)
(0.0227209,0.0108696)
(-0.00897938,0.00263972)
(0.00974803,-0.00424815)
(-0.0128153,0.00638834)
(0.0125377,0.00592573)
(-0.0183029,0.0204829)
(-0.0124679,-0.00533658)
(-0.00102589,0.0365658)
(-0.0431437,-0.025584)
(-0.00654269,0.0267752)
(0.0698793,-0.0105275)
(0.0211731,0.115872)
(0.0102384,0.0585024)
(0.137353,0.0212888)
(-0.000697996,0.00566598)
(-0.00439359,-0.0041903)
(0.0258637,0.0023232)
(-0.0454421,0.00773687)
(0.0368101,0.00333399)
(-0.0314012,0.0129416)
(0.0233942,0.0190188)
(-0.00292883,0.0114226)
(0.0190877,-0.0114533)
(-0.00755637,0.00489238)
(0.016746,-0.0158082)
(-0.0119014,0.0145247)
(0.0118714,-0.00125641)
(-0.0061105,0.0148741)
(-0.0184719,-0.00957862)
(-0.00785487,0.0202174)
(0.00847172,0.0157306)
(0.00559604,0.0220474)
(-0.00278189,0.0151889)
(0.0199428,-0.0352107)
(0.00981417,2.7831e-05)
(-0.0178847,-0.00926854)
(0.0298588,-0.00653527)
(-0.0220351,0.0142282)
(0.0286917,0.0144249)
(-0.0110755,0.0227124)
(0.0180758,0.019752)
(0.00985305,0.0127049)
(0.0216181,-0.0131554)
(0.00732547,0.00120263)
(0.0292804,-0.0104569)
(0.00458811,0.00330161)
(0.0289273,-0.00482694)
(0.00283546,0.00316981)
(0.0128376,-0.00613547)
(-0.00469129,-0.00306778)
(0.0120116,-0.00204021)
(-0.00677569,0.00315258)
(0.00599588,-0.00340034)
(-0.00553949,-0.00853795)
(0.00980435,-0.0062147)
(-0.00393017,0.000265863)
(0.0147888,0.00517627)
(-0.00349641,0.0203182)
(0.0156553,0.020105)
(0.0068952,0.0277025)
(0.00647437,0.0189105)
(0.013456,0.0255261)
(0.0128097,0.000302523)
(0.00757676,-0.00129514)
(0.0271655,-0.0077818)
(0.0107572,0.00505218)
(0.0287986,0.00397843)
(0.00347698,-0.00696315)
(0.0235318,0.00143559)
(0.0048584,-0.0112769)
(0.0140429,-0.00576384)
(-0.009764,-0.00484854)
(0.0166204,0.000793385)
(-0.0109207,-0.00418053)
(0.0157002,-0.00902041)
(-0.00923849,0.0146927)
(0.0122784,0.00398278)
(0.000379442,0.0214361)
(0.00875305,0.0165062)
(0.00671968,0.0239731)
(0.00276339,0.0178868)
(0.00874285,0.0181117)
(0.0112098,0.00652708)
(0.00212189,0.00212324)
(0.0148182,0.0071308)
(-0.000330404,0.00442525)
(0.0193068,0.000445996)
(-0.000976365,0.00123016)
(0.013624,-0.00343557)
(-0.0010329,-0.0076985)
(0.0104099,-0.00168422)
(-0.00878965,-0.00578338)
(0.0145249,-0.000923748)
(-0.0158308,0.00206323)
(0.0128213,-0.00322697)
(-0.00893596,0.00807581)
(0.0057133,0.00246462)
(0.0034139,0.00689503)
(-0.00100429,0.00460211)
(0.00675859,0.00916072)
(-0.00473868,0.00756963)
(0.0031382,0.0132229)
(-0.00741444,0.00293962)
(-0.00705283,0.00983295)
(-0.00806224,0.00360469)
(-0.00253448,0.0105733)
(-0.00724971,0.00208217)
(-0.00514524,0.00937834)
(-0.00382575,-0.00102138)
(0.00154583,0.00957748)
(0.00248575,0.00109276)
(0.00501439,0.00180039)
(-0.00112533,-0.00680783)
(0.00202806,0.00493591)
(-0.000188508,-0.00658212)
(9.71033e-05,-0.000533053)
(0.00157343,-0.00838009)
(-0.00059137,0.00416194)
(0.0075048,-0.00996087)
(-0.0104195,0.0145892)
(0.00906698,-0.00773491)
(-0.0027779,0.0100022)
(-0.00683848,8.61744e-05)
(-0.00762658,0.0108576)
(-0.0153391,0.012606)
(-0.00708007,0.0133835)
(-0.00899479,0.0018819)
(0.00354679,0.0147543)
(-0.00689989,0.000351156)
(0.0138767,0.00890799)
(-0.00891779,-0.00146795)
(0.0201997,0.00275569)
(0.00321022,-0.0104061)
(0.0256463,0.00140969)
(0.00498479,-0.0124382)
(0.0121986,0.000160852)
(0.000947462,-0.000225606)
(0.00341222,0.00862867)
(0.00710388,-0.00454421)
(-0.00841639,0.0170656)
(0.0153164,-0.00619029)
(-0.0102862,0.017085)
(-0.00677185,0.00535344)
(-0.00322456,0.00657009)
(-0.0171439,0.0114233)
(-0.0115883,0.0170892)
(-0.0093443,0.0110847)
(0.00423403,0.00404916)
(-0.00953952,0.00462475)
(0.0222372,-0.00198136)
(0.0113773,-0.026103)
(0.0183552,0.0186117)
(-8.80565e-05,0.00761707)
(0.0161696,0.00636186)
(0.0131106,-0.00198258)
(0.00895088,0.00548013)
(0.00977996,0.00308598)
(-0.00283571,0.00754128)
(0.00786132,0.00583365)
(-0.0119871,0.0150151)
(0.00405611,0.00100234)
(-0.0113471,0.0122716)
(-0.0123479,0.00803737)
(-0.0126508,0.00899295)
(-0.0119361,0.0191637)
(-0.0208081,0.00523175)
(-0.00907884,0.0147557)
(-0.000253812,-0.00672609)
(0.0159128,-0.0055358)
(0.0283753,-0.020889)
(0.0426244,-0.107104)
(0.00226696,0.119481)
(0.0272622,0.100236)
(-0.0181853,0.0653938)
(-0.000607576,0.00160368)
(-0.00171016,0.00360007)
(0.0153418,0.0222809)
(-0.0157928,0.0122649)
(0.0175898,0.0133408)
(-0.0160386,0.00535085)
(0.0149232,0.00573221)
(-0.00784221,0.010302)
(-0.00632258,0.0145461)
(-0.0175695,0.00842072)
(-0.00132975,0.0195676)
(-0.0242441,0.00670051)
(-0.00101601,0.0228859)
(0.00580601,-0.0297406)
(0.0221977,0.0330501)
(0.0982919,-0.151304)
(-0.00387588,0.00818031)
(0.00529984,0.00719852)
(0.0151303,-0.00287933)
(-0.000594569,-0.00055631)
(-0.0201795,-0.13694)
(0.0439307,-0.0565568)
(0.00493002,-0.00691596)
(-0.012485,0.0014518)
(0.022333,0.0135333)
(-0.0148186,0.0164038)
(0.0160235,0.0143808)
(-0.00852937,0.00966041)
(0.0110492,0.0113681)
(-0.00773488,0.00643054)
(-0.00385205,0.0139906)
(-0.0123301,0.00800456)
(-0.0444738,0.00338214)
(2.04953e-05,-0.00522817)
(-0.152815,-0.0672819)
(0.00177572,-0.0765341)
(0.0193164,-0.00545148)
(-0.00407337,-0.00160365)
(0.0149862,-0.00834615)
(-0.0152236,0.0247437)
(-0.0496883,0.0388241)
(-0.00896804,-0.017519)
(-0.0080559,0.00881769)
(-0.0231993,0.00756468)
(0.0242709,0.0121693)
(-0.0164229,0.0109652)
(0.0178695,0.0116133)
(-0.00310525,0.0137928)
(0.0133342,0.00131188)
(-0.00198311,-0.00325404)
(0.0148808,2.54161e-05)
(-0.00533778,-0.0037087)
(-0.0100745,0.00972873)
(-0.00431278,-0.00704436)
(-0.060712,0.00952646)
(0.00787753,-0.0231612)
(-0.0454735,0.0862516)
(0.0118955,-0.0506408)
(-0.0385658,-0.0367069)
(-0.0462989,-0.101779)
(-0.0413888,-0.00343586)
(-0.00963633,-0.0445125)
(0.00811583,0.00330588)
(0.00200264,-0.00200476)
(0.0258888,0.00310157)
(0.00787789,0.0131263)
(0.0215679,0.0178611)
(0.00740338,0.0152337)
(0.0171025,-0.00736316)
(0.00509399,-0.0121242)
(0.0213961,-0.00502983)
(0.00776104,-0.0148541)
(0.016787,0.00273298)
(0.00786326,-0.0174568)
(-0.00227194,0.00859765)
(-0.011332,-0.0219059)
(0.00495583,0.0200775)
(0.00376594,-0.018453)
(-0.0147564,0.00200705)
(-0.00477027,-0.042312)
(-0.00756352,0.0114352)
(0.00548351,-0.0160267)
(0.00579467,-0.00781752)
(0.0169746,-0.0070934)
(0.0167011,0.0102721)
(0.0150584,0.00728153)
(0.0120626,0.0154573)
(0.0159697,0.00974074)
(0.0164245,-0.00103558)
(0.0144459,-0.0107418)
(0.0180813,-0.00447869)
(0.00910946,-0.0132978)
(0.0171239,0.00118246)
(0.0109587,-0.0214711)
(0.0110032,0.00143433)
(-0.00270977,-0.0245655)
(0.00820444,0.0119604)
(-0.0124846,-0.0254354)
(-0.00027466,0.00686258)
(-0.00529056,-0.0086905)
(0.00351311,-0.000257067)
(0.00036779,-0.00958631)
(0.00480932,-0.00153624)
(0.0114542,-0.00187592)
(0.0067534,0.00469554)
(0.00788531,0.00384832)
(0.00392432,0.0106762)
(0.00909,0.0137311)
(0.0135143,0.00474916)
(0.00179558,0.000769103)
(0.0132189,0.00579993)
(0.00407543,0.000208804)
(0.0149915,0.00346817)
(0.00257981,-0.00881718)
(0.00837017,0.00345276)
(0.000217626,-0.014582)
(0.00134172,0.00353407)
(-0.0125641,-0.00655257)
(0.00215702,0.0071369)
(-0.0053272,-0.00682302)
(0.00427025,-3.48886e-05)
(-0.000268052,-0.00153823)
(-0.00231794,0.00017199)
(0.00948236,-0.00559647)
(-0.00536049,0.000847672)
(0.00545958,-0.00305816)
(-0.00878475,0.00296527)
(0.000286067,0.00548508)
(-0.00200425,0.00299882)
(-0.00989528,0.0109749)
(-0.0135397,0.00945376)
(-0.00779664,0.0120494)
(-0.00952589,-0.00167178)
(-0.00271196,0.00510885)
(-0.00594252,-0.00450481)
(-0.00197921,0.00253296)
(0.00301018,-0.00778432)
(0.0074588,-0.00135739)
(0.00471503,-0.0129166)
(0.00775161,-0.00274701)
(0.00642683,-0.0137405)
(0.0116754,-0.0027716)
(0.00783549,-0.0107764)
(0.00841512,0.00897876)
(0.0107827,-0.0100649)
(0.00545743,0.014486)
(0.00988436,-0.000664912)
(-0.00201504,0.00781921)
(-0.00743739,0.000518868)
(-0.0134039,0.0122692)
(-0.0132941,0.00569261)
(-0.00546903,0.0101405)
(-0.0140871,0.00231324)
(-0.00247347,0.00453179)
(-0.0129603,-0.0106187)
(0.013564,-0.00447314)
(-0.00476171,-0.0138276)
(0.020765,-0.0136562)
(0.00742582,-0.0157867)
(0.0252925,-0.0118648)
(0.0161158,-0.0159345)
(0.0207162,0.000709204)
(0.0119114,-0.0137336)
(0.0152667,0.0168449)
(0.0213423,-0.00993472)
(0.00567189,0.0261634)
(0.0152737,-0.00756825)
(9.22657e-05,0.0193562)
(-0.0138371,-0.000723803)
(-0.00512848,0.00968356)
(-0.0119487,0.00183522)
(-0.00859823,0.00629791)
(-0.0197903,-3.01109e-05)
(0.00392775,-0.0065953)
(-0.0168943,-0.00722277)
(0.0224836,-0.012976)
(-0.0196097,-0.0371986)
(0.0192376,-0.0275873)
(-0.00722575,0.00983645)
(0.0124531,-0.0251612)
(0.0176914,-0.00994921)
(0.0160593,-0.00986328)
(0.0211083,0.00291458)
(0.00956531,0.0197353)
(0.0161088,0.00673217)
(0.002174,0.0314968)
(0.0152434,0.00481884)
(0.0062814,0.0202455)
(-0.0183539,0.00923458)
(-0.0120912,0.00644958)
(-0.0303255,0.00720653)
(-0.0193419,0.00362714)
(-0.0224183,0.0101811)
(0.0020182,0.00348912)
(0.00371437,0.0132734)
(0.0183588,-0.00323839)
(-0.0667261,-0.105627)
(-0.0116964,-0.0344274)
(-0.0517561,0.109007)
(-0.0378773,-0.0699515)
(0.00055869,0.0203135)
(0.00736283,-0.0158862)
(0.0216804,0.017088)
(-0.00120041,0.00390079)
(0.0167685,0.0186344)
(-0.00177824,0.0155376)
(0.00965426,0.0114077)
(0.00352834,0.0167381)
(-0.0184605,0.00950321)
(-0.00703565,0.0136848)
(-0.0140831,0.0171792)
(-0.0155707,0.0176604)
(0.0173991,0.0430241)
(-0.00780582,0.0302862)
(0.152062,0.103045)
(-0.004557,0.051695)
(-0.00500415,-0.00050712)
(0.00128034,-0.00985219)
(0.0132754,-0.0215876)
(-0.00909867,0.0136319)
(0.0261536,-0.0768498)
(0.0671221,-0.0176005)
(0.0219724,-0.00247811)
(0.0132442,0.00823639)
(0.0110881,0.0154604)
(-0.00419257,0.00853829)
(0.0118686,0.0167442)
(-0.00303095,0.00843896)
(-0.00709881,0.00657748)
(-0.00511991,0.0160634)
(-0.00206395,0.0127831)
(-0.00440802,0.0118566)
(-0.0111301,0.0127113)
(-0.0310797,0.0443537)
(-0.00751971,-0.0180941)
(-0.141409,0.084942)
(-0.0119097,0.00426844)
(0.0175019,-0.0116427)
(-0.00818322,0.00976338)
(0.00453645,-0.0230859)
(-0.0157491,0.100671)
(-0.00616878,0.088987)
(0.0195955,0.0306658)
(-0.014403,0.0337554)
(0.0237312,0.0149964)
(-0.00462845,0.00861321)
(0.0148498,0.0119405)
(-0.006941,0.00600261)
(0.00524835,-0.0012665)
(0.00431442,0.00377286)
(-0.00294745,0.00184807)
(0.00070273,-0.0129718)
(-0.000656555,-0.00011521)
(-0.00247638,0.00381567)
(-0.0174292,0.0327032)
(-0.0375571,0.0443562)
(0.0435584,0.0619817)
(0.0485581,0.0901422)
(0.0185683,-0.133671)
(0.0217042,0.0947906)
(-0.0136105,-0.0182907)
(0.00828796,0.0496365)
(0.015427,0.000125614)
(0.013049,0.00268395)
(0.0192811,0.00179601)
(0.0111509,-0.00369776)
(0.0112709,0.00544117)
(0.00878718,0.00149024)
(0.0118185,-0.00652867)
(0.0102746,-0.00798723)
(0.00408654,-0.00621825)
(0.0142657,-0.0220998)
(0.0102314,0.00330007)
(0.00974472,-0.0320285)
(0.0108325,0.00564219)
(-0.0103632,-0.0251108)
(0.0133664,0.0259299)
(-0.000658911,0.00818176)
(-0.0106103,-0.0195393)
(0.0032763,0.0106142)
(-0.00280642,-0.00151389)
(0.00591908,0.0001109)
(0.00705346,-0.0111416)
(0.00976585,-0.0167274)
(0.0151973,-0.00130728)
(0.0113455,-0.00936411)
(0.00921935,0.00919398)
(0.0060869,0.000509932)
(0.0174269,-0.0023459)
(0.00770255,-0.00896927)
(0.0108716,0.00198665)
(0.010037,-0.0191685)
(0.0105838,0.00239648)
(0.00793835,-0.0280196)
(0.0161115,0.00702696)
(-0.00309023,-0.0353429)
(0.00198764,0.0137225)
(-0.020528,-0.0144945)
(-0.0065513,0.00118772)
(-0.00744329,-0.00351355)
(-0.00286402,-0.00806524)
(-0.00125955,-0.00828222)
(0.000103669,-0.00751632)
(0.00578584,-0.0122156)
(0.0100187,0.00217841)
(0.0039453,-0.0109679)
(0.00460403,0.00840713)
(0.000736235,-0.00105921)
(0.0122976,0.0012949)
(0.00313458,-0.00345458)
(0.0102813,0.000378365)
(0.00363307,-0.00740661)
(0.00721228,-0.000265451)
(0.00873294,-0.0132395)
(0.00773222,0.00127146)
(-0.000502528,-0.0137026)
(0.00114475,-4.74211e-05)
(-0.00781774,-0.0126444)
(-0.00100451,0.00471498)
(-0.00666305,0.000899845)
(0.00648454,-0.00734095)
(0.00432432,-0.00235287)
(-0.00547262,-0.000604644)
(0.0111361,-0.00888409)
(-0.00341055,0.00718031)
(0.00686096,-0.00781716)
(-0.00753624,0.00362241)
(0.00401693,-0.0037714)
(-0.00131423,0.00770524)
(-0.0046848,0.00484943)
(-0.00577295,0.0100714)
(0.003437,0.00990596)
(-0.00664176,0.00752924)
(0.00165766,0.00375675)
(-0.00816102,-0.00326175)
(0.00984418,-0.00098407)
(0.00110956,-0.0124226)
(0.00752916,-0.00226251)
(0.00506772,-0.0137072)
(0.00805327,-0.00693805)
(0.0120041,-0.0205273)
(0.0135768,-0.00769147)
(0.00414626,-0.0166148)
(0.0171299,0.00467797)
(0.00809039,-0.00688763)
(0.0141792,0.00481454)
(0.00305125,-0.00857077)
(0.00612103,0.0053893)
(-0.00493387,0.0061349)
(-0.0102577,0.00743452)
(-0.00638547,0.00967401)
(-0.0096028,0.0065155)
(-0.0135574,0.00821053)
(-0.00068777,-0.00256591)
(-0.0115359,-0.00127862)
(0.0124579,-0.00235225)
(-0.00151848,-0.00883843)
(0.0172782,-0.0055653)
(0.016957,-0.0238607)
(0.0157883,0.00317115)
(0.0247658,-0.0266568)
(0.0145009,-0.00198376)
(0.0199538,-0.030843)
(0.0180667,0.0131028)
(0.0129016,-0.0168649)
(0.0178246,0.0144507)
(0.0167363,-0.00913358)
(0.0145154,0.0136655)
(-0.00954485,-0.00143733)
(-0.0140565,0.00995298)
(-0.0164119,-0.00142652)
(-0.0108697,0.00116843)
(-0.0168747,0.00425882)
(-0.00203803,-0.0125241)
(-0.0162409,-0.00271567)
(0.0087515,-0.0158906)
(-0.00623982,-0.00955818)
(0.00885964,-0.0238555)
(-0.00037237,-0.00784796)
(0.00880688,-0.0207352)
(0.03247,-0.0252767)
(0.000544099,0.00258086)
(0.0186271,-0.018406)
(0.0108637,0.0150036)
(0.0141488,-0.000486821)
(0.0177816,0.0254246)
(0.0111132,0.00171889)
(0.0130298,0.0230442)
(-0.0213244,0.00270983)
(-0.00275448,0.00979341)
(-0.0233063,0.00206548)
(-0.00719491,0.00137617)
(-0.0271775,0.00133746)
(0.00243521,-0.00391495)
(-0.0193245,-0.00951828)
(0.0106441,-0.00736851)
(-0.0487836,-0.0320791)
(0.00430506,-0.0101506)
(-0.0350458,0.0535515)
(-0.0171224,-0.0196069)
(0.0114347,0.000802593)
(-0.0076166,-0.0127295)
(0.0202016,-0.00536721)
(-0.00327633,0.00132884)
(0.00218392,0.00343963)
(0.00321225,0.0123679)
(0.00870796,0.0161207)
(0.00723829,0.0113698)
(-0.0157974,0.009204)
(-0.00258446,0.0171112)
(-0.0163634,0.0125035)
(-0.00301558,0.00630172)
(-0.00975344,0.00615815)
(0.000922412,0.00988168)
(0.0160242,0.0329758)
(0.00463857,0.0276802)
(-0.0272264,-0.0172759)
(0.0308047,0.0530399)
(-0.0293129,0.119029)
(0.00863193,0.0257891)
(-0.00495193,0.00651535)
(0.0203122,-0.00290072)
(-0.000639343,-0.00646549)
(-0.00517268,-0.00341894)
(-0.00364018,0.00475221)
(0.000929185,0.00362804)
(-0.00391472,0.00848024)
(-0.00132537,0.00126969)
(-0.0079546,0.0085878)
(0.00703763,0.0161977)
(-0.0162629,0.0154117)
(0.0110612,0.00694141)
(-0.0214408,0.0113461)
(0.00962304,0.00371875)
(0.00044218,-0.0216653)
(-0.0248969,0.00599575)
(0.0631615,-0.109512)
(-0.0018702,-0.0682916)
(0.0544882,0.015018)
(-0.027768,-0.0530052)
(0.0105014,0.0388506)
(-0.0216791,0.0226466)
(0.00643028,0.00438675)
(-0.00644196,0.00232076)
(-0.00204497,0.000354264)
(-0.011224,-0.00254481)
(0.0051238,0.0106066)
(-0.00398341,-0.00294299)
(-0.0123413,0.00691247)
(0.012987,0.00747587)
(-0.00971157,0.014622)
(0.0190539,-0.0077719)
(-0.0157303,0.0109113)
(0.0159554,-0.0250818)
(-0.0160224,0.0100812)
(0.00770014,-0.0108297)
(0.00319785,0.0034788)
(0.0105617,0.00245529)
(-0.00611657,-0.0224372)
(0.00289959,-0.0030778)
(0.00141961,0.009875)
(-0.00356334,0.00687551)
(-0.00183413,-0.0138473)
(0.00135894,-0.0115715)
(-0.00346782,3.8224e-05)
(0.00924833,-0.0177622)
(0.00421947,0.0124234)
(0.00112735,-0.00647276)
(-0.000698995,0.00288283)
(0.0129686,-0.00518046)
(-0.004615,0.0127521)
(0.0230278,-0.0174584)
(-0.00745558,0.0189835)
(0.0234295,-0.0411781)
(0.00130948,0.0153129)
(0.00696663,-0.0445917)
(-0.0044923,0.0284891)
(-0.00591844,-0.0233665)
(-0.0154518,0.00823964)
(-0.00943313,0.00267748)
(-0.0106654,0.00586742)
(-0.00632543,-0.00862899)
(-0.00737953,-0.00584741)
(0.00472204,-0.0179406)
(0.00737333,0.000882938)
(0.00629702,-0.0151523)
(0.0112163,0.00709293)
(0.00148284,-0.0029097)
(0.00875944,0.0128998)
(0.00302024,-0.00267009)
(0.0089776,0.0111265)
(0.0100641,-0.0218527)
(0.00556205,0.0160156)
(0.0114115,-0.0338798)
(0.00233046,0.0138272)
(0.0100225,-0.043697)
(0.00340068,0.0101321)
(-0.00621182,-0.0267677)
(-0.0123749,0.0159474)
(-0.00148828,-0.0128733)
(-0.00179119,-0.00619113)
(-0.000666545,-0.00927985)
(-0.00457679,-0.00397445)
(0.00237553,-0.0175103)
(0.00739683,0.00786087)
(-0.00160404,-0.0077139)
(0.00104049,0.00506611)
(-0.00379769,0.00348102)
(0.00586196,0.00942504)
(-0.00465845,0.00314728)
(0.00906433,0.0134405)
(0.00331498,-0.00750176)
(0.0107691,0.00832545)
(0.00914853,-0.0218516)
(0.00272465,0.00848454)
(0.00510915,-0.0221082)
(-0.00541005,0.00895472)
(-0.00252747,-0.0152028)
(-0.00156259,0.00375258)
(0.000323318,-0.0089594)
(0.00180282,0.000711108)
(0.00702388,-0.00541158)
(-0.0029413,0.00959052)
(0.0148298,-0.00663641)
(-0.000531261,0.0133714)
(0.00669486,-0.0068606)
(-0.00545083,0.00959718)
(0.0041031,-0.00203162)
(-0.00204091,0.00299435)
(-0.00727358,0.0066566)
(-0.00178231,0.00375419)
(-0.000409006,0.00395839)
(-0.00636475,0.00864976)
(0.0106733,0.00254771)
(-0.00356846,0.00212653)
(0.00532002,-0.000925004)
(0.00110246,-0.00744272)
(0.00503027,-0.000565227)
(0.00466064,-0.018006)
(0.00330812,-0.00943496)
(2.0241e-05,-0.0176786)
(0.00353326,-0.00314005)
(0.00140118,-0.0117902)
(0.0156747,0.00155498)
(-0.0074069,-0.00650394)
(0.00950026,0.00705967)
(-0.000341259,0.00186547)
(0.00831548,0.00144214)
(-0.00145471,-0.0055444)
(-0.0123706,0.000984885)
(-0.00115861,0.00330222)
(-0.00487655,-0.0017201)
(-0.00172334,0.00169154)
(0.000371325,0.00315222)
(-0.00519119,0.00997614)
(0.0107376,0.00910194)
(0.0049674,-0.0036416)
(0.00953309,0.00235667)
(0.019475,-0.0166019)
(0.00144182,0.000683397)
(0.0217486,-0.0326853)
(-0.000608309,-0.000402198)
(0.0140285,-0.028647)
(0.0173363,0.0122486)
(0.00838166,-0.0137668)
(0.0202449,0.0171958)
(0.00482788,-0.00618292)
(0.0102452,0.011145)
(-0.00532044,-0.0039591)
(-0.00796107,0.0053758)
(0.00995999,-0.0132539)
(-0.0056712,0.00974165)
(-0.00220645,0.000643579)
(-0.0018944,0.00306935)
(-0.0054652,0.00922348)
(0.000240429,-0.00108094)
(0.00328939,0.00421123)
(-0.00196535,-0.000101122)
(0.0143399,-0.0151326)
(-0.00697185,0.00404459)
(0.0252946,-0.0322074)
(-0.0101841,-0.00241298)
(0.0205791,-0.0292061)
(0.00395686,0.0130471)
(0.00563716,-0.01468)
(0.00977788,0.0288188)
(0.00910982,-0.00103425)
(0.0098824,0.0119017)
(-0.007807,-0.00744735)
(-0.00804407,0.00543116)
(-0.00871407,-0.0133793)
(-0.00354309,0.00609087)
(-0.00558576,-0.0030871)
(-0.000777974,-0.00640305)
(-0.0126633,0.00272987)
(0.00209645,-0.000546078)
(-0.0133184,-0.00653169)
(-0.00774897,-0.00993764)
(-0.0106419,-0.00216127)
(-0.0159463,-0.00229126)
(0.0201727,-0.0329867)
(-0.015071,-0.00655369)
(0.00288089,-0.0229433)
(-0.0111555,0.00760121)
(0.00244909,-0.000560204)
(-0.00222539,0.0154512)
(-0.000115834,-0.00571783)
(0.000973644,0.0171877)
(-0.0042048,-0.00199463)
(-0.0040406,0.00964934)
(-0.00260809,-0.00314852)
(0.000280709,0.00689667)
(-0.00267722,0.0038378)
(0.00845942,0.00158815)
(-0.0153352,-0.000961058)
(0.00858706,0.000236966)
(-0.0323423,-0.0143522)
(-0.00771675,0.0153655)
(-0.031203,0.0127452)
(-0.0158069,0.00614499)
(-0.0124694,-0.0184618)
(-0.0168877,-0.00447794)
(-0.0193923,-0.016386)
(-0.0113059,-0.00467733)
(-0.0180925,-0.00606573)
(-0.0111347,0.0112008)
(-0.00455214,0.00448387)
(-0.00299134,0.0078306)
(-0.00544371,0.00313181)
(-0.000979123,0.0175014)
(-0.00238121,0.00307505)
(0.00986792,0.0157898)
(-0.0155065,0.0143011)
(0.0181447,0.0001889)
(-0.0197744,-0.00466251)
(0.0144009,-0.000559127)
(-0.0108765,-0.0254597)
(-0.0104223,-0.013946)
(-0.00196668,0.0097082)
(-0.0234468,-0.00385951)
(-0.0108645,-0.00182737)
(-0.0191747,-0.000568702)
(-0.0235511,-0.0151396)
(-0.0116888,-0.00666359)
(-0.0211259,0.00117026)
(-0.00249405,-0.00711778)
(-0.0137726,0.0117743)
(-0.00361458,-0.0034257)
(-0.00486303,0.00225864)
(0.0166985,0.00854374)
(-0.00573156,0.00639344)
(0.0266946,0.00657044)
(-0.00848332,0.0128697)
(0.0321999,-0.00974387)
(-0.0154732,0.0139942)
(0.0194314,-0.0201699)
(-0.0207451,0.00937202)
(-0.000326542,-0.0127299)
(-0.0241119,0.0087756)
(-0.0142073,0.00202508)
(-0.020254,0.00318113)
(0.00170951,-0.010554)
(-0.0266806,-0.00287527)
(0.00545419,-0.025692)
(-0.0172519,0.00398957)
(0.00984849,-0.0175689)
(-0.00322429,0.00873014)
(0.00744159,-0.0144185)
(-0.00185201,0.00105588)
(0.013705,0.00553913)
(0.00470906,0.00398127)
(0.0223784,-0.00309254)
(0.00355984,0.0133349)
(0.0241929,-0.0232925)
(-0.00530236,0.0147784)
(0.0208728,-0.0441575)
(-0.00899571,0.0121351)
(0.00733883,-0.0298116)
(-0.022974,0.0213641)
(0.0056184,-0.0140408)
(-0.0152632,0.00402879)
(0.00724579,-0.0159393)
(-0.0187324,-0.00385348)
(0.00595803,-0.0167451)
(-0.011123,0.00516565)
(0.00942587,-0.0162631)
(-0.00658178,0.00774433)
(-0.00721877,-0.0106528)
(0.011714,0.00833257)
(0.00521872,0.00429233)
(0.0116021,0.0126812)
(0.0161489,-0.0101922)
(0.0189744,0.0144543)
(0.0194546,-0.028055)
(0.00686088,0.0103422)
(0.0198764,-0.0392471)
(0.00021658,0.008383)
(0.00631331,-0.0380059)
(-0.00338978,0.00532181)
(0.0176565,-0.0170135)
(-0.00198347,-0.00512022)
(0.00844431,-0.014844)
(-0.00582032,0.00909798)
(0.00332303,-0.010996)
(-0.00219807,0.0127834)
(-0.00279276,-0.0124784)
(-0.00596236,0.0116134)
(0.00476036,-0.00370174)
(0.00840891,0.00861031)
(0.00116085,0.00561704)
(0.0141835,0.00982653)
(0.0137207,-0.00380995)
(0.0152087,0.00808189)
(0.0136891,-0.0187695)
(0.00916619,0.0100219)
(0.0126339,-0.0300726)
(0.00404763,0.00199925)
(0.00780416,-0.0212142)
(0.00272528,0.00420993)
(0.00473761,-0.0142792)
(-0.00370859,0.00276887)
(0.00331132,-0.00298746)
(-0.00387696,0.0103595)
(0.00561881,-0.00807038)
(-0.0103929,0.022091)
(0.00292015,-0.00780858)
(-0.00966388,0.00948056)
(0.00271984,-0.00737356)
(0.00560976,-0.00228731)
(-0.00723807,0.005989)
(-0.00130098,-0.00148731)
(-0.00213901,0.00791173)
(-0.0111234,-0.00442567)
(0.00297178,0.00163922)
(-0.00861431,0.0040469)
(0.00581067,0.00562016)
(-0.00120365,-0.00430875)
(-0.000482085,0.000352171)
(-0.00126348,-0.0118173)
(-0.0044697,0.00256128)
(0.000585496,-0.0187728)
(-0.00317476,-0.001183)
(0.00352112,-0.0127287)
(0.00676147,0.00430745)
(-0.00880618,-0.000781715)
(0.00539956,0.006599)
(-0.00969223,-0.00225902)
(0.00609918,0.00564988)
(0.000972897,-0.0088888)
(-0.0113912,0.00760573)
(9.74084e-05,-0.0121992)
(-0.00358818,0.00288592)
(-0.00275505,-0.00108192)
(0.004799,0.00304548)
(0.00211392,0.00216871)
(0.00062428,0.00134055)
(0.00281139,-0.00190184)
(-0.00156029,0.00958257)
(0.0185254,-0.0262086)
(-0.0106573,0.00500771)
(0.020882,-0.0246508)
(-0.00922161,0.00294203)
(0.0136403,-0.0290837)
(0.00943748,0.00417823)
(0.000108959,-0.00713043)
(0.00667014,0.0114589)
(-0.00114509,0.00275364)
(0.00329815,0.00481647)
(0.00057265,-0.0143521)
(-0.00187879,0.000340299)
(0.00496847,-0.021634)
(0.00487674,0.00458435)
(0.00805142,-0.0102041)
(0.0017175,0.0050473)
(-0.00304335,0.00489802)
(-0.00441667,0.00633931)
(0.0037102,-0.00465947)
(-0.0128003,0.0155682)
(0.0189877,-0.0212576)
(-0.0202023,0.0084704)
(0.02427,-0.0394204)
(-0.01084,0.00870148)
(0.0198035,-0.0220415)
(0.00104418,0.0112247)
(0.0074333,-0.014359)
(0.00560734,0.0148475)
(0.00352034,-0.00437984)
(0.00472517,0.0129182)
(-0.00692215,-0.0180038)
(-0.000339369,-0.00476978)
(0.00700612,-0.0235454)
(0.00261375,0.00041187)
(0.00589831,-0.0105792)
(6.94227e-05,0.00251782)
(-8.23592e-05,0.00180495)
(-0.0175039,0.00128204)
(0.00167726,-0.000465569)
(-0.0205739,0.00739651)
(0.00849992,-0.0141043)
(-0.0233972,0.00672709)
(0.0148744,-0.0234859)
(-0.0176114,-0.00352619)
(0.00940194,-0.0227268)
(-0.00727579,0.00174397)
(-0.000727656,-0.0134635)
(-0.00201128,0.0130055)
(0.00242805,0.00182326)
(0.000534723,0.0109741)
(-0.00767238,-0.00764005)
(-0.00451762,0.00216829)
(0.00259912,-0.00857355)
(6.9092e-05,0.00636086)
(0.00522939,-0.0069606)
(0.00407247,0.00950562)
(-0.000365886,-0.00248577)
(0.00467862,0.0090473)
(-0.014112,-0.00284184)
(-0.0154552,0.0157375)
(-0.00541008,-0.00310923)
(-0.0195446,0.010524)
(-0.00838832,-0.0147082)
(-0.0167487,-0.00301273)
(-0.0194569,-0.0142413)
(-0.0039026,-0.00540851)
(-0.0187554,-0.00291495)
(0.000624345,0.00299113)
(-0.00862677,-0.00142227)
(-0.00403013,0.00570705)
(-0.00664743,-0.00209681)
(3.11173e-05,0.00595533)
(-0.00481699,-0.0065038)
(0.00711128,0.0207876)
(-0.00012494,0.00119868)
(0.0152495,0.0135534)
(-0.00837592,-0.000507041)
(0.00779465,0.0117087)
(-0.00782258,-0.00420301)
(-0.00691554,0.0104981)
(-0.0133805,0.00637195)
(-0.0217547,0.0115439)
(-0.0156007,0.00236228)
(-0.00836628,-0.0104773)
(-0.0302688,-0.00202559)
(-0.00436603,-0.0126858)
(-0.0272252,0.00120591)
(-0.00432048,-0.0014467)
(-0.011809,0.00765653)
(-0.00516307,-0.00378372)
(0.00223673,-0.00426091)
(0.00564403,0.00339706)
(0.00107115,0.000389888)
(0.0183413,0.0140638)
(0.0108011,-0.000114345)
(0.0221934,0.0145292)
(0.00542442,-0.000334166)
(0.0231219,-0.000121174)
(-0.0103127,0.00293907)
(0.00909742,0.0066752)
(-0.0151959,0.0143085)
(0.00273245,-0.00346655)
(-0.0192821,0.00495972)
(0.00444369,-0.014101)
(-0.0227055,0.00590883)
(0.00370709,-0.0140514)
(-0.0205824,0.00887605)
(0.00923854,-0.0221053)
(-0.0159891,0.0132412)
(-0.00326398,-0.0111385)
(0.0123312,-0.00624162)
(0.0133423,-0.000153003)
(0.022126,-0.00569356)
(0.0176644,0.0101819)
(0.0163845,-0.00483589)
(0.0163713,0.00394409)
(0.0110032,-0.00199495)
(0.0228181,-0.00568959)
(-0.00440596,0.00131039)
(0.0150124,-0.0181895)
(-0.00648136,0.00477172)
(0.0172425,-0.0103253)
(-0.0133551,-0.0016288)
(0.0109713,-0.0119522)
(-0.018898,0.00661705)
(-0.000188225,-0.0139871)
(-0.0264871,0.00202945)
(-0.00247501,-0.0107161)
(-0.0161834,0.00657377)
(0.00295145,-0.0107729)
(0.00998918,0.00438877)
(0.00569477,-0.00461393)
(0.0261061,0.00551786)
(0.0202864,0.000359362)
(0.0269755,0.0024759)
(0.018051,-0.0100963)
(0.012865,-0.00127744)
(0.0212728,-0.0174767)
(0.00876757,-0.00768182)
(0.0219503,-0.0183922)
(0.000533846,0.000812128)
(0.0167433,-0.012278)
(-0.00353691,-0.000410222)
(0.0106582,-0.0104296)
(-0.0111966,0.00408464)
(0.00217122,-0.00705447)
(-0.0186286,0.0142621)
(0.0115373,-0.00948012)
(-0.0183063,0.00710279)
(0.00529366,-0.00472179)
(0.00837144,0.00546796)
(0.00451881,0.00477967)
(0.0144463,0.0102653)
(0.00832831,-7.89901e-05)
(0.015941,-0.00017837)
(0.0151874,-0.00983981)
(0.00769165,-0.00351585)
(0.0117809,-0.0135604)
(0.00761856,0.00213553)
(0.0100103,-0.0160323)
(0.00307312,-0.00362626)
(0.00510519,-0.0064455)
(-0.00479287,0.00063362)
(0.0085391,-0.00335575)
(-0.0121615,0.0145004)
(0.00202021,-0.00613882)
(-0.0204146,0.0135995)
(0.00686292,-0.00603153)
(-0.0175083,0.0141135)
(0.0039435,-0.00858638)
(0.00160661,-0.00381867)
(-0.0032114,0.00217031)
(0.00408597,-0.0080512)
(-0.0056569,0.00465706)
(-0.00216766,-0.00419615)
(-0.000451169,0.0096281)
(0.000746992,-0.00435796)
(0.000808077,0.00135198)
(-0.000462744,-0.000997886)
(0.00459772,0.00116836)
(-0.00150554,-0.0117972)
(-0.00714411,0.000677897)
(0.00270696,-0.00561821)
(-0.00437616,0.00065952)
(0.00239516,-0.00734389)
(0.000906576,0.00248829)
(0.000345879,0.00196772)
(0.00591678,0.00445435)
(-0.00577419,0.0059426)
(0.00234247,-0.00263841)
(0.00502496,-0.00788357)
(-0.00450759,0.00505696)
(0.0032043,-0.00838099)
(-0.00435896,0.00462191)
(0.00340793,-0.00652634)
(-0.00100786,-0.000244199)
(0.000823302,-0.000611525)
(0.00557249,0.00580794)
(0.00388777,-0.00777854)
(-2.8915e-05,0.00331843)
(0.00585368,-0.0138182)
(-0.00700589,0.00720979)
(0.00853063,-0.0262166)
(-0.0017451,0.00475748)
(0.0136578,-0.0192672)
(0.00318226,0.00467764)
(-0.00227188,-0.00531113)
(0.00618824,0.0044046)
(-0.00263351,-0.00607466)
(0.00801667,0.00294214)
(0.00286181,-0.0126366)
(-0.000815285,-0.000695156)
(0.00611285,-0.0160869)
(0.00229772,-0.00468699)
(0.00662533,-0.0143515)
(0.00650838,-0.00594996)
(0.00514918,-0.0062836)
(-0.00502924,0.00435371)
(0.00470895,-0.00734363)
(-0.0110665,0.00797257)
(0.0126042,-0.0232865)
(-0.0179993,0.011916)
(0.0159899,-0.0193268)
(-0.0117514,0.000530792)
(0.0138811,-0.0168913)
(0.000918857,-0.00203845)
(0.00711259,-0.00637965)
(0.00246627,0.0075956)
(0.00112421,-0.00413561)
(0.00398567,0.00655668)
(0.0039215,-0.0113027)
(0.00292383,-0.00600623)
(-0.000540942,-0.0149914)
(0.00482593,-0.00310503)
(0.00647498,-0.0153936)
(-0.00376871,0.00375464)
(0.00556448,-0.00714827)
(-0.0104797,0.00261933)
(0.00566924,-0.00688924)
(-0.0196397,0.0110766)
(0.00899215,-0.00833834)
(-0.0253064,0.00597486)
(0.0115155,-0.0191966)
(-0.0147285,0.00524786)
(0.00603074,-0.0104353)
(-0.00274512,0.00114368)
(-0.000663517,-0.00339399)
(0.00478282,0.0083375)
(0.00626207,-0.00484048)
(0.00350667,0.00223257)
(-0.00315058,-0.0029182)
(-0.000750832,-0.0016079)
(0.00115747,-0.00281705)
(0.00191458,0.0010089)
(0.0087505,-0.00908858)
(0.00136217,0.00478004)
(0.00455123,-0.0073583)
(-0.0115757,0.00583598)
(0.00275638,-0.00274135)
(-0.0164302,0.0124226)
(-0.000233084,-0.00335875)
(-0.0181971,0.0066022)
(-0.00307906,0.00512017)
(-0.0115557,-0.00110923)
(-0.00800728,0.00144994)
(-0.00118896,-0.00666581)
(-0.011411,-0.000165442)
(0.000295187,0.00185544)
(0.00471188,-0.00181036)
(0.00137403,0.00172244)
(-0.00592505,-0.00246987)
(-0.000500236,-0.00503886)
(0.000244048,-0.00220687)
(0.00655583,0.00868866)
(0.00545377,0.000734933)
(0.00318495,0.0154607)
(0.00522634,-0.00461782)
(-0.000150907,0.00986034)
(-0.00240522,0.000712693)
(-0.00671607,0.0137996)
(-0.00643597,0.0112497)
(-0.0103337,0.00593465)
(-0.0151169,0.00969314)
(-0.00470467,-0.00793979)
(-0.0209919,0.00744909)
(-0.000885103,-0.00492752)
(-0.0206847,-0.00128301)
(0.00253091,-0.00524792)
(-0.00757226,0.00321641)
(-0.00343274,-0.00309572)
(0.00146191,-0.000117341)
(0.00443109,-0.00530203)
(0.00995407,-0.0041036)
(0.00448657,0.0146626)
(0.0134745,-0.0104222)
(0.0060506,0.0186577)
(0.0111259,-0.00124423)
(0.00804476,0.0186453)
(-0.00195252,0.000295919)
(0.00546005,0.00926473)
(-0.0160568,0.00672574)
(0.00337113,0.00204446)
(-0.0185779,0.00694589)
(0.00156987,-0.00435616)
(-0.0204034,0.00664607)
(0.00327175,-0.0111427)
(-0.0193829,0.00543242)
(-0.000704825,-0.0071517)
(-0.00802153,0.00587714)
(0.00556628,-0.00942074)
(0.00718613,-0.00754185)
(0.00318849,-0.0030872)
(0.0190864,-0.0108496)
(0.00574514,0.00912123)
(0.0198765,-0.00781914)
(0.00145577,0.0113698)
(0.0052387,-0.0104449)
(0.00486624,0.0101937)
(-0.00292867,-0.00204218)
(0.0131487,0.00725783)
(-0.0143942,0.0030371)
(0.0123643,-0.00296659)
(-0.0138278,0.00253529)
(0.0132756,-0.00383216)
(-0.0151251,-0.00111307)
(0.00168946,-0.00490869)
(-0.0138,0.000605893)
(0.00370425,-0.00691295)
(-0.0135779,0.00111668)
(-0.00367909,-0.00180866)
(0.00945142,-0.00355965)
(0.00574968,-0.00345068)
(0.0170886,-0.00211742)
(0.00728939,-0.00123965)
(0.0210637,-0.00598056)
(0.00885491,0.00427284)
(0.00628554,-0.00791581)
(0.010567,0.00138853)
(0.000556814,-0.00717866)
(0.0159787,-0.00313842)
(-0.00455653,-0.00573453)
(0.0136147,0.000167524)
(-0.00720185,-0.00272839)
(0.0139583,-0.00329701)
(-0.00952443,0.00366763)
(0.00759139,-0.00506592)
(-0.0199599,0.00292687)
(0.0083663,-0.00331687)
(-0.0142647,0.00335103)
(0.00886987,-0.00724558)
(0.00937961,0.00380461)
(0.00609425,-0.00190668)
(0.010423,-0.00256917)
(0.00521577,0.0021322)
(0.00871965,-0.00164792)
(0.00512928,-0.000778454)
(0.00743999,-0.00165478)
(0.00512264,-0.00441338)
(-0.00302892,-0.00977907)
(0.00609966,-0.00204146)
(-0.0036359,-0.000974003)
(0.0104303,-0.001564)
(-0.00972013,-0.00046668)
(0.00762221,0.00101061)
(-0.0143428,0.00169232)
(0.00698825,-0.000903982)
(-0.0156585,0.00828487)
(0.007765,-0.00636861)
(-0.00970204,0.000191252)
(0.00328084,-0.00366679)
