(0.00251758,-0.00131857)
(-0.00705747,-0.000330125)
(0.000293438,0.00416384)
(-0.0113936,-0.00333585)
(0.00332474,-0.0102523)
(-0.00600644,0.00850269)
(-0.00423947,-0.00760395)
(-0.00230366,-0.00213327)
(-0.000938082,-0.00224761)
(-0.00405196,0.00507231)
(-0.00663026,0.00899444)
(-0.0150413,-0.00446207)
(-0.00563947,0.00882544)
(-0.00368742,-0.00259718)
(0.00640503,0.00444226)
(-0.00218201,-0.00679915)
(-0.0133009,-0.00043226)
(-0.00182975,-0.000338045)
(0.00854573,0.00394601)
(0.00705686,-0.00296802)
(-0.00481322,-2.38283e-05)
(-0.00709836,-0.00545641)
(-0.0161401,-0.00662659)
(0.00245429,0.00333143)
(-0.0073859,0.00203014)
(0.00264649,0.00640229)
(0.00286244,-0.00638428)
(-0.00339668,0.00473035)
(0.00199482,0.00100893)
(0.0088331,-0.00642899)
(-0.0184215,0.00108056)
(0.00111932,0.00221083)
(-0.0145917,-0.00362934)
(-0.000373526,0.00549207)
(0.0149976,0.0137988)
(-0.00594597,-0.000959649)
(-0.00867527,0.00591794)
(0.00650311,0.00220092)
(-0.00937048,-0.00570027)
(-0.00607816,-0.0056428)
(-0.00349765,-0.0123079)
(-0.00421491,0.00215807)
(-0.00271716,-0.00158556)
(-0.0141474,0.00347722)
(0.000765365,5.32997e-05)
(-0.0012627,0.00194569)
(0.00577232,0.0144535)
(-0.004117,-0.0029865)
(-0.00243769,0.0101195)
(0.0133437,-0.00459669)
(0.00547911,0.0107613)
(-0.0117756,-0.000961525)
(-0.00641733,0.00466798)
(-0.00597276,-0.00772615)
(0.000244311,-0.00133744)
(-0.00809095,-0.0126559)
(0.00774623,0.00692665)
(-0.00158646,-0.00636681)
(0.00648007,0.00407997)
(-0.0063767,0.00143146)
(0.00479232,0.000644987)
(-0.000604735,0.00378413)
(0.00332648,0.00126319)
(-0.000556664,0.00722005)
(0.00299602,-0.00529514)
(0.0011695,0.0117675)
(-0.00378612,0.00283665)
(0.0133077,0.00127166)
(0.00808597,-0.00861139)
(0.0081003,0.0138127)
(-0.00611333,0.00173096)
(0.0112979,0.011233)
(-0.00171043,-0.00406732)
(-0.0128603,0.00509104)
(0.0112936,0.00447479)
(0.00208126,-0.0114718)
(-0.00242936,0.00845671)
(0.000851489,-0.0134909)
(-0.0147129,-0.0126731)
(0.00892929,0.00401281)
(-0.00359826,0.00488714)
(-0.00762383,0.00917937)
(0.00631033,-0.00155862)
(-0.00334966,0.0069777)
(0.00210424,0.00871721)
(0.00478585,0.00527947)
(0.00395394,-0.00224886)
(-0.00565305,-7.44047e-05)
(0.00166893,0.000382535)
(0.00276681,0.0162604)
(0.00919998,-0.00697423)
(0.0038855,0.00750329)
(-0.010559,-0.0067092)
(-0.0140343,-0.00232358)
(-0.00322229,0.000384364)
(0.00635599,0.00134059)
(0.000128815,0.00914455)
(-0.0049831,0.00863188)
(-0.00381613,-0.00563967)
(0.00232667,-0.0054103)
(0.000467553,0.00373989)
(-0.00155836,0.0143752)
(-0.000515164,0.0100672)
(0.00626701,0.00351391)
(-0.0124801,0.00898245)
(0.00722687,0.00132253)
(-0.00987269,0.00794367)
(0.00798219,0.00717661)
(-4.80465e-06,-0.00287975)
(-0.00270575,0.00579042)
(0.000951213,-0.00304303)
(-0.00109112,0.00673195)
(0.00207373,-0.000253746)
(-0.00774078,-0.00821652)
(-0.00745211,-0.0045909)
(-0.020769,-0.00378805)
(0.0033941,-0.0129879)
(0.00351423,0.00179192)
(-0.019852,-0.0120169)
(-0.0128396,0.00448089)
(0.00402626,-0.00122906)
(0.00094414,0.00895142)
(-0.00262575,0.00850302)
(0.00753037,0.00569143)
(0.000162624,0.000973271)
(-0.00652847,0.000829464)
(-0.00442002,0.000900594)
(0.00182519,-0.000393492)
(0.011548,-0.00242033)
(-0.0043497,-0.000336012)
(0.00878686,-0.00333475)
(0.00714559,0.00937575)
(0.00694922,0.000617817)
(-0.00314761,0.00189921)
(0.00617047,-0.00913388)
(-0.00973433,0.000235218)
(-0.00156047,0.00133219)
(0.00833717,0.0122056)
(-0.00824739,-0.0061777)
(0.00714709,-0.00119998)
(-0.00229863,-0.00118625)
(0.020782,0.0136305)
(-0.0152113,-0.000232164)
(0.00496581,0.0064559)
(0.00449977,-0.00291314)
(-0.000172153,-0.00234975)
(0.00536745,0.00572705)
(0.00409996,0.00618039)
(-0.0206674,-0.00871657)
(-0.00133302,0.00438821)
(-0.00160659,0.00678724)
(-0.00525709,-0.00562749)
(-0.00337019,-0.0125821)
(0.00508538,-0.00724797)
(0.0073202,0.000163151)
(-0.0106835,-0.00240642)
(0.00754152,-0.010292)
(-0.00118814,-0.000401874)
(-0.00372772,0.00219793)
(-0.000718541,0.000745268)
(0.00453823,-0.011991)
(0.000304887,0.00307329)
(0.0141122,0.00630549)
(0.00711189,0.00713538)
(-0.0135733,0.00856378)
(-0.00184665,0.0112914)
(-0.00935213,0.000540738)
(-0.00253734,-0.00162567)
(0.00880187,0.00405659)
(-0.0116157,0.00379514)
(0.00422795,0.00679432)
(-0.0107319,0.00491587)
(0.00271239,-0.00616036)
(-0.00123267,-0.00041924)
(0.00471655,-0.00217742)
(0.0103602,0.000976913)
(-0.00050702,-0.00254945)
(0.00653817,0.000549103)
(-0.0042232,-0.00228709)
(0.0044084,-0.00863558)
(-0.00103777,0.0041741)
(-0.000844889,-0.00499705)
(0.00165073,0.00392347)
(-0.00833951,-0.00335248)
(-0.0043348,0.0108356)
(0.000935271,-0.0018376)
(-0.0136171,0.00722061)
(-0.0140667,0.00969884)
(0.00243918,0.019019)
(-0.0134834,-0.00813368)
(-0.000546694,0.000518702)
(-0.00346942,-0.00497077)
(-0.00950428,-0.0073568)
(0.00199971,-0.000865834)
(0.00660741,-0.000777329)
(0.0048334,-0.00547205)
(-0.00539842,-0.00356481)
(0.00513912,-0.00513995)
(0.00768355,-0.0104918)
(0.00197896,-0.0093044)
(-0.00712536,-0.00265274)
(-0.0115844,-0.0023593)
(-0.000332905,-0.0130622)
(-0.0112986,0.00392004)
(-0.00659988,-0.00873012)
(-0.0079539,0.00292089)
(-0.00426621,-0.00359053)
(-0.00227369,0.00697633)
(-0.00104084,-0.00173463)
(-0.0076009,-0.00571593)
(-0.003797,0.00110337)
(-0.00295505,0.0040769)
(0.00911564,0.00693469)
(-0.00855457,0.0157626)
(0.00251024,0.0062596)
(-0.0108336,-0.00809584)
(0.0015865,0.00405811)
(0.00170661,0.00119118)
(-0.00261362,0.0124404)
(-0.00386621,0.0013538)
(0.0040024,-0.00586638)
(-0.0105542,0.00286184)
(-0.00253281,-0.000851411)
(0.00236869,0.00019579)
(-0.00339314,-0.000946371)
(-0.00636695,0.00950947)
(0.00236826,0.00491303)
(0.00525079,-0.00947107)
(0.00525744,-0.00507476)
(0.00961181,0.00662391)
(-6.71705e-05,0.00362546)
(-0.0127754,0.00689491)
(-0.0101964,0.0057386)
(-0.0044287,-0.00167274)
(-0.00915934,-0.00941529)
(-0.00939273,-0.00415492)
(0.00674829,-0.00305001)
(-0.00484701,0.00225206)
(0.0113128,-0.00482033)
(-0.00665429,-0.00899976)
(0.00670683,-0.00192477)
(-0.0135532,-0.00761693)
(0.00807776,0.004199)
(-0.0181427,-0.00326013)
(-0.00139995,0.0130067)
(0.00633104,-0.000621706)
(0.00604617,-0.0167437)
(-0.00632618,-0.00347827)
(0.0197459,0.00589059)
(9.02044e-06,-0.00696166)
(-0.0207583,0.0119208)
(0.00459274,-0.00380357)
(0.00484586,0.00179791)
(-0.0156433,0.0145944)
(-0.00498889,0.00508293)
(-0.0156868,-0.00282493)
(-0.00404185,-0.00886639)
(0.0107692,-0.0131257)
(0.00760961,-0.014031)
(0.00186842,0.00604279)
(-0.000174949,-0.00107399)
(0.0103318,0.00492267)
(0.00249638,-0.00438412)
(0.000525791,0.00101715)
(-0.000602533,-0.000451509)
(0.0023211,0.0101673)
(0.00432566,-0.0179939)
(-0.00571201,0.0160878)
(-0.00419579,-0.00521402)
(0.0107706,-0.00345648)
(0.0233972,0.00656334)
(-0.0019025,0.0201417)
(-0.00988782,0.0102997)
(-0.00278617,0.0131711)
(-0.00294471,0.00331162)
(0.00663781,0.00930961)
(-0.0107745,-0.00109434)
(-0.00295464,-0.00218755)
(-0.00174283,0.00109455)
(0.00346538,-0.00778762)
(0.00516292,0.00687078)
(-0.00338365,0.00484207)
(-0.00707016,-0.00404419)
(-0.00191802,0.00185177)
(-0.010029,0.00191341)
(-0.0119819,-0.00935226)
(0.0120949,0.0112518)
(-0.00499384,0.000481288)
(0.0198411,-0.00876809)
(-0.00214098,0.00974282)
(-0.0114411,-0.0116889)
(-0.00199181,0.0195125)
(0.00182822,-0.00793607)
(0.00200845,-0.00459694)
(0.00443509,0.0013355)
(-0.00231737,0.0172868)
(-0.00150475,-0.000556338)
(0.000581178,0.000732541)
(-0.0124134,0.00676614)
(-0.00786986,0.00218585)
(0.00532011,-0.0056128)
(-0.00323948,-0.00762486)
(0.00273421,0.00485983)
(0.00557825,0.00893522)
(-0.0049809,0.00843904)
(0.00790397,0.00133638)
(0.000384358,-0.0122595)
(-0.004842,-0.00292068)
(0.0116697,-0.00615358)
(-0.00261039,-0.00920901)
(0.00584496,0.00713865)
(-0.00329611,-0.000234842)
(0.0148419,-0.0100926)
(-0.000145427,0.00476863)
(0.0026047,0.00815214)
(-0.0214795,-0.014457)
(0.00503442,-0.000643249)
(-0.014476,-0.000637328)
(-0.0114685,-0.00787185)
(-0.00585243,-0.0114928)
(-0.000944732,-0.00276286)
(0.0168431,-0.00106558)
(-0.00977971,-0.00586553)
(-0.0100554,-0.00137241)
(0.013662,0.0205493)
(-0.0061169,0.00157461)
(0.0213466,-0.00473256)
(-0.0105424,-0.0198281)
(-0.0186893,-0.00458952)
(-0.0098566,0.00123725)
(0.0067319,0.0138587)
(-0.00447314,-0.00303801)
(0.0189163,-0.00422748)
(0.00923898,0.00709351)
(0.00640486,0.0226012)
(0.00930713,-0.00263973)
(0.00222821,-0.00248119)
(0.00820501,0.0131546)
(-0.0114064,-0.0112383)
(-0.000741227,-0.00235457)
(-0.0109269,-0.0024806)
(0.000666546,0.00250295)
(-0.00255329,-0.00769992)
(-0.009,-0.0102137)
(0.00667671,0.00997444)
(-0.0195801,-0.007921)
(-0.000597877,0.0110025)
(-0.0181573,0.00173168)
(0.0113685,-0.0173039)
(-0.00587425,-0.00637041)
(0.00962868,-0.00755718)
(0.00314816,-0.00527669)
(0.00692359,0.0234804)
(0.00279007,-0.00164722)
(-0.00194656,-0.00629555)
(-0.0121828,-0.0189523)
(-0.00138232,-0.00618336)
(-0.000489911,-0.00201636)
(-0.00257095,-0.00703763)
(-0.00731572,0.00389614)
(-0.00133415,-0.00450498)
(-0.00672724,0.00245267)
(-0.00802404,0.000681395)
(-0.00207504,-0.00767763)
(0.0111647,0.00202996)
(0.0113154,-0.00827102)
(0.000881516,-0.00437477)
(-0.0150408,-0.00254088)
(-0.00348439,-0.00947832)
(-0.0135174,0.000647702)
(0.00358134,-0.00277223)
(-0.00771778,-0.00662095)
(-0.0014859,-0.0113774)
(-0.00145617,-0.0114863)
(0.0101263,0.00243717)
(-0.00427795,-0.0134057)
(-0.00907104,0.000572694)
(0.0138163,-0.000667977)
(-0.0174241,-0.00352779)
(0.00340226,0.0062996)
(-0.000321245,-0.00723654)
(-0.0135655,0.000179098)
(0.00629807,9.26647e-05)
(0.00874943,0.000221349)
(-0.0149781,0.00108195)
(0.000909481,0.0121679)
(-0.00503322,0.0158369)
(-0.00770025,-0.00597104)
(-0.01648,0.00224547)
(0.000296329,0.00732795)
(0.000804485,0.00843003)
(-0.00664684,-0.00539238)
(0.00310068,-0.0142613)
(-0.000721907,-0.00723588)
(-0.0111267,0.0117392)
(-0.00354418,0.0050331)
(-0.0137697,-0.0013011)
(-0.00744873,0.00229551)
(0.00322826,0.00564305)
(-0.00163452,-0.00574667)
(-0.00678863,-0.0100533)
(-0.00279103,-0.000238875)
(-0.000605841,0.00725245)
(-0.00823114,0.0101414)
(-0.014295,0.000613508)
(0.0064882,0.00983857)
(-0.0188152,-0.00819161)
(0.00503356,-0.00456546)
(-0.00641651,-0.013162)
(-0.0134319,0.00399877)
(-0.0027057,0.0122204)
(-0.0158218,0.00585644)
(-0.00940038,-0.00539462)
(0.00264147,-0.0131727)
(-0.00108998,-0.0134794)
(-0.0158312,-0.00978656)
(0.00597462,0.00835027)
(0.00398003,0.0100457)
(0.000772713,0.00535233)
(0.00707334,-0.00705128)
(-0.00250037,-0.00263404)
(0.000764096,0.00791747)
(0.00929268,0.0164866)
(-0.00956183,-0.00330384)
(-0.0129981,-0.00826524)
(0.00903798,-0.00302351)
(0.00309824,-0.0117364)
(-0.000882517,0.00312137)
(-0.0142232,-0.00123978)
(-0.00527767,-0.00846384)
(0.00276454,0.00269775)
(-0.00198887,-0.00689461)
(0.00871082,0.00369458)
(-0.0113938,0.0144549)
(0.000803855,-0.00827973)
(-0.0112281,-0.00908795)
(0.0030838,-0.0146892)
(0.0140145,-0.00687152)
(-0.00958776,0.000561881)
(0.00230135,-0.00375512)
(0.0133611,0.00508716)
(-0.0141099,-0.00353283)
(-0.00859589,0.00706668)
(0.00305787,-0.0169263)
(-0.00180678,-0.0112902)
(-0.015105,-0.00209532)
(-0.00402502,-0.0221012)
(-9.14565e-05,0.00649082)
(-0.0124418,-0.00257253)
(0.0107692,-0.0128598)
(0.00763764,0.00353596)
(-0.00242557,0.00628459)
(0.000523043,0.0260785)
(0.0343296,0.0210413)
(-0.0124442,-0.0163608)
(0.00131137,0.0196985)
(-0.0088708,-0.0204859)
(0.00189707,0.00335056)
(-0.000566623,-0.0140322)
(0.0172993,-0.0081932)
(0.00277848,-0.00223689)
(0.000327822,-0.00445017)
(0.00295938,-0.00309225)
(-0.00523567,0.00450013)
(-0.0249778,-0.0127534)
(-0.0262532,0.0011797)
(0.0150289,0.0144222)
(0.0126196,-0.0119657)
(0.0106149,0.013955)
(-0.00431889,-0.0232377)
(-0.00790709,-0.055862)
(-0.0289684,-0.0229983)
(0.0181501,-0.00060032)
(0.00740894,-0.037313)
(0.000601975,0.015135)
(0.00986503,0.0170364)
(-0.011722,0.000139714)
(-0.004607,-0.00442079)
(0.00195753,0.0028782)
(0.00155681,0.000154291)
(-0.00697418,-0.00145258)
(0.00219773,-0.00657378)
(-0.00849171,-0.00140197)
(-0.00182028,0.00298354)
(-0.00613989,0.0147141)
(-0.0289763,-0.0108422)
(0.0321203,0.0258492)
(0.00652107,0.0120414)
(0.0276642,0.003224)
(-0.00106879,-0.0089437)
(0.0163055,0.000326554)
(-0.00418216,0.00217304)
(0.00475366,0.0156629)
(0.0173044,-8.42369e-05)
(-6.80406e-05,0.00397146)
(-0.00595147,-0.0162192)
(-0.0115574,-0.0106788)
(-0.0147538,0.0085364)
(0.00652742,0.00799618)
(-0.00245674,-0.00907335)
(0.0108031,-0.000379366)
(0.00884169,0.0111792)
(0.000908506,0.00403111)
(0.00574915,-0.00411852)
(-0.0164513,-0.00512501)
(-0.0104448,0.011245)
(-0.0101059,-0.0552902)
(-0.00793505,0.0326764)
(0.00792865,-0.00208555)
(-0.0138658,-0.00159829)
(0.00253886,-0.0125121)
(0.00507864,0.0192846)
(-0.0192857,-0.0232556)
(-0.00389936,0.0350709)
(0.0287152,-0.0183184)
(-0.00531791,-0.0071515)
(-0.0200095,-0.00391739)
(-0.0099611,-0.00752921)
(0.00241578,-0.00977503)
(-0.00398326,-0.0031099)
(-0.000817886,0.00151857)
(-0.0111409,-0.00299568)
(0.00292736,0.00601253)
(-0.0147844,-0.00409118)
(0.00708628,0.00195929)
(-0.0136254,-0.0237067)
(-0.0203962,-0.0230278)
(-0.0178697,0.00134631)
(0.0208864,0.0319305)
(-0.0073208,-0.0307867)
(0.0318672,0.00646355)
(-0.0382389,-0.0109281)
(-0.0103941,-0.00591318)
(-0.0082591,-0.00385623)
(-0.0156342,0.0189707)
(0.000719873,-0.00119647)
(0.000792811,0.0189996)
(0.0217491,0.00481864)
(0.0116584,0.00194201)
(-0.00300295,0.00299323)
(-0.00207333,-0.0111105)
(-0.00335782,-0.00877474)
(0.00151568,0.0210554)
(-0.017103,-0.00425993)
(0.0118363,0.0112964)
(-0.0128035,0.00723548)
(0.0196404,-0.0204549)
(-0.0104973,-0.0190249)
(-0.0126551,-0.0053616)
(-0.0144891,-0.00860021)
(-0.00409969,0.00974403)
(-0.0217543,-0.00728295)
(0.0179134,0.0141698)
(0.0200378,-0.0132086)
(0.0053719,0.0286877)
(-0.000872433,-0.00335771)
(-0.00875378,-0.00760088)
(-0.00322535,-0.00359478)
(0.00579464,-0.00598795)
(-0.00234126,0.00354192)
(0.0146968,0.00367506)
(-0.00642117,0.00702767)
(0.0104315,0.00603589)
(0.00343118,-0.00600849)
(-0.00778439,-0.0035102)
(0.00521703,-0.0012653)
(0.00797202,0.0123547)
(-0.00821921,0.0055184)
(-0.00548567,-0.0300073)
(-0.00723098,-0.00253349)
(0.0106912,-0.00249053)
(0.00732592,-0.00661042)
(0.0109625,0.0133307)
(-0.00872456,-0.0174163)
(-0.0137972,0.00511295)
(0.00596206,-0.00889258)
(-0.00551422,-0.0126788)
(0.00667314,0.00539328)
(-0.000925446,0.00773199)
(0.0102753,0.013839)
(-0.000274464,0.00577071)
(0.0107373,0.00755876)
(0.00282515,-0.00308545)
(0.00238278,0.00603018)
(0.000314523,0.00191783)
(0.0142675,-0.00406614)
(-0.0170755,-0.00107133)
(-0.0169661,0.00720468)
(-0.000711897,0.00999343)
(0.00561506,0.0137401)
(-0.0128796,-0.0139848)
(0.018224,0.00571333)
(-0.0058479,-0.00767104)
(-0.00123485,-0.000859148)
(-0.000593557,-0.00955978)
(-0.0026874,-0.00997974)
(-0.00929783,0.00995747)
(-0.00237375,0.00594452)
(0.000518957,0.0113568)
(-0.0118299,-0.0109122)
(-0.00673368,-0.00919302)
(0.00768176,0.00246285)
(0.00432822,0.00228932)
(0.00752945,-0.014784)
(-0.00335124,-0.00905386)
(-0.000379415,0.00746931)
(0.0100555,-0.0126645)
(0.00157271,-0.00620668)
(-0.017147,-0.00859818)
(-0.00125466,-0.00697253)
(0.00546397,0.00607117)
(0.0127146,0.00567575)
(0.00201973,0.00298913)
(0.00359722,0.0127321)
(0.00602077,-0.00740523)
(-0.00601795,-0.00472279)
(0.0144561,0.00616541)
(-0.00145063,-0.00531436)
(0.00568304,0.0165953)
(0.00783403,0.00311027)
(0.0109175,-0.00234912)
(0.010548,-0.00103534)
(0.00291428,-0.00121309)
(0.00429525,0.00765038)
(-0.0052396,-0.00670348)
(-0.0147099,-0.00586573)
(0.00132221,-0.0233771)
(0.00125253,0.00593289)
(0.0306407,0.00574004)
(-0.00496596,-0.00632171)
(-0.0118818,0.0203808)
(0.00191522,-0.000110655)
(-0.00422158,0.0226052)
(0.0103504,0.0126642)
(-0.0011769,-0.00159739)
(-0.00555188,0.00490608)
(0.00995828,0.0026112)
(0.00217444,-0.000692708)
(-0.00406903,-0.00740109)
(0.012466,-0.0126857)
(-0.00344521,-0.0048622)
(0.0106881,0.00491352)
(0.00642951,0.00609241)
(-0.00983925,-0.00182433)
(-0.000847554,-0.0247829)
(-0.0265667,0.0185943)
(0.0242037,0.00677731)
(-0.00216709,-0.0212432)
(0.00164969,0.013485)
(0.00851048,-0.0307256)
(-0.00201832,-0.0406045)
(-0.0411387,-0.0114932)
(0.00144143,-0.000954346)
(0.0191555,-0.01859)
(-0.0219217,0.012488)
(0.0194907,0.0160981)
(-0.00802818,-0.00746858)
(0.0217877,0.00111901)
(-0.0177669,-0.0163278)
(0.00105259,0.00809968)
(0.0117454,0.00384087)
(-0.000408525,0.00179445)
(-0.0195834,-0.0184742)
(0.000525671,0.0142274)
(0.0132658,0.0112105)
(-0.014574,-0.0169821)
(-0.00788808,0.0859391)
(0.0738219,-0.0376437)
(-0.0709827,0.0578631)
(0.042131,0.0972647)
(-0.0466103,-0.133153)
(-0.0689607,0.0485191)
(0.0358667,-0.0608659)
(-0.0592358,0.00246851)
(-0.00191829,-0.000760659)
(0.00591446,-0.0336602)
(0.00264165,0.00517498)
(0.00691116,0.0143734)
(0.00735895,0.00237736)
(0.0040665,0.00450933)
(-0.00552298,-0.00919001)
(0.00320533,0.000374197)
(-0.00241419,0.00551568)
(-0.00494403,0.00824561)
(-0.00110151,0.0280934)
(0.00296157,-0.00561016)
(0.0121448,-0.00826889)
(0.0484386,-0.0860027)
(-0.00314384,-0.0317762)
(-0.0143226,-0.0171726)
(-0.0119276,0.0132098)
(0.00573384,-0.0132339)
(-0.0207954,0.074296)
(0.018252,0.0344367)
(0.00886198,0.0252627)
(0.00717635,-0.0180927)
(0.00158923,-0.000355054)
(-0.00965995,-0.0166365)
(-0.00520465,0.0022509)
(-0.00698586,0.00629007)
(-0.00722834,-0.0128531)
(-0.00382379,0.0088059)
(-0.010548,-0.00477643)
(0.0122873,0.0146693)
(-0.0298612,-0.0340116)
(0.0018066,0.0311898)
(-0.0170352,-0.0519919)
(0.0426763,-0.0340706)
(0.00576119,-0.00412186)
(-0.0052133,-0.0219858)
(0.00479287,0.00177599)
(0.0285346,-0.0174485)
(-0.119786,0.0546912)
(0.0189118,0.112802)
(-0.0262417,-0.0226018)
(0.000998305,0.0450977)
(-0.00142672,-0.0202992)
(0.00357487,-0.000523154)
(-0.00172314,-0.00222213)
(-0.00806338,0.000621113)
(-0.0137735,-0.00330255)
(-0.00847721,-0.00774813)
(0.00761249,0.0249056)
(-0.00167089,0.00480474)
(-0.0121259,-0.00540217)
(-0.0175754,0.0118545)
(0.0231687,-0.00858513)
(0.0227705,0.0340862)
(0.127578,0.0129317)
(0.185651,-0.0075953)
(0.0909007,-0.138185)
(0.00714622,-0.0217138)
(-0.0539801,-0.0616616)
(-0.0537885,0.0888881)
(0.0106116,-0.0028648)
(-0.0119342,-0.0113948)
(0.00640801,0.0193595)
(0.0146077,0.00329876)
(0.0123513,0.0031571)
(0.00867898,-0.000360412)
(0.00552001,0.00426764)
(-0.00372863,0.00139884)
(-0.0102016,0.00203939)
(-0.0159858,-0.0106394)
(0.0140299,0.00134654)
(0.00709992,-0.0150189)
(-0.0279438,-0.00541409)
(-0.0203625,0.0253396)
(-0.00922083,0.0330469)
(-0.0243602,-0.0196494)
(0.0255502,0.00800196)
(-0.0253979,-0.00950546)
(-0.00551501,0.0126663)
(-0.0217487,-0.00997635)
(0.0102359,0.0287446)
(0.0136516,0.0102496)
(0.0131123,0.0137801)
(-0.00462628,0.0044636)
(0.00737705,-0.00173898)
(-0.00495258,0.00213361)
(-0.000928245,0.00815854)
(0.0122023,-0.000107167)
(0.0187555,0.0138246)
(-0.00694787,-0.00597219)
(0.000870785,0.00663904)
(-0.00668306,0.00179568)
(0.000431339,-0.0125177)
(-0.00685066,-0.0172879)
(-0.0188998,-0.00520169)
(-0.0121941,-0.0127425)
(-0.014795,0.00380781)
(-0.0118301,0.00761526)
(0.000438943,0.00904256)
(0.00866063,-0.018279)
(0.00217509,0.00867601)
(-0.0100694,0.00803278)
(0.00676225,9.17177e-05)
(0.000521367,0.00496645)
(0.00710672,-0.00544728)
(-0.00122202,0.00662576)
(0.00869068,0.00823424)
(0.0049359,0.00220898)
(-0.00449916,0.00956441)
(-0.00319557,0.00532903)
(0.00326708,-0.00638221)
(-0.00420504,0.00543638)
(0.00561566,0.00485247)
(-0.00881645,0.00785988)
(-0.00512052,-0.000575237)
(-0.00476975,0.0119601)
(0.00308181,-0.00860926)
(0.00139232,0.00231999)
(0.0055693,-0.00169845)
(-0.00707766,-0.00955044)
(-0.0128296,0.00569053)
(-0.0271851,-0.0127902)
(-0.00235611,0.00169544)
(-0.0106352,-0.00598311)
(0.00245386,0.00383864)
(-0.00628673,0.0017431)
(0.00283205,-0.00556473)
(0.00475296,-0.0151268)
(-0.00857061,0.0022056)
(0.00064973,-0.00462042)
(-0.0114637,-0.00590455)
(0.00895182,0.0025215)
(-0.00112019,-0.00103854)
(-0.00398813,-0.00354304)
(0.00484762,-0.00671204)
(-0.0072704,-0.00746419)
(-0.00644927,0.00408454)
(0.00113739,-0.000863392)
(0.00955272,-0.00313647)
(0.00567101,0.00423265)
(0.00810422,0.00294327)
(0.0120226,0.0128497)
(0.000268161,0.000245186)
(-0.00797868,-0.00502026)
(0.00416093,-0.00629498)
(0.00068727,-0.0133373)
(-0.00717138,-0.00831323)
(0.00449534,-0.00339502)
(-0.00470305,0.00996268)
(-0.00819021,-0.0174262)
(-0.00777455,0.00220875)
(0.00512417,0.0187738)
(0.00202071,-0.00773231)
(0.000133412,-0.0110571)
(-0.0177119,-0.0101318)
(0.00389341,-0.0152943)
(0.00738742,0.00512718)
(0.00508833,0.0225489)
(-0.00564355,-0.00564782)
(-0.00474247,0.00152046)
(-0.00610914,-0.0115762)
(-0.00247414,-0.00215416)
(0.00645717,-0.000474393)
(0.00618665,-0.00685648)
(-0.0105115,0.0023039)
(-0.0117461,0.0057486)
(0.00221209,0.00732746)
(0.000201707,0.000735965)
(-0.00497355,-0.00289231)
(-0.00440734,0.0100577)
(-0.000349444,0.00385238)
(0.00977365,-0.0275903)
(-0.00986385,-0.00226814)
(0.042608,-0.00264731)
(0.0220155,0.00666811)
(-0.000425695,0.0132779)
(0.00400184,-0.00271148)
(0.0184357,-0.0155917)
(0.0182831,-0.00716025)
(-0.0188682,0.033676)
(-0.00217578,0.00301135)
(0.0019622,-0.0085578)
(-0.010382,-0.00926869)
(0.00115828,0.00290664)
(-0.00305155,-0.00780422)
(-0.00153259,-0.00429917)
(-0.00560911,-0.006867)
(0.00892983,-0.0052298)
(-0.0012014,0.00863358)
(0.0161603,-0.0029089)
(-0.000837405,0.0124281)
(0.0413141,-0.0119139)
(-0.0167554,0.0203128)
(0.0119135,-0.00511672)
(-0.00850468,-0.000715739)
(-0.00630588,0.0309902)
(-0.00807006,0.0226802)
(0.015006,0.010046)
(-0.0338136,0.00485138)
(0.0351714,0.124931)
(0.0208571,-0.00226284)
(0.0112363,0.028897)
(-0.000961902,0.00646605)
(-0.00848291,-0.00628918)
(-0.0166398,-5.00005e-05)
(-0.00985703,0.018177)
(0.00530508,0.00595589)
(0.00132907,0.00707053)
(-0.00132194,0.000953046)
(0.00635117,-0.00482506)
(0.0099338,0.0159734)
(-0.00892588,-0.0347964)
(-0.00571178,-0.0115263)
(-0.0314908,-0.0114809)
(0.00864426,0.0243879)
(0.00718691,-0.000656371)
(-0.0342511,0.0129744)
(-0.0127496,-0.0224601)
(0.00558129,-0.00363943)
(0.0417096,0.0187042)
(-0.00360517,0.0171537)
(-0.00724827,-0.0141916)
(-0.00807171,0.0107347)
(0.0103139,0.0204588)
(0.00223059,0.00104453)
(0.0028244,0.00395222)
(-0.00238299,-0.00794699)
(0.003904,0.00253479)
(0.00376062,0.0231377)
(0.00490053,-0.00986763)
(0.00565454,0.000494762)
(-0.0130411,0.0113278)
(-0.013764,-0.00912985)
(0.021474,-0.04212)
(-0.00491061,0.00840186)
(-0.0110736,0.0124942)
(0.00493128,-0.0030118)
(0.0266046,-0.00310784)
(-0.0183321,0.0297003)
(0.000484329,0.0212138)
(0.00486263,-0.000321331)
(-0.00558266,0.0033026)
(-0.00134158,0.0118191)
(0.00335924,0.000333307)
(-0.00834504,0.0043778)
(-0.0017211,0.0073065)
(0.00331757,0.00565201)
(0.00529566,0.00077547)
(0.0100295,0.00262354)
(-0.0119527,0.0020135)
(0.0060307,0.0117165)
(0.0116137,-0.0107915)
(-0.00179661,0.0181657)
(0.131246,-0.0954556)
(-0.0102948,0.00821278)
(0.0267574,0.00035694)
(-0.000627824,-0.00900319)
(0.0273333,-0.0288993)
(-0.0490751,-0.1393)
(0.123434,0.0986109)
(-0.0186385,-0.00306497)
(0.00178126,0.00942797)
(-0.000274103,0.00954579)
(-0.0121999,-0.0116019)
(-0.000559493,0.000280691)
(-0.00147574,-0.00281781)
(-0.00184071,0.00282237)
(0.0180475,-0.0031083)
(0.00572224,0.00711381)
(-0.00121382,-0.00879582)
(0.0174662,0.0206622)
(-0.0138926,0.0200996)
(0.027961,-0.0128968)
(0.0188676,0.0142298)
(0.0156639,0.0168108)
(-0.0125629,0.0199928)
(-0.000170197,-0.000733529)
(-0.0319392,0.00447577)
(0.00241255,-0.0199356)
(0.00932315,0.00944574)
(0.00449873,0.0115716)
(-0.00267657,-0.00549327)
(0.0017666,-0.0107398)
(-0.0078945,-0.00544535)
(-0.000925462,-0.00806882)
(-0.003221,-0.0105989)
(0.0100424,-0.000961631)
(-0.00455157,0.00792468)
(0.00346705,0.0171874)
(-0.0114942,-0.00925683)
(0.00802602,0.018411)
(0.00565171,-0.00456499)
(0.00696578,-0.00539174)
(-0.00576504,0.0196993)
(-0.000518019,-0.00550744)
(-0.0215036,-0.0135853)
(0.0187481,0.0105981)
(0.0111012,-0.00699042)
(-0.0105535,-0.00524827)
(-0.0109132,-0.00499496)
(-0.00342685,0.00563617)
(-7.48622e-05,0.000317545)
(0.0065656,-0.00797471)
(-0.0077598,-0.00343025)
(0.00124262,-0.0128846)
(0.00313328,-0.00862411)
(-0.002638,0.00979804)
(-0.000908557,0.00471122)
(0.00601195,0.00421418)
(-0.000752642,0.00800518)
(-0.00608127,-0.00372136)
(0.000879535,0.00161748)
(-0.00360361,0.0170336)
(0.00391448,0.00436005)
(0.000625248,0.00399219)
(0.0042412,-0.000105973)
(-0.000638942,-0.00853442)
(-0.00786512,0.00900639)
(-0.00490128,0.00491834)
(-0.00542194,-0.0194959)
(-0.00294091,-0.00710836)
(-0.00637473,-0.00335442)
(0.00601667,-0.00322515)
(0.00409119,0.0013049)
(-0.00297319,0.0133455)
(-0.0118489,-0.00841079)
(-0.00396406,-0.0031013)
(0.00174634,-0.00888896)
(0.00566506,-0.000302874)
(-0.000517857,0.00862798)
(-0.018581,-0.00550323)
(0.0152258,0.00715992)
(0.0194072,0.000266068)
(0.00664853,0.0133671)
(-0.00368198,0.000844482)
(-0.004462,-0.00475892)
(0.0049032,-0.0104726)
(0.00437631,0.00572633)
(0.0196853,0.0196186)
(2.99321e-05,0.00713476)
(0.00749092,-0.00167853)
(-0.000615871,-0.00559253)
(0.00465109,0.00238006)
(0.00963173,-0.00114447)
(-0.00602262,-0.00259477)
(0.00371425,0.00874514)
(0.00453309,0.00282643)
(0.0117639,0.0131057)
(-0.00431223,0.00908821)
(-0.00263718,0.000797828)
(-0.000258714,-0.0013701)
(0.00389594,-0.00473023)
(0.00681845,-0.00332471)
(0.00614059,0.0103354)
(0.0114266,-0.0098319)
(0.00772914,0.00324414)
(-0.00839511,-0.0149658)
(0.0213538,-0.00122425)
(0.00348609,-0.00834761)
(-0.000472326,-0.0110399)
(0.00428089,0.0131104)
(0.00447685,0.00425892)
(-0.0014521,-0.0071677)
(-0.00137175,0.00846219)
(0.00600144,-0.00700716)
(0.00846817,-0.00722748)
(-0.0120367,0.00667287)
(0.0021188,-0.00261111)
(-0.000791383,0.0196023)
(0.00759024,-0.00683478)
(0.0151465,0.0157155)
(-0.0180418,0.00935211)
(-0.00264309,-0.018232)
(-0.0187439,0.0387877)
(0.00638166,-0.00513349)
(0.0104702,0.00719901)
(-0.0134658,0.0110186)
(-0.00525604,-0.00792071)
(-0.00814658,0.00491081)
(-0.015094,-0.00569444)
(0.00231991,-0.0130706)
(0.00167879,-0.0380369)
(0.000211456,0.00315188)
(0.00980397,-0.0069856)
(0.003203,0.00181528)
(0.00520433,0.0162985)
(-0.00728398,0.0110651)
(0.0074494,-0.00377169)
(0.00710847,0.00203364)
(-0.01032,0.000820195)
(-0.00961882,-0.0183409)
(-0.0116114,0.0418401)
(-0.0244173,-0.128021)
(-0.0157531,0.00690475)
(-0.00615955,-0.0113082)
(0.0154585,-0.0494065)
(0.00145655,-0.00955463)
(-0.0242704,0.0123329)
(-0.02244,0.0848798)
(0.000563537,0.175679)
(-0.00943118,0.024042)
(-0.0358221,0.00346717)
(0.010646,0.00164815)
(0.0122762,-0.0127906)
(0.00891109,-0.00184023)
(-0.00175199,-0.00901573)
(-0.00222861,-0.00699855)
(0.0061233,-0.00906121)
(-0.0058181,0.00993496)
(-0.0128527,-0.0159762)
(-0.0090986,0.0202401)
(0.00932882,0.0174494)
(-0.0269517,-0.0257123)
(0.040312,-0.0380252)
(-0.00444647,0.00752048)
(-0.0123123,-0.00417036)
(0.00476861,-0.0206045)
(-0.0246159,-0.0135356)
(-0.00688584,0.0142528)
(-0.000272643,-0.000956276)
(-0.00532897,-0.00838157)
(-0.0124912,-0.00671726)
(-0.00523378,0.012315)
(0.0053182,0.00161214)
(-0.00578801,0.0116322)
(0.00621698,0.0132209)
(0.000606279,0.0020838)
(0.0144257,0.0131019)
(-0.00462679,-0.00226923)
(0.00686238,0.00541027)
(0.00408451,0.0126216)
(-0.0150651,0.00175539)
(-0.00104372,-0.00232603)
(0.0181665,0.00783288)
(-0.0188391,0.0129028)
(-0.00349861,-0.00123138)
(0.0153209,-0.0163984)
(-0.0136236,0.0109463)
(-0.0127999,-0.00156096)
(0.00936927,0.00380275)
(-0.0212872,0.00234853)
(-0.00246196,-0.018958)
(0.0121503,0.00403116)
(-0.0135094,0.0114866)
(-0.00886153,-0.000737068)
(0.000475066,-0.00499351)
(0.012708,-0.00271461)
(0.00835611,-0.00697003)
(-0.00113319,0.00310648)
(0.00396046,-0.000902666)
(-0.0235494,-0.00767429)
(-0.0232019,-0.0174387)
(-0.00665288,0.0668822)
(0.0219716,-0.0936584)
(-0.00204755,0.0140328)
(-0.000970107,-0.0103662)
(0.011039,0.00607151)
(0.021836,0.00512885)
(0.000645679,-0.00574915)
(0.0819507,0.101285)
(0.00454164,0.0276222)
(-0.0114159,0.00270435)
(-0.008375,0.0140884)
(8.25788e-05,-0.014516)
(-0.015232,-0.0067147)
(-0.00161351,-0.00697699)
(0.00717822,-0.000837959)
(0.0044793,0.001182)
(0.0194394,0.00424106)
(0.00596762,-0.000369231)
(-0.0104027,-0.00485002)
(-0.0241962,0.00439303)
(-0.0266134,0.0176435)
(-0.0307862,-0.0238752)
(0.0277567,-0.011829)
(-0.0273127,-0.0169597)
(0.00444112,0.0143801)
(-0.0164129,-0.0119924)
(0.000762745,0.0260523)
(-0.0145205,-0.00858847)
(0.00396276,0.00434124)
(-0.00191753,-0.0140847)
(-0.00469962,-0.0169322)
(0.0030195,-0.00839349)
(0.00296347,0.00149541)
(-0.00730884,-0.00559586)
(0.00545532,0.0174233)
(-0.00104854,0.00555323)
(0.00642943,0.00941687)
(-0.00626226,-0.00216447)
(0.00299037,0.00242104)
(-0.00384673,-0.00436153)
(-0.00575906,0.000485215)
(-0.017633,0.00489288)
(-0.00101216,0.0179925)
(0.0101518,-0.0118354)
(0.00566696,-0.0118556)
(-0.0111334,-0.00573251)
(0.00815071,0.0131242)
(-0.00266821,-0.0108716)
(0.0027685,-0.00368778)
(-0.00860199,-0.00384718)
(0.0148414,0.0103156)
(-0.0100844,-0.00338454)
(0.0210793,0.0057468)
(-0.0071435,-0.0183152)
(0.00269449,-0.00315177)
(-0.0115307,-0.00820553)
(0.0151276,0.00771486)
(0.00346086,-0.000535773)
(-0.00558554,0.00978063)
(0.00127689,-0.0131876)
(0.00487368,-0.00583823)
(-0.00360966,-0.0032061)
(0.0102676,0.00323305)
(-0.00636237,0.00159779)
(0.00615837,0.00680615)
(0.00311845,-0.00429201)
(-0.00347243,-0.0136005)
(-0.0201817,0.00617876)
(0.0143685,0.0106959)
(-0.000288984,0.0137767)
(0.00685779,0.00506307)
(-0.0101475,-0.0102526)
(-0.00305931,0.00445213)
(0.00902935,-0.00946293)
(-0.00966984,-0.00278385)
(0.00504348,0.0107813)
(-0.00737359,-0.00207237)
(-0.00616119,-0.00267758)
(-0.00527959,-0.0160952)
(0.00101724,0.00154742)
(0.00676852,0.00645084)
(0.0209946,0.00151036)
(-0.00136812,0.000629374)
(-0.00251477,-0.00581565)
(0.00424773,0.00477364)
(0.000783487,0.0108826)
(0.00660287,0.00396904)
(0.00713369,0.00372575)
(0.0119578,0.0271949)
(-0.00422876,0.010055)
(0.00337712,0.0012519)
(-0.00588736,-0.000723138)
(0.0106591,-0.010128)
(-0.00442471,-0.00679915)
(-0.00276941,-0.00850657)
(-0.00236803,0.000840242)
(0.0129813,-0.00500999)
(0.00408786,0.0105226)
(-0.00987061,0.00684472)
(0.00146949,0.00279539)
(0.00580221,-0.0147925)
(0.0116177,-0.016573)
(0.000914302,0.00880131)
(-0.000519812,0.00902795)
(0.0144361,-0.00989119)
(0.0192213,0.00751624)
(0.00427204,0.00783299)
(0.00984203,0.00996285)
(0.0101511,0.00502043)
(0.000490415,-0.00454982)
(0.00190137,0.0143945)
(-0.00279764,-0.00297119)
(-0.0022739,-0.0055775)
(0.000193109,0.00855262)
(-0.00202656,-0.0115408)
(0.0130395,0.00608654)
(0.00168676,0.0130266)
(0.00487943,0.0185626)
(-0.00682274,0.00732426)
(0.027732,-0.0430898)
(-0.020101,0.0153866)
(-0.0182318,0.00643411)
(0.0159001,-0.00420343)
(-0.0141999,0.0184957)
(0.011541,-0.0187897)
(0.041743,-0.0184891)
(-0.00819762,-0.0128595)
(0.00743347,-0.0402215)
(0.00315829,0.0142553)
(0.0025791,0.00198472)
(0.000458596,-0.00321193)
(0.00470109,0.00494216)
(-0.00373516,-0.0160478)
(-0.000912391,-0.0085659)
(-0.00368264,-0.000473963)
(-0.00455541,0.0056434)
(-0.00901958,0.0146161)
(0.00284319,-0.0235742)
(-0.0197044,0.0147985)
(-0.0277831,-0.0124481)
(0.00792899,-0.0120808)
(-0.047154,0.132441)
(0.048237,-0.05955)
(0.0797083,-0.016944)
(0.0380137,-0.0663345)
(0.0563887,-0.055085)
(0.0299468,0.0331803)
(0.0366696,-0.0377404)
(-0.00920449,-0.00165451)
(0.0107918,-0.0473552)
(-0.00654978,0.00803012)
(0.0111515,0.00609313)
(0.00652544,0.00107286)
(0.0128441,0.00982021)
(-0.000909812,0.0063444)
(-0.00605573,0.00465775)
(-0.0147701,-0.000424707)
(-0.0027868,0.00218175)
(0.0080137,0.0191328)
(-0.00903202,0.00271673)
(0.11884,0.0397561)
(-0.0423321,0.108432)
(0.0109918,0.0068)
(-0.0265142,0.00278339)
(-0.00928736,-0.00742123)
(-0.0308824,0.0190603)
(0.0870899,0.0552935)
(0.0371325,0.0647342)
(0.00982363,0.0339222)
(0.0231925,-0.0108631)
(0.0103244,0.0132976)
(0.0010391,0.0149514)
(0.00305379,-0.00684563)
(-0.00222802,0.00812517)
(-0.015227,-0.00921357)
(-0.000108647,0.00181345)
(0.00980075,0.00692638)
(-0.0082342,0.00120133)
(0.00630793,-0.00222239)
(0.0410281,-0.0155807)
(-0.00529722,-0.0485399)
(0.128488,0.00316136)
(-0.00356499,0.0124081)
(-0.0198648,0.0166014)
(0.0032591,-0.0177162)
(0.009806,0.00163294)
(0.0530414,0.0355565)
(-0.00683853,0.122826)
(-0.00105237,-0.00961242)
(0.0237064,0.00540324)
(-0.0123479,0.00641198)
(0.00164896,-0.00553549)
(0.0156209,-0.00671734)
(-0.00783401,0.00840955)
(-0.0069535,0.00268226)
(0.0147351,0.000185677)
(-0.00152402,-0.0145603)
(-0.0153563,0.00662549)
(0.00232333,-0.020819)
(-0.020064,-0.0010413)
(-0.050631,-0.044508)
(0.0747364,-0.0911199)
(-0.0609614,0.0418417)
(0.0406648,-0.022102)
(-0.0731389,0.0575998)
(0.082684,0.0224651)
(-0.0354836,0.0295206)
(-0.0345586,0.00568278)
(-0.0021725,-0.0046336)
(-0.0388474,-0.0449287)
(-0.00551643,-0.0135833)
(-0.00236369,0.00601302)
(-0.00689018,0.00857436)
(0.000576981,0.000445759)
(0.00634832,-0.00558079)
(0.00853124,-0.00285459)
(0.00809543,0.0136066)
(0.0109737,0.0027395)
(0.00604514,0.00739779)
(0.00380937,0.00942679)
(0.0154421,-0.00897784)
(-0.0226249,0.0104271)
(0.00363891,0.00138513)
(0.0247347,-0.010984)
(-0.0455225,-0.0362064)
(-0.0271479,-0.00542781)
(0.0101109,0.00706843)
(-0.0635869,-0.0388842)
(-0.0159668,-0.0225146)
(0.0150885,-0.0133833)
(-0.00712531,0.0106994)
(-0.00312318,0.0151849)
(-0.0113246,-0.00194295)
(-0.00291322,6.15775e-05)
(-0.00386831,0.00236021)
(-0.00443254,-0.00344716)
(0.0143369,0.00621232)
(0.00333692,0.0124213)
(-0.0048546,0.0107095)
(0.0136671,0.0181531)
(-0.0103565,0.0104316)
(-0.00271914,0.00116469)
(0.0089006,-0.0109735)
(0.00874702,-0.00989031)
(0.00895914,0.0166497)
(-0.0165217,-0.00710104)
(-0.00457292,-0.00820701)
(-0.00171433,-0.0136133)
(-0.00860297,0.0158089)
(-0.00669019,0.00591575)
(-0.00550932,-0.00268914)
(-0.00974076,-0.0144662)
(0.0108196,-0.00132843)
(-0.00321188,-0.00877484)
(0.0136988,0.000657777)
(-0.000765026,-0.00340532)
(0.00743999,0.00564994)
(0.00214908,0.000714945)
(0.0152378,-0.0175653)
(0.00871949,0.00310676)
(0.00185161,0.0109202)
(-0.0103449,-0.00885042)
(-0.0047223,0.00434401)
(-0.0059995,-0.00834477)
(0.00607961,-0.00575138)
(-0.00386481,-0.0121019)
(-0.0130801,0.00795109)
(-0.00394572,-0.0156776)
(0.00875591,0.0065048)
(0.0160815,0.00590014)
(0.0076268,0.00696707)
(-0.000916544,0.000705506)
(0.0065031,-0.000145953)
(0.00545931,-0.00901901)
(-0.00504085,-0.00441885)
(0.00643255,-0.0035203)
(-0.0162913,-6.02386e-05)
(-0.0143083,0.00191582)
(0.000757116,5.03771e-05)
(0.0101142,-0.0156248)
(0.00191164,-0.00730987)
(0.00632244,0.0101298)
(0.0257455,0.0031845)
(0.00915273,0.00630134)
(0.0012478,-0.00896657)
(0.00179015,2.77487e-05)
(0.00528346,0.00935864)
(-0.00754823,-0.00208594)
(0.008824,0.00323612)
(-0.00699873,-0.00360866)
(0.0101896,0.0139483)
(0.0115574,0.00668077)
(0.00662869,0.00903969)
(-0.00576332,0.00128846)
(-0.0111417,-0.00662854)
(-0.000349499,0.00667074)
(0.0132371,-0.0033175)
(-0.0105832,-0.00367972)
(0.010786,-0.00906472)
(0.0115778,0.00579995)
(0.0105999,0.00107484)
(0.0291341,0.00536912)
(0.00603335,0.00594717)
(0.00331752,-0.0211586)
(0.0041525,-0.00105016)
(0.00527159,-0.011471)
(0.00811294,-0.00475575)
(-0.000310293,-0.00409371)
(-0.00726991,0.0140364)
(-0.00881464,-0.00167202)
(0.00470911,0.0150487)
(-0.0114074,0.00707454)
(-0.0118689,-0.00940072)
(0.00360602,0.00464262)
(-0.00613727,-0.0170743)
(0.00131943,-0.00658045)
(-0.00255824,-0.00266886)
(0.0122478,-0.00515048)
(0.0165744,0.00983265)
(0.0198093,0.00266004)
(-0.0126935,-0.00397439)
(0.0284216,-0.028017)
(-0.0151683,0.0143703)
(-0.00689508,0.0167924)
(0.00602581,0.00492122)
(-0.00671769,-0.000886837)
(-0.0149331,-0.0137142)
(-0.0024588,-0.00509415)
(0.0111617,-0.00421662)
(-0.0121743,0.00993007)
(-0.00166339,0.00609276)
(-0.00223131,-0.00577798)
(-0.00106375,0.0114868)
(-0.0110117,-0.00049693)
(-0.00543933,-0.00692932)
(-0.00905399,-0.0113348)
(-0.00645138,-0.00209968)
(0.00722154,0.0145199)
(-0.0107339,-0.00108842)
(0.0045793,-0.0327206)
(-0.0349992,0.00611012)
(-0.0325418,-0.00786004)
(0.00722184,-0.00210356)
(-0.00339998,0.0240347)
(-0.00423753,-0.0183707)
(0.0111159,-0.0127882)
(-0.0252717,-0.0118804)
(0.00189623,-0.0261867)
(0.00334285,-0.00809848)
(0.00408216,0.0114887)
(0.00606591,0.000899246)
(-0.00322657,0.0108935)
(0.00240008,-0.00822752)
(0.00148522,-0.00274142)
(-0.00797574,-0.00442657)
(-0.00136453,-0.00254669)
(0.00332988,0.0116008)
(0.00844103,-0.00148213)
(-0.0058979,-6.83773e-05)
(-0.000748284,-0.0109048)
(-0.00888478,0.0105818)
(0.000208715,0.00748082)
(-0.0398073,-0.00627123)
(-0.00368474,0.00581315)
(0.0161185,-0.00335594)
(0.0130834,0.00990721)
(-0.00187275,0.000349763)
(0.028231,-0.000819036)
(0.00114776,0.00796116)
(-0.00232203,0.00402394)
(0.00478662,0.0210564)
(-0.00384474,0.00882748)
(-0.00315937,0.00225486)
(-0.00562779,-0.00164014)
(-0.00290573,-3.43612e-05)
(0.00441302,0.00784889)
(-0.00865331,0.00570383)
(-0.00722099,0.00212234)
(0.0122981,-0.00268774)
(-0.00314706,-0.00697425)
(-0.0110772,0.00474628)
(0.0234146,-0.00457313)
(0.0147456,0.00824257)
(-0.00188172,-0.0139456)
(0.00287102,-0.00621065)
(-0.0299536,0.016799)
(-0.00743215,0.00657362)
(-0.00196343,-0.00744984)
(-0.0218226,-0.00961788)
(-0.00303335,-0.00426096)
(0.006889,0.00411743)
(-0.0155315,-0.00590505)
(0.00760826,-0.00307693)
(-0.0100552,-0.00516929)
(0.00295111,0.000678225)
(0.00291664,-0.00642174)
(-0.00282432,0.0145567)
(0.00323877,0.00175415)
(0.00153612,0.0240359)
(-0.0128663,0.00866941)
(-0.00511161,-0.00954796)
(-0.0267244,0.00319439)
(0.000645154,-0.0255508)
(0.028705,0.00141152)
(-0.0206756,0.00968956)
(-0.0117263,0.0064031)
(0.00323732,-0.0130461)
(-0.0401171,-0.0321517)
(-0.000862993,-0.00845916)
(-0.00442629,-0.0101428)
(0.0197326,0.0132904)
(0.00315339,0.00758654)
(-0.00636891,0.000693973)
(0.00213227,-0.0135142)
(0.00641451,0.00560463)
(0.0189211,0.00139092)
(0.00479127,0.00180219)
(-0.000830431,0.00834487)
(0.0114381,0.00828194)
(-0.00416188,0.0018151)
(-0.0202011,0.0285687)
(6.0738e-05,0.0133655)
(0.014728,0.0149867)
(-0.0033439,-0.0102718)
(0.00468971,0.00235846)
(-0.0188245,0.0168577)
(0.00432481,-0.00134977)
(0.0164782,-0.00927983)
(0.00171601,0.0119806)
(0.0157243,0.00754058)
(-0.0164343,0.00169398)
(0.00304141,-0.0159432)
(0.00876094,-0.000279706)
(0.00354166,0.00609838)
(0.004081,-0.0003163)
(0.00168741,0.00223222)
(-0.00259113,0.00469457)
(0.00507447,0.00176076)
(0.0126846,-0.00210071)
(0.00623475,0.00397334)
(0.00206206,-0.000664473)
(0.002171,0.013988)
(-0.00500262,0.0144441)
(-0.00225156,0.00149745)
(0.00691714,0.00702885)
(-0.00661866,-0.0151256)
(-0.00677211,-0.0051171)
(-0.000225842,-0.00785383)
(-0.0174509,0.00344017)
(-0.00357913,-0.00725286)
(-0.0125927,-0.000491386)
(-0.0010992,-0.00465403)
(-0.00125621,-0.00344404)
(-0.0003239,-0.000809122)
(-0.00267531,-0.00509926)
(0.00790401,0.00254624)
(0.0163109,0.00471325)
(-0.0112118,0.00230355)
(-0.00309375,0.00756493)
(-0.00155186,-0.00307443)
(-0.00161728,-0.00376073)
(-0.00394263,0.00583421)
(-0.00119483,-0.00783049)
(0.00109909,0.00621667)
(0.00315199,0.0084257)
(-0.0120006,-0.00577634)
(0.0059692,0.00881011)
(-0.00355527,-0.00541547)
(0.000524648,0.0108092)
(-0.00207136,-0.00669772)
(0.00927251,-0.00454801)
(-0.00772389,-0.00162427)
(0.00618754,-0.00612871)
(0.00909561,0.00480415)
(-0.00330291,0.000741909)
(-0.00211204,-0.00921148)
(0.00550131,-0.0122841)
(-0.00300761,-0.00801992)
(0.00118891,-0.0034352)
(-0.012616,0.00969768)
(0.00560004,-0.000190595)
(0.0112161,-0.00214329)
(0.000562605,0.00976784)
(-0.00888108,-0.00041273)
(0.00410928,-0.000555188)
(-0.00232049,-0.00807592)
(0.0171499,0.011305)
(-0.00851103,-0.00325576)
(0.00948946,0.0119042)
(0.00630196,0.00770634)
(-0.00030708,0.0020196)
(0.000141296,0.0108294)
(-0.0191526,-0.0103558)
(-0.00383794,-0.00379502)
(0.00964757,-0.00844005)
(-0.00213768,-0.0130397)
(-0.00804272,0.0122899)
(-0.0133889,0.00928457)
(-0.00443731,-0.0018093)
(-0.0135986,-0.0137927)
(-0.00461416,0.00218301)
(0.00225903,0.0133904)
(0.00565768,0.000764275)
(0.00928191,-0.00414322)
(0.00558353,0.0128475)
(-0.00211151,-0.00275765)
(-0.00977091,0.00150278)
(-0.00748046,-0.01586)
(-0.00669799,0.0112313)
(-0.0171983,0.00627598)
(-0.014327,0.004327)
(0.0115164,0.00616505)
(0.00388249,0.0132603)
(-0.00774205,0.00446749)
(-0.00383196,-0.00471905)
(-0.00829671,-0.00122112)
(0.000494887,-0.0083348)
(-0.0145389,-0.0013038)
(0.00680054,0.000909629)
(0.0058761,0.00506779)
(0.0153438,0.00250372)
(0.0330071,-0.00191163)
(-0.00425317,-0.00232785)
(0.0125336,-0.00928197)
(-0.0278722,0.00442284)
(0.00510679,-0.0107133)
(-0.00193683,0.00135845)
(-0.00178224,0.000569632)
(-0.00656271,0.00405524)
(-0.000188063,-0.011033)
(-0.00577153,0.00461615)
(-0.0151403,0.00425699)
(-0.00711011,-0.00565557)
(0.0131471,-0.00206721)
(-0.00387784,-0.00561433)
(0.00280964,-0.0065862)
(-0.00436838,0.00352282)
(0.00909207,0.00152805)
(0.00473449,0.00619158)
(0.0069896,0.00115518)
(0.00193637,-0.00824615)
(0.00915469,-0.0146339)
(-0.0111963,0.00549893)
(-0.0031868,0.0148312)
(-0.00160821,-0.00587742)
(-0.00239344,-0.000290683)
(0.00201767,0.015965)
(0.00255524,0.0256911)
(0.00352578,-0.00831532)
(-0.0097043,-0.00339119)
(0.000170598,0.00222119)
(-0.00354164,-0.00319132)
(-0.0174601,0.0147798)
(0.00394801,-9.86249e-05)
(-0.00107027,0.00306531)
(-0.0115713,0.00721469)
(-0.0144831,-0.000752379)
(-0.00274058,-0.0123765)
(-0.00103979,0.01409)
(0.00184504,-0.013303)
(-0.000378851,-0.00105993)
(0.00654293,-0.0066071)
(0.00146199,-0.00175056)
(0.000256379,0.0034183)
(-0.00903839,0.0159277)
(0.00186207,0.0100269)
(-0.00257124,-0.00827281)
(0.000978108,-0.00947387)
(0.0164257,0.0175215)
(-0.00158381,0.00105162)
(0.00409205,0.0114877)
(-0.00796414,-0.014396)
(-0.00741409,-0.00206926)
(-0.00584043,-0.00733902)
(-0.00463093,0.00178814)
(-0.000121328,-0.0112883)
(-0.0173089,0.0126691)
(-0.00982741,0.00773673)
(-0.00315465,0.00779769)
(-8.33703e-05,0.000895264)
(0.0109464,0.00680111)
(-0.00224296,-0.00693259)
(-0.00857253,0.0016917)
(-0.00667511,0.00810706)
(0.0150494,0.0113627)
(-0.0116868,0.00902259)
(-0.0126696,-0.0044625)
(-0.00966135,-0.00856973)
(0.0106774,-0.00395803)
(0.00985696,0.00272825)
(0.0105812,0.0157549)
(-0.0116609,0.00210506)
(-0.00429121,0.00419962)
(0.00694354,-0.0145733)
(0.000140258,-0.00487397)
(0.00619955,0.0105831)
(0.00109564,0.0181185)
(0.0107456,0.00315212)
(0.00694122,0.0231905)
(-0.00284148,-0.00533626)
(-0.0111741,0.0197465)
(-0.0112007,0.0144334)
(0.0112488,0.0120968)
(0.00409096,-0.0054748)
(-0.00473123,-0.00922577)
(-0.00606359,-0.00550575)
(0.00980649,-0.013884)
(-0.00580967,-0.00349806)
(0.00480419,0.00391022)
(-0.0108863,0.00700267)
(-0.00146722,-0.00704338)
(0.011366,-0.0101193)
(0.00452573,-0.00483648)
(-0.00580829,0.00743822)
(0.00861088,0.00796929)
(0.0040308,0.00788157)
(-0.00674321,-0.00582706)
(0.00464006,-0.000428658)
(-0.00634978,0.00136451)
(0.000877066,0.00547809)
(0.00494723,0.00343684)
(0.00126734,-0.00131732)
(0.00311877,0.0201851)
(0.00816158,0.00351961)
(-0.00674113,0.00989319)
(-0.00700777,-0.0236984)
(-0.000970971,-0.00171184)
(0.00821097,0.00194589)
(-0.0167854,-0.00446465)
(0.0132982,-0.00123354)
(0.00213001,-0.000180793)
(0.00220801,-0.00174964)
(-0.00991072,0.00725861)
(-0.00699511,-0.0128209)
(-0.00326365,-0.00434415)
(0.012046,0.00152274)
(-0.0117794,0.0075536)
(0.00213847,-0.00251678)
(-0.00567921,-0.0112198)
(0.00805917,-0.00363723)
(-0.00164389,-0.00495106)
(-0.0103071,0.00971333)
(-0.0115729,8.33507e-05)
(-0.00195001,-0.00886663)
(-0.00665991,-0.00648368)
(0.00119425,-0.00265607)
(-0.00676018,-0.0082595)
(-0.00704966,0.0147197)
(-0.0026235,0.0163188)
(-0.00115337,-0.0057167)
(0.00707948,0.00675273)
(0.00237281,0.00275396)
(-0.000949658,0.00346949)
(0.0141362,0.00847956)
(-0.00218375,0.00269469)
(0.0147244,-0.00469216)
(0.00252576,-0.00176502)
(0.0106615,-0.00960995)
(-0.00400743,2.64147e-05)
(-0.00486007,0.00250322)
(0.011939,0.0063199)
(-0.00406385,0.000261539)
(-0.00406555,-0.00872048)
(0.00160803,0.0101524)
(-0.00361364,0.00406053)
(-0.00838181,-0.00417319)
(0.0109046,-0.0015219)
(0.00236036,0.0055432)
(0.0144715,0.00510408)
(-0.00598634,0.00675098)
(-0.010079,0.00185599)
(-0.011218,-0.00514467)
(-4.29447e-05,0.00727523)
(-0.00657294,-0.00402269)
(-0.004772,-0.00395297)
(0.00746486,-0.0115391)
(0.00272925,0.00506102)
(-0.00575802,-0.00433604)
(0.000987866,0.00108384)
(0.00106999,-0.000404258)
(0.00977677,0.00429621)
(0.00305026,0.0102534)
(0.00833127,-0.00239012)
(0.0118381,-0.0034216)
(0.00608293,0.0105112)
(0.00723543,0.0109165)
(0.00770051,-0.000202163)
(-0.0031455,-0.008184)
(0.00100306,0.009063)
(-0.0093515,0.00219032)
(-0.00185874,-0.00491908)
(-0.000918436,-0.00440899)
(-0.012067,-0.00801372)
(-0.0105003,0.000813771)
(-0.00262582,0.000578042)
(-0.00448261,0.00246687)
(0.0015091,0.00272556)
(0.00331887,0.00536649)
(-0.00742212,0.00464292)
(0.00379562,0.0130004)
(-0.0127421,-0.000157892)
(0.00561496,-0.00413869)
(-0.00805703,0.00803242)
(-0.00106605,0.00345616)
(-0.0137669,-0.00543208)
(0.00656931,-0.0024983)
(0.00871365,0.0141631)
(-0.0117632,0.0108723)
(0.00110986,0.00833107)
(-0.0117977,-0.000956743)
(-0.0147801,0.00260307)
(-0.00848062,0.0105944)
(-0.0034995,-0.0072481)
(-0.00878972,-0.00561714)
(0.00834147,8.63134e-05)
(0.00798708,0.0101798)
(0.00444473,0.0120625)
(0.00892148,0.0186209)
(-0.00305879,-0.00333557)
(-0.0145869,-0.0020147)
(-0.00874455,0.00672997)
(-0.0018311,0.00400541)
(-0.00457413,-0.00269358)
(0.0154865,-0.0075427)
(-0.0129675,0.0161868)
(0.00802938,0.000224478)
(-0.0131539,-0.00156677)
(0.00317163,0.00305035)
(-0.016279,-0.00279043)
(0.00114347,-0.00239529)
(-0.00613234,0.00124643)
(0.00385687,0.00111435)
(0.0111449,0.0044201)
(-0.00708233,0.00304842)
(0.000211779,0.00284332)
(0.0184059,0.00411894)
(0.0206817,0.00224226)
(0.00661465,0.00788241)
(-0.0184872,0.00597767)
(0.00785964,-0.00230062)
(0.0112667,0.0013049)
(0.0139532,0.00181875)
(-0.00848286,-0.0041175)
(-0.00486454,-0.0094301)
(-0.00889696,0.00684336)
(0.00122944,0.000932448)
(0.00634372,-0.00377075)
(0.00489216,-0.000787755)
(0.0024338,0.00877192)
(-0.00715069,-0.000984574)
(0.00162944,0.00266064)
(-0.0149481,-0.00639332)
(-0.00119304,0.00573364)
(-0.00579431,-0.00611742)
(0.00175578,0.000925418)
(0.00395957,-0.0016706)
(-0.0072932,0.00605632)
(-0.00139847,-5.5674e-05)
(0.00288492,-0.00420959)
(-0.00329977,0.00291618)
(-0.000370167,-0.00116359)
(-0.0103684,-0.00799623)
(-0.00588296,0.000164506)
(-0.00254844,0.00189012)
(-0.00339714,-0.00758249)
(-0.00809413,0.0011366)
(0.00699868,0.00770288)
(-0.00407396,-3.63269e-05)
(0.00367564,-0.00702106)
(-0.00477462,-0.00936959)
(0.00399113,0.00741734)
(-0.00869116,0.00248912)
(0.00279156,0.00468264)
(0.00143671,-0.00277302)
(-0.0169544,-0.00894281)
(0.00488477,0.00249974)
(-0.000429201,0.00427437)
(0.00742877,-0.00164918)
(-0.00984761,0.00811727)
(-0.00649105,-0.00609486)
(-0.00307022,-0.000851329)
(0.0121234,0.00778417)
(-0.0117521,-0.00294317)
(-0.00408421,0.0021673)
(0.00107244,0.00387767)
(0.0137695,-0.00246613)
(-0.00247775,-0.0158255)
(0.00390262,-0.00173883)
(0.00820182,0.0044783)
(0.00367605,0.00777576)
(0.0147912,0.0125817)
(0.0191037,-0.0102442)
(0.013142,0.00367924)
(-0.00355578,0.00145767)
(0.000841494,-0.00184101)
(0.00871209,0.00379329)
(-0.0168217,-0.00523271)
(0.00432927,-0.00839884)
(0.00910546,0.00843542)
(-0.00318274,-0.00475514)
(-0.00448543,0.00839831)
(-0.00320801,-0.00148135)
(-0.00421385,0.0152059)
(0.00616289,0.00576832)
(-0.000901007,0.00341987)
(0.00892727,0.000530878)
(0.00348133,0.00536698)
(-0.000324587,-0.00645541)
(-0.000636533,-0.00418692)
(0.00722775,-0.00857331)
(-0.00433672,-0.00787672)
(-0.0129666,0.00554977)
(0.00272838,0.00476759)
(0.00112214,-0.0157175)
(-0.00795867,-0.00619099)
(-0.0127651,-0.00250012)
(0.000599259,0.00585263)
(0.00212606,0.0075041)
(0.00201343,0.00188707)
(0.0119681,0.00999716)
(0.00230729,0.0120823)
(-0.00411806,0.0163703)
(0.000933928,0.0135229)
(0.0160846,-0.00198096)
(0.00434925,0.0137961)
(0.00216438,-0.00275221)
(-0.00557884,0.00263934)
(-0.000111789,0.000814823)
(-0.00949708,-0.00196396)
(-0.00365653,-0.010805)
(-0.00559986,-0.013756)
(0.000979019,-0.0151176)
(-0.00669421,0.00250656)
(-0.00797083,0.00188908)
(0.0115306,0.00993526)
(-0.00617982,-0.00527799)
(0.00694064,-0.00670702)
(0.000849744,0.00544992)
(-0.00213327,0.00511204)
(-0.00464218,0.0115778)
(-0.00653199,0.00407674)
(0.000586696,-0.00640938)
(-0.00320795,-0.00232775)
(-0.0100385,-0.000517327)
(-0.0184796,0.00587843)
(-0.0108988,-0.0178607)
(0.0141264,0.00178158)
(0.000910878,0.00284797)
(0.00254843,-0.0138374)
(-0.00645278,0.011892)
(0.0104248,0.0170243)
(0.00698269,0.00180928)
(0.00781513,0.0176073)
(0.012649,0.00703414)
(0.00924912,0.00103125)
(-0.00573488,-0.00216197)
(0.00417105,0.00951545)
(0.00847276,0.00523831)
(0.00676635,0.00349757)
(0.0118567,0.00647972)
(0.00494575,-0.00210949)
(-0.00445984,0.0143516)
(0.00382454,4.45537e-05)
(-0.00466032,-0.0109668)
(0.00186687,-0.00512657)
(-0.00351292,-0.0121296)
(0.00659349,-0.0021152)
(-0.00752626,-0.00631048)
(0.00590818,-0.00288692)
(-0.00204048,-0.00946965)
(-0.00631498,0.000693316)
(-0.00780539,-0.00596667)
(0.00195384,-0.00570017)
(0.0104997,0.0136836)
