(-0.000356379,0.00250035)
(-0.000784079,-0.00375727)
(0.00285795,0.00374422)
(-0.0075759,-0.0044023)
(0.00576885,-0.00375668)
(-0.0102006,-0.0110335)
(-0.00513518,0.00106599)
(0.00182444,-0.00907523)
(0.00488427,-0.00842988)
(0.00320874,-0.00949092)
(0.000772153,-0.00189916)
(0.016085,-0.000955872)
(-0.00157832,-0.00257427)
(0.020431,0.0049596)
(-0.00219239,-0.00352967)
(0.0211754,0.00688871)
(0.000100105,0.00146955)
(0.0122668,0.00765315)
(-0.00726706,-0.00332534)
(0.0083638,0.00495723)
(0.000241241,0.00157027)
(-0.00402189,0.0010794)
(0.000973541,0.00494064)
(-0.00708069,-0.00730897)
(-0.001368,0.00364123)
(-0.00222988,-0.00764013)
(-0.00159656,0.00220477)
(-0.000243108,-0.0110381)
(0.00408134,-0.00172835)
(0.0117653,-2.2066e-06)
(0.00338732,-0.00865133)
(0.0171412,0.000945548)
(-0.00120567,-0.00146795)
(0.0177384,0.00575706)
(-0.000809388,-0.00284341)
(0.0242514,0.00828976)
(-0.00154755,-0.00672366)
(0.021795,0.00575102)
(-0.00435775,-0.00474993)
(0.00880345,0.0056661)
(-0.00204268,-0.00349313)
(-0.00750514,0.00192721)
(-0.000493632,-0.00622777)
(-0.0106885,0.00270926)
(-0.00146843,0.0018197)
(-0.00623478,-0.00360191)
(-0.00381,0.00837851)
(-0.0079451,-0.00111859)
(0.00466978,-0.00266761)
(0.005535,0.00175725)
(0.00825026,-4.81016e-05)
(0.00852555,0.00218831)
(0.00162872,-0.00554199)
(0.0160619,-0.0025722)
(-0.00061001,-0.00219216)
(0.0202922,0.00636187)
(-0.00296976,-0.000366056)
(0.0205291,0.00672439)
(-0.00375618,-0.0041732)
(0.0151236,0.00191096)
(-0.00626154,-0.0111093)
(-0.0153094,0.00327311)
(-0.00706547,-0.00920036)
(-0.0181078,-0.00163605)
(-0.00604566,0.0033088)
(-0.0133869,0.00279932)
(-0.00183023,0.0106314)
(-0.00934977,-0.000630123)
(0.00974363,0.000358837)
(-0.00304635,0.0109782)
(0.0126691,-0.0107306)
(0.00337866,0.0104139)
(0.00296895,-0.00465884)
(0.0066238,0.0103014)
(-0.00731087,-0.00709156)
(0.0163074,0.00207448)
(0.000298059,-0.00873543)
(0.0186821,-0.00516317)
(-0.00228723,0.00058612)
(0.0106991,-0.00794622)
(-0.00794982,-0.00856883)
(-0.0153205,0.0043264)
(-0.0103832,-0.00828825)
(-0.0134051,0.0131995)
(-0.0199143,-0.00671138)
(-0.0148431,0.00450915)
(-0.00793344,0.00436587)
(-0.00850035,0.00815487)
(0.0106997,-0.00473369)
(0.00151578,0.0078193)
(0.0173123,-0.0104782)
(0.0054514,0.00696217)
(0.0100253,-0.0144376)
(0.0141731,-0.00152101)
(-0.00202631,-0.00851032)
(0.01607,0.00128259)
(-0.00497017,-0.0075538)
(0.0146936,-0.00598165)
(-0.00204099,-0.0125573)
(0.00572955,-0.00600816)
(-0.00656764,-0.00811949)
(-0.0117641,0.00575368)
(-0.0150536,0.0011173)
(-0.0131841,0.00888223)
(-0.0167864,-0.00136278)
(-0.00664042,0.00905518)
(-0.0103206,0.00285548)
(-0.00244237,0.00371204)
(0.00376037,-0.00616238)
(0.0138318,0.00634677)
(0.0111055,-0.0112057)
(0.00744836,0.00270363)
(0.00505038,-0.00826552)
(0.0103665,0.00059735)
(-0.00718116,-0.0160395)
(0.00819028,0.000642619)
(-0.00186088,-0.0117637)
(-0.0022311,-0.00614728)
(0.00247484,-0.00989114)
(-0.00513,-0.00251749)
(-0.00845914,-0.00644851)
(-0.00967094,0.00101188)
(-0.00746363,-0.0007495)
(-0.0113076,0.00528216)
(-0.00958399,-0.00161852)
(-0.0144222,0.00254182)
(-0.00996309,0.000835816)
(0.000376848,0.00291636)
(-0.00267352,-0.000367524)
(0.00947534,-0.000589397)
(-0.00770313,-0.00619055)
(0.0110968,0.000721637)
(-0.00578252,-0.0083087)
(0.00307188,0.000410371)
(-0.007644,-0.00860807)
(0.000985006,0.0018456)
(-0.000564975,-0.00912446)
(-0.0057083,-5.2977e-05)
(0.00404232,-0.00671617)
(-0.0122426,0.000611716)
(-0.00343951,-0.0160374)
(-0.0179502,-0.00282941)
(-0.00549567,-0.00863611)
(-0.0245164,-0.00608274)
(-0.00438172,-0.00808044)
(-0.0200974,-0.0100002)
(-0.00371326,-0.00421541)
(-0.0144436,-0.000263481)
(-0.00461602,5.7049e-05)
(0.0043448,-0.00125354)
(-0.00678917,0.000460082)
(0.00216983,-0.00369491)
(-0.00845768,-9.10111e-05)
(0.00210144,0.00355541)
(-0.0118047,-0.00588787)
(-0.0042039,0.00171023)
(-0.00401238,-0.0125819)
(-0.0149298,0.00343117)
(0.00448913,-0.0178505)
(-0.0151405,-0.000894535)
(0.000668787,-0.0122526)
(-0.0140869,0.0011125)
(-0.00248183,-0.0120049)
(-0.0297221,-0.0107808)
(-0.00429902,-0.000560291)
(-0.02917,-0.0101832)
(-0.0103054,-0.000326779)
(-0.0145701,-0.00731824)
(-0.00505259,0.00670577)
(-0.00174895,-0.0091285)
(-0.0127526,0.00598565)
(0.00219902,-3.23391e-05)
(-0.00743144,0.00657218)
(-0.00427859,0.00393351)
(-0.0107614,-0.00892355)
(-0.00948355,0.00800614)
(0.000787383,-0.0221051)
(-0.0146081,0.00353033)
(0.00330632,-0.0166581)
(-0.00308375,0.00243606)
(-0.00262814,-0.00541397)
(-0.0117714,0.00236756)
(-0.00256428,-0.000498717)
(-0.0236289,-0.00279276)
(-0.00880473,-0.00334583)
(-0.0224841,-0.0078537)
(-0.00689165,0.00386962)
(-0.011372,-0.00819663)
(-0.00745779,0.00535797)
(-0.000716162,-0.00714998)
(-0.00898814,0.00598004)
(0.00205133,-0.00484721)
(-0.0105651,-0.00174443)
(0.00299537,-0.00419847)
(-0.00445716,-0.00762258)
(-0.00370893,0.00418882)
(-0.000303411,-0.0144372)
(-0.00448718,0.00346863)
(0.00207389,-0.0105655)
(-0.00635658,0.00172379)
(0.00107079,0.0148525)
(0.000634932,-0.00854444)
(0.000828154,0.00317194)
(-0.000474901,-0.0147884)
(0.00270664,0.00431506)
(-0.00324384,-0.020507)
(-0.000665747,-0.000680011)
(-0.006143,-0.0218055)
(0.0025758,-0.00161725)
(-0.00199039,-0.0104165)
(0.00260847,-0.00613811)
(0.0142693,-0.000475203)
(0.000162003,-0.0014934)
(0.0244586,0.00504305)
(-0.00223494,-0.00427022)
(0.0257149,0.00846464)
(0.000216896,-0.00601168)
(0.0201752,0.00788478)
(-0.00557741,-0.00394244)
(0.0126425,0.00455718)
(-0.00220677,0.00444777)
(-0.00234919,-0.0027838)
(-0.00660055,0.01155)
(0.000966327,-0.00662329)
(-0.00459226,0.00896859)
(-0.0054017,-0.0180926)
(-0.00914297,0.00911855)
(-0.0115374,-0.0181453)
(0.00569296,-0.00474282)
(0.00466134,-0.011543)
(0.00808252,-0.0105462)
(0.00911569,0.00580555)
(0.0054518,-0.0139687)
(0.0234344,0.000863919)
(0.00383758,-0.0114411)
(0.0283012,0.0114162)
(0.00116528,-0.0098976)
(0.032641,0.00416767)
(0.00208325,-0.0111625)
(0.0190262,0.00267229)
(8.80019e-05,-0.00417919)
(-0.0124854,0.00933425)
(-0.00645712,-0.00310127)
(-0.00951824,-0.00361344)
(-0.00506988,0.00457272)
(-0.0100937,-0.000761987)
(-0.00101321,0.00814507)
(-0.00990344,-0.00498039)
(0.00437471,0.000252109)
(3.21205e-05,0.00684993)
(0.00574426,-0.0115379)
(0.00448212,0.00701262)
(0.000636324,-0.00947448)
(0.00831567,0.00744562)
(0.000527713,-0.0155166)
(0.0243673,0.00548452)
(0.00288395,-0.018537)
(0.0261604,0.00399073)
(-0.00158657,-0.0119568)
(0.0227938,0.00448178)
(-0.00171259,-0.0118576)
(-0.0224852,0.00669899)
(0.00386323,-0.0107781)
(-0.0275839,0.0121532)
(-0.00434261,-0.000828054)
(-0.0251062,0.0160582)
(-0.0113189,0.00616586)
(-0.0234324,0.0130829)
(0.0054857,-0.0155391)
(-0.00441902,0.018008)
(0.00878653,-0.0211396)
(-0.00724582,0.0176179)
(0.00298509,-0.0235738)
(0.00982903,0.00620143)
(-0.00587084,-0.0259579)
(0.0195914,0.0158888)
(-0.0080204,-0.0222864)
(0.0226768,0.00340873)
(0.00123874,-0.0195309)
(0.0167762,0.00463617)
(0.00241432,-0.0107181)
(-0.0160862,0.014322)
(-0.000778557,-0.0109907)
(-0.0230022,0.0125341)
(-0.0179791,-0.00362829)
(-0.024705,0.0138313)
(-0.0206307,0.00127266)
(-0.0144623,0.0196687)
(0.0052948,-0.00829087)
(0.00249932,0.0169223)
(0.0139598,-0.0302385)
(0.00419718,0.0134499)
(0.00687323,-0.0249357)
(0.0155406,0.00945368)
(-0.00426196,-0.0220013)
(0.0235693,0.0080424)
(-0.00984013,-0.0202005)
(0.0146867,-1.82439e-05)
(-0.00130248,-0.0189219)
(0.0125071,-0.00137872)
(-0.00409957,-0.0058837)
(-0.0111951,0.00109504)
(-0.00540419,0.000384781)
(-0.0136169,0.0166157)
(-0.0146462,0.00578394)
(-0.0111657,0.0178889)
(-0.0104241,0.00088701)
(-0.00218405,0.0237978)
(0.00614654,-0.00900914)
(0.0120499,0.0152567)
(0.00268972,-0.0272775)
(0.0109944,0.0112999)
(-0.000806854,-0.0222935)
(0.00652241,0.00786767)
(-0.00779199,-0.0151661)
(0.0164603,0.00574286)
(-0.00616638,-0.0176335)
(0.00678791,-0.000216739)
(-0.00261367,-0.0164172)
(-0.0061405,-0.00228251)
(-0.00792413,-0.00329491)
(-0.00767327,-0.000440862)
(-0.00968816,-0.00025575)
(-0.0141012,0.00297172)
(-0.00855152,-0.00105212)
(-0.0188528,0.00702247)
(-0.00869633,0.00179091)
(-0.000921029,0.00620815)
(-0.00584863,-0.00731623)
(0.0106246,0.00605549)
(-0.00579064,-0.0123917)
(0.00411675,0.00166157)
(-0.0204792,-0.015393)
(0.00659862,0.000316863)
(-0.0205115,-0.0151163)
(0.00246709,0.00380783)
(-0.00155768,-0.0151674)
(-0.00333494,-0.000121133)
(0.0127853,-0.0159638)
(-0.0059153,-0.00924329)
(-0.0062506,-0.00808792)
(-0.0188868,-0.00879843)
(-0.00876951,-0.0019685)
(-0.0238638,-0.0102227)
(-0.00510673,-0.00915489)
(-0.0281728,-0.00904658)
(-0.0051154,-0.00913909)
(-0.0182168,-0.00152393)
(-0.00582575,-0.0068116)
(0.00146699,-0.00726918)
(-0.0159829,-0.0116102)
(0.00595701,0.00227109)
(-0.0184284,-0.0108088)
(-0.00103409,0.00150212)
(-0.0166259,-0.0105657)
(-0.00174038,0.000448991)
(0.00032701,-0.0194044)
(-0.00492923,-0.00738451)
(0.00558586,-0.0207764)
(-0.00952344,-0.00245143)
(-0.00872319,-0.00738242)
(-0.0199639,-0.0101866)
(-0.00508954,-0.00910923)
(-0.0347712,-0.0224639)
(-0.00877523,-0.0108193)
(-0.0339958,-0.0162537)
(-0.00584238,0.00303637)
(-0.0237879,-0.0137666)
(-0.00640853,-0.000524838)
(3.95625e-05,-0.0113969)
(-7.30563e-05,0.00151172)
(0.00797877,-0.0081474)
(-0.00717161,-0.00256988)
(-0.000894445,0.00268612)
(-0.00939202,-0.00501754)
(-0.0078483,9.69032e-05)
(-0.00137891,-0.017572)
(-0.0122909,-0.000834441)
(0.00292295,-0.0163332)
(-0.0099305,-0.000106163)
(-0.00488483,-0.000541418)
(-0.0106732,-0.00683174)
(-0.00173605,-0.00263438)
(-0.0213305,-0.0101152)
(-0.00552611,-0.00218277)
(-0.0277567,-0.0121992)
(-0.00725082,0.00709746)
(-0.0172478,-0.0100269)
(-0.00418371,0.0121469)
(-0.00110418,-0.0118217)
(-0.00217846,0.005122)
(0.00571859,-0.00882866)
(-0.00432161,0.00134575)
(0.00497153,-0.00561199)
(-0.00539016,-0.00503613)
(-0.00796089,0.00134508)
(-0.00535013,-0.00952327)
(-0.00417041,-0.000578934)
(-0.00271257,-0.00421195)
(0.00030719,-0.00242141)
(0.000833918,0.000652366)
(0.0049975,-0.00743232)
(0.00162447,0.00277152)
(0.00361897,-0.00663468)
(0.00285259,0.00472085)
(-0.00208711,-0.0223076)
(0.00216456,0.00329799)
(-0.0105551,-0.0232471)
(0.0108198,-0.00757856)
(-0.00861701,-0.0208958)
(0.00714148,-0.00582904)
(-0.000644966,-0.00427797)
(0.00712228,-0.000880484)
(0.0149832,0.00242816)
(0.00855615,0.00247172)
(0.01578,0.00882092)
(-0.00170027,-0.000373122)
(0.0187816,0.00343774)
(4.10137e-06,-0.00770936)
(0.0135387,-0.0037206)
(0.00353818,0.00422351)
(0.00372599,0.00212314)
(0.00353491,0.00419031)
(0.00410896,-0.0116035)
(-0.00171378,0.00410563)
(-0.00770586,-0.015207)
(-0.00202409,0.00491881)
(-0.0104002,-0.0191171)
(0.00616142,-0.00923568)
(-0.00654979,-0.00808164)
(0.0148121,-0.0132688)
(8.99543e-06,-0.00535904)
(0.0107123,-0.00831276)
(0.00961154,0.00160304)
(0.0203232,-0.00788979)
(0.0197065,0.00447267)
(0.00988292,-0.00816752)
(0.0264826,0.00432119)
(0.000648107,-0.00378229)
(0.0201025,0.00441138)
(0.00354346,-0.000591106)
(-0.00843365,0.0044945)
(-0.00639348,-0.00800923)
(-0.0149036,0.00405109)
(-0.00775854,0.00525219)
(-0.0110778,0.000229003)
(-0.0064149,-0.00096101)
(-0.0144269,-0.00914562)
(-0.0026375,-0.0187247)
(-0.00273426,0.00796179)
(0.00646313,-0.0225992)
(0.00181189,0.00300844)
(0.0105272,-0.0226179)
(0.0122451,0.00209824)
(0.00737145,-0.0235757)
(0.0202991,0.0108344)
(0.00518027,-0.0219545)
(0.0250145,0.0116216)
(0.00313004,-0.0229229)
(0.0179879,0.0126569)
(0.00431706,-0.00766807)
(-0.0146017,0.0114296)
(0.000866443,-0.00756004)
(-0.017109,0.0111962)
(-0.0120759,0.0040053)
(-0.0313519,0.00785854)
(-0.0261025,-0.0043118)
(-0.0223857,0.0157551)
(-0.00510124,-0.0146815)
(0.00117892,0.0202604)
(0.0115948,-0.0241885)
(0.000822371,0.0143641)
(0.00466116,-0.0257221)
(0.0172144,0.0220659)
(-0.000347963,-0.0278904)
(0.0235011,0.0165789)
(-0.00144823,-0.0355714)
(0.0190865,0.0139433)
(0.00161275,-0.0262)
(0.0120942,0.0133169)
(0.00285708,-0.00489813)
(-0.0085348,0.00787361)
(-0.00254283,-0.00283301)
(-0.0187755,0.0159263)
(-0.0229115,0.00344053)
(-0.0279635,0.0129541)
(-0.0210161,0.00276254)
(-0.0183449,0.00999941)
(0.0133802,-0.00212146)
(0.00977731,-0.00190862)
(0.0213036,-0.0426766)
(0.00396169,-0.00085127)
(0.0144863,-0.0286587)
(0.0239188,0.0182898)
(0.00545874,-0.0174115)
(0.0267121,0.0191902)
(0.000674444,-0.0266766)
(0.0188208,0.0118007)
(8.7489e-05,-0.0186681)
(0.00776701,0.00459639)
(-0.00412148,0.00338874)
(-0.0030426,-0.000438797)
(-0.00695566,0.01089)
(-0.00387308,0.00695402)
(-0.0135276,0.00346184)
(-0.0216866,0.0226687)
(-0.0128488,0.00691324)
(-0.0144402,0.0284247)
(-0.0081822,-0.0108046)
(0.00242205,0.0182925)
(-0.0124443,-0.0418304)
(-0.00335172,0.021302)
(-0.00997471,-0.0237074)
(0.00748691,0.0161728)
(-0.0115458,-0.00718616)
(0.00770277,0.0114891)
(-0.00625601,-0.0127843)
(0.00728478,-0.00180856)
(0.00131089,-0.0162707)
(0.00292989,-0.00266462)
(-0.00674128,0.00399096)
(-0.0108565,-0.00870712)
(-0.00909167,0.0138436)
(-0.0115195,-0.00840844)
(-0.0142982,0.000835455)
(-0.0127713,-0.00700397)
(-0.00646172,-0.00414999)
(-0.0137115,0.00703094)
(0.00239106,0.000112457)
(0.00472497,0.0115166)
(-0.0182148,-0.0206116)
(-0.00468937,0.011657)
(-0.019344,-0.0117582)
(-0.00859974,0.00563758)
(-0.0208709,-7.62102e-05)
(0.00326509,-0.0023573)
(-0.0022072,-0.00851341)
(0.00263088,-0.00327066)
(0.00684159,-0.010188)
(-0.00224316,-0.0102859)
(-0.00878474,0.00441948)
(-0.0173103,-0.00819664)
(-0.015342,0.00560367)
(-0.0219422,-0.0127511)
(-0.0091524,-0.00740735)
(-0.0274339,-0.00865758)
(-0.00532706,-0.00577766)
(-0.0233627,-0.0069801)
(-0.00980011,-0.00493379)
(-0.00458252,0.00307258)
(-0.00884158,-0.0121711)
(-0.00449238,0.00794469)
(-0.018342,0.000317687)
(0.00137303,-0.00118336)
(-0.0123363,0.000475665)
(-0.00588868,-0.00416086)
(-0.00127546,-0.00327613)
(-0.00251774,-0.0104343)
(0.00923587,-0.00789412)
(0.00361797,-0.00733908)
(-0.0063239,-0.000804511)
(-0.0115768,-0.00715209)
(-0.00797353,0.00416224)
(-0.0225307,-0.00862328)
(-0.00473386,-0.0025234)
(-0.0294458,-0.00791279)
(-0.00484735,-0.00178812)
(-0.0222723,-0.00448558)
(-9.02316e-05,0.000796027)
(-0.00634977,-0.0103942)
(-0.000166216,-0.00748244)
(0.00831125,-0.00386529)
(-0.0018064,-0.00505622)
(0.00124312,-0.00878387)
(0.00474175,0.00874878)
(-0.0038713,-0.00181133)
(0.00879471,-0.00204255)
(0.000278285,-0.0134299)
(0.00867522,-0.00332007)
(0.00247024,0.00038761)
(0.00121387,-0.000117628)
(-0.0150934,-0.00882275)
(-0.00247048,0.00290567)
(-0.0239012,-0.00946859)
(-0.000861767,0.00537238)
(-0.0216447,-0.00348839)
(0.00185773,0.00720816)
(-0.0218931,-0.00489806)
(0.00183515,0.0061214)
(-0.00308282,-0.0127887)
(0.00014914,0.00110316)
(0.0108209,-0.0144463)
(-0.00229993,-0.00243939)
(0.00598571,-0.00634038)
(-0.000810855,0.00337941)
(-0.00647848,-0.00284768)
(0.00364442,0.00237397)
(-0.000920431,-0.00327629)
(0.00285418,0.00133289)
(7.23299e-05,-0.00489861)
(0.00660001,0.00157917)
(0.00882417,0.00299725)
(0.00689271,0.00756753)
(-0.00119754,-0.00800471)
(0.000799766,0.00843684)
(-0.00687225,-0.0156731)
(0.0010876,0.00360333)
(-0.0143467,-0.0274475)
(0.00379695,0.00284777)
(-0.011935,-0.0144942)
(0.0100887,0.00605087)
(-0.00998805,-0.00604968)
(0.00373258,0.00719206)
(-0.00114499,0.00408591)
(0.00755853,0.005165)
(0.00154845,0.0109642)
(0.00442429,0.0033295)
(0.00665464,0.00510516)
(-0.00226846,0.000225969)
(0.010612,0.00281351)
(-0.0021012,0.000752363)
(0.00697291,0.00688344)
(-0.00228573,0.000896786)
(-0.00331424,0.00828257)
(-0.00343038,0.00697349)
(-0.0112607,-0.011739)
(0.00211212,7.89814e-05)
(-0.0160274,-0.0196294)
(0.0042242,-0.0041979)
(-0.0128635,-0.0129867)
(0.00535032,0.000949182)
(-0.0120563,-0.00465546)
(0.0091691,0.000289757)
(-0.00285185,0.00802402)
(0.0191082,-0.00330625)
(0.00477704,0.0090782)
(0.0106451,-0.00182073)
(0.0102538,0.012169)
(-0.00331298,-0.00410748)
(0.00826142,0.00955712)
(-0.00251415,0.00253263)
(-0.00084175,0.00927361)
(-0.00562617,0.00394644)
(-0.00868563,0.00511738)
(-0.00258635,0.0162786)
(-0.0228876,-0.00852227)
(-0.0107968,-0.00494488)
(-0.0219831,-0.0128808)
(-0.000465392,-0.0125481)
(-0.00644603,0.0133597)
(0.0116193,-0.00232982)
(-0.0157744,0.00291391)
(0.000815284,-0.013607)
(-0.00123682,0.0177697)
(0.0110782,-0.0206925)
(0.011657,0.00941231)
(0.00342458,-0.0229803)
(0.0181591,0.0141187)
(0.000714135,-0.019079)
(0.0059674,0.00681389)
(-4.43125e-05,0.00336155)
(-0.00409841,0.000914774)
(-0.00951256,0.00400166)
(-0.0211039,0.00514346)
(-0.0211565,0.0162882)
(-0.042171,0.00201097)
(-0.0175754,-0.00182289)
(-0.00983206,0.00735396)
(0.0130861,-0.00587861)
(0.024597,0.0420688)
(0.018257,0.0311359)
(-0.00836418,0.0106695)
(-0.00257212,-0.0153588)
(0.0214078,0.022008)
(-0.00634858,-0.0215249)
(0.0243131,0.0274694)
(-0.00566767,-0.0328671)
(0.0239824,0.0177316)
(-0.000121657,-0.0213234)
(0.0106469,0.0104619)
(-0.00193625,0.00201528)
(-0.00509985,-0.000520772)
(-0.0149391,0.0132677)
(-0.0163898,0.00666507)
(-0.0258517,0.0147732)
(-0.0315277,-0.000197078)
(0.00731421,0.00481266)
(0.00401995,-0.0247659)
(0.0618829,0.0376482)
(-0.00273353,-0.112818)
(0.0300538,0.0126918)
(0.00368524,-0.0549848)
(0.00926035,-0.0463779)
(0.0285415,0.0157254)
(-0.00499354,-0.0184107)
(0.0373156,0.0201493)
(-0.000778466,-0.0226682)
(0.0295714,0.0147706)
(0.00345503,-0.0220789)
(0.0157799,0.00871772)
(-0.00843138,0.00973688)
(-0.00246066,-0.00368013)
(-0.0071048,0.0167505)
(-0.0111837,0.00199585)
(-0.0150877,0.0172752)
(-0.0192171,0.00853795)
(-0.00705967,0.00880374)
(0.00259362,0.0143283)
(-0.021011,0.0257532)
(0.00151086,0.00543134)
(-0.0699971,0.00280949)
(-0.0273235,0.0255899)
(-0.0399846,-0.0332647)
(-0.0202723,0.031903)
(-0.0205752,0.00160599)
(0.00915146,0.0132109)
(-0.00629399,-0.0064381)
(0.016769,0.00188176)
(-0.00391325,-0.0110016)
(0.00864495,-0.00489755)
(-0.00379329,0.00925757)
(-0.00458829,-0.00898449)
(-0.00741684,0.0177611)
(-0.00491802,-0.0113105)
(-0.0151165,-0.000501885)
(-0.0217181,-0.00130018)
(-0.00540397,0.00280095)
(-0.00256972,0.0140349)
(-0.0119716,0.0133821)
(0.0272943,0.0330232)
(-0.0209518,0.0141829)
(-0.00960408,0.00505983)
(-0.0192595,0.0114964)
(-0.0193013,0.0120385)
(-0.0127864,0.0133332)
(-0.0040491,-0.00292318)
(-0.00612397,0.00489613)
(0.00573631,-0.0106559)
(0.00184651,-0.00490119)
(0.00720173,-0.0073565)
(-0.00530668,0.00958358)
(-0.00830735,-0.012693)
(-0.0072294,0.0113373)
(-0.0125219,-0.013001)
(-0.0115167,-0.00936928)
(-0.0136667,-0.011225)
(-0.00981749,-0.0196876)
(-0.0121699,-0.0052076)
(-0.00130256,0.00197069)
(0.00211478,-0.00335066)
(-0.00842259,0.00542352)
(-0.00978883,0.00455208)
(-0.00685474,0.00777131)
(-0.00982199,0.00384843)
(-0.00421202,0.0164263)
(-0.000700148,-0.00405647)
(0.00562434,0.0107225)
(0.00989289,-0.00934048)
(0.00338108,-0.00182003)
(0.00967809,-0.0115907)
(-0.00225089,0.00615338)
(-0.00474866,-0.00899411)
(-0.0138601,0.0144708)
(-0.0110796,-0.0138042)
(-0.00355302,-0.00405675)
(-0.0149613,-0.00389174)
(0.00320569,-0.00416478)
(-0.0205882,-0.00612983)
(0.00544482,-0.00123577)
(-0.00144792,-0.00893158)
(0.00700203,0.000225253)
(0.00521639,-0.00140609)
(0.00142306,0.0150839)
(0.00491283,0.000614941)
(0.0129077,0.0178656)
(0.00788816,-0.00901782)
(0.0222017,0.0208829)
(0.0130835,-0.0136785)
(0.015404,0.00936456)
(0.00952413,-0.00863142)
(0.00447973,0.00646816)
(-0.00160988,-0.00468805)
(-0.00178063,0.00697767)
(-0.00548156,-0.00966676)
(-0.00383178,0.00129755)
(-0.0124919,-0.00853007)
(0.00363815,0.00138018)
(-0.0103559,-0.00201004)
(0.0065876,0.00707086)
(0.000397434,-0.00732861)
(0.00297349,0.00248348)
(0.0117103,-0.0108621)
(0.00682513,0.00845356)
(0.00506559,-0.00639578)
(0.00640321,0.0213563)
(0.00553288,-0.00686014)
(0.0147915,0.0171745)
(0.00358634,-0.0042611)
(0.00998728,0.0089287)
(0.0128054,-0.00608784)
(-0.00172924,0.00147143)
(7.05392e-05,-0.000917663)
(0.00808694,0.000520968)
(-0.00312065,-0.000508651)
(0.0056277,0.0167797)
(-0.0171658,-0.0113378)
(0.00544455,0.00775138)
(-0.0174221,-0.0158115)
(0.00290862,0.0127194)
(-0.014649,-0.0114051)
(0.00189422,0.0154722)
(-0.00808035,0.000346056)
(-0.00054796,0.0114489)
(-0.00628309,0.0027443)
(-0.000421774,0.0100016)
(0.00128792,0.0138493)
(-0.00904711,0.00479604)
(-0.000161421,0.00882051)
(-0.00784335,-0.00838751)
(0.00213106,0.00269589)
(-0.00591816,-0.00412633)
(0.00931476,0.0039002)
(-0.00605771,0.0139247)
(-0.0035163,0.00461384)
(-0.00548935,0.0170568)
(-0.0220563,-0.00984968)
(-0.000970395,0.0118973)
(-0.0247912,-0.0222443)
(-0.00539653,0.0152954)
(-0.0215411,-0.00299002)
(0.00327603,0.0210977)
(-0.0193222,-0.0111105)
(-0.00151614,0.00923776)
(-0.00952063,0.0111049)
(0.00653829,0.00178122)
(-0.000555502,0.0127705)
(-0.00366502,-0.00125343)
(0.00943155,0.0163381)
(-0.0104212,-0.00555692)
(0.00402272,0.011846)
(-0.00951974,0.00151065)
(0.000100194,0.00215486)
(-0.0171518,0.0183025)
(-0.0128813,-0.000218482)
(-0.0121123,0.0329579)
(-0.022313,-0.0111048)
(-0.00454746,0.0187908)
(-0.0185437,0.000242719)
(-0.0024539,-0.00630413)
(-0.0113261,0.038518)
(0.00982568,0.069176)
(-0.03721,0.00137345)
(-0.00223786,0.00827099)
(-0.0114387,0.0125367)
(0.000828614,-0.00915993)
(0.001371,0.0285735)
(-0.00101429,-0.015798)
(0.00636261,0.0192677)
(-0.00274759,-0.0127219)
(0.00449535,0.0189751)
(-0.00493364,0.00560553)
(-0.00667224,-0.00419532)
(-0.0137365,0.0177112)
(-0.0151231,-0.00292644)
(-0.0114031,0.0310909)
(-0.018652,-0.0139568)
(-0.00823714,0.00108633)
(0.015667,0.0318114)
(0.0295884,-0.0597298)
(0.0656858,0.17832)
(0.0449551,0.14422)
(-0.0061016,0.0441739)
(-0.0157299,0.0413874)
(-0.00267451,0.0159825)
(-0.017965,-0.0141812)
(0.0106422,0.0313565)
(-0.00530029,-0.0262274)
(0.0149933,0.0290036)
(-0.00334154,-0.0232756)
(0.0048615,0.0108097)
(-0.00959931,0.0107151)
(0.00218835,-0.00468435)
(-0.0118428,0.0178469)
(-0.0116966,-0.0150359)
(-0.00552709,0.0215766)
(-0.00512477,-0.019397)
(0.0137933,0.0116092)
(0.099109,-0.00936511)
(-0.0063176,0.00600344)
(-0.021125,-0.00777504)
(-0.00865123,-0.0145731)
(0.00238757,0.00384266)
(-0.00432827,-0.0864324)
(0.00414001,-0.0410129)
(-0.0128564,-0.03449)
(0.0279021,0.0174248)
(-0.0095024,-0.0204487)
(0.0233334,0.0128886)
(-0.000587242,-0.0205057)
(0.0148248,0.0108122)
(-0.00354142,0.00576768)
(-0.00363137,-0.00700989)
(-0.00307161,0.0181623)
(-0.00621827,-0.00983419)
(0.0124767,0.0161923)
(-0.00426979,-0.0201028)
(0.0575899,-0.00922576)
(0.0650828,0.00788192)
(-0.0105559,-0.00525953)
(-0.0282773,-0.0120965)
(0.006934,-0.00121934)
(0.0187288,-2.02002e-05)
(-0.0124841,-0.0864782)
(-0.0646881,-0.00533131)
(-0.0246958,-0.00995995)
(-0.0123965,0.0221685)
(-0.0113448,-0.0154443)
(0.0165317,0.00484079)
(0.00289503,-0.0125062)
(0.0151332,-0.00314019)
(-0.00424158,0.00356884)
(-0.00116606,-0.00928492)
(-0.00827275,0.00774572)
(-0.0119858,-0.0117921)
(-0.0109508,-8.6787e-05)
(-0.00354217,-0.00870441)
(0.0123168,-0.0114301)
(0.037309,0.0237248)
(0.0315239,0.032857)
(0.109627,0.113253)
(0.0588563,0.101663)
(0.00838428,-0.0284125)
(0.0056797,0.0312108)
(-0.0297204,0.00829616)
(-0.0116571,0.0190041)
(-0.00451403,-0.00202989)
(-0.00526987,0.00976116)
(0.0150941,-0.00562054)
(0.00323068,-0.00129377)
(0.0212431,-0.0082124)
(0.00219444,0.012561)
(-0.000231572,-0.0102057)
(-0.00584092,0.0085285)
(0.000534568,-0.0114905)
(-0.0109334,-0.00552795)
(-0.00604852,-0.0136495)
(-0.00761691,-0.00957501)
(0.00120641,-0.00540752)
(0.000669354,0.00552355)
(0.0319945,0.015827)
(0.0175676,0.0488049)
(0.00779008,-0.0175408)
(0.00853277,0.0325302)
(-0.0071013,-0.00410932)
(0.00438579,0.0275024)
(0.00571921,-0.00502798)
(0.0127232,0.0196958)
(0.0186373,-0.0109695)
(0.00817894,0.00640193)
(0.0192193,-0.00844968)
(0.000912868,0.00655248)
(-0.0032054,-0.00739797)
(0.00466577,0.0165944)
(0.0012851,-0.00313422)
(0.00719885,0.00143853)
(-0.0106992,0.00237016)
(0.00159651,-0.00724665)
(-0.00805269,-0.00983118)
(0.0103517,0.0116737)
(0.00350012,-0.00673549)
(0.01859,0.0233826)
(0.00364662,-0.00863439)
(0.0130871,0.0229731)
(0.00553317,-0.00446425)
(0.0280878,0.0259011)
(0.0153357,-0.0045122)
(0.0233352,0.0252931)
(0.0201703,-0.0073613)
(0.0210558,0.0134445)
(0.017135,-0.00909618)
(0.00628311,0.00506548)
(-0.00133747,-0.00339275)
(-0.00183546,0.00616195)
(0.00245952,-0.00311928)
(-1.1988e-05,0.00281683)
(-0.000675973,0.000231741)
(0.0098714,-0.00305543)
(-0.00510864,-0.00352974)
(0.0108197,0.0072112)
(0.0048765,-0.00282264)
(0.00896975,0.00978178)
(0.0058295,-0.00969132)
(0.0185666,0.0167234)
(0.010258,-0.0032051)
(0.0217676,0.018628)
(0.0048171,-0.00102768)
(0.0279516,0.0200733)
(0.0126568,-0.00194495)
(0.0125661,0.00933186)
(0.0101554,-0.00246004)
(0.00347863,-0.012024)
(0.00668585,-0.00070501)
(0.00451778,0.00578793)
(-0.00250545,-0.000126633)
(0.00159413,0.0201709)
(-0.0115318,-0.000789639)
(0.00322892,0.0275442)
(-0.0108354,-0.00318119)
(0.00167771,0.0218432)
(-0.0118616,-0.00368032)
(-0.00773543,0.0230967)
(-0.000581709,-0.00527292)
(-0.0112928,0.0166767)
(-0.000716926,-0.00536189)
(-0.0104307,0.0109836)
(0.00366691,0.00640266)
(-0.0138943,-0.00177792)
(0.000702209,0.0172776)
(-0.0122025,-0.00135335)
(0.000934142,0.0104417)
(-0.0079731,-0.00160571)
(0.00740401,0.00559724)
(-0.00620991,0.00818509)
(0.00246467,0.00903954)
(-0.00101815,0.0305911)
(-0.00558283,-0.00026987)
(0.000774255,0.034241)
(-0.0148811,-0.00468989)
(-0.0109611,0.0230247)
(-0.0139879,0.00126988)
(-0.018368,0.0269386)
(-0.0182521,-0.019798)
(-0.0179497,0.0173992)
(-0.00102995,-0.0112904)
(-0.0107348,0.00923984)
(0.00700337,0.0179029)
(-0.0142484,0.00198044)
(0.00845555,0.0142293)
(-0.0171332,-0.00574035)
(0.0025337,0.018614)
(-0.00510558,0.00300025)
(0.00543573,0.001647)
(-0.0103105,0.0166684)
(0.0100987,0.00384355)
(-0.00579015,0.0417125)
(-0.00998219,-0.00572352)
(-0.0187526,0.0218015)
(-0.0145661,-0.00573547)
(-0.0286659,-0.0248851)
(-0.0183151,-0.0107384)
(-0.0322488,0.0295903)
(-0.0450657,-0.0533129)
(-0.0206515,0.00908821)
(-0.0144633,-0.00934397)
(-0.0175771,-0.0087709)
(-0.00237266,0.0131471)
(-0.00826259,-0.0132145)
(0.00386696,0.0300771)
(-0.005806,-0.00841389)
(-2.1453e-05,0.0170877)
(-0.00168608,0.000534811)
(0.00320324,-0.0022523)
(-0.00564132,0.016363)
(0.00116966,-0.000850182)
(-0.0118612,0.0292725)
(-0.00366277,-0.013923)
(-0.0419625,-0.0415276)
(0.00595446,0.00634364)
(-0.0570161,-0.162766)
(0.00690237,-0.0280871)
(-0.06775,0.0406594)
(-0.0733005,-0.155166)
(-0.022222,0.0553433)
(-0.0237758,-0.0442627)
(-0.0133987,-0.0037951)
(0.00319687,0.0201576)
(-0.00834523,-0.0198632)
(0.000246389,0.024412)
(0.0022547,-0.0209846)
(-0.00128769,0.0194861)
(0.00341364,0.00603399)
(0.00112109,-0.0101334)
(-0.00675998,0.0118287)
(0.00419572,-0.0162139)
(-0.0136812,0.0121175)
(-0.00663627,-0.0220935)
(-0.0351629,-0.00894432)
(0.00729048,0.0251261)
(-0.00889225,0.0117902)
(0.00170937,-0.0206359)
(-0.0104891,-0.0102623)
(0.000295117,0.0186903)
(0.0486031,0.0934067)
(0.0479951,-0.0168361)
(0.00784605,0.020941)
(0.038515,0.0228976)
(-0.00187087,-0.0141417)
(0.0212949,0.0211273)
(-0.000724325,-0.017903)
(0.00232887,0.0148699)
(-8.75211e-05,0.00431241)
(-0.000961563,-0.0135676)
(0.00077586,0.00734588)
(6.18874e-05,-0.0255687)
(-0.0131345,0.00800049)
(-0.0325969,-0.0403611)
(-0.025081,-0.0433724)
(-0.107114,-0.0068033)
(0.0189029,-0.000159681)
(0.020506,0.00235652)
(0.01371,0.029805)
(0.000602839,0.0119566)
(0.00664914,0.0588626)
(-0.0144112,0.00557956)
(-0.00878046,-0.00586539)
(0.00588698,0.0323963)
(-0.000168523,-0.012129)
(0.015745,0.00502502)
(0.00191662,-0.0221475)
(0.0103247,0.0063232)
(0.00372545,-0.00187469)
(-0.003758,-0.01762)
(-0.00650135,-0.00269625)
(-0.00461953,-0.021324)
(-0.0139832,-0.00510834)
(-0.00984364,-0.0359608)
(-0.0222667,-0.0467215)
(-0.0281965,-0.0221218)
(-0.00610416,-0.0959825)
(0.00572961,0.0241644)
(0.032579,-0.0601061)
(-0.0551916,-0.132697)
(-0.00136265,0.00370843)
(-0.0116089,-0.0284757)
(-0.00426897,0.00977649)
(0.00749571,0.00509604)
(0.00501958,0.00271019)
(0.0108645,-0.00472154)
(0.00673287,0.00463754)
(0.0135141,-0.0058181)
(0.00457648,0.00171812)
(0.00130585,-0.0165607)
(0.00510699,0.00695432)
(0.00735805,-0.0183076)
(0.00150891,-0.00197191)
(-0.00404257,-0.0220605)
(-0.00971172,-0.0143422)
(-0.00842184,-0.0104747)
(-0.000930071,-0.0261391)
(0.00576818,-0.00408762)
(0.0249843,-0.00444162)
(-0.00335819,-0.053172)
(0.0181295,0.0211486)
(0.0047156,-0.0109935)
(0.0186777,0.0262316)
(0.0131946,-0.00967949)
(0.0195101,0.0284855)
(0.0198364,-0.00792957)
(0.0136569,0.00961175)
(0.0188527,-0.0124492)
(0.00798111,0.00548814)
(0.00493048,-0.0075597)
(0.00801557,0.0105854)
(0.00492568,0.0047004)
(0.0060336,0.0036799)
(-0.000222837,-0.00472223)
(0.00942445,-0.00137642)
(-0.00841415,-0.00794268)
(0.0181484,0.00995671)
(0.00481455,-0.00254439)
(0.0151106,0.0200936)
(-0.00111022,-0.00911093)
(0.0225614,0.0255412)
(0.0063321,-0.00184434)
(0.0327851,0.0334373)
(0.0136821,-0.00711398)
(0.0328249,0.0195375)
(0.0162566,-0.00967065)
(0.0209932,0.00909951)
(0.0119321,-0.00538489)
(0.00792044,0.00424315)
(0.00532856,-0.00572807)
(0.00590916,0.00391554)
(0.00230341,0.00590976)
(0.00441643,-0.00207657)
(-0.000766663,0.00534093)
(0.00605544,0.00270115)
(-0.000532304,-0.00467505)
(0.00740912,0.0116249)
(0.00313198,0.000548805)
(0.0124302,0.0206547)
(0.00428745,-0.000518392)
(0.0194822,0.0249237)
(0.00599709,0.000919415)
(0.0312973,0.019946)
(0.00677506,-0.000435252)
(0.0295644,0.0114286)
(0.00750553,0.000883175)
(0.0176208,0.00622959)
(0.00593892,-0.00207406)
(-0.00313241,-0.00309748)
(-7.511e-08,0.00152211)
(0.00285525,-0.00426877)
(-0.000526885,0.00494035)
(-0.000320763,0.022875)
(-0.00149951,-0.000637783)
(0.00506045,0.0252081)
(0.0032455,0.000936762)
(-0.00448573,0.0309954)
(0.00577318,-0.00549851)
(-0.00414315,0.0224274)
(-0.00301635,-0.00583456)
(-0.00941748,0.0185277)
(-0.0010693,-0.0113243)
(-0.010996,0.0071133)
(-0.00309028,0.00324111)
(-0.0182113,0.00632102)
(-0.00784319,0.0145899)
(-0.0181981,-0.00379015)
(-0.00030474,0.0120312)
(-0.00024194,-0.00693137)
(0.00654478,0.00404182)
(-0.00706685,-0.0016694)
(0.0118658,0.00849889)
(-0.00586317,0.0206845)
(0.0011093,0.00194641)
(-0.00777282,0.0338564)
(0.00684733,-0.00680465)
(-0.0138646,0.0282337)
(0.00778339,-0.00895862)
(-0.0177286,0.028471)
(0.0115112,-0.0122876)
(-0.0196596,0.0202676)
(-0.00228023,-0.00928089)
(-0.0213722,0.0108926)
(0.000554141,-0.00390519)
(-0.0241904,0.0031043)
(0.000243585,0.0278509)
(-0.0224045,-0.00209737)
(0.0036163,0.0141836)
(-0.00268453,-0.0123295)
(0.0130667,0.000649959)
(-0.00836843,-0.00104604)
(0.00931884,0.00305883)
(-0.00736697,0.0200285)
(0.00738388,-0.000789713)
(-0.00886876,0.0197723)
(0.00837125,-0.00475931)
(-0.0135451,-0.00244885)
(0.0136823,0.00864075)
(-0.0236422,0.00658408)
(-0.00862842,-0.0185128)
(-0.0237217,0.0018769)
(0.00274799,-0.00550783)
(-0.0184373,-0.00614189)
(-0.00647135,0.0126494)
(-0.0150803,-0.00699163)
(-0.00376019,0.0180147)
(-0.0111941,-0.0150716)
(-0.00207117,0.01865)
(0.00616041,-0.0141188)
(0.00654978,-0.00277753)
(0.00443007,-0.00193194)
(0.0209284,0.00250109)
(0.00229114,0.0229357)
(0.0179731,-4.27485e-05)
(-0.000859299,0.00280162)
(0.020848,0.0071257)
(0.0193831,-0.0215404)
(0.00169802,0.0107453)
(-0.00887698,-0.021994)
(-0.00924667,-0.041797)
(-0.0131517,-0.00271097)
(-0.0116262,-0.0117859)
(-0.0146481,-0.00694607)
(-0.012959,0.0265402)
(-0.00319959,-0.0179089)
(-0.014525,0.0379806)
(-0.00334073,-0.022142)
(-0.00860567,0.0200697)
(0.0123173,-0.00763271)
(0.0138986,-0.00848641)
(0.0183787,-0.0025355)
(0.0166862,-0.0123436)
(0.0124725,0.0101276)
(0.0110266,-0.0107137)
(0.0309884,0.0616256)
(-0.00093494,0.0306966)
(0.152732,0.103929)
(-0.0324274,0.0713179)
(0.0819236,-0.0885186)
(0.0263976,0.0296622)
(0.0402323,0.00231639)
(0.0291778,0.024304)
(0.00193367,-0.00643617)
(0.000988397,0.020277)
(-0.00448385,-0.00910023)
(-0.0146682,0.0230208)
(-0.00495563,-0.0129207)
(-0.0107293,0.0154441)
(0.0105524,-0.0145075)
(0.00774202,-0.0151302)
(0.0110981,-0.00784555)
(0.00987439,-0.0227497)
(-0.00883768,0.0200344)
(0.00951499,-0.0335404)
(-0.0449616,0.0546091)
(-0.0278162,-0.0150984)
(-0.0926358,0.0979959)
(-0.0475214,0.00461498)
(-0.137896,-0.137187)
(-0.00964545,-0.00608497)
(-0.0367581,-0.0332087)
(-0.00636577,0.0296166)
(0.00531229,-0.000947136)
(-0.00678413,0.027175)
(0.00312113,-0.016251)
(-0.00513809,0.012947)
(-0.00212716,-0.0163894)
(-0.0053115,-2.44916e-05)
(0.0106088,-0.0101228)
(0.00260654,-0.0237435)
(0.0103747,-0.0124429)
(0.00848912,-0.024848)
(-0.0141513,-0.00779865)
(0.00820923,-0.0241766)
(-0.0359314,0.00731564)
(-0.0013235,-0.00819083)
(-0.0655632,-0.00231205)
(0.00734463,0.0293969)
(-0.0385684,-0.0548809)
(-0.00687795,-0.0403717)
(-0.00750469,-0.00536286)
(-0.00230916,0.0131973)
(0.0117742,-0.00132619)
(0.00799625,0.0124966)
(0.011535,-0.00367368)
(0.00175195,-0.0016097)
(0.00452327,-0.0104263)
(0.00203893,-0.000327378)
(0.00716288,-0.00847797)
(0.00405393,-0.0142233)
(0.0122686,0.000494191)
(0.0110672,-0.0147492)
(-7.60428e-05,0.00306549)
(0.00560014,-0.0116137)
(-0.0173959,0.00257243)
(-0.00221475,-0.00192242)
(-0.00623833,0.00326822)
(0.00316379,0.01115)
(0.00187372,-0.000263525)
(0.009789,-0.00763752)
(0.0184337,0.0143692)
(0.00562777,0.000783768)
(0.0218367,0.0215035)
(0.00934493,-0.0064127)
(0.0165942,0.0104251)
(0.00937717,-0.0127102)
(0.0151418,-0.00153125)
(0.00719317,-0.0083138)
(0.00578262,-0.00247154)
(0.00745737,-0.00504787)
(0.0102207,-0.00463492)
(0.00913292,0.00769936)
(0.0126985,0.00229858)
(0.00654335,0.0137084)
(0.00691057,0.0047326)
(-0.00243483,0.00746911)
(0.00187506,0.0169175)
(0.00305796,0.015979)
(0.0122473,0.0193786)
(0.00502281,0.0108514)
(0.0158227,0.0343984)
(0.00432053,0.000931519)
(0.0265861,0.0214737)
(0.00783629,-0.00413325)
(0.0228918,0.00409605)
(0.00908954,-0.00480541)
(0.0193107,-0.00231956)
(0.00745518,-0.00474286)
(0.0093474,0.000585536)
(0.00813447,-0.00216828)
(0.00504216,-0.00264311)
(0.00572471,0.00842627)
(0.004114,-0.00294007)
(0.000529992,0.0121156)
(0.00872959,-0.00301209)
(0.000376258,0.010118)
(0.0100036,0.0073792)
(-0.00409713,0.0162742)
(0.00569172,0.0153184)
(-0.000383754,0.0130247)
(0.015267,0.0165151)
(-0.000730539,0.00530852)
(0.0194345,0.0171058)
(-0.00216111,0.000217773)
(0.0269218,-0.00415075)
(0.00152144,-0.000552143)
(0.0180802,-0.000757164)
(0.00381542,0.00267033)
(-0.000718831,-0.00274823)
(0.00213702,0.00803851)
(-0.00212199,-0.00174931)
(-0.00228256,0.00258419)
(0.00125274,0.0039264)
(0.00289635,0.00495184)
(-0.00259013,0.0134671)
(0.00872869,-2.03453e-05)
(-0.00526149,0.0212773)
(-0.000371811,-0.00333561)
(-0.00810281,0.0207608)
(0.00199701,-0.00681759)
(-0.000836793,0.00899517)
(-0.00610114,-0.00475769)
(0.00314561,0.00843149)
(-0.00846171,-0.00236695)
(-0.00505148,0.000907312)
(-0.00925671,0.0141666)
(-0.00922525,0.00270688)
(-0.00744889,0.0141864)
(0.000559668,-0.00761557)
(0.00468825,0.00561361)
(-0.00483466,-0.0174913)
(0.00060097,0.0117422)
(-0.00959555,-0.000386219)
(0.00454527,0.00139635)
(-0.0166962,0.0149946)
(0.00589542,-0.0141428)
(-0.0217422,0.0140011)
(0.00518377,-0.00939495)
(-0.0196601,0.0200361)
(0.00935582,-0.00977042)
(-0.00735027,0.0135543)
(-0.00230755,-0.0124483)
(-0.0101974,0.00790977)
(-0.00383793,0.00590486)
(-0.0116745,0.00654988)
(-0.00600053,0.0140764)
(-0.0143513,0.00125878)
(-0.00245183,0.0131552)
(0.000945606,-0.0140351)
(0.00713296,0.00681177)
(-0.0115288,-0.0258063)
(0.00869746,0.0028762)
(-0.0110725,-0.00589625)
(0.000747637,-0.00691578)
(-0.015649,-0.00555496)
(0.0115259,-0.0121893)
(-0.0146901,-0.0168065)
(0.0110877,-0.0116342)
(-0.0162002,-0.00763329)
(0.0197763,-0.0139019)
(-0.0110919,-0.00268761)
(-0.00451785,-0.0039976)
(-0.0133079,0.00393533)
(-0.015574,0.000973408)
(-0.00873455,0.00292122)
(-0.00659427,0.0149272)
(-0.00568854,-5.50223e-05)
(-0.00536906,0.0109492)
(-0.00155366,-0.0185325)
(0.00361555,0.00387152)
(0.00106765,-0.0238008)
(0.0154146,0.0015787)
(0.00163059,-0.0134912)
(0.0205829,-0.00172139)
(0.00174282,-0.0172595)
(0.0250957,-0.00256134)
(0.0120207,-0.0257483)
(0.023414,-0.000730136)
(-0.00628328,-0.0268631)
(0.00902858,-0.0137156)
(-0.00691685,-3.51453e-05)
(-1.02728e-05,0.000538849)
(-0.0083713,0.00214484)
(-0.0226948,0.00892867)
(-0.00577638,0.0013259)
(-0.0226226,0.0135138)
(-4.66507e-05,-0.00181282)
(-0.0121639,0.0136768)
(0.0142784,-0.0256152)
(0.00680029,-0.0073033)
(0.0123552,-0.0219782)
(0.0206027,-0.0119546)
(0.0159476,-0.00237434)
(0.0300159,-0.0076934)
(0.0217258,0.00228453)
(0.022729,-0.00651799)
(0.0448407,0.0310593)
(0.01607,0.0174725)
(0.0230718,-0.0264092)
(0.0273188,0.00536388)
(0.00659769,0.00321115)
(0.00122683,0.0133756)
(-0.00336135,0.0100592)
(-0.0173983,0.0141369)
(-0.00136643,-0.00329451)
(-0.0222815,0.00961717)
(0.000332147,-0.00717364)
(-0.0168638,0.00298559)
(0.0111204,-0.0145306)
(0.00586223,-0.0141186)
(0.0244737,-0.0171952)
(0.0185149,-0.0135067)
(0.0160534,-0.0070702)
(0.0208306,-0.0135708)
(-0.00757179,0.0235424)
(0.0265715,0.000856808)
(-0.0224374,0.0348578)
(0.0116437,0.0177725)
(-0.0300154,-0.0248983)
(0.00690022,0.0129862)
(-0.000953574,0.0110139)
(-0.00564978,0.028862)
(0.00828952,-0.00148718)
(-0.00732502,0.0136044)
(0.00623231,-0.00845753)
(-0.0172282,-0.00480145)
(0.00615647,-0.0109612)
(-0.0088169,-0.00270714)
(0.0132592,-0.0156617)
(-0.00106274,-0.0116098)
(0.0132028,-0.0132563)
(0.00979191,-0.0136491)
(0.00327461,-0.000734072)
(0.0218514,-0.00750195)
(-0.0177893,0.003423)
(0.0146303,0.00820762)
(-0.0189557,0.00651764)
(0.0127325,0.0275447)
(-0.0137516,-0.0018695)
(0.00966167,0.0111431)
(0.00917249,0.00725173)
(0.000689471,0.011546)
(0.0185426,0.0142566)
(-0.00576368,0.00259145)
(0.0228643,-0.00828079)
(-0.012811,-0.00472849)
(0.0175184,-0.00963094)
(-0.0108222,-0.00627175)
(0.00672696,-0.0123968)
(0.00581899,-0.00266633)
(0.00591832,-0.011422)
(0.0160931,0.00198942)
(0.0123437,0.000244885)
(0.00837786,0.0060816)
(-0.00214937,0.0138195)
(-0.00275535,0.0159606)
(-0.0129772,0.0131906)
(0.00184619,0.0181816)
(0.00965593,0.00874937)
(0.00470618,0.0208866)
(0.0111834,0.0261905)
(-0.00287499,0.00625873)
(0.0277218,0.0159399)
(0.0028363,-0.0108357)
(0.0259108,-0.00207371)
(-0.00801626,-0.0181475)
(0.00749414,-0.0078998)
(-0.00359783,-0.00821806)
(0.00595693,-0.00438648)
(0.0121223,0.00648171)
(0.00793176,-0.00601442)
(0.019105,0.0230517)
(0.00499311,0.00349623)
(0.00618501,0.0223573)
(0.0087719,0.00972408)
(-0.00315902,0.0217939)
(0.00565619,0.00874424)
(-0.00779215,0.0324321)
(0.0074056,0.015232)
(0.00315429,0.0226234)
(0.0109682,0.0234645)
(0.00117404,0.00854175)
(0.0176899,0.0158297)
(0.00230772,-0.0114952)
(0.0202363,-0.00546984)
(-0.00206257,-0.00742125)
(0.016441,-0.00182494)
(-0.000330838,0.00346475)
(0.00452563,0.00354452)
(0.0169004,0.00644209)
(0.00572867,0.00163663)
(0.0144931,0.0112023)
(0.00599349,0.00178078)
(0.00448941,0.0179405)
(0.00598654,0.000274585)
(-0.00446057,0.013485)
(0.00535874,0.000266102)
(-0.00668411,0.0195927)
(0.0076857,0.00716605)
(-0.000837272,0.0184372)
(0.00190481,0.0145589)
(0.00114252,0.00385509)
(0.0211148,0.00397419)
(-0.00355502,-0.00106878)
(0.0222159,-0.000812185)
(0.00428453,0.005641)
(0.0119304,-0.00125471)
(0.00272564,0.00718671)
(-0.00123678,-0.00292145)
(0.000553934,0.00228969)
(0.00277665,-0.00303504)
(-0.00679329,0.00850778)
(-0.00296644,0.00471565)
(0.00137042,0.00416074)
(-0.00338513,0.0130819)
(0.000211696,0.0012651)
(-0.00432535,0.0179382)
(-0.00237335,-0.00385704)
(-0.00771298,0.0202241)
(-0.00461881,-0.00470646)
(0.00158436,0.0113086)
(-0.00648823,-0.00414559)
(0.00420451,0.00437482)
(-0.0103449,0.00441264)
(0.00274796,-0.000458465)
(-0.0103165,0.0186644)
(-0.00109059,-0.00552426)
(0.000703445,0.0188835)
(0.00119392,-0.00880444)
(-0.00297565,0.00874577)
(0.00157043,-0.0102144)
(-0.00252783,0.00964661)
(-0.00583789,-0.00464296)
(-0.0027269,0.000911718)
(-0.0191824,0.00944789)
(0.0103309,-0.00840906)
(-0.0181632,0.0111294)
(0.00503929,-0.0107699)
(-0.0178756,0.0169294)
(0.00612884,-0.0045948)
(-0.00349695,0.0159413)
(0.00437484,0.000518623)
(0.00102096,0.0135529)
(-0.00980729,0.00587437)
(0.000592313,0.00267657)
(-0.00854403,0.0109479)
(-0.00399926,-0.00165534)
(-0.00180424,0.015253)
(-0.00182221,-0.014425)
(0.00564442,0.00910426)
(0.00132467,-0.0243735)
(0.000419801,0.00509847)
(-0.00694031,-0.0224931)
(0.00291803,-0.00410274)
(-0.0119123,-0.0127909)
(0.00372122,-0.0203112)
(-0.0192538,-0.0173188)
(0.0085269,-0.00673403)
(-0.0117407,-0.00287312)
(0.00799256,0.00122795)
(-0.00794774,0.00573277)
(0.00484312,-0.002069)
(-0.00309382,0.0104536)
(-0.00156983,0.00478626)
(0.0018625,0.010513)
(-0.00741085,0.00328058)
(0.002303,0.00233966)
(0.00449217,0.00632845)
(0.0012442,-0.024202)
(0.00400296,0.00387095)
(-0.000994146,-0.026379)
(0.00585477,0.00126189)
(-0.000881842,-0.0202132)
(0.00563201,-0.00976066)
(-0.00835256,-0.0219002)
(0.0211088,-0.00564618)
(-0.00414544,-0.0306685)
(0.0154762,-0.00270704)
(-0.00227906,-0.0031052)
(0.0167242,-0.000575487)
(-0.00580704,0.00997026)
(-0.00320336,0.00745417)
(-0.011512,0.0160243)
(-0.0154354,0.00257218)
(-0.00445394,0.0118249)
(-0.0129792,0.00393958)
(-0.00124471,0.00654241)
(-0.00766266,0.00199662)
(0.00615325,-0.019278)
(0.00930327,-0.00172119)
(0.0117228,-0.0264885)
(0.0153191,-0.00691514)
(0.00474324,-0.0150066)
(0.0189532,-0.00694073)
(0.00794634,-0.0151461)
(0.0287881,-0.00386713)
(0.0160964,-0.0128261)
(0.0245067,0.00074813)
(0.00235458,-0.00487131)
(0.0205246,0.00280208)
(-0.00330123,0.0144386)
(0.00272167,0.00219048)
(-0.00732533,0.0157571)
(-0.0127783,0.00480908)
(-0.00382875,0.0032465)
(-0.0209388,-0.00560753)
(-0.000871754,-0.00129729)
(-0.0106942,-0.00919828)
(0.0109813,-0.0196351)
(0.00964686,0.00085429)
(0.00775879,-0.0145408)
(0.0177759,-0.00457237)
(0.0108998,-0.00559833)
(0.0199326,-0.00387806)
(0.00267638,-0.00844572)
(0.024313,0.00228614)
(0.00172375,-0.00452654)
(0.020571,0.00691767)
(0.00199718,-0.00376599)
(0.0140799,0.00761863)
(-0.00515599,0.0084708)
(-0.00267482,0.0116658)
(-0.000868332,0.0138355)
(-0.00799235,0.000903324)
(0.00096786,-0.00353991)
(-0.00743977,-0.00236695)
(0.00578195,-0.00333533)
(-0.00627176,-0.00554698)
(0.00306659,-0.0110947)
(0.00268656,0.00199765)
(0.0112279,-0.00231473)
(0.0206143,0.00220775)
(0.00463349,-0.000312657)
(0.014297,-0.00195392)
(-0.00524353,0.00199006)
(0.011968,0.000890686)
(-0.0104879,0.000247461)
(0.00864096,0.00687507)
(-0.00373567,-0.000226265)
(0.00455707,0.00924944)
(-0.00398199,0.00989154)
(-0.00529722,0.00921441)
(0.0147222,0.00640199)
(-0.00594222,-0.00633032)
(0.0217457,-0.00887049)
(-0.0172178,-0.00595615)
(0.0157195,-0.00774106)
(-0.00728487,-0.00123416)
(0.00113111,-0.00914735)
(0.0121359,0.00776926)
(0.0011267,-0.00351103)
(0.020746,0.0192047)
(-0.00177016,0.00137833)
(0.0110949,0.0157214)
(-0.000851178,0.00616486)
(-0.00120415,0.00503965)
(-0.00200588,0.00712402)
(-0.00417913,0.0190538)
(0.001026,0.0158854)
(-6.70202e-05,0.0158216)
(0.00594765,0.0195799)
(-0.0101578,0.00717338)
(0.0205109,0.0139097)
(-0.0105005,-0.00912254)
(0.0219869,0.00523629)
(-0.0125036,-0.00868941)
(0.0149432,-0.000114512)
(-0.0128832,-0.000601278)
(0.000647997,-0.000949173)
(0.0196075,0.0101787)
(0.00189583,-0.00342862)
(0.0246636,0.0217856)
(0.0051779,0.00471858)
(0.0109376,0.0176379)
(0.00283751,0.00794911)
(-0.00487839,0.0201501)
(0.00376812,0.00443145)
(-0.00860832,0.0199227)
(0.00907013,0.0127391)
(-0.00321068,0.0254462)
(0.00671599,0.0144791)
(-0.00721581,0.00728499)
(0.0212465,0.0144038)
(0.00081953,0.00389999)
(0.0185406,0.00128716)
(-0.00868744,0.0063462)
(0.00648481,-0.000119719)
(-0.00358782,0.00996116)
(0.00589023,-0.00262979)
(0.0154415,0.00614728)
(0.00579201,-0.00243141)
(0.0200089,0.0118574)
(0.00196589,0.00291506)
(0.00685663,0.0104955)
(0.0052279,0.00717033)
(-0.00211524,0.00664881)
(0.00724873,-0.000830137)
(-0.00800589,0.0166098)
(0.0087298,0.00347351)
(-0.00323027,0.0123735)
(0.0113294,0.00264027)
(-0.00248938,0.00918261)
(0.0186376,0.010131)
(-0.00280244,0.00560252)
(0.0125292,-0.000943298)
(0.00166085,0.0124591)
(0.00390074,-0.00382315)
(-0.00429704,0.00799912)
(-0.00747232,0.00548753)
(0.000371494,-0.00295242)
(-0.00908017,-0.00310883)
(-0.00282309,0.00104944)
(-0.00479549,0.00266028)
(-0.0047426,0.000246658)
(-0.0094735,0.0145965)
(-0.000651688,-0.0023059)
(-0.0060645,0.0124176)
(-0.00598245,-0.00377888)
(-0.00660825,0.0169613)
(0.00134469,-0.00020308)
(-0.000179135,0.00881083)
(-0.00447044,-0.000465336)
(-0.00317623,0.00303195)
(-0.00775497,-0.00169021)
(0.00308123,-0.00707754)
(-0.00406672,0.0114281)
(0.00429629,2.63495e-05)
(-0.00145912,0.00591908)
(-0.00240057,-0.0106437)
(-1.3213e-05,0.00138618)
(0.0014805,-0.0140321)
(-0.00713596,0.00407003)
(-0.00820366,0.000409367)
(0.00023918,-0.00100049)
(-0.0140644,0.00883828)
(5.27664e-05,-0.00378259)
(-0.0116176,0.00871413)
(0.00218693,-0.00146041)
(-0.0111355,0.0211195)
(0.00767537,0.00372939)
(0.000818553,0.0203346)
(0.00530553,-0.00240958)
(-0.00351193,0.00866835)
(-0.00374625,0.000498128)
(0.00132334,-0.00249935)
(-0.000666935,0.0100692)
(-0.00154508,-0.00902512)
(-0.000922978,0.00993985)
(-0.000433094,-0.0148241)
(0.00143109,0.00560621)
(0.000911618,-0.0222254)
(-0.00212385,0.00801571)
(-0.00387714,-0.0113128)
(-0.00598962,-0.0022617)
(-0.00871504,-0.00295674)
(0.00609585,-0.00239277)
(-0.00885918,-0.000491778)
(0.00605971,0.000286621)
(-0.00418307,0.0118762)
(0.0113104,0.00932562)
(-0.00362685,0.0161621)
(0.0116183,0.00943081)
(-0.0006459,0.0153417)
(0.004157,0.00311434)
(0.000343285,0.00440544)
(0.00845683,0.0024753)
(-0.00474948,-0.000550169)
(0.00597678,0.00875968)
(-0.00826719,-0.0169505)
(0.00332143,0.00275183)
(0.00222577,-0.0184128)
(0.00328501,0.00372034)
(-0.00580666,-0.0146991)
(-0.00271317,0.00108785)
(-0.00843219,-0.0115911)
(0.00696969,-0.00210696)
(-0.00838287,-0.00404758)
(0.00935423,-0.00105835)
(-0.00693381,0.0131108)
(0.0107343,0.00937587)
(-0.00746084,0.0132123)
(0.00640239,0.0075979)
(-0.0115665,0.0244406)
(0.00342933,0.00757123)
(-0.00787034,0.00974262)
(-0.00369571,0.0036344)
(-0.00358443,-5.78714e-05)
(0.0019132,0.00461335)
(-0.000227067,-0.0110056)
(0.00996548,-0.00107331)
(-0.000559698,-0.0180289)
(0.0168918,0.00354821)
(-0.00049411,-0.0126401)
(0.0118605,0.00370557)
(-0.00316713,-0.00728901)
(0.0180537,0.00482302)
(-0.000754213,-0.00795905)
(0.017443,0.00470079)
(0.00315008,0.0077985)
(0.015663,0.010397)
(-0.00392831,0.0167043)
(0.00416591,0.00693665)
(0.00028128,0.017987)
(-0.00773618,-0.00180211)
(-0.00495973,0.00322818)
(-0.00439687,-0.00203288)
(-0.002087,0.000333273)
(-0.00963625,-0.00446556)
(0.00555149,-0.00424746)
(0.00232972,0.00215228)
(0.0101462,-0.00742236)
(0.0125158,0.00192314)
(0.00291404,-0.00590445)
(0.0112817,0.00385544)
(-0.00157875,-0.00531163)
(0.0194096,0.0049205)
(0.00767961,-0.008559)
(0.0139452,0.00752978)
(0.00257429,0.00460872)
(0.0146872,-0.000518374)
(0.000531046,0.00950804)
(0.00234089,0.00492255)
(0.00259661,0.00860195)
(-0.00145897,-0.00105638)
(0.000551704,0.00168003)
(-0.010676,-0.00570436)
(0.00580076,0.0011781)
(-0.00114282,0.000971711)
(0.00206551,-0.00968335)
(0.00312132,0.00552718)
(0.00562199,0.00278013)
(0.0150291,0.00358033)
(0.000897009,-0.00409155)
(0.0127621,0.00629174)
(0.00294209,0.000522135)
(0.0120404,9.37988e-05)
(0.00305151,-0.00256556)
(0.00770637,-0.00198121)
(-0.000597562,0.00518373)
(0.00707645,0.0059559)
(0.00104977,0.0149302)
(0.00218137,0.000547496)
(0.00582775,0.00576555)
(-0.0080754,-0.000232461)
(0.00900798,0.000489127)
(-0.00780243,0.00400966)
(0.0099653,-2.89031e-05)
(-0.0115793,-0.00386918)
(-0.00924374,-0.00546136)
(0.0017812,0.0102582)
(-0.00828663,-0.000668025)
(0.0106273,0.00902365)
(-0.00459737,-0.00485533)
(0.0112642,0.0125584)
(-0.00122029,0.00924091)
(0.00614807,0.00751627)
(-0.000712464,0.00681943)
(0.00290433,0.00199378)
(-0.00144577,0.0154173)
(0.00112136,0.00899174)
(-0.00062428,0.0121574)
(-0.0034652,0.000947)
(0.0101029,0.0150705)
(-0.00423254,-0.00136584)
(0.0121943,0.00650648)
(-0.0131456,0.00236031)
(0.00531537,-0.000102808)
(-0.00893061,0.00290888)
(-0.00317811,-0.00795096)
(0.0178141,0.00953158)
(-0.00800916,-0.00570835)
(0.0212865,0.0155877)
(-0.00354434,-0.00202449)
(0.0101427,0.00807269)
(-0.00220417,0.000703476)
(0.0057696,0.00263698)
(0.00686534,-0.000235865)
(-0.00269527,0.00970379)
(-0.000878549,0.00478666)
(-0.000916115,0.0103494)
(0.00257215,0.0120974)
(-0.000281016,0.00593859)
(0.00573802,0.00754683)
(-0.00167283,0.00202092)
(0.00875298,0.00112402)
(-0.00432393,0.00787204)
(-0.0027076,-0.00555564)
(-0.011257,0.0034559)
(0.00751386,-0.00325006)
(0.0128715,0.00947458)
(0.00559976,0.00131123)
(0.0167113,0.00727342)
(0.000329661,-0.00282023)
(0.010798,-0.000631299)
(0.00035289,-0.00114746)
(0.00301045,0.00132475)
(0.00625691,-0.00523024)
(-0.000459304,0.00130176)
(0.00501425,-0.00452094)
(0.000217837,0.0023295)
(0.00433026,-0.00155869)
(0.00048056,0.00135707)
(0.00745069,0.00959874)
(0.00138273,0.0038887)
(0.00119868,0.0022824)
(0.00222805,0.00659796)
(-0.00293422,-0.00433539)
(-0.00445081,0.00677833)
