(0.0021421,0.00254527)
(0.0024816,0.00631934)
(0.00728152,0.00121353)
(0.0174631,0.00604114)
(-0.0018123,-0.000885497)
(0.0259804,0.0135956)
(0.00152062,-0.0162106)
(0.0241604,0.0135182)
(-0.0081377,0.00484856)
(0.0171631,0.0136519)
(-0.00414139,0.0125696)
(0.0115605,0.00652418)
(-0.00623894,0.0266616)
(0.0115875,0.0161432)
(-0.0016437,0.0269123)
(0.013564,0.010144)
(-0.00312566,0.0148189)
(-0.000838267,0.00144315)
(0.0154056,0.00927955)
(-0.0034378,-0.00200535)
(0.00755982,0.0054259)
(0.00308876,0.00957599)
(0.014262,-0.00783349)
(0.0163954,0.00803978)
(0.00987949,-0.0156925)
(0.0194489,0.00814529)
(-0.00149513,-0.0112871)
(0.0258009,0.0139628)
(0.00480432,0.00784759)
(0.00604592,-0.00484323)
(-0.00033957,0.0310373)
(0.00754544,0.00296446)
(0.00756961,0.0289273)
(0.0207085,0.00753059)
(0.00917633,0.0311014)
(0.0233352,0.0147677)
(-0.00231385,0.0240884)
(0.0127516,0.000739775)
(0.00368145,0.0210944)
(0.00404316,-0.000724203)
(0.0182972,0.00895953)
(0.0243181,-0.00290905)
(0.0218518,-0.0014735)
(0.023015,0.000966386)
(0.00934475,-0.00209286)
(0.0237459,-0.00217683)
(0.00641843,0.000639788)
(0.0190481,-0.0124459)
(-0.011492,0.016195)
(-0.00371745,-0.00326804)
(-0.0131463,0.0260471)
(-0.00110422,-0.00485474)
(0.00486879,0.0278567)
(0.0127689,0.00869621)
(0.0172914,0.0247919)
(0.00854962,-0.00392576)
(0.0178764,0.0236462)
(0.0184822,-0.0114737)
(0.0039714,0.0222187)
(0.00420778,-0.0200099)
(0.00219088,0.0170254)
(0.0194557,0.00519354)
(0.00611516,0.0169968)
(0.0301154,0.0161967)
(0.00444736,0.00892295)
(0.0171354,0.00983458)
(-0.00247285,0.0127053)
(0.0122774,0.00881039)
(-0.0104981,0.0156756)
(-0.00165731,0.00770496)
(-0.0122556,0.0257206)
(-0.00906542,0.00116649)
(-0.00959345,0.0195865)
(-0.00169361,0.000398172)
(0.0118036,0.0201496)
(0.00333135,-0.00678783)
(0.00975313,0.0140146)
(0.0181908,-0.021291)
(0.00954572,0.0131741)
(0.00943425,-0.0161328)
(-0.00759473,0.017787)
(0.0197306,0.00142324)
(-0.00731325,0.00975054)
(0.0134884,0.0176787)
(-0.0120395,0.00318316)
(0.00860644,0.00738994)
(-0.00543444,-0.007169)
(0.0133969,0.0200286)
(-0.013082,0.0122364)
(0.00730196,0.0155844)
(-0.016721,0.0181974)
(-0.00707697,0.0216802)
(-0.0115782,0.0174465)
(0.00868357,0.00457826)
(-0.0104519,0.00928874)
(0.0135527,-0.0126599)
(-0.0017972,0.00166534)
(0.0251754,-0.0277027)
(0.00565473,-0.00189934)
(0.0176443,-0.0176425)
(-0.00761356,0.0132014)
(0.00444622,0.00226651)
(-0.0132487,0.00252417)
(-0.00874885,0.00295249)
(-0.0143436,-0.00948392)
(-0.00416586,0.0058519)
(-0.00675377,-0.0153378)
(0.00360602,0.00704302)
(-0.00282565,-0.019274)
(-0.00087063,0.017293)
(0.00193726,0.00255293)
(0.00294714,0.0103097)
(-0.00913297,0.00615248)
(0.00723513,0.00416446)
(-0.00794791,0.00126999)
(0.022729,-0.00289473)
(-0.0196816,-0.000892411)
(0.0187837,-0.0190408)
(0.00705189,-0.00655534)
(0.0186611,-0.0137722)
(-0.00174019,0.00107433)
(-0.00543554,-0.00339091)
(-0.0123336,0.00106969)
(-0.0124453,-0.00682551)
(-0.005872,-0.0090426)
(-0.01208,-0.0247131)
(0.00368565,-0.027887)
(0.00892653,-0.0155052)
(-0.00333356,-0.0191447)
(0.0152329,-0.0039482)
(0.00286858,0.00188067)
(0.000674211,0.011445)
(0.00841591,0.0125769)
(0.0109672,0.00162407)
(0.000499068,-0.00147007)
(0.0198291,0.0085061)
(-0.006886,-0.00276281)
(0.0170775,-0.00709159)
(-0.00592565,-0.0099686)
(0.00528525,-0.00582023)
(0.00276407,-0.0107041)
(-0.000695313,0.00348646)
(-0.00138182,-0.0103426)
(-0.0135081,-0.0102007)
(0.00312191,-0.0269726)
(-0.00668442,-0.0237701)
(0.0136486,-0.0243915)
(-0.00242215,-0.0274124)
(0.0140877,-0.0308778)
(0.0100017,-0.00873104)
(0.0261733,-0.00625571)
(0.0054305,-0.000621513)
(0.0230086,0.00709286)
(0.00406216,0.00449783)
(0.0159344,0.00239211)
(0.0133356,0.00625221)
(-0.00269144,0.00352782)
(0.0035375,0.00802203)
(0.00306507,0.00959565)
(0.0104631,-0.000261476)
(0.0163632,-0.011379)
(-0.00381475,-0.0051773)
(0.00853641,-0.0160588)
(-0.0125474,-0.00789875)
(0.00902035,-0.0139287)
(-0.0232824,-0.0174883)
(0.018964,-0.0146273)
(-0.000748026,-0.0131601)
(0.024373,-0.016588)
(-0.00313047,-0.00881428)
(0.0232661,-0.00245443)
(-0.00478032,-0.0141116)
(0.0154173,0.0108529)
(-0.0043562,-0.0213469)
(-0.00353889,0.0047309)
(0.00413412,-0.0152796)
(0.00138765,0.0185619)
(-0.00701072,-0.00300022)
(-0.0063817,0.00525477)
(-0.00702619,0.00500352)
(0.0111858,-0.00597383)
(-0.0121035,-0.00469944)
(0.00328752,-0.0232556)
(0.00426753,0.000358317)
(0.0154925,-0.013991)
(-0.00070263,0.00204293)
(0.0113616,-0.00748341)
(-0.00519137,-0.00487497)
(0.0242117,-0.011915)
(0.00314589,-0.00709434)
(0.0184904,-0.00232076)
(-0.0058467,-0.0187512)
(0.00840539,0.00104824)
(-0.00430799,-0.0175914)
(-0.00892044,0.00587201)
(-0.00644047,-0.0220619)
(-0.00830676,0.0110265)
(-0.00181023,-0.00506144)
(-0.00140734,0.00392856)
(0.0048841,0.00399128)
(0.00548221,-0.0160698)
(0.015832,-0.0046314)
(0.00830018,-0.0114243)
(0.02263,-0.0017165)
(0.0132041,-0.0190444)
(0.0281127,-0.00472077)
(0.00400155,-0.0179894)
(0.0323066,0.00977404)
(0.0158137,-0.00522647)
(0.018564,-0.00328743)
(-0.00147084,0.0119105)
(0.0144283,0.00846463)
(-0.00774677,0.0212295)
(0.0138768,0.0113838)
(-0.0162742,0.0191133)
(0.0152184,0.00703482)
(-0.00698506,0.0169604)
(-0.00343928,0.00126731)
(-0.00191254,0.0172038)
(-0.0103382,-0.00542324)
(0.0142458,-0.00951847)
(0.0158025,-0.0136152)
(0.0193197,-0.0166115)
(0.0161969,-0.00958111)
(0.0121721,-0.0253715)
(0.0160805,-0.0145843)
(0.0111335,-0.0194079)
(0.0203857,-0.0141024)
(-0.00123505,0.0126466)
(-0.00678992,-0.0110915)
(0.00176343,0.0220856)
(-0.0123264,-0.00251992)
(-0.00348797,0.0228657)
(0.00908008,0.0247823)
(-0.00127999,0.0143098)
(0.0155249,0.00440409)
(-0.0080115,0.0249703)
(0.00127036,-0.00438559)
(-0.0107289,0.032044)
(-0.0060026,-0.00932863)
(0.0193265,0.0108318)
(0.0193835,-0.0129497)
(0.0246961,0.0164655)
(0.0215407,-0.0216821)
(0.0224952,0.000263507)
(0.0139306,-0.0283302)
(0.00126263,0.00313624)
(-0.000461523,-0.0235278)
(-0.0212873,0.0146437)
(-0.0278514,-0.0139564)
(-0.0209541,0.0361296)
(-0.0250882,-0.0105153)
(-0.016109,0.0170312)
(-0.00912594,0.00701128)
(-0.00406517,0.0147829)
(0.00773355,-0.00617526)
(-0.00240734,0.0303285)
(-0.00807326,-0.0230922)
(-0.00490068,0.0459508)
(0.000383387,-0.0273904)
(0.00801577,0.0224657)
(0.0232152,0.00298553)
(0.0146002,0.0244365)
(0.0195524,-0.00771763)
(0.0106043,0.0230888)
(0.0127884,-0.0141211)
(-0.00680385,0.00795695)
(0.00937267,0.00358114)
(-0.0288533,0.0286883)
(-0.017663,0.00050158)
(-0.0338668,0.0190643)
(-0.0291492,0.0095891)
(-0.0160669,0.0195323)
(-0.00100764,0.00538579)
(-0.0106275,0.0084995)
(-0.00156211,-0.00982233)
(0.0032723,0.0205201)
(0.0148143,-0.0175429)
(0.00257402,0.0365948)
(0.0176213,-0.0219148)
(-0.00939425,0.0143139)
(0.0220258,0.00898898)
(-0.00418137,0.0180662)
(0.0273491,0.00752275)
(0.00365444,0.0107531)
(0.028594,0.0131455)
(0.00081977,0.00165033)
(0.0140035,0.030813)
(-0.00907403,-0.00206713)
(-0.00779816,0.0367225)
(-0.00638189,0.00917372)
(-0.00178266,0.021003)
(-0.0120627,-6.70168e-05)
(0.00677198,0.0106842)
(-0.0141205,-0.00304371)
(0.0223897,-0.00497955)
(-0.0150406,-0.00597249)
(0.0304915,-0.0171564)
(-0.00180683,0.00725547)
(0.0239965,-0.0102076)
(-0.0130173,0.0215878)
(0.0171177,0.00329038)
(-0.013842,0.00918842)
(0.000896976,-0.00155919)
(-0.0024331,-0.0138825)
(0.00271134,-0.00203613)
(0.00273361,-0.0180576)
(0.0121527,0.0237287)
(0.00807865,-0.0136352)
(0.0233206,0.0352694)
(0.0180849,-0.000208539)
(-0.00712006,0.0229322)
(0.010293,-0.00443428)
(0.0127781,0.0057151)
(-0.00190868,-0.0142517)
(0.0206426,0.00475365)
(-0.0146406,-0.0124298)
(0.0391651,-0.0160079)
(0.000680533,-0.00704049)
(0.0182689,-0.0143752)
(-0.0106164,0.00886028)
(0.00727295,-0.00234415)
(-0.0150932,0.011434)
(-0.00218508,-0.030705)
(-0.00247497,-0.0193422)
(-0.00354108,-0.0316624)
(0.00386861,-0.0267237)
(0.0178602,-0.0116309)
(0.00643861,-0.0145392)
(0.00879854,0.00875905)
(0.0174173,0.0162013)
(-0.00426226,0.00459466)
(0.0238869,0.0160272)
(-0.000368512,0.00550726)
(0.0141587,-0.00346488)
(0.0277186,0.0112349)
(-0.00505621,-0.00629598)
(0.0153989,0.00509796)
(0.005309,-0.00132641)
(0.0133237,-0.0052012)
(0.00015133,0.00335097)
(0.00531893,-0.0106743)
(-0.0149404,-0.0120268)
(-0.000765195,-0.023828)
(0.0053925,-0.028127)
(0.000810288,-0.0267199)
(0.00761328,-0.0466341)
(0.0161552,-0.0197292)
(0.00779635,-0.0314297)
(0.0102842,-0.00766503)
(0.0328732,0.00217673)
(-0.00601521,-0.00692328)
(0.042003,0.0117154)
(0.00154832,-0.00519013)
(0.0237183,0.00240603)
(0.0131014,0.00656142)
(0.0132178,0.0129306)
(0.0141759,0.0156789)
(0.00852554,0.00614501)
(0.00266397,0.00284855)
(0.00822357,-0.015977)
(0.00715765,0.000658482)
(0.00790508,-0.00184998)
(-0.00653914,-0.000110756)
(0.0112945,-0.0252541)
(-0.0172988,-0.00167591)
(0.0210817,-0.0203034)
(-0.00481111,-0.00551943)
(0.0261591,-0.0310392)
(0.00326311,-0.0125868)
(0.0430974,-0.00960413)
(-0.0134503,-0.0258352)
(0.03176,0.0121413)
(-0.0153344,-0.0338566)
(0.0205654,0.0116983)
(0.00271599,-0.0169311)
(0.00546163,0.0204923)
(-0.00499181,0.00654867)
(0.00503331,0.0150186)
(0.00566459,-0.000580228)
(0.00229647,-0.0106182)
(0.00451953,-0.00220457)
(-0.00124289,-0.0171762)
(0.00374992,0.0135316)
(0.00170745,-0.0224251)
(-0.0108356,0.0141135)
(0.0138185,-0.0157855)
(-0.00943291,-0.0046401)
(0.0144665,-0.0174724)
(-0.0107377,-0.0115511)
(0.0308935,-0.00494198)
(-0.0141772,-0.0339951)
(0.0134214,-0.000579751)
(-0.0105291,-0.0302928)
(-0.00805492,0.00899594)
(-0.00102173,-0.031358)
(-0.00758161,0.0136764)
(0.000251689,-0.00435905)
(-0.00534614,-0.00105314)
(-0.0041125,-0.00265485)
(0.0159857,-0.0161721)
(0.0150334,-0.0034913)
(0.00928348,-0.0241393)
(0.0075166,-0.015278)
(0.011875,-0.0159961)
(0.0133215,-0.0139311)
(0.0200395,-0.0144632)
(0.0154306,-0.0119896)
(0.0115876,-0.00575477)
(0.0044277,-0.00690225)
(0.00564735,-0.0136342)
(0.00167696,0.00674393)
(-0.0158304,-0.0113463)
(-0.00188733,0.0166765)
(-0.0118584,-0.0060918)
(0.00318483,0.000152749)
(-0.0125994,0.00412846)
(-0.00575586,0.00220515)
(0.000575828,0.0159455)
(-0.00815414,-0.00192711)
(0.0100936,-0.0113615)
(0.00767354,-0.00267504)
(0.0224415,-0.013929)
(0.0120677,-0.0257273)
(0.0215995,-0.0207738)
(0.00422957,-0.027239)
(0.00362897,-0.0109375)
(-0.0016141,-0.013859)
(-0.00650733,0.000779707)
(-0.0267306,-0.0207262)
(-0.00435362,0.0179065)
(-0.022182,0.00328455)
(-0.0110278,-0.0226399)
(-0.00927459,0.0228479)
(-0.0183086,-0.0125087)
(-0.00178397,-0.000679005)
(-0.0154605,-0.00674104)
(-0.0166266,-0.00455069)
(-0.0113846,0.024513)
(-0.0239104,-0.00740972)
(0.0040559,0.0197994)
(0.0138221,-0.00403621)
(0.0241594,0.017391)
(0.0128443,-0.0258069)
(0.0240976,0.0100869)
(-0.00938591,-0.0346963)
(-0.00656263,0.00696826)
(-0.0225796,-0.0168016)
(-0.0380789,0.0318712)
(-0.0441754,-0.018786)
(-0.0269441,0.0244976)
(-0.0549187,0.0185966)
(-0.0165615,0.0124097)
(-0.0209955,0.0263752)
(-0.0181604,-0.00575585)
(-0.00634855,-0.00228659)
(-0.0188668,0.016393)
(-0.0141823,-0.0135475)
(-0.0138023,0.0363765)
(-0.0151391,-0.0153945)
(-0.00412596,0.0236802)
(0.0118202,0.0137497)
(0.0204519,0.0258057)
(0.00903038,-0.000529187)
(0.023156,0.0222672)
(0.0140904,-0.00486353)
(0.0167913,0.0248878)
(-0.014522,0.00423296)
(-0.0245092,0.0406392)
(-0.0455133,0.0123677)
(-0.0308588,0.0386321)
(-0.0286201,0.0108028)
(-0.0247258,0.0222051)
(-0.00202921,0.0301041)
(-0.0108829,0.0145806)
(-0.000658618,0.00665587)
(-0.01319,0.0135016)
(-0.00731759,-0.00714528)
(-0.00920152,0.0328437)
(-0.00451015,-0.0172184)
(-0.0120315,0.0203419)
(0.02017,0.0200886)
(0.00761944,0.00903853)
(0.0209642,0.026784)
(0.0286117,-0.0110438)
(0.0145488,0.0282659)
(0.0185682,0.00160493)
(-0.00285825,0.0232045)
(0.0239092,0.00471622)
(-0.0173143,0.00166286)
(0.00182609,-0.00317529)
(-0.00286424,0.0131287)
(0.00758359,-0.0100833)
(0.00727478,0.0130751)
(0.00252176,-0.00450154)
(0.0160024,0.00345603)
(-0.0165667,-0.00839965)
(0.0105491,-0.00218927)
(-0.00982613,0.00905247)
(0.00649918,-0.00327833)
(-0.0127097,0.022136)
(0.0187413,0.00444086)
(-0.0102959,0.00576388)
(0.0101611,-0.00448071)
(0.00885242,-0.0158607)
(0.00342955,-0.00345269)
(0.00910003,-0.00587658)
(0.0202696,0.033641)
(0.0204057,-0.0106324)
(0.00466136,0.0160139)
(0.0360494,0.00815292)
(-0.0181658,-0.00318617)
(0.0455934,0.0177856)
(-0.0106126,0.000905549)
(0.0111947,-0.0099522)
(0.0203252,0.00590804)
(0.00445274,-0.0231556)
(0.0123472,0.00250596)
(-0.00904749,-0.0205717)
(0.0177093,-0.00388456)
(-0.0101437,0.0285108)
(0.0155049,-0.0121447)
(-0.0272155,0.0106879)
(0.000524793,-0.0345001)
(-0.0174914,-0.0171983)
(0.0072061,-0.0309906)
(-0.0129164,-0.0130603)
(0.00466579,-0.02516)
(-0.00285708,-0.0117479)
(0.0117608,-0.0121655)
(0.0463063,0.0416875)
(-0.0389507,-0.0311124)
(0.0455385,0.049479)
(-0.0141526,-0.0218321)
(0.0269515,0.0156692)
(0.0237729,-0.00549473)
(0.000981554,-0.0120731)
(0.0218374,0.00601692)
(0.0034069,-0.009713)
(0.00402682,0.00528805)
(-0.00898585,0.0105389)
(0.00828081,-0.0178966)
(-0.00977863,0.00280935)
(0.0123728,-0.0308306)
(-0.00946716,-0.0224099)
(-0.00319795,-0.0211092)
(-0.0145832,-0.0227819)
(0.00970221,-0.00742965)
(-0.000739211,-0.00359144)
(-0.00381825,-0.0141398)
(0.0221884,0.0252955)
(-0.0379583,-0.0268925)
(0.0277381,0.0415778)
(-0.0132706,-0.020066)
(0.0252893,0.00857566)
(0.0169475,-0.00622669)
(0.0155662,0.00329914)
(0.0102938,0.0245101)
(0.0126638,0.00363705)
(0.00231522,0.0160002)
(0.0037716,0.013491)
(0.00507709,-0.00749343)
(-0.00675047,0.00668262)
(0.000699728,-0.00919018)
(0.0116898,-0.0164705)
(-0.000331997,0.00899217)
(0.0103752,-0.0226924)
(-0.00337388,0.00319279)
(0.00880223,-0.0225289)
(-0.00979543,-0.0136727)
(0.0256911,0.00106722)
(-0.0271841,-0.0245411)
(0.0255956,0.0069027)
(-0.0172251,-0.0236672)
(0.0174004,0.00915406)
(-0.00866995,-0.0102594)
(0.00802526,0.0192864)
(0.0122778,0.0140635)
(0.00592166,0.0139549)
(0.00377567,0.0147549)
(-0.000504583,0.00749409)
(-0.00265002,-0.00045886)
(-0.00589182,-0.00204868)
(-0.000891628,-0.00162014)
(0.0121439,-0.00964698)
(-0.00952888,0.0152175)
(0.00109849,-0.0216872)
(-0.0141473,0.0108813)
(0.0129353,-0.0181197)
(-0.0174318,-0.0115782)
(0.0144669,-0.0146275)
(-0.0123001,-0.0207157)
(0.0162469,-0.00369701)
(-0.00768491,-0.0229595)
(-0.00125455,0.00267566)
(0.00980016,-0.0205972)
(-0.00532642,0.0169015)
(0.00114519,0.00256277)
(-0.00834038,0.0107748)
(0.0039451,0.0136718)
(0.00976693,-0.0101463)
(0.00391253,0.000281299)
(0.0157813,-0.0181677)
(0.000168911,-0.0176692)
(0.0202335,-0.0200975)
(0.00226987,-0.0224726)
(0.0214489,-0.00356341)
(0.0031299,-0.0221774)
(0.0187468,-0.00783682)
(-0.00395406,-0.0147199)
(0.00400726,-0.0156236)
(0.00240154,0.00646809)
(-0.0109157,-0.0307148)
(0.00257332,0.00501578)
(-0.0144035,-0.0199094)
(-0.00483603,-0.00910338)
(-0.0114036,-0.0110746)
(-0.00436275,-0.00398625)
(-0.0100535,0.00529558)
(-0.0247525,0.00885715)
(0.00585783,-0.0125393)
(0.00592547,-0.00265177)
(0.0188204,-0.0233894)
(-0.000234169,-0.0136085)
(0.0318147,-0.010544)
(0.00105855,-0.027886)
(0.0188216,0.00363185)
(-0.00806741,-0.02021)
(0.00183284,0.0225195)
(-0.01131,-0.0172513)
(0.00479025,0.00599641)
(-0.0122567,0.00795272)
(-0.010212,-0.0236971)
(-0.00363408,0.0198561)
(-0.021119,-0.0320295)
(-0.0129675,0.000822866)
(-0.023382,-0.0276232)
(-0.0296054,-0.00956851)
(-0.0145696,-0.00310497)
(-0.0289032,0.00677959)
(-0.00111895,-0.00687672)
(0.00926032,0.0163342)
(0.0283122,0.00393962)
(0.00760294,-0.00198058)
(0.0248298,0.0082483)
(0.0012246,-0.0165457)
(0.0121979,0.0252308)
(-0.00324837,-0.0108073)
(-0.00876612,0.038328)
(-0.0300087,-0.00504138)
(-0.00323526,0.0384667)
(-0.0319837,0.0179626)
(0.00702923,-0.002448)
(-0.0124011,0.0477278)
(-0.00731925,-0.00983281)
(-0.010858,0.0173646)
(-0.0120154,-0.0120133)
(-0.0266494,0.00299236)
(-0.0106845,0.00504428)
(-0.033188,-0.0102797)
(-0.00806032,0.00843555)
(-0.000173119,0.0284688)
(0.0133962,0.00543666)
(0.00882876,0.0235285)
(0.0425228,0.00312739)
(0.0166028,0.010355)
(0.0280725,0.030376)
(-0.00778075,0.0156124)
(-0.00959459,0.0187273)
(-0.0392543,-0.0307436)
(-0.0264103,0.0247853)
(-0.0168428,0.0179154)
(-0.00708844,0.0183433)
(0.0209735,0.0469911)
(0.0157452,0.00879278)
(0.0217527,0.0247696)
(-0.00327163,0.00189013)
(-0.0182364,0.00350008)
(-0.00892716,0.00812074)
(-0.0164604,-0.00278047)
(-0.00401321,0.00010687)
(0.00776014,0.0398284)
(0.00619844,-0.00276976)
(0.00596713,0.037343)
(0.027917,-0.00741347)
(0.00363457,0.0194225)
(0.0311261,0.0331064)
(-0.0101357,-0.00550457)
(0.0352519,0.0131389)
(0.00907094,-0.0795171)
(-0.0294716,-0.0671393)
(0.0560514,-0.00971097)
(-0.00859276,-0.0306993)
(0.0280016,0.0191783)
(-0.000606556,-0.00318483)
(0.0433439,0.0125229)
(0.00547813,-0.0016689)
(-0.00591311,0.00659864)
(-0.011254,-0.00152277)
(-0.0207068,0.000261884)
(-0.00766989,0.0101463)
(0.00972488,0.0177582)
(-0.0173316,0.000217106)
(-0.0130982,0.00739819)
(-0.00339271,-0.0116371)
(-0.0018917,0.00183888)
(-0.00818011,-0.00364873)
(0.0207467,0.0230758)
(-0.052951,-0.0181794)
(-0.0176221,0.0351923)
(-0.00255589,-0.0252229)
(-0.0160853,0.0325628)
(0.0324258,0.0134123)
(-0.0113692,0.0211291)
(0.0119069,0.00046261)
(0.0296626,0.00872498)
(-0.00684899,-0.0116545)
(0.0116101,0.011851)
(-0.00772573,-0.0106668)
(0.00105273,0.00624684)
(-0.0106718,0.00755022)
(-0.00202027,-0.00604341)
(-0.0229991,0.0120322)
(-0.0107289,-0.0164329)
(-0.0134696,-0.00468083)
(-0.0171081,-0.0399328)
(-0.0143792,-0.0178518)
(0.0160268,-0.0191723)
(-0.0344101,-0.0243421)
(0.0250637,-0.0337625)
(0.0192747,0.0497462)
(-0.04485,-0.0306652)
(0.0245035,0.0764636)
(0.00101997,-0.0327413)
(0.00844167,0.0460667)
(0.0369639,-0.0247052)
(0.00934424,0.00573749)
(0.0139195,-0.0142969)
(0.0120001,-0.00710257)
(-0.00241847,0.000944956)
(-0.00328982,0.0152989)
(0.00331067,-0.0058393)
(-0.0163185,0.0163674)
(-0.0113188,-0.00941419)
(-0.0234032,0.0082126)
(0.00610572,-0.0105343)
(-0.0109095,0.00431814)
(-0.00597238,-0.00357857)
(-0.0318376,-0.0110075)
(0.0125223,-0.00959481)
(0.00426408,0.0407936)
(-0.0237426,-0.0289376)
(0.0103976,0.0697692)
(-0.0138223,-0.0379984)
(-0.00885761,0.0285487)
(0.0109776,-0.0360393)
(-0.00686368,-0.00059407)
(-0.000381561,0.00463026)
(0.0131476,-0.00446992)
(-0.0061863,0.0133399)
(0.00209432,0.0229601)
(0.0122417,-0.0105756)
(0.00428446,0.0199899)
(0.0161697,0.000568499)
(0.0012407,0.0119673)
(0.00610087,0.018951)
(-0.013476,0.00950606)
(0.00594567,0.0213233)
(-0.0059497,0.0169551)
(-0.00497088,0.00379253)
(-0.00448939,0.0211152)
(-0.0285368,-0.0181691)
(-0.00746426,0.0281629)
(-0.024888,-0.0243304)
(-0.0124256,0.0120991)
(-0.00542193,-0.00477739)
(-0.0115448,0.0133261)
(-0.00673886,0.0180054)
(0.000531419,0.00908867)
(-0.00390272,0.020186)
(-0.0047173,0.0224202)
(-0.00247679,-0.00342705)
(0.00329703,0.0154598)
(0.0144672,-0.00157526)
(-0.000249615,-0.00801114)
(0.00742106,0.0216742)
(-4.60677e-05,-0.00636687)
(-0.00713636,0.03196)
(0.00452907,0.00375916)
(-0.014381,0.0087726)
(0.0042687,-0.00169667)
(-0.0196147,-0.00556518)
(0.00509326,0.0109269)
(-0.00867615,-0.00892019)
(0.00248394,0.0103754)
(0.00542098,-0.00613383)
(-0.00741298,0.0100049)
(0.000591637,0.00459487)
(-0.0105768,0.0075947)
(-0.0140879,0.0206589)
(0.00873518,-0.00844316)
(0.00599999,-0.00738989)
(0.0164152,-0.00904142)
(0.00192057,-0.0137875)
(0.0206939,-0.00466716)
(0.0046055,-0.0187147)
(0.0226273,-0.000599758)
(0.00460787,-0.0261753)
(0.00917174,-0.00266559)
(0.00668548,-0.0188585)
(0.0173159,-0.0111136)
(0.00314156,-0.00179261)
(0.00207265,-0.0202374)
(0.00301293,-0.00125631)
(-0.00884958,-0.0226599)
(-0.00205313,-0.0146832)
(-0.0117271,-0.0114118)
(-0.0135359,-0.012926)
(-0.00673619,0.00304416)
(-0.01376,0.00082586)
(0.00348557,-0.0104595)
(0.00420894,0.00289176)
(0.0140562,-0.0161528)
(-0.00350419,-0.0110671)
(0.031281,-0.00577159)
(0.00142271,-0.0201042)
(0.0227166,-0.00633563)
(0.00417263,-0.0143305)
(0.0130914,0.00475092)
(0.00473104,-0.0233514)
(0.0140082,-0.000646458)
(0.00757021,0.00458181)
(0.00613525,-0.0267826)
(0.0032125,0.0140013)
(-0.0072782,-0.0310667)
(-0.00433028,0.000323378)
(-0.0184924,-0.0325901)
(-0.0245872,-0.000514876)
(-0.0179739,-0.0054453)
(-0.0302454,0.0103871)
(-0.0118941,-0.00137567)
(0.00631726,0.0223868)
(0.0126644,-0.00875484)
(-0.00280546,0.00699317)
(0.0239149,-0.00947453)
(0.00199403,0.00770449)
(0.0199948,0.000138573)
(0.0137589,0.012039)
(0.00705743,-0.00768357)
(0.00665439,0.00243597)
(0.00687271,0.00941576)
(-0.00777491,-0.000164783)
(0.0148166,0.000340501)
(0.0214981,0.0384642)
(0.00681173,-0.0177099)
(0.0109598,0.0198978)
(-0.00469473,-0.0187167)
(-0.0128772,0.00542007)
(-0.00761492,-0.00206874)
(-0.0233087,0.00523115)
(-0.019253,-0.0197728)
(-0.00266754,0.0225551)
(-0.00629981,-0.0209841)
(-0.00456014,0.014738)
(0.0277527,-0.0198631)
(0.0118288,0.0333231)
(0.0204587,-0.0176981)
(0.00539367,0.0291659)
(-0.00420989,-0.0718022)
(0.0129531,-0.0207078)
(0.0150844,0.0482264)
(-0.0242393,0.00345926)
(0.00865853,-0.000688227)
(0.0168218,0.021921)
(0.0110357,0.00380562)
(0.0439145,0.023219)
(0.00531375,0.00210699)
(-0.00704186,0.0164163)
(-0.00773689,0.00718833)
(-0.0167944,0.00198309)
(-0.0223482,-0.0137654)
(-0.00283489,0.0347433)
(-0.0124432,-0.0279415)
(-0.00451142,0.0250766)
(0.00354398,-0.0211434)
(-0.0134803,-0.00400718)
(-0.0494841,0.00807351)
(-0.0487289,-0.00263948)
(-0.000140031,0.0067711)
(0.00836956,0.0166272)
(0.0110414,0.00703286)
(-0.00886338,0.0105506)
(-0.0208694,-0.0292965)
(0.0271377,-0.0738139)
(0.00567001,-0.0100091)
(0.0329127,-0.00293721)
(0.00452939,-0.00174645)
(0.0108003,0.0111093)
(-0.00620198,0.000475729)
(-0.0177014,0.0170431)
(-0.0240792,-0.021575)
(-0.00395424,0.0324456)
(-0.0243346,-0.023768)
(-0.0116868,0.00898247)
(-0.00876401,-0.0299272)
(-0.0163375,0.00332764)
(0.00239581,0.0310798)
(0.0265965,-0.0116555)
(0.00630601,0.0116504)
(-0.0211208,-0.00201168)
(-0.00941918,0.00364952)
(0.0228415,-0.0133656)
(0.0179976,0.0130336)
(-0.0616936,0.0419174)
(-0.000546111,-0.0124647)
(0.0351754,0.00106646)
(-0.00891139,-0.00894309)
(0.0170582,-0.00276016)
(-0.0109192,-0.00980709)
(-0.000251071,0.000609725)
(-0.018644,-0.0107241)
(-0.0139794,0.0262402)
(-0.0181903,-0.0197871)
(-0.0236063,-0.00209824)
(-0.00203251,-0.00570539)
(-0.0170167,-0.0307854)
(0.015386,-0.0231099)
(0.0229975,-0.0134981)
(0.0254166,-0.0745419)
(0.0713858,-0.00183671)
(0.0572618,-0.0428064)
(-0.0254485,0.027266)
(0.0171102,0.0537236)
(0.000571335,0.00969154)
(-0.0150978,0.0238717)
(0.0386625,-0.0357501)
(-0.00105843,0.0119754)
(0.0198655,-0.0134191)
(0.00311916,0.00277548)
(0.00643288,-0.00606617)
(-0.0109588,0.000734954)
(-0.00725999,0.00327928)
(-0.0116347,0.0152097)
(-0.00991103,0.000246521)
(-0.000337545,0.0179412)
(-0.0142232,-0.0121184)
(-0.00810513,0.00258119)
(0.00857193,-0.00413733)
(-0.019482,-0.0222674)
(0.0339015,0.0116871)
(-0.0112506,0.00936605)
(-0.00973472,0.0199554)
(-0.0114104,0.0457121)
(0.0111566,-0.0137332)
(-0.0183166,0.0213097)
(0.00156074,-0.0246721)
(-0.0205801,0.00324073)
(0.000920966,-0.00582014)
(-0.00593846,-0.008132)
(-0.00682483,0.0127591)
(0.0111762,0.0282106)
(0.00312509,-0.00718859)
(0.0059571,0.0394603)
(0.0091238,-0.00805375)
(-0.00297737,0.0243255)
(0.0125164,-0.0129851)
(0.00923343,0.01487)
(0.000486546,0.00344144)
(-0.0111451,0.00515805)
(0.00526512,0.00995578)
(-0.0161318,0.0138996)
(-0.0152198,0.0159507)
(-0.0161997,0.0305784)
(-0.0127563,-0.00330243)
(-0.0286497,0.00756807)
(-0.0142358,-0.00397904)
(-0.0282495,-0.0081626)
(-0.0118833,0.0126543)
(-0.0179578,0.00584151)
(-0.0110531,0.0237145)
(0.00374712,0.0324818)
(0.00429072,-0.00618672)
(0.0176182,0.0265813)
(0.00730738,-0.00720579)
(0.00337854,0.0167004)
(0.00826017,0.0019211)
(-0.000626074,0.00968289)
(0.00146389,0.0102822)
(0.00271176,0.00429689)
(-0.00797387,0.0118299)
(-0.0163539,0.00684015)
(-0.0118648,0.00686892)
(-0.0073593,0.0154053)
(-0.0138185,0.0104325)
(-0.0114436,0.00512704)
(0.00421976,0.00934569)
(-0.0132479,0.0043877)
(-0.0112086,0.0154961)
(-0.00565537,-0.000446739)
(-0.0168901,0.0163436)
(0.0164835,-0.00837325)
(0.00848013,0.00114567)
(0.0162241,-0.0116011)
(0.00636892,-0.00568232)
(0.0185372,-0.00913657)
(-0.000443047,-0.0274099)
(0.00561011,-0.0139886)
(0.000881363,-0.0285558)
(0.00121625,0.00190584)
(0.0135612,-0.0281529)
(0.0103584,-0.0103721)
(0.00506615,-0.0113839)
(-0.00381529,-0.0222866)
(-0.0029678,-0.00907061)
(-0.00885388,-0.0229181)
(-0.0161291,-0.0133919)
(-0.00937979,-0.0195468)
(-0.0186303,-0.00807015)
(-0.00042833,-0.00273829)
(-0.0194921,0.0107129)
(0.010577,-0.00570897)
(0.00796345,0.00912877)
(0.0259377,-0.0119293)
(-0.00242918,0.00221864)
(0.0189291,-0.00102509)
(-0.0111123,-0.0167581)
(0.00247544,0.00456618)
(-0.00454123,-0.023149)
(0.00131768,0.00184632)
(-0.000952297,-0.018606)
(0.00256545,-5.54664e-06)
(0.00421192,-0.0094689)
(0.0079339,-0.027603)
(0.0077611,-0.00450184)
(-0.00691149,-0.033308)
(-0.0067116,-0.00500579)
(-0.00590719,-0.0241223)
(-0.0187306,-0.00311787)
(-0.0106357,-0.00709473)
(-0.0255724,0.0175768)
(-0.00395776,-0.00668641)
(0.00543418,0.0245028)
(0.0142781,-0.0094434)
(-0.00925128,0.0234438)
(0.0239463,0.0114744)
(-0.0123766,0.00928822)
(0.0187172,0.00659255)
(0.00392948,0.00853671)
(0.01768,0.0166929)
(-0.0040578,-0.00647984)
(0.012431,-0.0066542)
(-0.0137485,-0.013888)
(0.0167285,-0.0236383)
(0.0161064,0.024934)
(0.0114125,-0.0194347)
(0.0263457,0.00799693)
(-0.00257627,-0.0168443)
(-0.0104475,0.00999828)
(-0.00389069,-0.00437608)
(-0.0164054,0.0157404)
(-0.0244045,-0.0231074)
(-0.010878,0.0166716)
(-0.00945909,-0.0160294)
(-0.0163243,0.0143763)
(0.0187363,-0.0120371)
(0.00438284,0.0141444)
(0.0430867,0.00857054)
(0.00886656,0.0154976)
(-0.0459183,0.00324201)
(0.0273953,0.0099833)
(-0.0314792,-0.00312343)
(0.0189853,-0.0357345)
(0.0128106,-0.0104101)
(0.0190524,0.0272574)
(0.0328621,-0.00595446)
(0.0339346,0.0217815)
(0.0104905,0.00243965)
(0.0035159,0.00946726)
(-0.00267224,0.00589833)
(-0.0156777,0.0115881)
(-0.0217607,-0.020866)
(-0.0100367,0.0348001)
(-0.0307071,-0.0240392)
(-0.0142693,0.0159544)
(-0.00224549,-0.0332966)
(-0.0191509,0.00484775)
(-0.0330851,-0.0120721)
(-0.0126588,-0.0258604)
(0.00706348,0.00559697)
(-0.00567182,0.00702768)
(0.00789825,-0.00220801)
(0.00421884,0.00632036)
(-0.0228637,0.0365008)
(-0.0378511,-0.0134185)
(0.015442,0.013753)
(0.0484558,0.00511726)
(0.0148415,-0.00270622)
(0.0097139,0.0167708)
(0.00366473,0.00359164)
(-0.0105268,0.00164023)
(-0.023744,-0.0285239)
(-0.00831329,0.0408283)
(-0.0396018,-0.0431799)
(-0.0237835,0.0273003)
(-0.00353574,-0.0156654)
(-0.0207784,0.0164721)
(0.0410634,-0.00880379)
(0.0208078,0.0355318)
(-0.00837209,-0.0151379)
(0.0185976,-0.00683805)
(0.0117891,0.000978406)
(-0.00240123,0.000233555)
(-0.0227068,-0.0364085)
(-0.0215453,0.023821)
(0.0118578,-0.0128792)
(0.0359479,-0.00491486)
(-0.0112786,-0.00823812)
(0.0295067,-0.00555412)
(-0.00985114,-0.0110213)
(-0.0035821,-0.0013234)
(-0.0233171,-0.0375691)
(-0.0121951,0.0395048)
(-0.0306592,-0.0375729)
(-0.0264809,0.0230377)
(-0.00621159,-0.0121384)
(-0.0312514,0.0067822)
(-0.00477323,0.0301713)
(-0.0316725,0.00979082)
(-0.0366827,0.0901614)
(-0.0803965,-0.00109653)
(-0.0273984,-0.0188354)
(-0.0234626,-0.0104503)
(-0.0175525,-0.00477744)
(0.0423409,-0.000204278)
(-0.00845357,0.00354408)
(0.0560739,-0.0150174)
(-0.0101948,-0.0263158)
(0.0166252,-0.0105856)
(-0.0066697,-0.0087887)
(-0.00142294,-0.00891177)
(-0.00841786,-0.00934492)
(-0.00978543,0.026573)
(-0.00224289,-0.0128521)
(-0.019736,0.0265606)
(-0.00312852,0.0112489)
(-0.0189615,-0.00148338)
(0.00536662,0.00716618)
(-0.0145672,-0.00276122)
(-0.0203108,0.0240554)
(0.00397033,0.00740045)
(-0.0184408,-0.0251114)
(0.0181781,0.0173374)
(-0.00284251,0.0172693)
(0.0300298,-0.00630658)
(-0.0220577,-0.00243855)
(0.0103552,-0.0121324)
(-0.0203468,-0.0196638)
(-0.0154752,-0.0020344)
(-0.0234916,-0.00538165)
(-0.0130014,0.0013989)
(0.0129807,0.0215662)
(0.00487566,0.00989556)
(0.0202351,0.0193073)
(0.00192993,-0.00953964)
(0.0127942,0.00213136)
(-0.00575865,-0.0195696)
(7.87247e-05,-0.000402562)
(-0.00345111,-0.0153695)
(-0.00687222,-0.0098779)
(-0.00682275,0.00119942)
(-0.0192415,-0.0064341)
(-0.000218639,0.00426344)
(-0.00321859,0.00255831)
(-0.000352434,0.0126953)
(-0.0223594,0.00790345)
(-0.00884192,0.0180864)
(-0.0261761,0.00956302)
(-0.0147765,0.0139346)
(-0.0216502,0.0108878)
(-0.0153133,0.00778316)
(0.00871523,0.0350595)
(0.00675465,-0.0040541)
(0.0240831,0.031215)
(0.00731179,-0.0149533)
(0.00882917,0.00330346)
(0.00278874,-0.0182284)
(0.00184839,-0.0189865)
(-0.00171117,0.00289867)
(-0.000399577,-0.0153638)
(-0.00450967,0.00725342)
(-0.00999098,-0.0184596)
(-0.00593742,0.0054852)
(-0.000753803,0.0014702)
(-0.00193554,0.0262478)
(0.00205149,0.00880363)
(-0.00193808,0.0188519)
(-0.000291482,0.0128988)
(-0.008751,0.00756618)
(-0.00208905,0.00914109)
(-0.0099252,0.00765394)
(0.0174547,-0.0146801)
(0.00586421,-0.000336454)
(0.0284867,-0.0125008)
(0.00447218,-0.000552633)
(-0.00133515,-0.00604062)
(0.00046687,-0.0108345)
(-0.0115146,0.0110303)
(-0.00244548,-0.0154342)
(-0.0201086,0.00420947)
(0.00702464,-0.0147841)
(-0.0131155,0.00429484)
(0.00154559,-0.0192335)
(-0.00933569,-0.0122945)
(-0.0169308,-0.0189994)
(-0.0137178,-0.00868767)
(-0.0228587,-0.00965277)
(-0.00603422,-0.00650661)
(-0.0137151,-0.0038744)
(-0.00327181,-0.00242981)
(-0.0131128,0.00643192)
(0.0351461,-0.00930671)
(0.00195837,0.0115391)
(0.0382798,-0.0112969)
(0.00478793,0.0130704)
(0.0257296,0.00679824)
(-0.00820537,-0.000281439)
(-0.0156215,0.00293442)
(-0.0100874,-0.00413645)
(-0.0150565,0.00708471)
(-0.00165953,-0.00775263)
(0.00236229,-0.014874)
(-0.00907198,-0.00848033)
(-0.0027107,-0.0412493)
(-0.00984409,-0.0114038)
(-0.00164373,-0.0327395)
(-0.0171963,0.00116406)
(-0.0033039,-0.0164831)
(-0.0237771,0.00347589)
(0.0058027,-0.00945)
(-0.0215051,0.0251636)
(0.0168959,-0.0112424)
(0.010652,0.0247621)
(0.0331456,-0.0117635)
(-0.0078293,0.0150534)
(0.0227019,0.0127399)
(-0.0116877,0.00630833)
(0.00731568,0.0173188)
(-0.0102738,0.0169522)
(0.0105049,0.0243292)
(-0.0242816,0.0231094)
(0.0112505,-0.0188083)
(-0.014631,0.00106045)
(0.0307691,-0.0329231)
(-0.0130456,0.0116421)
(0.00931043,-0.024097)
(-0.01093,0.00711181)
(0.00667959,-0.00833885)
(-0.00587955,0.0138201)
(0.00825752,0.00210157)
(-0.0202114,0.0160459)
(-6.12756e-05,-0.0103095)
(-0.000802744,0.010931)
(-0.0182298,0.00198219)
(-0.0176607,-0.0103706)
(-0.00269059,0.00536898)
(0.00405022,-0.0148999)
(0.011363,0.0205215)
(0.0085039,0.00867673)
(0.0048703,0.0244507)
(0.00693462,0.00798637)
(0.00789617,-0.0150011)
(-0.0175126,-0.00393594)
(0.0372292,-0.0151125)
(-0.0210152,0.0219026)
(0.0314377,-0.0112889)
(-0.00135242,0.00328069)
(0.0077736,0.0066033)
(-0.0149137,0.0102135)
(-0.00455658,0.0053462)
(-0.000900439,0.01565)
(-0.0164168,-0.00383796)
(-0.00349029,0.0168022)
(-0.0225437,0.00951309)
(-0.0148263,0.000218159)
(-0.00888827,0.0111197)
(0.00157257,-0.0191364)
(-0.0076591,0.000666672)
(0.0156271,-0.033652)
(0.00402379,-0.0141755)
(-0.00414942,-0.024276)
(-0.0405536,-0.0295052)
(5.56169e-05,-0.0205799)
(0.0315365,0.0110412)
(-0.00249769,0.0201716)
(0.03785,0.0165623)
(-0.0109095,0.00893817)
(0.00421357,0.00533895)
(-0.00278259,-0.00322848)
(-0.00142187,0.0037598)
(-0.000565633,0.00742522)
(-0.0129669,-0.0154286)
(-0.00143597,0.0370045)
(-0.0336953,-0.00988895)
(-0.0119496,0.00754055)
(-0.0244992,0.00185203)
(-0.00354138,-0.00195049)
(0.0263679,-0.00493017)
(0.00694462,0.0111218)
(0.0468857,0.0156356)
(-0.0359098,0.0282744)
(-0.0473582,0.0467806)
(0.00906788,0.00359263)
(0.00431152,0.026071)
(0.0120702,-0.00743795)
(-0.00213462,0.000204512)
(0.016392,-0.0244827)
(-0.0104125,-0.00682794)
(0.00309166,-0.00690532)
(-0.0126605,-0.0196397)
(0.00423977,0.000180519)
(-0.0230261,-0.0212088)
(0.00116209,0.0357048)
(-0.0190054,-0.0249366)
(-0.00469359,0.0247722)
(-0.00251629,-0.0130694)
(-0.0036241,0.0177394)
(0.0114631,-0.00119223)
(0.0098143,0.00540893)
(0.0281474,0.00907807)
(-0.00102452,-0.0118585)
(-0.00502912,-0.0293173)
(0.0469603,-0.0194554)
(0.00250994,-0.0110399)
(0.044102,-0.0225902)
(-0.000848796,-0.0129024)
(0.0225547,-0.0133506)
(-0.0120294,-0.018468)
(0.000270046,0.000770646)
(-0.0240516,-0.0230937)
(0.00279557,-0.00300552)
(0.00164352,-0.00579777)
(-0.000238996,0.0402252)
(0.00422576,-0.00874401)
(-0.00669065,0.0315135)
(0.00710007,-0.00936714)
(-0.00882182,0.0105074)
(0.0171397,-0.0116415)
(0.0136325,0.0164677)
(0.0211774,-0.0310422)
(0.0269015,-0.0107014)
(0.0138788,-0.0284743)
(0.0415143,-0.00690686)
(0.0136141,-0.0148616)
(0.0523146,-0.0062334)
(-0.00952777,0.00211772)
(0.0118704,0.00798358)
(-0.02497,-0.0062733)
(-0.0105393,0.00705736)
(-0.0257382,-0.00459013)
(-0.0020594,0.00620134)
(0.0244936,0.0125347)
(1.74191e-05,0.021783)
(0.0292438,0.0138743)
(-0.0050846,0.016928)
(0.0162126,-0.0125407)
(-0.0114997,-0.010978)
(0.00830984,-0.0242804)
(-0.0070715,-0.019579)
(0.0120389,-0.0320355)
(0.016627,0.0026758)
(0.00393213,-0.0410602)
(0.0187175,-0.00677717)
(-0.00313167,-0.00871037)
(0.0155637,0.0140946)
(-0.0135858,0.0185682)
(-0.00811036,0.0156291)
(-0.0142042,0.0251739)
(-0.00858426,0.0108537)
(-0.0218373,0.026554)
(-0.00677329,0.00801084)
(0.0225103,0.0247444)
(0.00410454,-0.00278387)
(0.0288397,0.0229434)
(-0.00398428,-0.00491307)
(0.00727222,-0.000900224)
(-0.00212011,-0.0151897)
(0.00234017,-0.0203294)
(-0.00122541,-0.0121889)
(-0.00561018,-0.0307887)
(-0.011031,-0.00539566)
(-0.00645366,-0.0221953)
(-0.00404214,0.00202922)
(0.00240653,-0.00653934)
(0.00462218,0.0179954)
(0.00208598,0.0170772)
(0.00651046,0.016031)
(0.000394661,0.0265357)
(-0.00308842,0.00434337)
(-0.000295422,0.0233612)
(-0.00716763,0.00431753)
(0.017117,-0.0113868)
(-0.000238448,-0.0106777)
(0.0133006,-0.0128205)
(0.0036035,-0.00430266)
(0.00214913,-0.0113056)
(-0.0108449,-0.00493319)
(-0.0264464,-0.00319981)
(-0.00324563,-0.00155835)
(-0.0323678,0.00746097)
(-0.00247595,-0.0141932)
(-0.02503,0.0028184)
(-0.00510036,-0.0160301)
(-0.0222908,0.000322151)
(-0.0200543,-0.0253102)
(-0.0123174,0.00705721)
(-0.0071736,-0.0126491)
(-0.0216156,0.0090382)
(-0.00677495,-0.00611116)
(-0.00375065,0.00574859)
(0.000325553,-0.00156853)
(0.0301169,-0.0156768)
(0.0012568,-0.00606234)
(0.0439823,-0.0177776)
(-3.13292e-05,0.00659182)
(0.0182531,-0.0178549)
(9.95527e-05,0.00864677)
(-0.00786646,0.00268009)
(-0.00495598,-0.00357651)
(-0.0163346,-0.00106598)
(0.000409714,0.00110465)
(-0.00205481,-0.00298177)
(-0.00487808,-0.0125279)
(-0.00566086,-0.0255993)
(-0.00896539,-0.019576)
(-0.0100806,-0.00583314)
(-0.0120157,-0.0114738)
(-0.00887135,0.000632901)
(-0.00698582,-0.000593808)
(-0.00413592,0.00339961)
(-0.0209856,0.0115946)
(0.0282875,-0.0172594)
(0.00992071,0.00162809)
(0.0325401,-0.00670675)
(0.0115256,0.00605374)
(0.0340225,0.0152209)
(0.0137471,-0.00255617)
(0.00272736,0.00519534)
(0.00989936,0.000627421)
(0.022994,0.015401)
(0.00883585,0.00854253)
(0.0259625,-0.0126233)
(-0.00884728,0.0166598)
(0.0144948,-0.0270168)
(-0.0115796,-0.00383302)
(-0.000262214,-0.0133195)
(-0.00141488,-0.00552758)
(0.000808742,-0.00547085)
(-0.00214461,-0.010729)
(-0.00137697,0.0086903)
(-0.00331784,-0.00138171)
(0.00850465,-0.00755056)
(-0.000348195,-0.00788574)
(0.00946735,0.010479)
(-0.00154461,-0.0192479)
(-0.00912482,0.0269564)
(0.0167765,-0.0242178)
(0.00669035,0.017549)
(0.0148927,-0.0174669)
(0.0174409,0.0205222)
(0.00258624,0.0285246)
(0.0284913,-0.0142365)
(-0.0089848,0.0266529)
(0.0297986,-0.0160025)
(-0.039059,0.0251082)
(0.0154246,0.00170558)
(-0.0146933,-0.00646802)
(-0.00399793,0.00679139)
(0.00250199,-0.00469879)
(0.000207594,0.00457115)
(0.0121083,-0.0103221)
(0.00563385,0.00963953)
(-0.0105928,0.0145441)
(-0.0094548,0.0310647)
(-0.0072092,-0.0178694)
(-0.00705716,0.0315325)
(0.00453658,-0.0239243)
(-0.00331266,0.00182044)
(0.0239801,-0.0237934)
(0.00174324,-0.00755076)
(0.0328233,-0.00867647)
(0.0180387,-0.0217804)
(0.0158508,0.0252586)
(0.0370532,0.0130316)
(-0.024205,0.0206085)
(0.0214557,0.0181012)
(-0.0188717,-0.00536801)
(0.00799615,0.012073)
(0.00149915,-0.00906416)
(-0.00501761,-0.000540049)
(-0.00318504,-0.00635604)
(-0.0144985,0.00404)
(-0.0038348,0.0156067)
(-0.0126081,0.0169683)
(-0.0114213,0.00694707)
(-0.0146055,0.0147022)
(0.00496294,-0.0135676)
(-0.0149979,-0.00582969)
(0.00865451,-0.00343141)
(0.0154111,-0.0263507)
(-0.000739223,0.00631961)
(-0.00864406,0.00196478)
(-0.00498531,0.00771775)
(0.0192284,0.018714)
(-0.0237611,0.00236411)
(0.00573906,0.0340932)
(-0.0104397,-0.013543)
(0.00728608,0.00772286)
(-0.00856724,-0.00258015)
(-0.00529295,-0.0103566)
(0.0128781,-0.0086265)
(-0.0132074,-0.0099171)
(0.00631518,0.0144368)
(-0.0146528,0.000379711)
(0.00273617,-0.0022004)
(-0.0179482,-0.000939941)
(0.0119664,3.14003e-05)
(-0.00512941,-0.0195471)
(0.0266518,0.0078144)
(0.014956,-0.00612556)
(0.0204187,-0.00310671)
(0.0163213,-0.00310136)
(0.00759103,-0.00943117)
(0.0265616,0.0164211)
(0.0247129,-0.00339456)
(0.00763192,0.015714)
(0.00710165,0.00847417)
(-0.00595953,-0.00948156)
(0.00112065,-0.00516017)
(-0.0145021,-0.0189891)
(-0.00535474,0.00172089)
(0.0142238,-1.54687e-05)
(0.00135479,0.0229723)
(0.00984348,0.00937634)
(-0.00240197,0.0304209)
(-0.00462204,0.00548324)
(0.00312781,0.0139609)
(-0.0154426,-0.000657288)
(0.0111307,0.00496057)
(-0.0027194,0.00138617)
(0.0230839,0.0101345)
(0.022646,-0.0116375)
(0.030796,-0.00570939)
(0.0130143,0.00536759)
(0.0341193,0.011324)
(-0.013256,0.0175684)
(-0.00137734,0.00733341)
(-0.0139343,0.0109812)
(-0.00978994,0.0145889)
(-0.0157636,-0.00421253)
(-0.00897794,0.00931246)
(0.0332331,0.00913192)
(0.00172229,0.00772814)
(0.0305003,0.0138084)
(-0.00240529,0.00828479)
(-0.000429682,-0.00345625)
(-0.00296019,0.00557554)
(-0.00351961,-0.00452256)
(-0.00731864,-0.00735594)
(-0.0102024,-0.00650655)
(-0.00478428,-0.00546495)
(-0.00134335,0.00180259)
(0.00433595,0.00696238)
(0.00116458,0.00581899)
(-0.00441329,0.0220038)
(-0.0132925,0.0171793)
(-0.0123824,0.031446)
(-0.0132388,0.0306321)
(-0.0180622,0.00616607)
(-0.0137029,0.0312188)
(-0.0106181,-0.00105802)
(0.0254837,0.0158595)
(-0.00222263,-0.0128266)
(0.0223332,0.0173246)
(-0.00611702,-0.00335521)
(0.00682208,0.00155386)
(-0.00479911,-0.0121315)
(-0.0122633,-0.0141715)
(-0.00915693,-0.0128546)
(0.00116635,0.00158598)
(-0.0147837,0.00521067)
(-0.00814702,-0.00182396)
(-0.00827347,0.000851791)
(-0.00346347,0.00423043)
(-0.0121086,0.0162267)
(0.000483731,0.0118447)
(-0.00288285,0.00823337)
(0.00122557,0.025413)
(-0.00367089,0.00431657)
(0.00548312,0.021826)
(-0.0140938,-0.00689937)
(0.00587684,-0.00270696)
(-0.000306518,-0.00754222)
(0.012653,-0.0125957)
(-0.00823646,-0.013017)
(-0.00373581,-0.0103146)
(-0.0127613,-0.00964005)
(-0.0264482,-0.0131045)
(-0.0237275,-0.00990281)
(-0.0334867,0.00272308)
(-0.0137308,-0.0125251)
(-0.0207107,0.00402998)
(-0.0139627,-0.0138)
(-0.0203545,0.0106306)
(-0.00862998,-0.0265093)
(-0.014772,0.0319859)
(0.00222116,-0.0138428)
(-0.00527623,0.0164116)
(0.00841486,-0.0096758)
(-0.00947928,0.00292984)
(-0.00431543,-0.00959156)
(0.0260453,-0.0120868)
(-0.00426944,-0.00610429)
(0.0303085,-0.0119875)
(8.47538e-05,0.00395922)
(0.0154874,-0.0150255)
(-0.00566482,0.00769572)
(-0.0174272,-0.0176057)
(-0.0151319,0.00753105)
(-0.0188895,0.00550871)
(-0.0232198,-0.00146746)
(-0.0141908,-0.000310585)
(-0.0177408,-0.0138134)
(-0.0227329,0.00542644)
(-0.0115742,-0.0141122)
(-0.0255638,0.00451438)
(-0.00609101,-0.0176232)
(-0.0226214,0.0185755)
(-8.06718e-06,-0.0108413)
(-0.00250888,0.0131976)
(-0.00292449,-0.0018322)
(0.0226455,-0.0156754)
(0.00535126,-0.0038959)
(0.0330705,-0.00622517)
(0.0107378,0.0040893)
(0.0348456,-0.013807)
(0.0151413,0.00319689)
(0.0165738,0.00656428)
(0.00251745,-0.00467547)
(0.00128634,0.00765141)
(-6.62949e-05,0.00790267)
(0.0075241,0.00611493)
(-0.00858282,-0.000877305)
(-0.0182553,-0.003927)
(-0.00758928,0.00426583)
(-0.0152116,0.00234423)
(-0.0136856,-0.0125996)
(-0.0174654,0.00458632)
(0.000510039,-0.0162156)
(-0.0145554,0.0118841)
(-0.0040688,-0.00705609)
(0.0219512,-0.00293283)
(0.00172925,0.0013571)
(0.0172966,-0.00717439)
(0.00432588,-0.0135828)
(0.0179073,0.0112009)
(0.00525399,-0.0200791)
(0.00944002,-0.000785495)
(0.0162372,-0.0121142)
(0.0236578,0.0154603)
(0.00557612,0.00770959)
(0.022734,0.00547801)
(-0.0192966,0.0342791)
(0.0035855,0.00798613)
(-0.0229797,0.0128712)
(-0.00685568,-0.00253671)
(-0.0170802,-0.0139798)
(-0.00552266,-0.00146752)
(-0.000739458,-0.0276493)
(-0.00150054,-0.000240503)
(0.00466223,-0.0196999)
(0.0083648,0.0123101)
(-0.00745671,0.014823)
(0.010361,0.0270474)
(-0.00851041,0.0109368)
(0.0158641,0.015016)
(0.010766,-0.0108994)
(-0.0032412,-0.0128164)
(0.0181594,-0.00877976)
(0.0129928,-0.0144375)
(0.0192341,0.0164838)
(0.0120662,-0.0132293)
(-0.00784919,0.0276504)
(0.00610128,0.0195506)
(-0.0288752,0.0257073)
(0.000510634,0.0247671)
(-0.00611214,-0.0175223)
(-0.00049829,-0.00129156)
(-0.00874813,-0.0174936)
(0.00431675,-0.000845397)
(-0.00811891,-0.0118884)
(-0.012166,0.011189)
(-0.00429991,0.0244817)
(-0.0106671,0.00460656)
(-0.00487292,0.010577)
(-0.00990014,-0.00105385)
(0.000371936,0.00383119)
(-0.0095888,-0.0227149)
(0.0233327,0.00123459)
(0.00682381,-0.0224861)
(0.00495381,0.00530999)
(0.0147007,0.00163693)
(-0.0280081,0.0179315)
(0.0082872,0.0272753)
(-0.0223187,0.00552914)
(0.00726352,0.0281751)
(-0.0207441,-0.00785423)
(0.0112141,0.00622054)
(-0.00567958,-0.0213107)
(0.00195643,-0.00792999)
(-0.00898193,-0.00554421)
(-0.0167218,-0.00378376)
(-0.00467491,0.011801)
(-0.0179255,-0.0119315)
(0.00406336,0.0152532)
(-0.0220196,-0.0137354)
(0.0201597,-0.00171481)
(-0.0319126,-0.0162505)
(0.0306705,0.00242519)
(-0.0123216,0.000904704)
(0.0207291,-0.00476873)
(0.0114529,0.00993529)
(0.00135186,-0.00715442)
(0.0158364,0.023978)
(0.0102705,-0.0039097)
(0.00331842,0.0214067)
(-0.0094638,-0.00438956)
(0.00581364,-0.000768353)
(-0.0207065,-0.00420478)
(-0.00806427,-0.0032593)
(-0.00583963,0.00651441)
(0.00833855,-0.0070298)
(0.00556802,0.00653456)
(-0.00946499,0.00185065)
(0.0114745,0.0155573)
(-0.0228555,-0.000424328)
(0.0121749,0.0201534)
(-0.0361973,0.0042866)
(0.0161907,0.00325812)
(-0.0281362,0.00694181)
(0.0223965,0.00317928)
(-0.0113735,0.0240383)
(0.00589277,-0.0115725)
(0.00233163,0.0187054)
(0.00739191,-0.00508413)
(-0.00574763,0.00882882)
(-0.0030638,0.00353363)
(-0.00805368,0.0114437)
(-0.00513292,0.00020729)
(-0.0114309,-0.00513142)
(0.00413064,0.0135492)
(0.0231616,0.00344522)
(0.00389116,0.0029132)
(0.00723888,0.0121386)
(0.00672146,0.00539488)
(-0.0264615,0.00135415)
(0.0137003,-0.00236016)
(-0.0349333,0.00415051)
(0.00236318,-0.002981)
(-0.0300286,0.0269945)
(-0.000347778,-0.00323672)
(-0.00891989,0.0205665)
(-0.00599683,-0.0155968)
(-0.0101371,0.00998784)
(-0.00615249,0.0108299)
(-0.0102585,0.0101195)
(-0.00405953,0.00300659)
(-0.00988503,0.0130318)
(0.0121592,0.00724584)
(-0.00766895,0.00792201)
(0.00521772,-0.00205208)
(0.00833536,0.0185661)
(-0.00579392,-0.00910788)
(0.0112125,0.027011)
(0.00237935,-0.0148907)
(-0.00836972,0.00888051)
(-0.00416271,-0.00630534)
(-0.0135466,0.0120534)
(0.00633313,-0.0102237)
(-0.0120424,0.0129954)
(-0.00550042,-0.00789357)
(0.00170901,0.0267658)
(-0.0062621,-0.0064352)
(0.00597627,0.00843025)
(-0.0108371,-0.0073014)
(0.00627054,0.00186743)
(0.00153563,-0.00440416)
(0.00462507,0.0148023)
(0.0061849,0.00537276)
(-0.00355834,0.00739944)
(0.00118878,-0.00344052)
(0.0014682,-1.68845e-05)
(0.00258302,0.00365068)
(-0.000497337,-0.000666663)
(-0.00437343,0.00736602)
(-0.0145175,-0.00456982)
(-0.0082378,0.00563526)
(-0.0222155,-0.0107054)
(-0.0160845,-0.0126865)
(-0.0195087,-0.00428007)
(-0.00967779,-0.0165429)
(-0.0161665,0.00576922)
(-0.000908814,-0.0121698)
(-0.0130136,0.010157)
(-0.000113422,-0.0159871)
(-0.0055445,0.0160426)
(0.00324072,-0.00857979)
(-0.00921735,0.0133538)
(0.0064944,-0.00905764)
(-0.00603402,0.0142819)
(-0.00490627,0.00889061)
(0.0154835,0.000981127)
(0.00197114,0.00723573)
(0.0180289,-0.00315397)
(0.00281173,0.0110141)
(0.00150637,-0.00834848)
(-0.00470296,0.0120029)
(-0.0129325,-0.00814745)
(-0.0143995,0.00218921)
(-0.0242769,0.000871828)
(-0.0122656,-0.0066671)
(-0.0206422,0.00374612)
(-0.0129918,-0.00793307)
(-0.0355253,-8.7407e-05)
(-0.00393535,-0.0110828)
(-0.02329,0.0142626)
(-0.0024375,-0.0104237)
(-0.0113944,0.0126477)
(0.00262059,-0.0121032)
(0.000151162,0.00110717)
(-0.00268104,-0.000970768)
(0.025934,-0.00149529)
(0.00198541,0.00687015)
(0.0258021,-0.00887021)
(0.0120716,0.00651178)
(0.015768,-0.00726759)
(0.00774222,0.00412934)
(-0.00503176,-0.0082738)
(0.00015977,0.00789242)
(-0.00794212,0.00634401)
(-0.00356343,-0.00738874)
(-0.014976,0.00149184)
(-0.000175441,0.00106078)
(-0.022976,-0.000488024)
(-0.00672346,0.00244988)
(-0.0150188,-0.00192662)
(-0.00373485,-0.00947398)
(-0.00743939,0.0131503)
(-0.00293854,-0.00675674)
(0.00344524,0.00530042)
(-0.00904819,-0.00595043)
(0.0221939,-0.0128266)
(-0.00228064,0.00940855)
(0.0165072,-0.00434755)
(-0.00122135,0.00292114)
(0.00390455,-0.00821772)
(-0.00359292,-0.00878572)
(0.00373772,-0.00268564)
(-0.00264338,-0.0148178)
(0.00165847,-0.00542681)
(0.0124688,-0.00447602)
(0.00315927,0.00556755)
(-0.00347036,0.00693798)
(-0.00360418,0.00619786)
(-0.00952684,0.00849045)
(-0.00084471,-0.0021668)
(-0.0108459,-0.0182708)
(0.00585454,-0.00421984)
(-0.00509767,-0.0278012)
(0.00370887,0.00456387)
(-0.00949766,-0.0087925)
(0.0119222,-0.00208499)
(-0.00443695,0.0218902)
(0.000833389,-0.000417299)
(-0.00367115,0.0237513)
(-0.00141967,-0.00641256)
(-0.00966989,0.00646716)
(-0.00925927,-0.0142994)
(0.0194406,-0.00601646)
(0.00114317,-0.0172588)
(0.0102233,-0.00249964)
(0.00181643,-0.00304772)
(-0.00764153,0.0120344)
(-0.00342411,0.020356)
(-0.0206311,0.00372913)
(-0.00760003,0.00936011)
(-0.0164879,-0.0231064)
(0.0113388,0.0101869)
(-0.00478969,-0.0245176)
(0.00680952,0.00695971)
(-0.00578609,-0.0115585)
(-0.0032415,-0.0120544)
(-0.0076589,0.0176077)
(-0.00774253,-0.00433851)
(-0.00365901,0.0355291)
(-0.00515749,-0.0186904)
(0.00121044,0.0131657)
(-0.0151017,-0.0282177)
(0.0192412,-0.010791)
(-0.0101851,-0.0239042)
(0.0161119,-0.0134229)
(0.00117051,0.000798198)
(-0.0137328,-0.0147795)
(-0.00312409,0.0161873)
(-0.0247451,-0.0133543)
(-0.00734985,0.01963)
(-0.0184421,-0.0200055)
(0.00699049,0.0146374)
(-0.0168775,-0.0192673)
(0.00584682,0.0118547)
(-0.00426416,0.00219355)
(-0.00142667,-0.0194512)
(0.000927963,0.0117082)
(-0.0127524,-0.0183494)
(-0.0102558,0.0237449)
(-0.0147377,-0.0191851)
(0.0122859,0.0115)
(-0.0198353,-0.0156683)
(0.0266305,-0.0043469)
(-0.015991,-0.00793596)
(0.0163408,-0.0204524)
(-0.00756444,0.0107221)
(-0.0118402,-0.020508)
(-0.0031968,0.00955731)
(-0.0216565,-0.0116392)
(-0.00136421,0.00422858)
(-0.0252073,-0.0139065)
(-0.00830153,0.0099955)
(-0.0221575,-0.00118154)
(-0.00501072,0.00330841)
(-0.0100016,0.0090646)
(0.00934501,-0.0157801)
(0.00279828,0.00543017)
(-0.0087049,-0.00748999)
(0.0134681,0.0157504)
(-0.0278757,-0.0108914)
(0.00811299,0.00474579)
(-0.0282881,-0.0133767)
(0.0125094,-0.00529519)
(-0.0374654,0.00322703)
(0.00875375,-0.00273534)
(-0.0200904,0.0119692)
(-0.00493088,-0.019925)
(-0.00281605,-0.0041952)
(-0.00720946,-0.0172362)
(-0.00968209,0.00694414)
(-0.00465497,-0.00580494)
(-0.00788155,0.00381324)
(0.000948049,0.00342573)
(-0.00558923,0.00123059)
(-0.000328926,0.0141176)
(0.01157,5.54619e-05)
(0.0084031,0.0108087)
(0.000116433,0.000665585)
(0.0141676,-0.0040694)
(-0.0169947,0.00236026)
(0.0185222,-0.000185926)
(-0.0315966,0.00371622)
(0.0134362,-0.00168182)
(-0.0240096,0.0153555)
(0.00806428,-0.0055761)
(-0.0186735,0.0154408)
(0.000628377,-0.0149989)
(-0.00477396,0.00658195)
(-0.00103078,-0.0049543)
(-0.00508303,-0.00258793)
(0.00499715,-0.00298011)
(-0.0115289,0.0157197)
(0.00916663,0.0069316)
(-0.00104426,0.00283877)
(0.00615096,0.00637535)
(9.39226e-05,0.0187355)
(-0.00309763,-0.00889106)
(0.000503906,0.0175962)
(0.0119148,-0.00951386)
(-0.00740686,0.0081919)
(0.00413413,-0.00539051)
(-0.0182104,0.00404744)
(0.00411968,-0.00647047)
(0.00185319,0.0179291)
(0.00203175,-0.00283619)
(-0.00172147,0.0124701)
(0.00345302,-0.0033005)
(0.0124416,0.00846729)
(-0.000459901,-0.00800088)
(-0.00129931,0.00324873)
(0.011004,-0.00473312)
(-0.00344094,0.00171367)
(0.00979176,0.00474121)
(-0.00325793,-0.00555634)
(-0.00108529,-0.00265487)
