(-0.0030301,0.00813993)
(-8.52561e-05,0.00070039)
(-0.000989062,0.00513424)
(0.00317894,0.000704767)
(-0.00276187,-0.00268513)
(0.00738428,-4.65846e-05)
(-0.000324131,0.00189795)
(-0.000774593,7.83802e-05)
(0.00497217,0.00196049)
(-0.000989714,-0.00332181)
(0.00232538,0.000898992)
(-0.00441996,0.00156495)
(-0.00379457,0.0034461)
(-0.00372367,-0.00266379)
(1.09427e-05,0.00186131)
(-0.000231167,-0.00179968)
(-0.00114885,0.00172636)
(-0.00254037,0.000477302)
(0.000432743,0.00295423)
(-0.000664459,0.00585483)
(0.000239993,0.00537261)
(-0.000557343,-3.44588e-05)
(0.000747922,0.00345733)
(0.00106641,-0.0016367)
(-0.000788386,0.00535489)
(0.00327533,-0.000191503)
(0.000743969,0.00264085)
(0.00264223,-0.00406499)
(-0.00187373,0.000627991)
(0.00735188,0.00118765)
(0.000665997,-0.00151195)
(-1.74772e-05,-0.00711496)
(0.0014172,0.00130774)
(-0.00357979,-0.00382534)
(-0.00369748,-8.54066e-05)
(-0.00369308,-0.00343998)
(-0.00286651,0.000422344)
(0.0028781,0.00402245)
(-0.00323912,0.00221005)
(0.00267741,0.000328517)
(-0.000392022,0.00222368)
(0.00110165,0.000132959)
(-0.000265126,0.000959059)
(-0.00198978,0.000638678)
(0.00109506,0.00688595)
(0.00225002,0.00585775)
(-0.00255325,0.00477775)
(0.00267211,-0.00269481)
(-0.00123003,0.00275982)
(0.0049602,-0.00164852)
(3.16881e-05,-0.00441677)
(0.00442367,-0.00403606)
(-0.00100674,0.00101803)
(0.00055196,-0.00237595)
(-0.00504632,-0.000908991)
(0.000147966,-0.00376214)
(-0.0022229,0.000644698)
(0.00114507,0.00101032)
(-0.000535152,-0.00428994)
(0.00648254,0.00382593)
(0.00117852,0.00239439)
(-0.0016575,0.00186432)
(0.00367949,0.00658648)
(-0.00171367,0.00923067)
(0.000223086,0.00340743)
(-0.00107476,0.00171492)
(-0.000344574,0.00656235)
(-0.00378442,-0.000688477)
(-0.00781238,0.00186009)
(0.00475621,-0.000684863)
(-0.00299481,0.00161637)
(0.00198088,-0.00511814)
(-0.00294754,-0.00143523)
(-0.000580098,-0.00481395)
(-0.00904373,-0.00117981)
(-0.00181545,-0.00511309)
(-0.00168887,-0.00129117)
(0.0036454,-0.00219926)
(-0.000690767,0.00127566)
(-0.00076828,0.000944304)
(0.00110682,0.00233013)
(0.00185294,0.00080115)
(0.00418939,0.00458937)
(0.000670128,-0.00144208)
(0.00326459,0.0027299)
(-0.00100092,0.00128166)
(-0.00228887,0.00439484)
(-0.00304875,-0.00226456)
(-0.00488806,0.00398443)
(0.000224,-0.000201188)
(-0.00221937,-0.0019376)
(0.000172913,-0.00404957)
(-0.00879793,0.000276553)
(0.00323693,-0.00935658)
(-0.00511025,-0.00474556)
(0.0028337,-0.00765414)
(-0.00386367,0.00083273)
(-0.00544219,-0.00473473)
(-0.00456775,-0.00463926)
(-0.00454822,-0.000761699)
(0.000234154,0.000557086)
(0.00144713,-0.00269719)
(0.00414007,0.00154206)
(-0.00104194,0.00247555)
(0.00435018,0.00150453)
(0.000178764,-0.00751353)
(0.000164942,0.00626652)
(-5.70857e-05,-0.00371378)
(-0.00445958,0.00372793)
(0.00210071,-0.00381354)
(-0.00512226,0.00285695)
(0.00222371,-0.00563973)
(-0.00813447,-0.00325906)
(0.00319921,-0.00574768)
(-0.0073374,-0.000197728)
(-0.0028975,-0.00632896)
(-0.00452087,-0.000686348)
(-0.00165204,-0.00114518)
(-0.00100811,0.0016362)
(-0.00263756,-0.00118565)
(-0.000724061,-0.00185326)
(-0.000636724,-0.00107635)
(0.000692543,-0.00111855)
(0.00303389,-0.00567644)
(0.00293736,0.00175761)
(-0.00316104,-0.00530349)
(0.00205532,0.00571533)
(0.000280801,-0.00859446)
(-0.00372717,0.00605156)
(0.00281019,-0.00200798)
(-0.00510334,-0.00129797)
(-0.0033716,-0.00493981)
(-0.00393546,-0.00160005)
(0.00306751,-0.0037675)
(-0.00403285,0.00201545)
(-0.000121197,-0.00562268)
(-0.00232382,0.0040051)
(0.000635214,-0.00203467)
(-0.00156562,-0.00203547)
(-0.000656265,0.00104614)
(-0.00258671,-0.00220352)
(0.00149539,-0.00621526)
(-0.00172799,2.09476e-05)
(-0.00166788,-0.0085873)
(0.00131318,-0.00108346)
(-0.000519216,-0.00683707)
(0.00525007,0.00233624)
(-9.31806e-05,-0.00306377)
(-0.0016747,0.00172538)
(-0.00125231,-0.000940068)
(0.00214804,0.00270001)
(-0.00176298,-0.00350954)
(-0.00189004,0.00717506)
(-0.0031256,4.70813e-07)
(0.00433118,0.00479583)
(0.00457252,-0.00282082)
(-0.00191788,-0.00102719)
(0.00623502,0.000385396)
(0.00364919,-0.00411555)
(0.0016553,0.00171983)
(-0.00291267,0.000390739)
(0.000990889,-0.00302637)
(0.000859695,0.000139287)
(0.00158432,-0.00532832)
(0.00559899,-0.00120586)
(-0.00486848,-0.00271537)
(0.000465479,-0.000913099)
(0.000234705,-0.00358127)
(0.000771103,0.00428767)
(-0.00481547,-0.00225282)
(-0.00227885,0.0050732)
(-0.00057021,-0.00216847)
(0.00249853,0.01106)
(0.00292627,-0.00137735)
(0.00322047,0.00544724)
(0.00748615,-0.00633239)
(0.00022385,-0.00394407)
(0.00896698,-0.0018072)
(-0.00171851,-0.00261655)
(0.00420994,-0.000774932)
(-0.00159163,-0.000343131)
(-0.000787079,0.000421407)
(0.00258739,-0.00440424)
(-0.00289167,-0.0024161)
(0.00288335,0.00161496)
(0.00202309,-0.00403509)
(-0.00360935,-0.000368632)
(-0.00453087,-0.00450124)
(0.00485799,0.00292167)
(0.000149545,-0.00302697)
(-0.00215649,0.00171783)
(-0.000948436,-0.000722706)
(0.00170946,0.00271829)
(0.00380678,-0.00432895)
(-0.00221549,0.00374554)
(0.00383788,-0.00225136)
(0.00187018,-0.00316935)
(0.0063148,-0.001681)
(-0.00155123,-0.00268854)
(0.00380386,-0.000258758)
(-0.000114451,0.0058885)
(-0.000906522,-0.00213847)
(0.000410634,0.00400818)
(-0.00169776,0.000993102)
(-0.00174188,0.00106141)
(-0.00262128,0.00338682)
(-0.00203151,0.000430482)
(0.00129372,-0.00208246)
(-0.000911507,0.00336826)
(-0.00351776,0.000454395)
(-0.00167728,0.00283485)
(-0.00197965,-0.00481613)
(-9.36425e-05,0.00371409)
(-0.00108122,-0.00339179)
(-0.00108933,0.00535794)
(-0.00218719,-0.00118663)
(0.00141194,0.00539272)
(0.00252844,0.00234706)
(-0.000389376,0.00635186)
(-0.00185213,0.00106558)
(0.00044751,0.00699256)
(-0.00129368,-0.00241829)
(0.00443117,0.00618046)
(-0.000610332,-0.00139548)
(0.00145551,0.00629249)
(0.00500141,4.21201e-07)
(-0.0025906,0.00632527)
(0.00391018,-0.00714114)
(0.000940234,-0.000244005)
(0.00850747,-0.00821959)
(-0.00208348,0.00101409)
(0.00479567,-0.00844403)
(-0.000553248,-0.00172122)
(-0.000533065,-0.00633424)
(-0.00420472,0.00539813)
(-0.00149748,0.00176228)
(-0.00317649,0.00565524)
(-0.00304612,0.00478471)
(-0.00157693,0.00158632)
(0.00353602,0.0047794)
(0.00772717,0.00245237)
(0.00140696,-0.00121274)
(0.00918901,0.00737144)
(0.00476061,0.000767319)
(0.00329085,0.00833412)
(0.00792269,-0.00527901)
(0.00029606,0.00178888)
(0.00741691,-0.0110749)
(-0.00191993,-0.0042981)
(0.0071629,-0.00711732)
(0.00285341,0.00100791)
(0.0080644,-0.0119093)
(0.00665311,-0.0020714)
(0.0028991,-0.00606902)
(-0.00215074,0.000260178)
(-0.00430005,-0.00355017)
(-0.00442004,-0.000570032)
(0.00472415,0.00182745)
(-0.005047,-0.00025408)
(0.00569107,0.00192591)
(0.00803811,0.00685278)
(0.00363178,0.00323292)
(0.00926206,0.00682692)
(0.00146721,0.00150848)
(0.00305124,0.00889602)
(0.00293996,-0.00794391)
(-0.0109701,0.00392981)
(0.000754337,-0.0134923)
(-0.00577946,0.00418016)
(0.00172211,-0.0115589)
(-0.00206993,-0.00268054)
(0.0052895,-0.00973944)
(-0.00380311,-0.00388223)
(0.00476756,-0.0104769)
(-0.00303483,-0.00468353)
(-0.000438452,-0.00243101)
(-0.00692341,-0.00094849)
(-0.00230788,0.000143683)
(-0.00621265,-0.00281974)
(0.0049214,0.00394623)
(0.00333896,-0.000592415)
(-0.000301242,-0.000912495)
(0.00601737,0.0020587)
(0.00450091,0.00448094)
(0.000430308,0.0044471)
(0.00794252,-0.0119061)
(-0.00583358,0.0036156)
(-0.00370785,-0.0102345)
(-0.00842759,-0.00321572)
(0.000141497,-0.00819229)
(-0.0138104,-0.00530437)
(0.00580211,-0.00673221)
(-0.0054183,-0.0136899)
(0.0053112,-0.0130005)
(-0.0111026,-0.00533057)
(-0.00375748,-0.00892057)
(-0.00762161,-0.00267426)
(-0.00639167,-0.00383049)
(-0.00515322,-0.00174212)
(-0.00407384,0.00347333)
(0.00357394,0.00128027)
(0.002817,-0.00159997)
(0.00784041,0.00219796)
(7.14373e-05,-0.00430042)
(0.00852358,0.00178689)
(0.00329171,-0.00934598)
(-0.00183627,0.00150129)
(0.00110188,-0.00920857)
(-0.00663922,-0.00111443)
(0.00696785,-0.00920044)
(-0.0127476,-0.00746915)
(0.00936553,-0.00376204)
(-0.0103404,-0.00807438)
(0.00159344,-0.00766535)
(-0.00425817,-0.00187668)
(-0.00843335,-0.00533958)
(-0.00875313,0.00251589)
(-0.012564,-0.00371166)
(-0.00567138,-0.000705146)
(-0.00423194,0.000940663)
(-0.00266055,-0.00236081)
(0.00427138,-0.00815487)
(0.00541166,-0.00140451)
(-0.000443323,-0.0013758)
(0.00769308,0.000760086)
(0.00103895,-0.00959351)
(0.00317922,0.00265933)
(0.00316185,-0.00804053)
(-0.00425578,0.00049686)
(0.00702566,-0.00276205)
(-0.00901185,-0.00501998)
(0.00660867,0.000338614)
(-0.00471728,-0.00527328)
(-0.00280637,-0.00426956)
(-0.00618505,-0.00516102)
(-0.00897281,-0.00345836)
(-0.00415054,-0.00191236)
(-0.00697361,-0.0036464)
(-0.000279947,0.00436266)
(-0.00260889,-0.00254627)
(-0.00631199,-0.00322889)
(-0.00121786,-0.00342315)
(7.38686e-05,0.00149139)
(-0.0014153,-0.00714907)
(0.00833327,0.00109804)
(-0.00258505,-0.00673277)
(0.00488199,0.00520458)
(0.0019205,-0.00761048)
(-0.0019369,0.00190716)
(0.00533396,-0.0028625)
(-0.00709326,0.00294186)
(0.00141145,-0.0033869)
(-0.00273472,0.00145548)
(-0.00234501,-0.00109992)
(0.00240554,0.00643949)
(-0.00314018,-0.00472446)
(0.000665437,0.00445946)
(-0.00494739,-0.00315918)
(-0.00415238,0.00074202)
(0.000931997,-0.000878274)
(-0.000711442,0.00271442)
(0.000835596,-0.0073457)
(-0.00116008,0.0035457)
(-0.00526212,-0.0051864)
(0.00209587,0.00482493)
(-0.000172818,-0.00734962)
(0.00292599,0.00199504)
(-0.00204974,-0.00745784)
(0.000168192,0.00341764)
(0.000871743,-0.00523042)
(0.00118738,0.00566419)
(0.00238094,-0.00247294)
(-0.000961209,0.000931072)
(0.0014412,-0.00436043)
(0.00443241,0.00879691)
(0.00927856,-0.00671806)
(-0.000446619,0.00217152)
(0.00442651,-2.85667e-05)
(0.000977275,0.000517621)
(0.0025404,0.00149494)
(0.00173055,0.000402043)
(-0.00196974,0.00179345)
(0.0020737,0.00159857)
(-0.00286219,-0.00449962)
(0.00440017,0.00267902)
(-0.00253053,-0.00726963)
(-0.000670889,0.00414362)
(-0.000564938,-0.00448856)
(-0.000654445,0.0032918)
(0.000355508,-0.00335932)
(0.000271902,0.00142965)
(-0.000893863,-0.00458035)
(-0.00159196,0.00225368)
(0.0036645,-0.00510597)
(0.00334656,-0.000429042)
(0.0071551,-0.00662073)
(-0.00108659,0.000434628)
(0.00496054,-0.00420177)
(9.76376e-05,0.000855858)
(0.00428382,0.000188942)
(0.00152665,0.00228502)
(-0.00402368,-0.000193129)
(-0.000825453,0.00309628)
(-0.000765519,-0.00219035)
(-0.00161971,-0.00192733)
(0.00177939,-0.0019877)
(-0.00513437,0.00207379)
(0.000390413,-0.00273757)
(0.00020487,-0.00347637)
(-0.000639496,-0.00587709)
(0.000224636,0.000748427)
(0.00209489,-0.00325554)
(0.00352492,0.00596926)
(-0.00110829,-0.00660568)
(0.00393577,0.007615)
(0.00355627,-0.00180877)
(-0.00207164,0.00642295)
(0.00199236,0.00305107)
(-0.000958994,0.00158144)
(-0.000656976,0.00173591)
(0.00429305,0.000955756)
(-0.00330758,-0.000979803)
(0.0079025,0.0008045)
(-0.00324538,-0.00486007)
(0.00307919,0.00722655)
(0.00271364,-0.00597809)
(-0.000110607,0.00367104)
(0.00652052,-0.0136159)
(0.00267909,-0.000492281)
(0.00723995,-0.00777403)
(-0.00172617,-0.00250668)
(0.00422613,-0.0128843)
(0.00564716,-0.00112628)
(0.00363462,-0.0091809)
(0.00425648,0.00145926)
(0.00235362,-0.00671892)
(0.00252315,0.00385747)
(0.00667514,-0.0016319)
(-0.00374932,0.00310242)
(0.00177261,0.00531114)
(0.00979861,0.0049527)
(0.0027494,-0.0027624)
(0.011318,0.00297938)
(0.00197782,-0.00597613)
(0.00708798,0.00607703)
(0.00909863,-0.0125995)
(-0.00213317,0.00193158)
(0.00461069,-0.0117716)
(0.00487963,0.00678892)
(0.00240606,-0.0140008)
(0.0058339,-0.00279816)
(0.0110008,-0.0111031)
(0.00568833,-0.00138467)
(0.0102933,-0.0111688)
(0.00781657,-0.00509251)
(0.00262211,-0.00955769)
(0.00321207,-0.000976363)
(-0.000825384,-0.00497448)
(-0.00422344,-0.00271046)
(0.0064077,-0.00378375)
(0.00909037,0.00259757)
(-0.000177828,-0.00353022)
(0.00892185,0.00295017)
(0.00424701,-0.00642343)
(-0.00382845,0.00124324)
(0.00915693,-0.0116089)
(-0.00658635,0.00259412)
(-0.00569992,-0.0181233)
(-0.00370677,0.00460355)
(0.00331063,-0.012138)
(-0.00319276,-0.0120208)
(0.00708508,-0.00765578)
(0.00431774,-0.0114371)
(0.00905554,-0.0161854)
(0.00434033,-0.00509191)
(0.00521517,-0.0121775)
(0.000839339,-0.00430231)
(0.00135947,-0.00358716)
(-0.00073292,-0.00405607)
(0.00266621,0.00119739)
(0.00948427,0.000726001)
(0.00450165,-0.00728365)
(0.00599051,0.00191366)
(0.00509064,-0.00840956)
(-0.00330864,0.000336688)
(-0.000412951,-0.016283)
(-0.0115743,0.000179827)
(-0.00341038,-0.0090444)
(-0.0306194,-0.00591217)
(0.00946531,-0.00507847)
(-0.0389095,-0.0219087)
(0.00527949,-0.000459299)
(-0.0141156,-0.0159388)
(0.00710682,-0.0131974)
(0.00378362,-0.0143835)
(-0.00032155,-0.0111946)
(-0.00226382,-0.00646497)
(-0.00320485,-0.00528333)
(-0.00552649,-0.0047657)
(-0.0023594,4.60506e-05)
(0.00162226,0.000306866)
(-0.000730256,-0.00589689)
(0.00904879,-0.000864334)
(-0.00110118,-0.00680802)
(0.00295478,3.90956e-05)
(-0.00371635,-0.0117334)
(-0.000217174,0.00575439)
(-0.0066177,-0.0117521)
(-0.0247418,-0.00527957)
(0.0120489,-0.0107289)
(-0.0370877,-0.0252537)
(0.0119022,-0.00251069)
(-0.0120451,-0.0212355)
(0.0112327,-0.0111379)
(-0.00532068,-0.00703705)
(-0.00416617,-0.00514041)
(-0.00372712,-0.00702118)
(-0.00828555,-0.00471065)
(-0.00145653,-0.00171402)
(-0.00231491,0.000149799)
(0.00258584,-0.00254285)
(0.00073062,-0.00180635)
(0.01006,-0.001666)
(0.00181671,-0.00496637)
(0.00684126,-2.39446e-05)
(-0.00546955,-0.00629072)
(-0.00184257,-0.000945996)
(-0.000588312,-0.00349014)
(-0.00522362,-0.00996419)
(0.00776335,-8.3644e-05)
(-0.0214471,-0.0189024)
(0.00911929,0.00260977)
(-0.00760262,-0.0134234)
(0.00559973,0.001828)
(-0.0001507,-0.00890757)
(-0.00659858,-0.00182838)
(-0.000919042,-0.00816135)
(-0.0089298,0.00138516)
(-0.00284315,-0.00248132)
(0.00180083,0.00110483)
(-0.000406207,-9.93646e-05)
(0.00541559,-0.00148523)
(0.00177532,-0.00244309)
(0.000159476,-0.00401118)
(0.0090417,0.000487507)
(-0.00127314,-0.0106499)
(0.00228271,-0.00344618)
(0.000179398,-0.00723331)
(-0.00467049,-0.005434)
(0.00941298,0.00658306)
(-0.011913,-0.00817574)
(0.0108773,0.00313433)
(-0.000247176,-0.00754247)
(0.00312651,-0.000838891)
(0.00607946,-0.00394247)
(-0.00861283,-0.00439962)
(0.00233236,0.000179633)
(-0.00682831,-0.000849321)
(0.00200127,0.00198221)
(-0.00128901,-0.00266725)
(-0.00187855,0.00162985)
(-0.000565795,-0.000675837)
(0.00354218,0.00106319)
(0.00230276,-0.00587822)
(0.000310603,-0.00212798)
(0.000292303,-0.00447024)
(0.000743694,0.00233683)
(-0.00217725,-0.0106597)
(-0.00277007,-0.000567704)
(0.0056485,-0.00148928)
(-0.00316545,-0.00440742)
(0.00302092,-0.00163358)
(-0.000962101,-0.00159918)
(0.00618504,-0.00249449)
(0.0013335,0.00374075)
(0.00213078,-0.00582174)
(0.00586439,0.00123227)
(0.0044069,-0.00175091)
(0.00355333,0.000449937)
(0.00293623,-0.00201954)
(0.00066886,0.00168601)
(-0.000665042,-0.00169248)
(0.00185784,-0.00239863)
(-0.00332479,0.000679214)
(-0.00101762,0.00135344)
(-0.0016577,-0.00470387)
(-0.000126401,-0.000537169)
(0.00121612,-0.00072284)
(-0.000551076,0.00166575)
(8.65113e-05,0.000458839)
(-0.00285236,-0.0012231)
(0.00539884,-0.00134594)
(-0.00569744,0.000350604)
(0.00266962,-0.00448277)
(-0.00118252,0.00479163)
(0.00550387,-0.00283375)
(0.0027483,-0.00212706)
(0.00364359,-0.00317472)
(0.00195986,0.000221907)
(0.00121372,0.00166185)
(0.00140864,0.00300768)
(-0.000476491,-0.00156079)
(0.00251673,-0.00152331)
(-0.00263094,-0.00376451)
(-0.00245999,0.0011764)
(-0.00123852,0.0018474)
(-0.00129035,0.000886551)
(-0.000481712,-0.00691803)
(-0.000752341,-0.00213461)
(-0.000904221,-0.00508566)
(0.00344351,0.00218448)
(0.00315273,-0.00833471)
(0.00593895,-0.00100563)
(0.00463974,-0.00633173)
(0.00691274,0.000259662)
(0.00518663,0.00313029)
(0.00333587,0.00537129)
(0.00421127,-0.00107588)
(-0.00175631,0.00494367)
(-0.000350904,0.00137236)
(0.00274177,-0.00235162)
(-0.00177767,-0.00508568)
(0.0030661,0.000652107)
(-0.000457403,-0.00131577)
(0.00166829,0.00337573)
(0.00546248,-0.00265381)
(-0.00212548,-0.000952579)
(0.00423374,-0.008106)
(0.00871293,0.00495487)
(0.00262925,-0.0118915)
(0.0108266,-0.00185678)
(0.0134643,-0.0113719)
(0.00827041,-0.0018669)
(0.0122058,-0.00628163)
(0.010882,-0.00598422)
(0.00720575,-0.00265766)
(0.00538192,-0.00123579)
(0.00504492,0.00218232)
(-0.00221031,-0.000334492)
(0.00623955,0.00248951)
(0.011504,0.00216216)
(0.000823957,-0.00422169)
(0.0040169,0.00492768)
(0.0073173,-0.00515434)
(0.000347996,0.00447988)
(0.00747718,-0.00638357)
(0.00356982,-0.00242482)
(0.00213892,-0.0116303)
(0.0132716,-0.000193045)
(0.00761973,-0.00678507)
(0.0135217,-0.00327258)
(0.00892705,-0.00293885)
(0.00795097,-0.00163346)
(0.0138385,-0.00618173)
(0.00991519,-0.000339647)
(0.0138228,-0.00480238)
(0.00996718,-0.00174856)
(0.00459392,-0.00348196)
(0.00500978,-0.00186951)
(0.00368696,-0.00161286)
(0.00839441,0.00334213)
(-0.00255917,-0.00642901)
(0.00388309,0.00857217)
(0.00436481,-0.00278825)
(-0.00408415,0.000644681)
(0.00333095,-0.0157397)
(-0.00562816,0.00748904)
(0.00471896,-0.0173713)
(0.000120457,-0.0116264)
(0.0357251,-0.0135874)
(-0.0023639,-0.0178999)
(0.0354633,-0.0107124)
(0.00145152,-0.0125594)
(0.0192984,-0.0187216)
(0.00669008,-0.00491445)
(0.00703209,-0.00857539)
(0.00273308,-0.00620116)
(0.00773441,-0.00835775)
(-0.00233653,-0.00333757)
(0.0028738,-0.00327249)
(0.00513702,0.00619659)
(-0.00393038,-0.0070035)
(-0.000602699,0.00726674)
(0.000170414,-0.00592229)
(-0.00839589,0.00748424)
(-0.00313297,-0.0079375)
(-0.0237981,0.033707)
(-0.019658,-0.00929853)
(-0.164303,-0.0365576)
(0.0147395,0.0276101)
(-0.174978,-0.0625179)
(-0.0124701,0.0144218)
(-0.0350007,-0.029221)
(0.00780195,-0.0183581)
(-0.00271983,-0.00776525)
(0.00230827,-0.0115402)
(0.00416681,-0.0135429)
(-0.00262724,-0.0051675)
(-0.00169961,-0.00561277)
(-0.000648861,0.00120365)
(0.00753125,0.000692672)
(-0.00544188,-0.00537213)
(0.00539341,0.00485575)
(-0.00655373,-0.00885693)
(0.0046607,0.0145531)
(-0.0133702,-0.00698225)
(-0.00590088,0.0400018)
(-0.0307532,-0.0171191)
(-0.16702,-0.0455557)
(0.0199288,0.00315322)
(-0.165142,-0.0679726)
(-0.00136239,-0.0171476)
(-0.0437803,-0.0219386)
(-0.00481519,-0.0108362)
(-0.00199582,-0.0135202)
(-0.00276239,-0.00650794)
(0.000143046,-0.00451599)
(-0.00627537,-0.00029825)
(-0.00146007,-0.00520683)
(0.00125445,0.00164433)
(0.00696843,0.00390753)
(-0.00094792,-0.00387223)
(0.00987911,0.000449903)
(-0.00361528,-0.00623906)
(0.00213698,0.00620625)
(-0.0191719,0.000787126)
(0.00179021,0.0114866)
(-0.0211994,0.00456324)
(-0.0309404,-0.0210433)
(0.0135873,0.0159272)
(-0.0286363,-0.0485116)
(0.00763866,0.0135217)
(-0.0172139,-0.021975)
(0.00100092,0.000113422)
(0.000483197,-0.0100399)
(-0.00727924,-0.00106088)
(0.00422743,-0.0111119)
(-0.0063314,0.00050226)
(0.000614156,-0.00505345)
(-0.00355058,0.00529655)
(0.00308011,-0.000507579)
(-0.00116264,-0.00409445)
(0.00800377,0.000622348)
(-0.000438042,-0.004618)
(0.00488728,-0.00333162)
(-0.00345781,-0.00235436)
(-0.0046154,-0.00232178)
(-0.00490078,-0.00290815)
(-0.0117199,-0.00377715)
(0.0054043,0.0104184)
(-0.0213883,-0.0166514)
(0.00659577,0.00996158)
(-0.00591879,-0.0075588)
(0.00420465,0.0040538)
(0.00749133,-0.00858231)
(-0.00542005,0.00649177)
(0.000947746,-0.00611027)
(-0.00475266,0.00515499)
(0.0015843,-0.00567879)
(0.000357277,0.00221882)
(0.00582729,0.00151751)
(0.00233661,-0.00068247)
(0.00123791,-0.00226766)
(-0.00384937,0.00591834)
(0.00347279,-0.00382783)
(-0.00335693,-0.00213899)
(-0.00360952,-0.00140382)
(-0.00326364,-0.00145654)
(-0.00700137,-0.00494)
(0.00602665,0.00384218)
(-0.00570542,-0.00540652)
(0.00956147,0.00496805)
(0.000677507,-0.00107979)
(0.00497563,0.00702443)
(0.00296306,0.00213029)
(0.00142197,0.000857001)
(0.0016251,0.000222956)
(0.00107367,-0.00136817)
(0.00305242,-0.0014803)
(-0.00159227,0.003494)
(-0.000248454,0.000701329)
(-0.00104916,0.00209952)
(0.00338733,-0.00110703)
(-0.000381841,0.00330313)
(-0.00173213,-0.00177678)
(-0.00372606,0.00521989)
(-0.00446896,0.000368123)
(0.000501636,-0.00350065)
(-0.00258559,-0.00202044)
(0.00124002,-0.000947894)
(-0.00236456,-0.00115015)
(0.0066625,-0.00101232)
(-0.00366003,0.00134917)
(0.00302461,0.0052156)
(-0.00209431,0.00757966)
(0.00273884,-0.000435377)
(0.00092484,0.00233056)
(-0.000687852,-0.000573352)
(0.0049226,0.0014761)
(-0.0079225,0.00221186)
(-0.00207434,-0.00191903)
(-0.00275538,-0.00182561)
(-0.00186285,-0.00225075)
(0.000620432,0.00386613)
(-0.00253837,-0.0028462)
(0.00330961,-0.00288029)
(-0.00509583,0.0022214)
(0.00167888,-0.00753977)
(0.00478733,-0.00292586)
(-0.000899564,-0.00263751)
(0.00354983,-0.00476561)
(0.00833308,-0.00423097)
(0.00468246,0.00015194)
(0.00112066,-0.00330445)
(0.00322458,-0.000935281)
(0.00146485,-0.00717849)
(0.00159965,0.00405199)
(0.00146508,-0.000890669)
(-0.00253502,0.000749615)
(-0.00156032,0.00520319)
(4.59005e-05,-0.000592878)
(0.000873842,-0.00090468)
(0.00130908,0.000585361)
(0.002322,-0.00274546)
(-0.000342332,0.00577353)
(0.00425019,-0.000776171)
(0.0054397,-0.0033778)
(0.000867476,-0.00704593)
(0.0114475,-0.00453006)
(0.00593936,0.000472303)
(0.0099851,-0.00458798)
(0.0122258,-0.00913744)
(0.00488195,-0.00587314)
(0.0116427,-0.00215408)
(0.00458741,-0.00331675)
(0.00247839,-0.00349868)
(0.00551506,-0.00272871)
(-0.00118382,-0.00411738)
(0.00230923,0.000419334)
(0.00102847,0.00143047)
(0.00833418,0.00152361)
(0.00591184,-0.000163938)
(0.00418795,0.0061163)
(0.00730331,0.00132755)
(0.00402924,0.00511487)
(0.00844922,-0.00942489)
(0.0109344,-0.000319647)
(0.00525172,-0.00767615)
(0.0338148,-0.00867816)
(0.0176528,-0.0223546)
(0.0337487,-0.0119629)
(0.0315719,-0.0207633)
(0.0169592,0.0033818)
(0.0238576,-0.0126008)
(0.00837273,-3.95607e-05)
(0.00891419,-0.000650732)
(0.00653766,-0.00458246)
(0.00507444,-0.00313167)
(0.00228341,-0.00195921)
(0.00366757,0.000117433)
(0.00457296,0.00241992)
(-8.09511e-05,0.00166343)
(0.00404773,0.00843555)
(0.00759659,-0.0108345)
(0.00358842,0.01171)
(0.00798188,-0.013771)
(0.0324764,0.0162249)
(-0.00299229,-0.0416447)
(0.141838,-0.065927)
(0.162691,-0.0910539)
(0.159233,-0.0333052)
(0.158317,-0.116294)
(0.0314184,-0.00511557)
(0.0487481,-0.03896)
(0.00690652,0.00254729)
(0.0197424,-0.0149795)
(-0.00108917,-0.00170682)
(-4.31904e-06,-0.000885678)
(-0.00286993,-0.00519844)
(-0.00164666,0.000796563)
(0.00532607,0.00271518)
(-0.00141284,-0.00397372)
(0.00305602,0.0123212)
(-0.00171486,-0.00511504)
(0.00937812,0.0326211)
(-0.0198253,-0.0172966)
(0.0604111,0.174208)
(-0.134471,-0.064713)
(0.00368208,-0.0210926)
(-0.0158264,0.00721893)
(-0.00542161,0.0197237)
(-0.0275089,0.0263819)
(-0.0109825,-0.00373489)
(-0.00281338,-0.0623812)
(-0.000925625,-0.00390784)
(0.00420753,-0.0148771)
(-0.00457346,-0.00478325)
(0.00172906,-0.00211832)
(-0.00116148,-0.00416547)
(-0.00186028,0.00297553)
(0.00489665,0.00771094)
(-0.00495654,-0.000870007)
(0.0136836,0.0094071)
(-0.00814738,-0.00834644)
(0.0201298,0.0309272)
(-0.0232917,-0.0134431)
(0.0967181,0.167542)
(-0.135796,-0.0843025)
(-0.00890122,-0.0155671)
(0.00859982,0.00853048)
(0.0464006,0.0434563)
(0.0122554,-0.00042253)
(-0.0192518,-0.00110061)
(-0.00913743,-0.0373885)
(-0.00928782,0.00130074)
(-0.00498326,0.000132769)
(-0.00490901,-0.00662525)
(0.000268253,0.000265262)
(-0.000893594,-0.00836641)
(-0.000453407,0.00518516)
(0.00841962,0.00240362)
(-0.00449424,-0.00888395)
(0.0108503,0.0076531)
(-0.0128052,-0.00576081)
(0.0112532,0.0123877)
(-0.023869,-0.00113643)
(0.0312461,0.0201246)
(-0.0320503,-0.00258405)
(0.00610273,-0.0731214)
(0.0420808,0.0728267)
(-0.0150631,-0.0718818)
(0.0324863,0.0755095)
(-0.018214,-0.0195827)
(0.00522666,0.00697853)
(-0.00445643,-0.00720372)
(-0.00310317,0.000645636)
(0.000451352,-0.00427076)
(-0.00458034,0.00841898)
(0.0019848,-0.00675982)
(0.000868815,0.00337424)
(0.00262055,0.0058896)
(0.00149919,-0.0143163)
(0.00626406,0.000950758)
(-0.0057457,-0.00700532)
(0.00555255,0.0024893)
(-0.0158143,-0.00311583)
(-0.00275005,0.0069522)
(-0.0183034,0.00889159)
(-0.00480351,-0.0127673)
(0.00837954,0.0147587)
(-0.00620369,-0.0215133)
(0.0122508,0.00935797)
(-0.0112877,-0.00493221)
(0.000652785,0.00532321)
(-0.00131843,-0.000176634)
(-0.00245492,0.00172616)
(0.000984878,-0.0035363)
(-0.00340413,0.00171893)
(-0.00106719,-0.00063036)
(0.00162619,0.00144905)
(-0.00382676,-0.00148878)
(0.000900841,-0.00367333)
(0.00193858,0.000484782)
(3.45116e-05,-0.00269842)
(0.00181948,-0.00354436)
(-0.00345887,-9.28806e-06)
(-0.0016109,-0.00318924)
(-0.00372939,-0.0025957)
(-0.00228789,-0.001118)
(-0.00183283,0.00489796)
(-0.0036381,-0.00676869)
(0.0056419,0.00634208)
(0.00102291,0.00126798)
(0.00370172,0.00514917)
(-0.00204367,0.00489885)
(0.00120118,0.00311604)
(-0.000816403,0.00150839)
(-0.00444485,-8.42692e-05)
(0.00155319,0.000332216)
(-0.00273373,0.00195479)
(0.000865669,-0.00219706)
(-0.00243292,0.00159873)
(-0.00187745,-0.00416905)
(-0.000870914,0.00285214)
(-0.00316572,0.00235348)
(-4.63646e-05,-0.000773555)
(-0.00329832,-0.00240109)
(-0.00364517,-0.00246318)
(-0.00217254,-0.00298455)
(0.00632193,0.000288783)
(-0.000570582,-0.00267345)
(0.00196965,0.0018157)
(0.000830176,0.000374807)
(0.0002429,0.003396)
(-0.00635634,0.000623296)
(-0.00782664,-0.00313847)
(0.00153042,-0.00139146)
(-0.00463614,-0.0029214)
(-0.000306597,-0.00237621)
(0.000247266,0.00257191)
(-0.00279179,-0.000356657)
(-0.00235421,0.000682253)
(-0.00308753,-0.00564069)
(-0.000799161,0.00183732)
(-0.00319946,0.00144833)
(0.00298268,-0.00273328)
(3.36167e-05,-0.0101816)
(0.00114132,-0.00354539)
(-0.00210132,-0.00955453)
(0.00363171,0.0046981)
(0.00326171,-0.00108192)
(0.00388075,-0.0078771)
(0.00482318,-0.000908376)
(0.00593598,-0.0012732)
(0.00225565,0.00237783)
(-0.00322733,-0.00511282)
(0.000634901,0.000544089)
(-0.000825537,0.00215479)
(-0.000135998,9.12247e-05)
(-0.00234736,0.00139032)
(-0.00370444,-0.00417818)
(-0.000891504,-0.00312407)
(-0.00116146,-0.00159016)
(0.00163002,-0.000817018)
(0.00148602,0.00155103)
(0.00519841,-0.0026431)
(0.00680244,-0.0102848)
(-0.000656867,-0.000238098)
(0.0146016,-0.00669961)
(0.00547503,-0.00384141)
(0.0116399,-0.00404368)
(0.00593496,-0.00224947)
(0.00811912,0.00316215)
(0.0126799,-0.00672266)
(0.00719779,-0.00172802)
(0.00392797,-0.00575703)
(0.0084561,-0.00127932)
(-0.00216467,-0.00114406)
(-0.000801346,0.00311777)
(-0.00187305,-0.00101639)
(0.00278502,-0.000349772)
(-0.000759259,0.00234647)
(0.0045323,0.0040649)
(0.000605698,-0.00207018)
(0.00614105,0.00479954)
(-0.000854456,0.00117225)
(0.0202225,0.00421711)
(-0.00280921,-0.00826487)
(0.0268914,-0.0153128)
(0.0207226,-0.0125327)
(0.0350246,-0.0125552)
(0.0265634,-0.0226947)
(0.0173551,-0.00411255)
(0.0149834,-0.0123271)
(0.0128475,0.00702561)
(0.00840709,-0.00527735)
(0.00425959,0.00200791)
(-0.000664564,0.00176501)
(-0.000299343,-0.0018705)
(-0.000142423,-0.000709213)
(0.00365979,-0.000644406)
(-0.00104419,-0.00190225)
(0.00110538,0.00818856)
(-0.00065254,-0.00397776)
(0.0124763,0.00936619)
(-0.00245167,-0.0121412)
(0.0386294,0.00830454)
(-0.003486,-0.029692)
(0.116729,-0.0932442)
(0.148515,-0.111248)
(0.129246,-0.0717034)
(0.135547,-0.147355)
(0.0405067,-0.0140818)
(0.0318867,-0.045487)
(0.0109473,-0.00873929)
(0.00554222,-0.00914443)
(-0.00148488,0.00120803)
(0.00354873,0.00138429)
(-0.00185928,-0.00432468)
(-0.00193166,-0.000666031)
(0.00178813,0.000215649)
(-0.00525273,-0.00106722)
(0.0050399,0.00731941)
(-0.00687844,-0.00933703)
(0.0189062,0.0222206)
(-0.0255002,-0.0190794)
(0.0490579,0.149231)
(-0.169087,-0.0920518)
(-0.00525872,-0.0012425)
(0.019226,0.00960631)
(-0.0123163,-0.00128725)
(-0.0142491,0.0163755)
(-0.000504149,0.00213861)
(-0.00940938,-0.0501852)
(0.00983872,-0.00335076)
(0.00129844,-0.00480829)
(0.00115736,-0.00473456)
(-0.00387977,-0.000256427)
(-0.00228139,-0.00819981)
(-0.0024754,0.00447585)
(0.00823789,0.00248195)
(-0.00949737,-0.00549529)
(0.0161478,0.00898168)
(-0.0107895,-0.00832316)
(0.0154861,0.0265602)
(-0.0292073,-0.0179509)
(0.074781,0.145314)
(-0.159604,-0.118182)
(-0.0139077,-0.0186332)
(0.0284718,-0.0201431)
(0.0132063,-0.0139698)
(-0.00956114,-0.0474322)
(-0.0129766,-0.00146113)
(-0.0274301,-0.0358397)
(-0.00708334,-0.00110972)
(-0.00372934,0.00332547)
(-0.00155272,-0.0017759)
(-0.00266914,0.00574578)
(-0.00126956,-0.00596148)
(-0.00382173,0.00502669)
(0.0056372,0.00682239)
(-0.00694109,-0.00255787)
(0.00971895,0.00257968)
(-0.0141118,-0.00768205)
(0.0156836,0.00784546)
(-0.0162419,-0.00587207)
(0.0239369,0.0283011)
(-0.0339503,-0.00854876)
(0.00131155,-0.0526254)
(0.0502652,0.0737104)
(-0.0245196,-0.0589461)
(0.0385612,0.0751874)
(-0.0184741,-0.00957487)
(0.00215739,0.0174598)
(-0.00680162,0.000545056)
(0.000840464,0.00755929)
(-0.00397908,-0.0037226)
(-0.00138574,0.00150046)
(0.00254675,-0.00243629)
(-0.00342794,0.00403343)
(-0.00175184,0.00262762)
(-0.00392095,-0.00300005)
(0.00223479,0.00628298)
(-0.00761093,-0.00419166)
(0.00991206,-0.000967694)
(-0.00543344,-0.00453864)
(0.00411703,0.00752401)
(-0.00352477,0.00131402)
(0.00518165,-0.00461663)
(0.00419844,0.016188)
(-0.0110918,-0.011641)
(0.0129331,0.0119392)
(-0.0035416,0.00308043)
(0.00580118,0.00711159)
(0.00112383,-0.0024627)
(-0.00169868,0.00349626)
(-0.00334976,-0.00105477)
(-0.00429167,0.00447631)
(-0.0020016,-0.00056637)
(-0.00118468,0.0017025)
(0.000988222,-0.000711639)
(0.0013465,0.00157896)
(-0.00107188,0.00387498)
(-0.00133022,-0.00451556)
(-0.00105987,-0.00127247)
(-0.00580129,0.000773877)
(0.0019021,0.000595692)
(-0.00523318,-0.000860677)
(-0.00302388,0.000144029)
(0.0017757,0.00172827)
(-0.00218868,-0.00112404)
(0.00478345,0.000867208)
(0.0024843,-0.000680364)
(0.00506806,0.00452775)
(0.000716636,0.00496885)
(-0.00307797,0.00237614)
(-0.000110609,-0.000835373)
(-0.00238267,0.00119932)
(0.00173952,0.00102112)
(-0.00386744,0.00228488)
(-0.00404704,-0.00202911)
(0.00310678,0.00387873)
(-0.00278125,-0.00188684)
(0.00131419,0.00253529)
(-0.0043131,-0.00136806)
(-0.0030737,0.00185896)
(-0.00419824,0.000341876)
(4.25405e-05,0.00175002)
(-0.000580908,-0.00381687)
(0.00393021,-0.00326124)
(-0.00107937,-0.00374329)
(0.00173674,0.00205921)
(-0.00127306,-0.0016939)
(-0.00161458,-0.00107244)
(-0.00286479,-0.00274999)
(-0.00411883,-0.00111769)
(-0.00105231,-0.00442268)
(-0.00547809,0.00179878)
(0.000772918,-0.000803408)
(-0.00525825,0.000822245)
(-0.00128735,0.002389)
(-0.0057296,0.00136347)
(0.00174089,0.00155824)
(-0.000491584,-0.00142053)
(0.00402711,6.22994e-05)
(0.00275697,-0.000467511)
(0.000877309,-0.00315399)
(0.00370777,-0.00306707)
(-0.00228764,-0.00841595)
(0.00198845,-0.00190678)
(0.00471976,-0.00362121)
(0.00251015,-0.00854337)
(0.00626001,-0.00223122)
(-0.000292107,-0.00198995)
(0.00521559,-0.00310513)
(-0.00216466,-0.00128921)
(4.44528e-05,-0.00102238)
(-0.00184844,0.00165335)
(-0.00353272,-0.000232172)
(-0.000764565,0.00241816)
(0.000566796,-0.000745964)
(-0.00378073,-0.000366756)
(0.00468657,-0.00367574)
(0.00343099,0.00265598)
(-0.000531066,0.00197886)
(0.00577371,0.000954377)
(0.00669913,-0.00933403)
(-0.00228811,-0.00206155)
(0.00582173,-0.0118646)
(-0.000952024,0.00493092)
(0.00892414,0.00130442)
(0.00399069,-0.00483523)
(0.00654733,0.000435569)
(0.00897588,0.000354632)
(0.00495655,-0.00386902)
(-0.00198788,0.00365512)
(0.000107591,0.000423456)
(-0.00338185,0.00175947)
(-0.00426603,0.00113598)
(-0.00387333,-0.000193076)
(0.00163934,-0.00113266)
(-0.00334244,-0.00102266)
(-0.000394264,0.00329453)
(0.00119242,0.00222587)
(0.00893486,0.00125962)
(-0.00337796,-0.00243157)
(0.0151535,-0.00470693)
(-0.0122542,0.00667831)
(0.0192576,-0.0064159)
(-0.00366455,-0.00664466)
(0.0163624,0.00101471)
(0.00215951,-0.00711479)
(0.0168828,0.00963889)
(0.00862611,-0.00579302)
(0.000385296,0.00447656)
(0.0046795,0.000131824)
(-0.00235508,-0.00285449)
(-0.00198517,0.00274658)
(-0.00429761,0.000658336)
(-0.00314857,-0.00115204)
(2.95791e-05,-0.000512762)
(0.000321118,-0.00198449)
(0.0054034,0.00366712)
(-0.00527927,-0.00757902)
(0.00526368,0.00977848)
(-0.00862126,-0.00224401)
(0.0215348,0.00606784)
(-0.0164299,0.00285275)
(0.0144289,-0.00166576)
(0.00882626,0.00773625)
(0.0177653,-0.00144447)
(0.017748,-0.00378424)
(0.0179301,-0.00544034)
(0.0105418,-0.00993944)
(0.0125492,0.00394845)
(0.00187547,-0.00185407)
(-0.000372606,0.00153864)
(-0.00518177,-0.00140399)
(-0.00574643,-0.00319615)
(-0.00265948,0.00154193)
(0.00549281,0.0041837)
(-0.00194865,-0.00586643)
(-0.000269562,0.0116295)
(-0.0109882,-0.00634061)
(0.00569822,0.01019)
(-0.0156507,-0.00338574)
(0.00641893,0.0302798)
(-0.0512985,0.00978294)
(-0.0656993,0.0229602)
(-0.0496369,0.157005)
(-0.0652303,0.0477762)
(-0.024659,0.150579)
(0.00433517,0.0123781)
(-0.00149456,0.0199729)
(0.000359193,-0.00828803)
(-0.00422585,0.00383151)
(-0.000592485,-0.00362935)
(-0.000783837,0.00789434)
(0.0034463,-9.48635e-05)
(-0.000675065,0.00587063)
(0.00271489,0.000746458)
(-0.00572741,-0.00261005)
(0.00213846,0.00379829)
(-0.0101257,-0.010806)
(0.00238355,0.0107963)
(-0.0174872,-0.00367043)
(0.000944366,0.0400601)
(-0.0507477,0.010794)
(-0.0395473,0.0292361)
(-0.0431308,0.175268)
(-0.0346243,0.0554508)
(-0.0170233,0.177331)
(-0.0121668,0.0142205)
(-0.00811428,0.0373655)
(-0.000861644,0.00134631)
(-0.005526,0.0143786)
(-0.0030291,-0.00060988)
(-0.00321562,0.00775431)
(-0.000869368,-0.00334001)
(-0.00305193,0.00994468)
(0.000104987,0.00498183)
(-0.00965468,-0.00452162)
(0.00567142,0.0109194)
(-0.0120908,-0.000792733)
(0.000272926,0.000557255)
(-0.0127311,-0.00275571)
(0.00447082,0.0167288)
(-0.01733,0.00947481)
(0.000385722,0.00864115)
(-0.00284282,0.049173)
(-0.0188612,0.000136271)
(0.00252787,0.0549884)
(-0.00353837,0.00839763)
(-0.00244369,0.0227066)
(-0.00559382,0.00209631)
(-0.00171596,0.00955027)
(-0.0065396,0.00134947)
(-0.00687853,0.00778607)
(-0.000466522,0.00383089)
(-0.0012612,0.00398179)
(-0.00301406,0.00648911)
(-0.00682622,-0.00177726)
(0.000904547,0.00862634)
(-0.00829191,-0.0072389)
(0.00284768,0.0046155)
(-0.0111951,0.00428045)
(0.00544061,0.00198724)
(-0.00657743,0.00352509)
(-0.000821902,0.00575326)
(-0.00281922,0.00673436)
(-0.00649354,0.00625915)
(-0.000377813,0.00985722)
(-9.18857e-05,-0.00114092)
(-0.00194832,0.0117898)
(-0.00370708,0.00256356)
(-0.00472554,0.00588157)
(-0.00340506,0.00305371)
(-0.00398231,0.00521296)
(0.00105081,0.00175855)
(-0.0036643,0.000318674)
(-0.00424098,0.00569777)
(-0.00581836,0.00545857)
(-0.000740774,0.00841042)
(-0.00307217,0.000541479)
(0.0016603,0.00556694)
(-0.00587188,0.000707009)
(-0.00357467,0.000259133)
(-0.00910356,0.000455734)
(0.0016868,0.000927525)
(-0.00763145,0.000841856)
(-0.00134798,-0.00359801)
(-0.00167207,-0.00317485)
(0.00233742,0.000648709)
(-0.00302973,0.00206959)
(0.000929911,0.00234351)
(-0.00124185,-0.000550322)
(-0.000525014,0.00420367)
(-0.00158057,0.00168774)
(-0.000202668,0.00594761)
(-0.00198919,0.000204304)
(-0.000856849,0.000464781)
(-0.00101057,0.00563376)
(-0.00286178,0.00112355)
(-0.000871678,0.00489986)
(-0.00152839,0.0033625)
(-0.00185343,0.00237455)
(-0.0020371,-0.000184255)
(-0.00446685,0.000309617)
(0.000954017,-0.00210896)
(-0.00279787,0.0010682)
(0.000587171,-2.26173e-05)
(0.000497313,0.00124471)
(-0.000593399,0.000582602)
(-0.00163742,-0.00423455)
(0.00313621,-0.00432705)
(-0.00147305,-0.00295435)
(-0.00160151,0.00467092)
(-0.00535465,0.000751024)
(0.000294731,-0.000502593)
(0.000385257,0.00184223)
(-0.00114654,0.00318542)
(0.00332184,-0.00224078)
(-0.000201044,0.00175839)
(0.00285982,-0.00369235)
(-0.00201088,-0.00583786)
(0.00684624,0.000466914)
(0.00410318,-0.00389797)
(0.0038138,-0.00598747)
(0.00110955,-0.00783864)
(0.000687603,-0.00105475)
(0.00554392,-0.000424007)
(5.15327e-05,-0.00400698)
(0.00384348,-0.0028059)
(-0.00261727,-0.00134641)
(-8.60947e-05,-0.00237044)
(-0.00346216,-0.0027064)
(-0.00453895,0.00035571)
(0.00169806,0.00222735)
(-0.000164821,-0.000913349)
(-0.00181084,0.00220592)
(-0.00258318,-0.00253342)
(0.000682035,0.000536398)
(-0.00160616,-0.000431162)
(0.00392815,0.00353125)
(0.0104749,-0.000933109)
(0.00697778,0.00136999)
(0.00645673,-0.00512078)
(0.00095056,-0.0010173)
(0.00822064,0.000160721)
(0.00151338,-0.00418845)
(0.00596239,0.003502)
(0.008407,-0.00207142)
(0.00776551,0.00503851)
(0.00384601,0.00299081)
(-5.27192e-05,-0.00010044)
(-0.0023418,0.000449686)
(-0.00306554,-0.00322918)
(-0.00483014,0.00336369)
(-0.00224644,0.00137805)
(-0.00106086,0.000254803)
(0.00447881,-0.000906252)
(0.00186025,0.000110017)
(0.00900453,0.00530035)
(0.00191362,0.00120826)
(0.00402619,0.000438022)
(0.00564971,0.00338733)
(0.00468624,0.00400059)
(-0.00491474,-0.00504636)
(0.0129294,-0.000909302)
(-0.00266986,0.00405245)
(0.00546362,0.00870337)
(0.000872594,-0.003947)
(0.00456892,0.00488487)
(0.00685559,-0.00180356)
(-0.00373008,0.0020267)
(0.00108431,0.00853841)
(-0.00159358,0.00171296)
(-0.00396431,0.00570466)
(-0.00336988,-0.000939016)
(-0.00401038,0.00357203)
(0.00444936,0.00488189)
(0.000272124,-0.00242801)
(0.00261056,0.00631917)
(0.000416984,-0.00223922)
(0.00432185,0.00907859)
(-0.000191704,-0.004615)
(0.0105247,0.0050839)
(-0.00954448,0.00295247)
(0.0139472,-0.000566394)
(-0.00467659,0.00780405)
(0.0182448,0.00422433)
(0.00234067,0.00429204)
(0.0158782,0.0029944)
(-0.000898297,0.0010492)
(0.00460789,0.004144)
(-0.00225004,-5.03372e-05)
(-0.00636784,0.00115904)
(-0.000136999,0.00473271)
(-3.9431e-05,-0.000141564)
(-0.00174652,0.00377121)
(0.00028029,-6.42063e-05)
(-0.00065582,-0.00457361)
(0.0055203,0.00588721)
(-0.00370068,-0.00886793)
(-0.00148608,0.00934065)
(-0.00954692,-0.00352964)
(0.000289056,0.00634422)
(-0.014115,0.0101338)
(-0.00962129,0.00663342)
(-0.0115762,0.0297762)
(-0.00901857,0.00920001)
(-0.00769498,0.0252916)
(0.00708229,-0.0120375)
(-0.000169688,0.0137012)
(0.00245057,-0.00596478)
(-0.00661754,0.00880298)
(-0.000521102,-0.00139109)
(-0.00204645,0.0062874)
(-0.00141355,-0.000647214)
(0.00217314,0.00844404)
(0.0015357,0.00151815)
(-0.00185054,-0.0015733)
(0.000704395,0.00105655)
(-0.00782145,0.000418079)
(-0.00702984,0.00873763)
(-0.00933218,-0.007856)
(-0.00673321,0.0117435)
(-0.0184189,0.00597512)
(-0.0130163,0.0100416)
(-0.0214565,0.0356514)
(-0.0121954,0.0113272)
(-0.00896325,0.0467749)
(-8.56478e-05,-0.00145358)
(-0.0100285,0.0189213)
(-0.000736221,-0.00490111)
(-0.00545446,0.00884445)
(-0.00379954,0.00258291)
(-0.00074623,0.00777602)
(-3.57325e-05,-0.00273836)
(-0.00284303,0.0054601)
(-0.00244925,0.00217916)
(-0.00370907,0.00173856)
(-0.00533295,0.00153532)
(-0.0121559,-0.00358132)
(0.00476337,0.00475095)
(-0.00899837,0.00454808)
(0.000579362,0.00602873)
(-0.00601772,-0.000189322)
(-0.00343254,0.00698773)
(-0.0128048,0.0126989)
(-0.00436574,0.00525798)
(-0.00532638,0.021766)
(-0.00387836,-0.00566831)
(-0.00756996,0.0146523)
(-0.00617755,-0.00463057)
(-0.00871547,0.00290827)
(-0.00659447,-0.000161831)
(-0.00209492,0.00560461)
(-0.00183632,0.00589282)
(-0.00135396,0.00555283)
(-0.000993006,0.00683843)
(-0.00651846,-0.000794476)
(-0.00224409,0.00778549)
(-0.00772802,0.000826237)
(0.00120605,0.00402623)
(-0.00850012,-0.00207072)
(0.00354582,0.00571934)
(-0.0138951,0.00408531)
(0.00121839,0.00621975)
(-0.00714426,0.00372563)
(0.00149063,-0.00125447)
(-0.00993342,0.0101649)
(-0.00174508,-0.00128138)
(-0.0103605,0.00593154)
(-0.00225347,0.000207575)
(-0.00739516,0.00690183)
(-0.00416724,0.0038618)
(-0.00112545,0.00292085)
(-0.00416351,0.00728503)
(-0.00479223,0.00375908)
(0.000977367,0.00525539)
(-0.00164671,0.00224231)
(0.000795251,0.00289839)
(-0.00586604,0.00034431)
(0.00440167,0.00296067)
(-0.0072044,-2.64855e-05)
(-0.00374207,0.0073424)
(-0.0107911,-0.000218015)
(-0.00454259,0.00338179)
(-0.0106917,-0.000482127)
(-0.00306778,0.00390527)
(-0.00961409,0.00364641)
(0.00272167,0.00238663)
(-0.00761727,0.00229324)
(0.00100853,0.00353882)
(-0.00499373,0.00180164)
(-0.00540498,0.00619174)
(-0.00258888,0.00148989)
(-0.00315455,0.00202169)
(0.000240722,0.00278394)
(0.000594519,0.00224011)
(-0.000704708,0.00348793)
(-0.000253725,0.00102155)
(-8.61006e-05,0.00611901)
(0.000903295,0.00150739)
(-0.002077,0.00110167)
(0.000581805,0.003786)
(-0.00601574,0.00198613)
(0.000213456,0.00433058)
(-0.00352638,-0.00182423)
(0.000777147,0.00551656)
(-0.00209548,-0.00169847)
(5.21964e-06,2.23828e-05)
(0.000131372,-0.00263832)
(-0.00360892,-0.00308575)
(-0.00314725,-0.00169702)
(-0.00215272,-0.00119053)
(0.00165301,0.00244771)
(-0.00326242,0.00218017)
(0.0040229,0.000600643)
(0.0026169,0.00232842)
(-0.000578409,-0.00388824)
(-0.00201666,0.00200886)
(0.00299548,0.00303646)
(-0.000791181,-0.00237695)
(0.00366819,-0.00102887)
(0.000335605,-0.0110071)
(0.00407607,-0.0041919)
(0.000937453,-0.00346721)
(0.000526114,-0.00378299)
(0.00190586,-0.00409592)
(0.000780999,-0.00341993)
(0.00132721,0.0026736)
(-0.00162317,0.00261255)
(0.000144158,0.00252731)
(-0.00408125,0.000258519)
(-0.00168578,0.000612594)
(-0.00102244,0.00165871)
(-0.000419033,0.00286958)
(0.00351575,0.00376377)
(0.00148826,0.00446718)
(0.000227283,-0.00131585)
(-0.00398239,0.00164953)
(0.00202039,0.00238706)
(-0.000298446,-0.00258988)
(0.00376294,0.00340359)
(0.00645505,-0.00118189)
(0.00677668,-0.00634783)
(0.00248098,-0.0026022)
(0.00497555,0.00226704)
(0.0042964,0.00344151)
(0.00347591,0.00199223)
(-0.000293195,0.00212723)
(0.00379006,-0.00342122)
(-0.00193515,0.00265104)
(-0.00489787,0.00132803)
(-0.0054079,-0.00279692)
(0.00112476,-0.00293005)
(-0.00284315,-0.00356521)
(-0.00297668,-0.00134637)
(-0.00223563,0.00430706)
(0.00444718,-0.0015168)
(0.00368031,0.000604685)
(0.00152536,0.000228816)
(0.00439309,-7.83541e-05)
(0.00521789,-0.00312849)
(0.00298101,-0.00338759)
(2.99465e-05,-0.000464263)
(0.000346076,0.00231571)
(0.00282769,0.00178429)
(0.00315039,0.00266806)
(0.00461714,0.0033513)
(-0.00205448,-0.000256186)
(0.00235131,0.00476095)
(-0.00364931,0.000170634)
(-0.000235578,0.00537021)
(-0.00251401,-0.000213839)
(-0.00638326,0.00203022)
(-0.00108793,-0.000128387)
(-0.00019599,0.00238402)
(-0.00021724,-0.000317767)
(0.00155514,-0.00500301)
(0.00549638,0.00493528)
(0.00361795,-0.00494676)
(0.00334002,0.00147154)
(0.00107143,0.00270838)
(-0.00126289,0.00485908)
(0.00176571,0.000210979)
(0.00821909,-0.000260358)
(0.00398786,0.00698732)
(0.00339364,-0.000588842)
(0.00161125,0.00488987)
(0.00531676,0.00560939)
(0.00820663,-0.000853567)
(-0.00227859,0.00863202)
(0.00765554,0.00302421)
(-0.00313812,-0.000182233)
(-0.00346759,0.00793978)
(-0.0019636,-5.1462e-06)
(0.00182216,0.00416409)
(-0.000705742,0.00213417)
(0.00280204,-0.00510032)
(0.00210533,0.00505985)
(0.00061969,0.00189536)
(0.00431157,0.00679503)
(-0.000772097,0.00279543)
(-0.000710362,0.00870633)
(0.00175138,0.000906483)
(0.00124392,-0.00137639)
(-3.26591e-05,0.00941166)
(0.00319192,-0.000104693)
(0.00570535,0.0112727)
(0.00763806,-0.002615)
(0.000774091,0.00461441)
(-0.00325233,0.00283665)
(0.00181907,0.00165475)
(-0.00110637,0.00551454)
(0.00471555,0.00420186)
(0.000947367,-0.00157272)
(-0.000971776,0.00459203)
(0.000153839,0.00311952)
(0.00208815,0.00357432)
(-0.000339639,0.00544873)
(-0.00390588,0.00222026)
(0.00155146,0.00955056)
(-0.00276212,0.00257158)
(-0.00551113,0.00981301)
(0.000229256,-0.000393963)
(-0.00109418,0.00372404)
(-0.000631377,0.00764307)
(-0.00260534,0.000764756)
(-0.00188196,0.0125098)
(-0.00178298,0.00132813)
(-0.00162087,0.00594199)
(-0.00340781,-0.00208725)
(-0.0016881,0.00200234)
(-0.0096922,0.00118782)
(0.00231385,0.00217502)
(0.000497256,0.00301227)
(-0.00223383,0.00269423)
(-0.00114595,0.00335054)
(-0.000484874,-0.0026608)
(-0.00109664,0.00759566)
(-0.00192299,0.00399949)
(-0.00183684,0.00356559)
(-0.00712428,0.000894478)
(0.00137447,0.00461407)
(-0.00282676,0.00146137)
(0.00211804,0.00602646)
(-0.00438484,0.00754793)
(-1.81902e-06,0.00238153)
(-0.00480158,0.0139456)
(0.000446048,-0.00230409)
(-0.00692089,0.000451191)
(-0.00687466,-0.00196235)
(-0.00366441,0.00698451)
(-0.00399137,0.00461865)
(-0.00255725,0.00326389)
(-0.00257631,0.00242149)
(-0.00198279,0.00200542)
(0.000568787,0.00825016)
(-0.00309532,0.00208871)
(-0.00237857,0.00432252)
(-0.00766622,-0.00154934)
(0.00163959,0.00188045)
(-0.00811838,0.0024269)
(0.00203022,0.00226963)
(-0.00719755,-0.000415173)
(0.00280323,0.00288804)
(-0.0083144,0.00621699)
(0.00235109,0.00498014)
(-0.008183,0.00576676)
(-0.000778313,0.00323409)
(-0.00987697,0.000846632)
(0.000483006,0.000334339)
(-0.008173,-0.000921372)
(-0.00390041,0.000817434)
(-0.00512565,0.00391455)
(0.000593493,0.00593224)
(-0.00271679,0.0019423)
(-0.00102855,-2.71769e-05)
(-8.67335e-05,-0.00425261)
(-0.00233786,0.00389654)
(-0.00158561,-0.000764975)
(0.000287295,-0.000828016)
(-0.00821007,0.000549875)
(0.000929524,0.00304945)
(-0.010858,-0.000541439)
(-0.00740238,0.00232565)
(-0.00817499,0.00389771)
(-0.00153643,0.00803423)
(-0.00560304,0.00159587)
(-0.00138291,0.00511602)
(-0.00980874,0.00383643)
(-0.000999324,-0.0025873)
(-0.00862924,0.000490572)
(-0.005229,-0.00133649)
(-0.0020691,0.00483999)
(0.000332476,0.00246411)
(0.00266451,0.00690676)
(-0.000825791,0.00153848)
(0.000563934,0.000876932)
(-0.000723648,-0.00517598)
(0.00141155,-0.0011989)
(0.00341942,8.97367e-05)
(-0.00214612,0.00516191)
(-0.00119541,0.000613435)
(-0.00811502,0.00347594)
(-0.00416474,0.00501892)
(-0.00319357,0.00504797)
(-0.00406466,0.00685839)
(-0.000433559,0.00135707)
(-0.00654979,-0.000261319)
(-0.00156805,-0.00203118)
(-0.00155048,-0.00303214)
(0.00153512,0.000323125)
(-0.00306822,-0.00252123)
(0.000606049,0.00296736)
(-0.00289038,-0.00401023)
(0.0020023,0.000512526)
(-0.000974801,0.00291951)
(-0.00340522,-6.76949e-05)
(-0.000279708,-1.77424e-05)
(-0.00260351,0.00218479)
(-0.00119016,-0.00555546)
(0.00461012,0.000756079)
(0.00167887,-0.00416775)
(0.00277846,-0.00108649)
(-3.08318e-05,-0.00837406)
(0.00223347,-0.00428224)
(0.00127821,-0.00417868)
(0.00173674,-0.0027873)
(-0.000453671,0.00233404)
(-0.00218727,-0.00223867)
(-0.000272787,0.00372338)
(0.00222075,0.00370319)
(-0.00079623,0.00566497)
(0.00296061,-0.00112416)
(-0.00624883,0.000547118)
(0.000141146,-0.000268029)
(-0.00400999,0.0044973)
(0.00132021,0.00299131)
(-0.000863859,0.000945836)
(-0.00106107,0.000314305)
(-0.00277806,-0.00273813)
(-0.00086236,0.00185367)
(0.00260055,-0.0057467)
(0.00343681,-0.00438835)
(0.000911845,-0.00187275)
(0.00338546,-0.00358765)
(0.00359452,-0.0011754)
(0.00364882,-0.000792979)
(-0.0020456,-0.000781462)
(0.00123131,-0.00182781)
(-0.00124066,0.00606087)
(0.000900195,0.000215397)
(-0.0023181,0.00262394)
(-0.00325756,0.00210522)
(-0.00161424,-0.000553107)
(0.000365202,-0.0015315)
(-0.0014932,0.00120008)
(0.00112242,-0.000147645)
(-0.00300083,0.00199679)
(0.000846814,-0.00103236)
(0.00362175,-0.000970241)
(0.00346863,0.00187474)
(0.00372259,0.000683277)
(0.00300967,-0.00335812)
(0.00409288,-0.00278881)
(0.00361538,-0.00187062)
(-0.000514127,-0.00711613)
(0.00333861,-0.000460548)
(-0.00344004,-0.00108757)
(0.00582195,-0.0037817)
(-0.00430795,-0.00300219)
(0.00266955,0.00125221)
(-0.00423147,0.00138762)
(0.00265211,-0.00141071)
(-0.00458366,0.00133853)
(0.000331617,0.000124477)
(-0.00209901,0.00047222)
(0.00129053,-0.00467301)
(4.06423e-05,0.00115968)
(-0.00143183,-0.00119931)
(0.00356697,0.00402408)
(0.00132497,0.00095809)
(-0.000798892,0.00241995)
(0.000952478,0.000819608)
(-0.000467111,0.00170189)
(0.00311731,-0.000607183)
(0.00172103,0.00207283)
(0.00171153,-0.00289348)
(0.000835679,-0.00177968)
(0.00527077,0.00159683)
(-0.00205983,0.00120729)
(0.000649958,-0.000613589)
(-0.00543237,0.00208725)
(0.00725401,0.000611284)
(-0.000526129,-0.0037591)
(0.00285862,0.00310516)
(-0.00174715,0.0019572)
(0.000169612,-0.00771319)
(0.000467656,0.00798116)
(-0.0011561,-0.00134395)
(-0.00134234,0.0024204)
(0.00657011,0.00184953)
(0.00225851,0.00347244)
(0.00526779,-0.0042189)
(0.000844535,0.00487372)
(0.00387797,0.00242087)
(0.00285315,0.00116497)
(0.00545165,0.00444392)
(-0.00177583,0.00581758)
(0.00354422,0.00133844)
(-0.00126619,0.00377248)
(0.00708313,0.000872238)
(-0.00466241,-0.00034817)
(0.0033219,0.00185346)
(0.00204103,-0.000191743)
(0.00107146,0.00101042)
(-0.000178114,0.0029221)
(0.00360567,-0.0026245)
(-0.00151552,0.00592745)
(0.0015839,0.00313129)
(-0.000482662,0.0100785)
(0.00224102,-0.00170105)
(0.00103274,0.00453272)
(0.00390064,-0.00117205)
(-0.00256036,0.00295028)
(0.00620173,-0.00138261)
(-0.00247366,0.00396086)
(0.000513231,0.0011675)
(0.00134824,0.00135019)
(0.00126488,0.00105383)
(-0.00688448,0.000277155)
(0.00122838,-0.00231928)
(-5.37892e-05,0.00390186)
(0.00139378,0.00161853)
(-0.000416264,-0.000779563)
(-0.000731239,0.0004907)
(-0.00136395,0.00254097)
(-0.000490496,0.00169167)
(0.00278772,0.00413635)
(-0.0033587,0.00033135)
(0.0010435,0.00059171)
(0.00177324,0.00440709)
(0.00172885,0.00325901)
(0.000784235,0.000988587)
(0.00246701,0.00536382)
(-0.00125839,0.00384958)
(0.0013901,0.00328086)
(0.000545809,0.000490506)
(0.00153048,0.00425918)
(-0.00469144,0.00169684)
(-0.00301984,-0.00139137)
(-0.000245871,6.73049e-05)
(-0.00530093,0.00275699)
(0.00147246,0.000447255)
(-0.00412423,0.00381472)
(-0.00173072,0.00256983)
(-0.00434051,0.00359565)
(-0.0032361,0.000713911)
(-0.00705765,0.00566813)
(-0.00117798,0.000732297)
(-0.000398427,0.00279644)
(-0.00147843,0.00118359)
(0.00050595,0.0011093)
(-0.0018507,0.00165141)
(0.00179534,0.00516016)
(-0.00288506,0.00390161)
(0.00213073,0.00435905)
(-0.00196754,0.00338989)
(0.0015234,0.00839974)
(-0.00358281,-0.00332857)
(0.000380454,-0.00159595)
(-0.00678392,-0.00206361)
(0.00100848,0.0025835)
(-0.00456608,-0.00037082)
(-0.00310404,0.00204763)
(-0.00232127,0.0016026)
(-0.00482346,-0.00040129)
(8.85959e-05,-0.00226006)
(-0.00605365,0.000339478)
(0.000627469,-2.70007e-05)
(-0.0026235,0.00139456)
(0.000195613,5.83237e-06)
(-0.00240307,0.000246847)
(-0.00595202,0.00385933)
(-0.00326635,0.00489275)
(-0.000786485,0.0023885)
(-0.000439949,0.0088413)
(-0.00226365,0.00309442)
(0.00112891,0.00343556)
(-0.00231083,-0.00398223)
(-0.00209149,0.000336323)
(-0.000328787,-0.00117963)
(-0.00234628,-0.000214898)
(-0.00113012,0.00233753)
(-0.00308148,-0.000667468)
(-0.00124137,0.00350275)
(-0.00235005,0.00347608)
(0.00124674,-0.000893877)
(-0.00388138,-0.00173473)
(0.00340737,0.000897504)
(-0.00445526,0.000869964)
(-0.000697232,0.0052329)
(-0.000999445,0.00692094)
(-0.000186299,0.0028223)
(-0.00580965,0.00276965)
(0.000641024,0.00255128)
(-0.00439089,0.00508549)
(0.000578605,-0.00164749)
(-0.00415011,0.000269026)
(0.0012577,-8.34224e-05)
(-0.00174105,-0.00338621)
(0.00243427,-0.00313117)
(0.000225923,-0.00300021)
(0.00304168,0.00373993)
(-0.00186403,-0.000572324)
(-5.53412e-05,0.00350273)
