(-0.00668079,0.00178341)
(-0.000957563,-0.000130606)
(0.00653151,0.00498283)
(0.00315074,0.0069915)
(0.00517501,-0.0110324)
(-0.00938094,-0.00464034)
(0.00710956,0.00933045)
(-0.00281292,-0.011355)
(0.00159515,-0.00608453)
(0.00152783,-0.0106173)
(-0.00371759,0.00254403)
(0.00397024,-0.00195996)
(0.00594932,-0.00523475)
(0.00928424,0.00806874)
(0.00778757,-0.00463502)
(0.00575669,0.0172929)
(-0.00254794,0.0018588)
(0.00150753,0.0130916)
(-0.00577769,-0.01316)
(0.0142696,0.00306278)
(-0.0119632,0.0184933)
(0.0082412,0.00123325)
(-0.00820556,0.00298857)
(0.00495839,-0.00672112)
(0.00094566,0.00854032)
(0.00136089,-0.00981853)
(0.00465595,0.0119625)
(-0.00943834,-0.011477)
(-0.0105514,0.0195806)
(0.00411134,-0.00529728)
(-0.0103135,-0.00735822)
(0.00942375,-0.00986206)
(-0.0135948,0.00269119)
(0.00747167,0.00216594)
(-0.00606492,0.00478564)
(0.0175862,0.00544014)
(-0.00453842,-0.000744015)
(0.00876677,-0.00610499)
(-0.00166586,-0.0064804)
(-0.000469406,-0.00800517)
(-0.0142191,0.00958061)
(0.010525,-0.0034681)
(-0.00345264,0.00254457)
(0.00597553,-0.0012557)
(0.00688766,0.00718593)
(0.000763398,0.00348989)
(0.00481455,0.0222319)
(-0.0145505,0.00815345)
(-0.0160507,0.00698002)
(-0.000228304,0.00248352)
(-0.0149101,0.00623389)
(0.00514683,0.00838248)
(-0.00833857,0.002836)
(0.00414696,0.00837059)
(-0.0102854,-0.00490809)
(-0.00325955,-0.00654418)
(-0.0121966,0.00954932)
(0.00364673,-0.0160712)
(-0.00239981,0.00210369)
(-0.00500903,-0.0179846)
(-0.00141293,-9.1181e-05)
(-0.00643699,-0.00343194)
(-0.010893,-0.000175348)
(0.00448238,0.00661619)
(-0.00161665,0.00660231)
(0.00378951,0.0214387)
(0.0046974,0.0072702)
(-0.00170781,0.00868265)
(0.00307915,-0.00544955)
(0.00732314,0.00640098)
(-0.00108647,-0.0077776)
(0.00290541,0.000508636)
(-0.000371235,0.00340071)
(-0.00367644,0.0095165)
(-0.00104654,0.00131612)
(0.00358061,-0.00365121)
(-0.00709397,-0.0063349)
(-0.00465752,-0.0236837)
(-0.00397663,0.00416721)
(-0.0143967,-0.0203237)
(-0.00500459,-0.00686053)
(-0.01344,0.00122881)
(-0.0126638,-0.00394866)
(0.00170452,0.0160326)
(-0.00583531,0.00257752)
(0.00548161,0.0217913)
(-0.00308194,0.00957707)
(0.0109785,0.0172808)
(0.00700423,3.20741e-05)
(0.0151272,0.0137547)
(0.0175378,-0.00287135)
(0.00480143,0.00150418)
(0.00906638,0.000443853)
(-0.00486526,-0.00836613)
(0.00504744,-0.00281424)
(-0.000606395,-0.000832714)
(0.0111655,0.00333598)
(-0.00644181,-0.0181086)
(-0.00118756,-0.00410511)
(-0.0038709,-0.0182408)
(-0.0011023,-0.0124291)
(-0.0166242,-0.0028007)
(-0.00445359,-0.00927225)
(-0.00157532,0.00422682)
(0.000634454,0.00127015)
(0.0086172,0.0203926)
(-0.00184302,-0.000651568)
(0.0112746,0.0100689)
(-0.0156266,0.000148636)
(0.020714,0.0126298)
(0.00774254,-0.00134661)
(0.00854758,-0.00486893)
(0.00728883,0.0135515)
(0.00967599,0.0129913)
(0.0116399,0.00330605)
(0.0173742,0.00437094)
(0.0182174,0.00924311)
(-0.000216257,-0.00103165)
(0.0134756,-0.00386112)
(-0.00304373,-0.00877806)
(0.00452159,-0.0079341)
(0.000653429,-0.00703725)
(0.0138598,-0.000287063)
(0.00743588,0.00191694)
(0.0078844,0.00626477)
(0.0138558,0.00251133)
(0.00334266,0.00737412)
(0.0239504,0.0112255)
(-0.0132385,0.00281733)
(0.0112743,-0.00488744)
(0.00782092,0.00684521)
(0.00789029,-0.000364832)
(0.0135059,0.0104564)
(0.00710482,0.00398305)
(0.0104605,0.0177867)
(0.0126401,0.00864574)
(0.0188455,0.011639)
(-0.00790638,-0.000148776)
(0.00916015,0.00382368)
(-0.0083703,0.00196394)
(-0.00444205,6.22624e-05)
(-0.0101028,-0.0142223)
(0.00698065,-0.000290126)
(-0.00622858,0.00316045)
(0.0049354,0.0158886)
(0.00488464,-0.00289491)
(-0.00201763,0.0103757)
(0.017961,-0.00315152)
(-0.00320466,-0.000160747)
(0.0144623,-0.018266)
(0.0126692,0.00244686)
(0.0137282,-0.00936847)
(0.0144489,0.00730271)
(0.01306,0.00931659)
(0.0155545,0.0171287)
(0.00214259,0.00918186)
(0.0233033,0.0165425)
(-0.00502709,0.018659)
(0.0102956,-0.000206758)
(-0.014216,0.00440025)
(-0.00177094,-0.00604798)
(-0.0252781,-0.0111902)
(-0.0148472,0.00122913)
(-0.0187608,-0.00651056)
(-0.0152461,0.0232524)
(-0.00712521,-0.00783333)
(-0.00164595,0.0196888)
(0.00641815,-0.00971566)
(0.00553032,0.0183768)
(0.0076328,-0.0113242)
(0.0182668,0.00308257)
(0.00721845,-0.00596637)
(0.0154437,0.00939512)
(0.003196,0.00707619)
(0.0135789,0.00545111)
(-0.00371005,0.0101653)
(0.0221253,0.00963905)
(-0.00306149,0.0145542)
(0.0181505,-0.00083568)
(-0.0080655,0.0116643)
(-0.00497397,-0.011503)
(-0.0129577,-5.03215e-05)
(-0.00874203,0.00844033)
(-0.0113724,0.00968841)
(-0.00131471,0.0167577)
(0.00645525,-0.00130493)
(0.0102844,0.0195054)
(0.0107817,-0.00769694)
(0.0144343,0.0144861)
(0.0125671,-0.0145722)
(0.00825507,0.0101933)
(0.00200775,0.000334834)
(0.00430782,0.00580337)
(0.00666478,0.0041958)
(-0.00193765,0.0112014)
(-0.00276318,0.0060343)
(0.0100118,0.0169784)
(-0.000727867,0.0176421)
(0.0115004,-0.000304461)
(-0.00331443,0.00693749)
(-0.00730297,0.0117067)
(-0.0100509,0.00201706)
(-0.00331433,-0.00774099)
(-0.0202957,-0.00612431)
(-0.00849836,-0.00704545)
(-0.0167136,-0.00747878)
(0.00225665,-0.000385628)
(0.00581147,-0.0135627)
(-0.00674785,0.00262455)
(0.00930366,-0.00904393)
(0.0025623,-0.0158526)
(0.0199597,-0.0071571)
(8.51556e-05,-0.00279558)
(0.0120127,0.00582957)
(0.00970128,-0.00301216)
(0.0141404,0.00331675)
(0.00542018,0.00358832)
(-0.00988121,0.00669341)
(0.0047597,-0.00534013)
(-0.0113115,0.00177624)
(-0.0120117,0.00627497)
(-0.00808427,0.00424245)
(-0.0100782,0.0034891)
(-0.00211864,-0.0109634)
(-0.00792175,0.0112314)
(-0.00979817,-0.0167909)
(-0.00458108,0.0189607)
(-0.0118149,-0.00793441)
(0.000595391,0.0134962)
(0.00555993,-0.0083785)
(-0.0125906,-0.00722854)
(0.0170995,-0.00228418)
(-0.00709605,-0.00767511)
(0.0230618,0.00111716)
(0.00111252,0.00674975)
(0.0181342,0.00398255)
(0.00271984,0.00690412)
(0.00113115,-0.000623594)
(0.000159223,-0.00176789)
(-0.0125935,0.00356251)
(-0.00718836,0.00612857)
(-0.00785802,-0.00580444)
(-0.0164084,0.00419031)
(0.00294681,-0.000989966)
(-0.00302013,0.0013672)
(-0.0164138,-0.00380184)
(0.00646031,0.0147998)
(-0.0193369,-0.00930944)
(-0.00531762,0.00319789)
(-0.00436567,-0.00886163)
(-0.00683674,0.00158877)
(0.0015623,-0.0050484)
(-0.0106395,0.0101312)
(-0.0030307,0.00562986)
(-0.00704837,0.00711348)
(0.0109244,-0.00465394)
(-0.00211481,0.00207251)
(-0.0111249,-0.0292984)
(-0.0034058,0.00492667)
(-0.012627,-0.0187578)
(-0.00580312,0.00658556)
(-0.000896615,0.00109992)
(-0.00745826,-0.011086)
(-0.00562238,0.0119689)
(0.0097599,0.0029828)
(-0.0157327,0.0107798)
(0.0166583,-0.00425853)
(-0.014992,0.0030647)
(0.0155351,-0.0157547)
(0.00153494,-0.00394161)
(0.0239649,0.00121537)
(-0.00516319,-0.00149363)
(0.0135608,0.0104931)
(-0.009038,0.00805955)
(-0.00422318,-0.000483122)
(0.00655739,-0.00567148)
(-0.00589768,-0.00241815)
(-0.00239635,-0.0353719)
(0.00265942,-0.000869349)
(-0.00331265,-0.0173614)
(0.00155686,-0.00900703)
(-0.0070222,-0.00152476)
(0.00238525,-0.0077549)
(0.00258871,0.010659)
(0.0103958,0.00361207)
(-0.000585933,0.0233887)
(0.0138229,-0.00722326)
(0.0139562,0.0142266)
(0.0194183,-0.0130615)
(0.00405307,0.0118539)
(0.0428559,-0.00475024)
(-0.0198216,0.0065235)
(0.0342686,-0.00359502)
(-0.0154945,0.0164509)
(0.0130644,0.00318889)
(-0.00337336,-0.00265556)
(-0.000311986,-0.00640525)
(-0.00085418,-0.0210771)
(0.00461485,-0.00832917)
(-0.000220241,-0.00691364)
(-0.00124815,-0.00371548)
(0.00339377,-0.0117764)
(0.00288258,-0.000694386)
(0.00839492,0.00937071)
(0.000466573,-0.0194717)
(0.016434,0.0101346)
(-0.032038,-0.0114743)
(0.00764756,0.00836119)
(-0.02307,-0.0204416)
(0.006326,0.00265494)
(0.0103721,-0.00596473)
(0.00266902,0.00324391)
(0.0153885,-0.00662481)
(-0.0112138,0.0041747)
(0.00862296,0.0146721)
(0.00241712,0.00269292)
(0.0235509,0.00209508)
(-0.00571561,-0.0129059)
(0.0115815,-0.0142453)
(-0.00403994,0.00227137)
(0.0166817,-0.00975809)
(0.00349262,-0.00800137)
(0.00781244,-0.01143)
(0.0110367,-0.00250931)
(0.00615329,-0.0103673)
(0.0226631,-0.00143073)
(-0.0118694,-0.012019)
(0.0220886,0.00502722)
(-0.0255491,-0.0090506)
(-0.00625472,-0.00839683)
(0.0043589,-0.00401373)
(-0.013217,0.00518292)
(0.0129965,0.0208022)
(-0.00776801,0.0210099)
(0.0198008,0.0246425)
(-0.00828293,0.00173592)
(0.0182461,0.0133285)
(-0.0145878,0.00326629)
(0.0225751,-0.010758)
(-0.0113661,0.00530123)
(0.0133246,-0.00999598)
(-0.0193626,0.000259343)
(0.000254247,9.94445e-05)
(-0.00327924,0.012697)
(-0.00504463,0.00377488)
(0.0118495,0.00305051)
(-0.00324777,0.0115764)
(0.0119199,-0.0160155)
(-0.00223371,-0.00951786)
(0.00843284,-0.0225814)
(0.0129105,-0.000451892)
(-0.000158355,-0.0113913)
(0.0276757,0.00935541)
(0.00613323,0.00191282)
(0.0301659,0.0137369)
(0.00154575,0.00867341)
(0.0282304,0.0174996)
(0.00287271,0.0125892)
(0.0150241,-0.00277252)
(-0.00365368,0.0182645)
(-0.00599903,-0.0152089)
(-0.0316373,0.000629823)
(-0.00397111,0.0134725)
(-0.030824,0.0118382)
(-0.0151278,0.0324535)
(-0.00537917,0.00859679)
(0.0055666,0.0198849)
(0.015259,-0.0111624)
(0.00923908,0.0173287)
(0.0077145,-0.0244561)
(0.0236318,0.000277864)
(0.0139014,-0.0255116)
(0.0166083,-5.37304e-05)
(0.00663619,-0.0166741)
(0.0191417,0.00753598)
(-0.000301624,0.00881333)
(0.0195666,0.00738185)
(0.00369677,0.0114079)
(0.00673973,-0.00397471)
(0.0041824,0.011116)
(-0.00617697,-0.00625946)
(-0.032446,0.00330201)
(-0.00618542,-0.00181888)
(-0.00975762,0.00986574)
(5.30366e-05,0.0253501)
(-0.00667062,0.00542557)
(0.0118583,0.0256746)
(0.00562444,-0.012224)
(0.0246869,0.00953951)
(0.0199504,-0.00794756)
(0.023929,0.00290123)
(0.00763048,-0.0135091)
(0.0110915,0.00719095)
(0.00575326,-0.0123496)
(-0.00236646,0.00169182)
(0.00745458,-0.00202498)
(0.00793476,0.00540183)
(0.0117542,0.00328623)
(0.010719,-0.00084301)
(-0.00286877,0.0128203)
(-0.00498132,0.000943267)
(-0.00266836,0.0107258)
(-0.0144933,-0.00303065)
(-0.0150218,0.00864328)
(-0.0086836,-0.00713094)
(-0.00288845,0.00870422)
(-0.00687573,-0.00581792)
(0.00603165,0.00827363)
(0.00804124,-0.00588515)
(0.0123708,0.00319048)
(-0.00610231,-0.0147753)
(0.0155046,-0.00178465)
(0.00797577,-0.00927595)
(0.0186208,0.000480562)
(0.0152628,0.0115858)
(0.0117141,-0.00172028)
(0.00407698,-2.61472e-06)
(-0.0129749,-0.00635504)
(0.00113453,-0.00743512)
(-0.0147631,0.00767977)
(-0.00780092,-0.0070593)
(-0.00178068,0.00394216)
(-0.0161058,-0.00378241)
(-0.00732667,-0.0105251)
(-0.0155719,0.000905918)
(-0.00553734,-0.00983135)
(-0.00338437,0.00986125)
(-0.000357999,-0.0169779)
(0.00204944,-0.000309681)
(0.0142137,-0.00843172)
(0.015473,-0.00978798)
(0.0157607,-0.0180082)
(0.00411087,-0.00423238)
(0.0196321,0.00540317)
(0.0182047,0.0086825)
(0.020315,-0.000746794)
(0.013226,0.00999392)
(-0.0080747,-0.015167)
(0.0111623,0.00418311)
(-0.0270892,-0.0010694)
(-0.00362162,0.00357561)
(0.00168386,0.00233746)
(-0.00737286,-9.77085e-05)
(0.00684806,-0.0190013)
(-0.00386021,0.0116224)
(0.00349708,-0.0197394)
(0.0076521,0.00393795)
(-0.000522575,-0.0401486)
(0.0227838,0.00899173)
(-0.00153073,-0.0254012)
(0.021875,0.0196889)
(0.0134094,-0.0277134)
(0.0135144,0.00159636)
(0.0027914,-0.012159)
(0.0076104,0.00936618)
(0.00706164,-0.0124684)
(0.0167763,0.0144808)
(0.00101535,-0.018818)
(0.00871235,0.00296315)
(-0.0193012,-0.0148449)
(-0.000881258,-0.0117564)
(0.000529532,-0.00152437)
(0.00452694,-0.00573587)
(0.00395873,-0.0130303)
(0.035561,-0.00225696)
(-0.0125032,-0.0227284)
(0.0435505,-0.00995258)
(-0.0146768,-0.0345178)
(0.056467,-0.0227706)
(0.0121888,-0.0178124)
(0.0822495,0.0153649)
(-0.0243289,-0.01524)
(0.0483153,-0.00708798)
(-0.00959329,-0.00530919)
(0.00324694,-0.000113015)
(0.0043552,-0.00101516)
(-0.00484217,0.0140956)
(0.000483369,-0.0217209)
(0.00701699,-0.000295886)
(-0.0126885,-0.0165131)
(0.0130632,-0.00301995)
(0.00419573,-0.0151858)
(0.0124459,-0.00303316)
(-0.00551987,-0.00791931)
(0.0342922,0.0103533)
(0.012217,-0.0159803)
(0.00485821,-0.0125775)
(0.0180858,-0.0092038)
(0.0297331,-0.0288943)
(0.0124464,0.00653893)
(0.0661449,-0.0238736)
(-0.019916,-0.00999847)
(0.0571154,-0.0309998)
(-0.0251311,0.0155199)
(0.0148288,-0.0198331)
(-0.0104451,0.00290481)
(4.59059e-05,0.00385334)
(-0.00210327,-0.0159643)
(-0.00561475,-0.00757034)
(-0.00395542,-0.0119701)
(0.0136781,-0.00525886)
(-0.00332411,-0.0117616)
(0.00843626,-0.00437814)
(0.0105074,-0.0291552)
(-0.0179162,0.00239458)
(-0.00571325,-0.0338388)
(-0.0404997,-0.00617261)
(-0.00954803,-0.029723)
(0.0105997,-0.0456659)
(-0.0324545,0.0145827)
(0.0153371,-0.0011307)
(0.0096369,-0.0217684)
(0.0305136,-0.0182653)
(0.00446551,0.0259298)
(0.00851771,-0.0136032)
(-0.00972893,-0.00115575)
(0.00233706,0.0096618)
(-0.0120749,-0.00913852)
(0.000350721,-0.00754791)
(-0.0111037,-0.00763452)
(0.0203323,-0.00977163)
(-0.00197716,-0.0211319)
(0.00910884,-0.00608706)
(0.0124764,-0.0284535)
(-0.0112143,-0.00810065)
(0.0257982,-0.0200855)
(-0.049135,-0.00785852)
(-0.0170396,-0.0194536)
(-0.0470815,-0.033221)
(-0.03538,0.0152012)
(-0.0399796,-0.0148116)
(-0.0126046,0.0209755)
(-0.00975187,-0.0230329)
(-0.0188952,0.031462)
(-0.00221233,0.00237362)
(-0.0210361,0.0104414)
(0.00555252,0.00917413)
(-0.019359,0.00364752)
(0.000929897,-0.013303)
(-0.0173267,0.00454373)
(0.0160734,0.00130222)
(-0.018143,-0.00142555)
(0.0152922,0.000471173)
(-0.00840042,-0.00456083)
(-0.0163148,0.00802201)
(0.011243,-0.0189919)
(-0.0201173,-0.00629554)
(0.0119805,0.000155074)
(-0.0219005,-0.028857)
(-0.0154756,-0.00462255)
(-0.00150952,-0.0256682)
(-0.00462371,0.0171131)
(0.00640725,-0.00830097)
(-0.00534219,0.0196534)
(0.0257451,0.0148656)
(-0.00963971,-0.00280728)
(0.0057228,0.0119159)
(-0.00846157,0.0157863)
(-0.000136972,-0.00969655)
(4.05276e-06,0.00455543)
(0.0115556,-0.00408172)
(-0.0315583,-0.00650347)
(0.00774426,0.0178725)
(-0.017117,0.000670572)
(-0.00345688,0.0154726)
(-0.00123655,-0.00553808)
(-0.00728903,0.020888)
(0.0178272,-0.0181282)
(0.0278247,-0.000190616)
(0.0153195,-0.0144641)
(0.0193425,-0.00845913)
(0.0124833,-0.0171654)
(0.0332123,0.00925329)
(0.0111366,-0.0179687)
(0.0292831,0.00739782)
(0.000480758,-0.00158049)
(0.0128606,0.000725072)
(0.00161048,0.00354689)
(0.00933817,-0.00375882)
(0.00716816,0.00813995)
(0.0057531,-0.0148725)
(-0.0174727,-0.00554616)
(0.00467826,0.00168778)
(-0.00369896,0.00773896)
(-0.00446659,0.0136313)
(0.00679891,0.00305697)
(0.0177342,0.00871811)
(0.0242004,-0.00645087)
(0.0235434,0.0109067)
(0.020197,-0.0158542)
(0.0339887,-0.000399959)
(0.0192366,-0.0189839)
(0.0187739,0.000337827)
(0.0165142,-0.0248581)
(0.00703691,0.00161916)
(0.00532618,-0.0154052)
(0.017601,0.00178639)
(0.0059335,-0.000501975)
(0.00984808,-0.0028876)
(0.00950345,-0.000887203)
(-0.00866791,0.00786669)
(0.00652202,-0.00122956)
(-0.00114686,-0.00437263)
(-0.00247035,-0.00674177)
(0.00292713,-0.0042374)
(-0.00863591,0.00897253)
(0.0163009,0.00684465)
(0.00192794,0.0198596)
(0.00993816,0.00260058)
(0.0130401,0.00257994)
(0.0156193,0.00590202)
(0.0136287,-0.00846071)
(0.00307382,-0.00178472)
(0.0114485,-0.00878467)
(0.00487397,0.0124157)
(0.0162963,-0.00991597)
(-0.0101901,0.0187837)
(-0.00502877,-0.0215157)
(-0.012112,0.000968796)
(-0.0134266,-0.0135953)
(-0.00661455,0.00419619)
(0.000953799,-0.00972793)
(-0.0103364,0.00399017)
(0.000813263,-0.0178508)
(-0.0142275,0.00869692)
(-0.00351652,-0.00237093)
(0.00759849,0.00206841)
(0.00695846,-0.00836652)
(0.0163916,0.0108875)
(0.00230004,-0.0175705)
(0.0156754,0.0242935)
(0.00848793,-0.0173747)
(0.0129175,0.0104425)
(0.0135906,0.0014884)
(0.0199985,0.0164579)
(0.0136327,0.00496266)
(-0.000123033,0.00967437)
(-0.00192763,-0.00259149)
(-0.00976181,0.0114123)
(-0.00572258,-0.0109737)
(-0.0170865,0.00162378)
(0.00503998,-0.0178092)
(-0.0192616,0.0150487)
(0.00683919,-0.0298455)
(0.00726131,0.014573)
(-0.00260197,-0.0203286)
(0.007818,-0.00381988)
(-0.0269368,-0.0231657)
(0.00870444,0.0288748)
(0.00383704,-0.0163228)
(0.0257637,0.0706302)
(-0.0241731,-0.0340026)
(0.00516728,0.0202835)
(-0.00076845,0.00639344)
(0.0195325,0.0108694)
(0.0167419,0.0203643)
(0.0243251,0.0214912)
(-0.00599609,0.00204782)
(0.0113312,0.0054756)
(-0.017299,-0.00566077)
(-0.0153299,-0.00235717)
(-5.99847e-05,-0.0164703)
(-0.00509788,-0.00369419)
(-0.00649466,-0.0248933)
(0.031061,0.00494558)
(-0.0141602,-0.0134895)
(0.0220925,-0.0205963)
(0.00422567,-0.0122858)
(0.0269344,-0.0294452)
(0.00944273,-0.0186724)
(0.0359444,0.0277345)
(-0.0483775,-0.00654344)
(0.0161212,0.00213124)
(-0.0365058,0.0205104)
(-0.00159347,-0.0121723)
(-0.0259716,0.0373296)
(0.00129861,0.00925677)
(-0.00537543,0.0154893)
(-0.00534326,0.00746427)
(-0.0253729,0.00270269)
(-0.00492511,-0.0250681)
(-0.00347834,-0.00785144)
(0.00347741,0.000690808)
(0.0103435,-0.0187555)
(0.0184234,0.0221189)
(0.0168319,-0.0239433)
(-0.012298,0.018259)
(0.0620759,-0.0246513)
(-0.0559174,0.0176033)
(0.0760175,0.0486805)
(-0.0714423,-0.00543018)
(-0.0608011,-0.00229181)
(0.0298178,-0.0213572)
(-0.0308809,0.013275)
(-0.0214665,-0.0396056)
(-0.0179154,0.0344892)
(-0.0113967,-0.0102345)
(-0.017395,0.0113012)
(-0.0148401,-0.00451555)
(-0.00783996,-0.00379118)
(0.00674114,-0.00834491)
(0.0124162,-0.0149954)
(-0.0100945,-0.00426757)
(0.00768505,-0.0206089)
(-0.0160728,0.029145)
(0.0120845,-0.0304427)
(0.00888785,-0.00278732)
(-0.0201097,-0.0200335)
(0.0793837,-0.0151852)
(-0.0552073,0.0224009)
(0.00352438,0.0470458)
(0.0728948,-0.0703967)
(-0.00112075,-0.00364671)
(0.013177,0.0440861)
(-0.0130297,-0.0319993)
(-0.0215948,0.0275672)
(-0.0113743,0.00240278)
(-0.0130462,0.00342951)
(-0.00493333,-0.0046666)
(-0.0138504,0.00164842)
(0.0119089,-0.00514714)
(-0.00780295,-0.0128002)
(0.0045598,-0.00235735)
(0.0115746,-0.0200969)
(-0.00537595,0.0260929)
(0.00483542,-0.0170437)
(-0.0346322,0.0182181)
(-0.0444001,-0.000585927)
(-0.0227159,-0.0159533)
(-0.0654933,0.045422)
(-0.032566,0.022875)
(0.0442649,0.0308596)
(-0.0677128,-0.00812911)
(-6.44523e-05,0.0711488)
(-0.0274764,-0.0106017)
(-0.0325977,0.0191688)
(-0.0248299,0.00648707)
(-0.021688,-0.00302369)
(-0.0112794,-0.00480496)
(-0.0164247,0.000743359)
(0.0142496,0.00922703)
(-0.0231265,-0.00865349)
(0.0050677,0.0118381)
(-0.00971892,-0.0116453)
(-0.0151029,0.0141233)
(0.00234135,-0.00152157)
(-0.00624034,0.0139089)
(-0.00721606,0.0205092)
(-0.010378,-0.0229299)
(-0.0451446,0.0407855)
(-0.0373142,-0.0184482)
(0.00437708,0.0425626)
(-0.0274917,-0.019907)
(-0.00482389,0.051383)
(-0.00496699,0.00215364)
(-0.0124304,0.0155906)
(-0.00531062,0.0087119)
(-0.00201684,-0.0016588)
(-0.0135123,-0.0055682)
(-0.00681212,-0.0110707)
(0.0097633,0.00248183)
(-0.0226291,-0.017612)
(0.009618,0.0157026)
(-0.0190522,-0.00674109)
(-0.0157317,0.0221924)
(0.00859447,-0.00302231)
(-0.00783373,0.00982147)
(0.0106818,0.0105619)
(0.0221822,-0.0156632)
(0.00700068,0.0160805)
(0.0161849,-0.0151237)
(0.00595464,0.016698)
(0.0146771,-0.00557477)
(0.00487253,0.0124305)
(0.0259187,0.00921187)
(-0.00438621,0.00176955)
(0.0132194,0.00265277)
(0.00389634,-0.00586174)
(-0.00843629,-0.00949511)
(-0.00108713,-0.0209292)
(0.0105196,-0.00180221)
(-0.0130264,-0.00400398)
(0.0102644,0.0073134)
(0.00223311,-0.0061837)
(-7.76682e-05,0.0201774)
(0.0152733,0.00595087)
(-0.00590524,0.0118088)
(0.0342054,-0.00344557)
(0.0259677,0.0124046)
(0.00536874,-0.00923114)
(0.0184361,-0.000377973)
(0.00517817,-0.0143333)
(0.0255262,8.16791e-05)
(-0.00274037,-0.0199272)
(0.0304406,0.002118)
(0.00687427,-0.00552229)
(0.0156332,-0.0124292)
(-0.00215892,-0.00798247)
(0.0112001,-0.00681541)
(0.00274533,-0.0121942)
(0.0110524,0.00107497)
(0.0115019,-0.00201429)
(0.0155631,0.00102707)
(0.0107681,0.00574224)
(0.0207345,0.0144942)
(-0.00382106,0.0243047)
(0.0189153,0.0122026)
(0.00158354,0.0181971)
(0.00796316,0.00766408)
(0.000287075,0.00682092)
(0.00154709,0.00557714)
(0.00992717,-0.0118048)
(-0.00107593,-0.000752691)
(0.0169829,-0.000953163)
(-0.000765966,0.00728078)
(0.0104179,-0.0144518)
(-0.0171355,0.00421304)
(-0.00184881,-0.0214827)
(-0.0145711,-0.00650799)
(-0.00871867,-0.0175973)
(0.00250479,0.00302036)
(-0.000581385,-0.0148373)
(0.00376675,0.0236481)
(-0.0062891,-0.00176484)
(0.0109861,0.00574936)
(-0.00203802,0.0134653)
(-0.0040013,-0.0022668)
(-0.000897225,0.0163365)
(0.00459661,0.0163182)
(0.00744774,0.00105523)
(-0.0101522,0.0294494)
(0.0022231,-0.00388987)
(0.00200308,0.00101229)
(0.0144957,0.0109019)
(0.0133217,0.00419393)
(0.0216223,0.00611839)
(-0.00601134,0.0138414)
(0.0130848,-0.00627367)
(-0.0147683,-0.000241241)
(-8.77255e-05,-0.0191681)
(-0.00362176,0.0105692)
(-0.00612227,-0.0152145)
(-0.00748856,0.0179022)
(-0.00299171,-0.0109699)
(-0.000791064,-0.0027637)
(-0.013655,0.0244617)
(-0.00914734,-0.0179206)
(-0.0257758,0.026373)
(-0.0254529,0.00776233)
(-0.0020962,0.0083899)
(-0.0152097,0.0530095)
(0.00564467,0.010612)
(-0.0329863,0.00585247)
(-0.00298849,-0.000599239)
(-0.00414152,0.000655353)
(-0.00117091,0.031214)
(0.0200045,-0.000830289)
(0.00759091,0.00278097)
(0.00843681,0.00541042)
(-0.00328407,-0.00545687)
(-0.0176425,-0.0155743)
(-0.00227504,-0.00388284)
(-0.0131875,0.00380971)
(-0.00859779,0.00691903)
(0.0122934,-0.00700076)
(-0.0210258,0.017026)
(0.00569012,-0.0566705)
(-0.00759668,0.0411951)
(-0.036874,-0.106922)
(-0.0027448,-0.0299339)
(-0.000721403,0.0308225)
(0.00737517,0.0165511)
(-0.0406091,0.00384686)
(-0.0224241,0.0081345)
(-0.0571275,-0.0292705)
(-0.0238041,0.0213189)
(-0.0183236,-0.00439717)
(-0.0120125,0.0242472)
(0.00739694,0.00260984)
(-0.00232803,0.00759907)
(-0.011627,-0.00840595)
(-0.00126385,0.00397305)
(-0.0140435,-0.0149174)
(0.00574871,0.0121738)
(0.01232,0.024092)
(0.0182013,0.0206527)
(-0.0321612,0.0137532)
(0.0469569,0.0253413)
(0.0163656,0.0168199)
(-0.0226888,-0.00791563)
(0.000571092,-0.00928441)
(0.00931336,0.0147813)
(0.0360636,0.0358116)
(0.0823927,-0.108993)
(-0.0528106,-0.0137645)
(-0.0196475,-0.00542899)
(-0.0275602,-0.0144918)
(0.00117475,0.00107158)
(-0.013023,-0.00346287)
(0.00259872,-0.00811673)
(-0.00149714,-0.0051569)
(0.0182547,0.0151675)
(-0.00262963,0.0139756)
(0.0234343,0.0254348)
(0.0152746,0.0256434)
(0.00400944,0.0138133)
(0.026481,-0.0569282)
(-0.0521336,-0.0187431)
(-0.0183825,0.00796216)
(0.0225242,0.00535772)
(-0.00441139,-0.0174852)
(-0.0312198,0.0106431)
(0.0188079,-0.00247379)
(0.0336025,0.0195703)
(-0.0312909,-0.0107413)
(-0.0532436,-0.00873621)
(-0.00984451,-0.00278853)
(-0.0164089,0.00111253)
(-0.00597646,0.00062942)
(-0.00589846,-0.00796266)
(0.0164164,0.0118541)
(0.00428607,0.00860119)
(0.0158404,0.0275063)
(-0.0054802,0.0104664)
(0.0169951,0.0579429)
(-0.00561569,0.00588123)
(0.039681,0.0422408)
(-0.0490912,-0.000774498)
(0.0263354,-0.0394186)
(0.00778745,-0.038134)
(0.0460842,0.0593896)
(0.0780224,-0.063229)
(-0.0525838,0.0182775)
(-0.0111195,0.0338935)
(-0.0488878,0.0156738)
(-0.0350414,0.00703528)
(-0.0123362,0.00893276)
(-0.0190565,0.00242541)
(-0.00728395,-0.00647649)
(-0.0232087,-0.0099895)
(-0.00401329,0.00911401)
(-0.00776323,0.0111841)
(0.00706097,0.0193909)
(-0.0184676,0.0117311)
(0.0135076,0.0313498)
(-0.0098907,0.00708453)
(0.0102706,0.0258388)
(-0.027646,0.0248837)
(0.000498246,-0.000378716)
(-0.0179829,0.0253271)
(0.0058654,-0.00394031)
(0.0255923,0.0388978)
(-0.0458273,-0.00125481)
(0.00246526,0.0260652)
(-0.0254909,0.00486518)
(-0.00835407,0.00759526)
(-0.0134041,-0.00387696)
(-0.0181046,-0.011265)
(-0.0109355,-0.0113581)
(-0.019189,-0.0168407)
(0.000649231,0.00701958)
(-0.00300721,-0.0112859)
(0.0128955,0.0147089)
(-0.0129369,-0.0046478)
(0.00998881,0.0106854)
(-0.00558096,0.0100116)
(0.0144248,0.00233001)
(0.00717703,0.0211541)
(0.0180741,-0.0202241)
(-0.0014683,0.0228504)
(-0.0113083,-0.0149895)
(0.00902055,0.0210777)
(0.00165188,-0.0111238)
(0.000788111,0.0145291)
(0.00880882,0.00500257)
(-0.00187139,-0.00797537)
(0.000553911,-0.00477966)
(-0.00631857,-0.0182242)
(-0.0141242,-0.00483395)
(-0.00424029,-0.0152437)
(0.0100859,-0.00542408)
(0.00700325,-0.0154685)
(0.00679381,0.00972779)
(0.0166313,0.00273338)
(-0.00216546,0.0105556)
(0.016827,0.00309696)
(-0.00033476,0.0103779)
(0.0223458,0.0117195)
(-0.000593335,0.00757235)
(0.0214018,0.00424294)
(-0.00206956,-0.000747006)
(0.0105043,-0.0047134)
(0.00892461,0.00035949)
(0.00298979,-0.00479564)
(0.0180554,-0.00748274)
(-0.00563446,-0.00869606)
(0.0119696,-0.0112805)
(-0.00169683,-0.0094535)
(-0.00536162,-0.00210884)
(-0.0010411,-0.0104352)
(0.0247995,-0.00445687)
(0.01049,0.00589983)
(0.0326601,0.0177671)
(0.00512814,0.0118483)
(0.017645,0.00853835)
(0.0019911,0.0317239)
(0.00590926,0.0230296)
(0.000566286,0.0307024)
(0.0167263,0.0147085)
(0.000944293,-0.00156466)
(0.0055406,0.00470281)
(0.014263,-0.00416004)
(0.000934487,-0.00501664)
(0.0179829,-0.0136385)
(-0.00110892,0.00798489)
(0.0161665,-0.020962)
(-0.0128832,0.0189105)
(-0.013434,-0.00899729)
(-0.000864785,0.00293081)
(-0.00888849,-0.00756349)
(0.0278459,0.0103863)
(-0.00746349,-0.00817379)
(0.0258111,0.02516)
(-0.0120064,0.00632276)
(0.00952696,0.0185231)
(-3.85111e-05,0.0385339)
(0.0136899,0.0166041)
(0.00573007,0.0299634)
(0.00355638,0.0198653)
(0.0131166,0.0173553)
(0.0174891,0.0060924)
(0.00733075,-0.000113465)
(-0.00385397,-0.0129115)
(0.0268941,0.0129929)
(0.0193727,0.00228534)
(0.0213883,-0.00696809)
(-0.00239644,0.00469356)
(0.00657332,-0.00191233)
(-0.0123282,0.00819885)
(0.00303139,-0.00641214)
(0.00711993,0.0157009)
(-0.00925146,-0.0154691)
(-0.00483964,0.0214332)
(-0.00584649,-0.00959233)
(0.00191066,0.00569703)
(-0.0167681,0.020958)
(-0.00651077,0.00262846)
(-0.0353652,0.035569)
(0.0123232,0.0571005)
(0.0128401,0.00334649)
(0.00757684,0.0227218)
(-0.0047651,0.0154717)
(0.000982677,-0.0189676)
(-0.000243558,0.0204806)
(0.00502504,-0.00506192)
(0.00984304,0.0219615)
(0.0108142,0.0207606)
(-0.00442504,0.00769715)
(0.00264352,0.00533339)
(0.00436778,-0.0100185)
(-0.0122727,-0.00436925)
(-0.00134549,-0.0098423)
(-0.0120229,-0.0103573)
(-0.0108959,0.00808063)
(0.00337623,-0.00623895)
(-0.0540716,0.0223584)
(0.00873417,0.0226502)
(-0.0464115,0.0205581)
(0.0074731,0.102841)
(0.057977,-0.0175455)
(0.00444272,-0.0150207)
(0.072177,-0.00122952)
(-0.0177482,-0.0505376)
(-0.0508697,0.0372005)
(-0.0139936,-0.0250292)
(-0.0220967,0.0195701)
(-0.00088283,0.00460893)
(0.0116716,0.00674319)
(-0.00161574,0.00699859)
(0.0102622,-0.00142619)
(-0.0185112,-0.0199172)
(0.00788395,0.0160238)
(-0.014058,-0.00746141)
(-0.00168437,0.025886)
(-0.00531355,0.0154055)
(-0.0240367,0.00975992)
(-0.0157699,0.0279261)
(-0.0206884,-0.0392361)
(0.00760152,-0.0233248)
(-0.0103282,0.01039)
(-0.00452167,-0.00738207)
(-0.00630214,-0.0105448)
(0.0333454,0.0447002)
(-0.029243,0.0491872)
(-0.0254097,-0.0049304)
(-0.0185258,0.00344689)
(-0.00581197,0.000532833)
(0.0218027,-0.00799263)
(-0.0109454,-0.00633969)
(0.0185837,-0.0216009)
(-0.00915076,-0.00919853)
(0.0106079,0.0201383)
(-0.0118106,0.00382349)
(0.018125,0.0459927)
(-0.0063971,-0.00116888)
(0.0139675,0.0235575)
(-0.0241071,-0.0622403)
(0.0632864,-0.00328888)
(0.0111996,0.0232783)
(-0.0117189,0.000203144)
(-0.0163986,0.0095457)
(0.0142424,-0.000207817)
(0.0333928,-0.0327879)
(0.0209114,0.0012437)
(0.00874105,-0.00318356)
(-0.0141156,-0.0161735)
(-0.000502794,0.00702368)
(0.00675952,-0.00695995)
(-0.000310175,0.00394075)
(-0.000706792,-0.00156084)
(-0.00603326,-0.00234178)
(-0.00179504,0.0224666)
(-0.0100069,0.0189973)
(0.00300412,0.0395838)
(0.0047067,0.0623258)
(-0.00066285,0.0183622)
(-0.0232786,0.0475809)
(0.0149971,0.0137706)
(-0.0642034,-0.0259343)
(0.0571169,0.026796)
(0.0498585,-0.0412751)
(-0.101908,-0.016334)
(-0.0283114,-0.0333392)
(-0.0413831,-0.00648908)
(-0.0249467,0.0204687)
(-0.0145964,-0.0285506)
(0.00476473,0.0179716)
(-0.000373678,-0.0192699)
(0.00272591,-0.00296746)
(-0.00861727,-0.0128821)
(0.00574918,-0.00984247)
(-0.0151568,0.00670828)
(0.0050395,0.00074291)
(-0.0202934,0.0124488)
(-0.00884267,0.0331056)
(-0.00470313,0.00814315)
(-0.0162173,0.0434256)
(0.00579157,0.0240251)
(-0.0157822,-0.00188114)
(0.0155007,0.00873616)
(-0.01365,-0.0305352)
(-0.00520153,0.012713)
(-0.0305047,-0.0116879)
(-0.0078642,-0.00516962)
(0.000406052,0.0167869)
(0.00122265,-0.0251993)
(0.00171953,-0.0018017)
(-0.0108173,-0.00808429)
(-0.0101789,-0.0097324)
(-0.0225099,-0.00527926)
(0.00263585,-0.00661813)
(0.0029538,-0.00222768)
(0.0115597,-0.0113982)
(-0.0127999,-0.00801605)
(-0.00244523,-0.0062933)
(-0.00802544,-0.0016063)
(0.00398763,0.00818683)
(0.0100715,0.0187318)
(-0.00474226,-0.0152575)
(0.0212641,0.0240793)
(-0.00186169,-0.0144923)
(0.0107246,0.0220955)
(0.00703422,-0.0157124)
(0.00441383,0.000285011)
(0.014346,0.00129565)
(-0.00537277,-0.013279)
(0.00450964,-0.00362068)
(-0.0128538,-0.0120957)
(-0.0168764,-0.00552661)
(-0.00625072,-0.0167293)
(0.00644572,-0.00536514)
(0.0130749,-0.000542762)
(0.00937266,-0.00458593)
(0.00718413,-0.00528145)
(0.0148304,-0.00290376)
(0.00074528,-0.000111919)
(-0.00185783,-0.0117067)
(0.0195568,0.00990166)
(0.00431452,0.00109998)
(0.0142351,0.00760426)
(-0.00454028,0.000613835)
(0.00801839,0.00319259)
(0.0117251,-0.00423438)
(-0.00770085,-0.0101773)
(0.0177066,-4.62653e-06)
(-0.00562855,-0.00794598)
(-0.00243539,-0.00594541)
(-0.0032929,-0.0128768)
(-0.0104755,0.000297423)
(-0.00128763,-0.0131052)
(0.0201028,-0.000490694)
(0.0189176,0.0076675)
(0.0348882,-0.00509672)
(0.0255738,0.0125382)
(0.0158656,0.00612652)
(0.0201809,0.0307465)
(0.00266391,0.010543)
(0.011503,0.0148201)
(0.00135404,0.00146)
(0.000151953,0.0023241)
(-0.00671853,-0.0134449)
(0.00521476,-0.0152961)
(-0.00681987,-0.00531667)
(0.0180227,-0.0084125)
(0.00158955,0.00782219)
(0.0194553,-0.0260953)
(-0.00183145,0.0160298)
(0.00758985,-0.0144049)
(0.00471069,0.00503001)
(-0.00900612,-0.0128673)
(0.0194412,0.0044771)
(0.0156695,-0.0105728)
(0.0279097,0.0179639)
(0.0105773,0.010766)
(0.00794338,0.00682338)
(0.0130221,0.0219593)
(-0.00878797,-0.0114936)
(0.017812,0.0150174)
(-0.007068,-0.00173972)
(0.00117844,-0.0109326)
(0.000201489,-0.0245789)
(-0.00602602,0.0012831)
(0.00589519,-0.0133184)
(0.0200902,-0.0126629)
(-0.000809742,0.0139111)
(0.0370293,-0.0114084)
(-0.000283952,0.0229769)
(0.0126824,-0.0107087)
(-0.00677668,0.0132719)
(0.00789962,-0.00680488)
(0.0160369,0.000759259)
(0.00372822,-0.0192957)
(0.00858673,0.00391789)
(0.00268918,-0.0103108)
(0.00127301,-0.0115032)
(-0.00700646,0.0220049)
(0.000583786,-0.0218312)
(-0.0249234,0.00534755)
(0.00429751,-0.0154474)
(-0.029543,-0.0105005)
(0.00821279,-0.0435521)
(-0.04264,-0.00574032)
(-0.00498657,-0.0443529)
(-0.0095487,0.00394601)
(0.0110084,0.0016904)
(0.00695081,-0.0105834)
(0.00430758,0.0329756)
(0.0186874,-0.0103481)
(0.00585236,0.022232)
(0.00953665,-0.0053978)
(-0.00080307,-0.0106942)
(0.0121644,-0.0233335)
(0.000490092,-0.0260931)
(0.00227206,-0.00236432)
(0.00946161,-0.0254423)
(-0.034313,0.00291229)
(0.0156132,-0.00883404)
(-0.0672267,-0.00871326)
(-0.0108369,0.00218123)
(-0.0332254,-0.0336799)
(0.0199383,-0.0562696)
(-0.0602587,-0.00400761)
(-0.0135639,-0.0737019)
(-0.0445236,0.0135055)
(-0.021028,-0.0161329)
(-0.0100005,-0.00202491)
(0.010499,0.0169939)
(0.00561189,-0.0104915)
(0.0087334,0.00841423)
(0.0172267,-0.0167062)
(-0.00980993,-0.0105172)
(0.0153345,-0.0048422)
(-0.00957518,-0.00964335)
(0.0171417,-0.00220277)
(0.0114607,0.00332676)
(-0.03335,0.0085597)
(0.00683369,0.023843)
(-0.0266487,-0.00566338)
(-0.0526302,0.0202798)
(0.0999856,-0.00152375)
(0.0178521,0.0616478)
(0.0109076,0.001096)
(-0.00700215,0.000584349)
(-0.00682332,-0.000155232)
(-0.022403,-0.00451527)
(0.0132895,-0.0158329)
(-0.0123857,0.00487175)
(0.0141071,-0.0148475)
(-0.002669,-0.000619956)
(0.0117733,-0.0177819)
(-0.0208044,-0.00139082)
(0.0192423,0.0115901)
(-0.00820298,-0.00663572)
(0.0117538,0.0236786)
(0.0232034,0.0187605)
(-0.00481626,-0.00565659)
(0.0346569,0.0015322)
(-0.0239944,-0.0125253)
(0.00741898,-0.0457666)
(-0.040885,-0.0187076)
(0.042556,-0.00348572)
(0.00320651,0.0266825)
(0.00213557,0.00164001)
(0.0164477,-0.0197061)
(-0.0174443,0.01887)
(0.010575,-0.0312921)
(0.0119796,0.0031699)
(0.00076035,-0.00171751)
(-0.00569224,-0.00665875)
(0.00070646,-0.011925)
(0.00199102,-0.00562481)
(-0.00238192,0.00385379)
(0.00387486,0.00252258)
(0.0056232,0.0200795)
(0.0115104,0.0393351)
(-0.0133498,0.00507587)
(0.00363881,0.059297)
(-0.0250784,-0.0135721)
(-0.0337707,-0.000377235)
(0.00727172,-0.0203957)
(0.000607576,0.00264766)
(-0.0142167,0.00016347)
(-0.0329516,0.011961)
(0.0135328,-0.0374438)
(-0.0133329,0.0203463)
(0.0307658,-0.0324596)
(0.00444447,0.00524579)
(0.0110074,-0.00314783)
(0.00203463,-0.0078883)
(0.00110214,0.00515484)
(0.00181736,-0.0139001)
(-0.00435535,0.018584)
(0.0145514,-0.00608486)
(-0.0237791,0.0154416)
(0.00112783,0.0121791)
(-0.00601908,0.00682574)
(-0.00325737,0.0281858)
(0.00674621,0.00506399)
(-0.0146163,0.0136437)
(0.000599116,-0.00440578)
(0.00646665,-0.000818272)
(0.0269089,0.00809594)
(-0.00631853,0.00383773)
(0.0313134,-0.0129344)
(0.00529333,0.00770317)
(0.024421,-0.00142909)
(0.0072903,0.00374652)
(0.00168555,-0.000730421)
(0.00188115,-0.00687259)
(0.00143604,-0.000693276)
(-0.00980129,-0.00665417)
(0.00182232,0.00488929)
(-0.00250677,-0.00633146)
(-0.00763261,0.00407872)
(0.0128515,-0.00278096)
(-0.0191056,0.00456412)
(0.013362,-0.0209545)
(-0.00212789,0.0134231)
(0.0199028,-0.0235164)
(0.0173575,0.0241083)
(0.0114496,-0.0161708)
(0.0198983,0.011249)
(0.0193011,-0.00982243)
(0.0179443,0.00830076)
(0.0213965,0.0128305)
(0.00133574,-0.0133507)
(0.00827848,0.00679008)
(-0.00277329,-0.0195735)
(-0.00174416,-0.000529984)
(0.0143213,-0.0189072)
(-0.00707266,-0.00621054)
(0.012497,-0.00113608)
(-0.00230375,-0.000551781)
(0.0058383,0.000353374)
(0.00139821,0.000850253)
(-0.0136013,0.00084471)
(0.0205062,-0.00932395)
(0.00383181,0.0162248)
(0.00780822,-0.0136705)
(0.00679676,0.00879918)
(0.0033253,-0.00348572)
(0.00922306,0.000201978)
(0.0172884,0.00184277)
(0.00328849,-0.0151014)
(0.0141155,0.01166)
(-0.00488786,-0.0138071)
(0.000633112,0.00459598)
(-0.00954682,-0.0232585)
(-0.00375086,0.00854172)
(0.0107792,-0.0151328)
(0.0230041,-0.0127302)
(0.0119416,-0.00123347)
(0.0314536,-0.00144015)
(0.0153432,0.000506968)
(0.0072869,-0.00401382)
(0.0199625,0.019965)
(-0.0184077,0.00190208)
(0.00950962,0.0118644)
(-0.012784,-0.00579735)
(-0.00520648,-0.00258684)
(-0.00713269,-0.0217385)
(-0.00657801,0.00564318)
(-0.000525948,-0.00867181)
(0.00597215,-0.00615109)
(-0.00422528,0.00513267)
(0.0243919,-0.00960434)
(-0.00838402,0.0139064)
(0.00711887,-0.0119505)
(0.004932,-0.00342937)
(-0.00415916,-0.00858006)
(0.032259,0.00354484)
(0.0210892,-0.0130792)
(0.0264917,0.00925815)
(0.0225631,0.00743162)
(0.00959394,0.0071906)
(0.0191471,0.0221755)
(-0.0126228,-0.0041571)
(0.0159506,0.0132983)
(-0.0095757,-0.021061)
(-0.00570634,-0.0014953)
(0.00603768,-0.0242971)
(-0.00546368,-0.0061375)
(0.0130518,-0.00338721)
(0.0207613,0.00861643)
(0.0101746,0.00773412)
(0.0251204,-0.000972948)
(-0.01197,0.018478)
(0.0234955,0.00282147)
(-0.00622434,0.0194809)
(0.00214324,-0.00180125)
(0.0119015,-0.005521)
(0.0165915,-0.00977759)
(0.0187166,0.00332491)
(0.0341545,-0.00304514)
(0.00670246,-0.0131223)
(0.0171819,0.0235368)
(-0.00396339,-0.0297532)
(-0.00072498,0.00756686)
(-0.00220947,-0.0192311)
(-0.0111583,-0.000922921)
(0.00756812,-0.0517566)
(-0.0200082,-9.32824e-05)
(-0.00576589,-0.0204436)
(0.00707584,-0.0113219)
(0.00653848,0.00813403)
(0.027074,0.00417107)
(0.00729052,0.034058)
(0.00603434,-0.00254569)
(0.00754104,0.0259736)
(0.0184298,-0.000425112)
(0.00457107,-0.00172532)
(0.0221773,-0.0256355)
(0.0133369,-0.00726167)
(0.0297491,-0.0107958)
(0.0233038,-0.0239301)
(0.00695619,0.0130539)
(0.0240865,-0.030931)
(-0.0185501,0.00912074)
(0.0112399,-0.0434686)
(-0.0304624,-0.00334468)
(0.00238487,-0.0603457)
(-0.0615088,-0.0126218)
(-0.013092,-0.0441834)
(-0.028666,-0.0033958)
(-0.00313121,-0.00441025)
(-0.00499274,0.00249134)
(0.00202516,0.0229227)
(0.00609646,0.000219969)
(0.00321178,0.0135185)
(0.00692594,-0.0124903)
(-0.0121465,-0.00219423)
(0.0202122,-0.0222795)
(-0.000842159,-0.0127721)
(0.025058,-0.014305)
(0.0117232,-0.000495518)
(0.00808601,-0.000297554)
(0.0176063,0.0040605)
(-0.00761269,0.0124958)
(-0.0213955,-0.0390078)
(-0.00263347,0.00692734)
(-0.0111379,-0.0135156)
(-0.0265894,-0.0131885)
(-0.0342504,-0.0156819)
(-0.00452932,-0.0162946)
(-0.0178919,0.00785222)
(0.00642117,-0.010666)
(-0.00338018,0.00115298)
(-0.0194242,-0.00467246)
(0.00490501,-0.0122265)
(-0.00472723,-0.014088)
(-0.0147269,-0.00955804)
(0.0217166,-0.0141606)
(-0.013249,-0.00125697)
(0.0183251,-0.013435)
(0.0134647,0.0101496)
(-0.0108006,-0.00387494)
(0.0423609,0.0145909)
(-0.025948,-0.00871579)
(0.0044245,-0.0129574)
(-0.0280227,-0.00814211)
(-0.00941342,0.00312019)
(-0.0248571,-0.00410825)
(-0.0271408,0.0174952)
(0.00730737,-0.0172903)
(-0.00704903,0.0158016)
(-0.00124072,-0.0172091)
(-0.000366357,-0.00968067)
(-0.012331,0.00689914)
(0.00399433,-0.00802722)
(-0.00688407,-0.00172576)
(-0.00368013,-0.0130511)
(0.0094393,-0.00698393)
(0.00856815,-0.0177261)
(0.0017123,-0.00214563)
(0.00323907,0.0204252)
(-0.0120477,0.00408872)
(0.0119477,0.0312182)
(-0.0230545,0.00318126)
(-0.00934093,0.0254368)
(-0.0154921,-0.00781642)
(-0.0107219,0.0146566)
(0.010436,0.000424502)
(-0.0299975,0.0214077)
(0.0176109,-0.014649)
(-0.0113454,0.0221474)
(0.0154562,-0.0154231)
(0.00790922,0.00792055)
(-0.0068277,0.00683752)
(0.00747273,-0.00659866)
(-0.00372158,-0.000985098)
(0.00254289,-0.0120498)
(0.00262945,0.0074882)
(0.00322277,-0.0126738)
(0.0117987,0.00544405)
(0.0150036,-0.00392156)
(-0.00330319,0.0124122)
(0.00760826,-0.0015793)
(-0.00280008,0.00593599)
(0.000800324,0.000300743)
(0.0162292,0.0145569)
(-0.00637245,-0.00178295)
(0.0212697,0.0155381)
(-0.00990895,0.00789872)
(0.0307512,-0.00263695)
(0.00487046,0.0130589)
(0.0116709,-0.00875658)
(0.0222437,0.00112469)
(-0.0020036,0.00262883)
(0.00894268,-0.00401666)
(0.00450434,0.0118241)
(-0.0136518,-0.00504474)
(0.0182212,0.0129404)
(-0.00517826,-0.0080606)
(0.0113246,0.0173767)
(-0.00348076,-0.00113093)
(0.00381763,0.0162776)
(0.0300519,-0.0121004)
(-0.000875854,0.0235503)
(0.0284127,-0.0245943)
(0.00662076,0.0080623)
(0.0129079,-0.0177561)
(0.00848605,0.00699389)
(0.0134165,-0.0101788)
(0.0136115,-0.00926533)
(0.0185265,0.013102)
(-0.00932384,-0.0122604)
(0.0136426,0.0151856)
(-0.0137771,-0.0190866)
(0.0197162,0.00772184)
(0.00912681,-0.0183022)
(-0.0110779,0.00166704)
(-0.000227435,0.0119436)
(-0.0141812,0.00684446)
(0.0113757,-0.00507794)
(0.00089198,0.000367056)
(-0.00253163,0.00676388)
(0.0148364,-0.00319714)
(-0.015358,0.00210576)
(0.0203086,-7.29655e-05)
(-0.0121212,-0.00207543)
(0.0153228,-0.00577808)
(-0.0102438,0.00259221)
(0.01607,0.004787)
(-0.0213123,-0.00753133)
(0.0038235,0.00925852)
(-0.0212396,-0.0125166)
(0.0117379,0.0164588)
(-0.00699793,-0.0175514)
(0.0147294,0.00965781)
(-0.0108143,-0.0154349)
(0.0224189,0.00255613)
(0.0013118,-0.0177766)
(0.0255721,-0.00274392)
(-0.00452109,-0.0121022)
(0.00396201,0.010865)
(-0.0141139,0.00347339)
(-0.0277974,-0.00232135)
(-0.0147427,-0.000326535)
(-0.027047,0.00189486)
(-0.0202821,0.00102919)
(-0.00734196,-0.00381666)
(-0.0144299,0.00269478)
(0.0113203,-0.0077884)
(-0.00555546,0.0037956)
(0.00370206,-0.0125651)
(0.0138714,0.00184427)
(-0.00877672,-0.0095923)
(0.00529327,-0.00311396)
(-0.00642223,-0.00891273)
(-0.00864716,-0.0114326)
(0.0199617,-0.00702347)
(0.0106731,-0.0325526)
(0.0251572,0.00718326)
(-0.00431799,-0.0142336)
(0.00385035,0.003408)
(-0.00662012,0.00303751)
(-0.0260624,0.000364522)
(-0.0109879,-0.00587053)
(-0.0218392,0.00374533)
(-0.0180983,-0.00688936)
(0.00111717,-0.00843742)
(0.00195505,0.00844994)
(0.0226121,-0.00826702)
(0.00871463,-0.00420669)
(-0.00109151,-0.0100304)
(0.0196647,0.0118123)
(-0.013805,0.00236585)
(0.00417975,0.00706534)
(-0.00707647,0.00430466)
(-0.000479209,-0.0024222)
(0.00508236,-0.00439904)
(0.0031788,-0.0204127)
(0.00925934,0.00525456)
(0.0114759,-0.00845399)
(-0.00522583,0.00311307)
(0.0148382,0.00555024)
(-0.014634,-0.000394463)
(-0.000482369,-0.00593243)
(-0.0154327,0.00301462)
(-0.00732258,0.00505319)
(-0.000736815,0.00734638)
(-0.00477483,-0.0082992)
(0.00806287,-0.000745052)
(0.0190568,0.00647555)
(0.0147106,0.00104988)
(0.0216258,0.0099904)
(0.000281532,0.0277439)
(0.023994,0.0118765)
(0.00534004,0.0246358)
(0.00349867,-0.00646385)
(-0.00473454,-0.00770001)
(-0.00125044,-0.0229875)
(-7.9709e-05,-0.00210939)
(0.01812,-0.0173896)
(0.0040815,-0.00606593)
(0.0265461,0.00715447)
(0.00539727,-0.0227919)
(0.0183867,0.00619982)
(0.00692894,-0.0113489)
(-0.00452685,-0.00151796)
(-0.00186935,-0.0240727)
(-0.0131885,-0.00424228)
(-0.0100926,-0.00963428)
(-0.00236559,-0.000713329)
(0.001104,0.014048)
(0.0178221,0.01764)
(0.00574727,0.0220839)
(0.0125512,0.0140009)
(-0.00154176,0.0215483)
(0.00301273,0.0016362)
(-0.00575727,-0.0162879)
(0.00411551,-0.0157667)
(-0.00366145,-0.0149494)
(0.0146206,-0.0229807)
(-0.000145298,-0.00677283)
(0.0180574,0.00024563)
(0.00490112,-0.0032198)
(0.0200065,0.0110088)
(-0.0090822,-0.00331879)
(0.0213616,0.0135867)
(-0.00902156,-0.00277379)
(-0.0132754,-0.0174112)
(-0.00894396,0.00699212)
(0.00173177,-0.00429645)
(0.0080508,0.00665255)
(-0.00461608,0.00432906)
(-0.000710237,0.00578144)
(-0.005655,0.0172186)
(-0.0133684,-0.0056342)
(-0.00373598,0.00761276)
(-0.0128257,-0.00815284)
(0.00943684,-0.00868521)
(-0.0150009,-0.0177943)
(0.012508,-0.0231396)
(-0.00923192,-0.000687758)
(-0.00388284,-0.00966969)
(0.0013877,0.01571)
(0.00171692,0.00907951)
(-0.0141419,0.00126382)
(0.00609718,0.00577922)
(-0.0220187,-0.0068839)
(-0.00119364,-0.0034991)
(-0.0296532,0.0212331)
(-0.002746,-0.0162643)
(-0.00160796,0.0267917)
(-0.00871817,0.00657829)
(-0.000374143,0.00121557)
(-0.0100881,0.0150649)
(0.00106907,-0.00550424)
(-0.00745067,0.00455288)
(0.00468714,-0.0203088)
(0.0131985,-0.00172995)
(-0.00128713,-0.0197365)
(0.0132909,-0.0153508)
(-0.00769884,0.00185637)
(-0.0131177,-0.0102687)
(-0.0216363,0.0145733)
(-0.0118239,-0.00182907)
(-0.0255317,0.0100374)
(0.000215984,0.0139854)
(-0.0278235,0.0105834)
(0.0203286,0.0189278)
(-0.02068,0.0162866)
(0.0178987,0.00609992)
(0.00329587,0.0228286)
(0.00728971,0.00735228)
(0.0127051,0.00180799)
(-0.000430027,0.00699156)
(0.00608622,-0.00188789)
(0.00487352,0.0101715)
(0.00498811,-0.00570269)
(0.0101211,0.00433713)
(0.0159138,-0.0140525)
(0.0141471,0.00641524)
(0.000177471,-0.00531203)
(0.00787278,-0.00786387)
(-0.00723153,-0.00314972)
(-0.0110851,-0.00328211)
(-0.0176507,-0.00922666)
(0.0138336,0.00491203)
(-0.0126215,-0.00784708)
(0.0154489,0.00976501)
(0.00309339,0.0212553)
(0.0254515,0.0129659)
(0.0134212,0.0163241)
(0.0195648,0.00625973)
(0.00639971,0.0152537)
(0.0158884,0.0150389)
(0.017751,0.00518966)
(0.0118511,0.00174055)
(-0.00317266,-0.0132964)
(0.0143927,0.0152555)
(0.00131653,-0.00104993)
(0.022136,0.012435)
(0.00229805,0.00328663)
(0.00242169,0.016818)
(0.00586703,-0.00770174)
(0.00354115,0.0144206)
(0.012385,-0.0101946)
(-0.013299,0.00620953)
(0.00415129,-0.010111)
(0.00123385,0.0130782)
(0.00598775,0.0158076)
(-0.00967172,0.00289142)
(-0.000199511,0.0184254)
(0.00122304,0.00077893)
(0.0157923,0.01358)
(0.00180879,-0.011195)
(0.00938121,-0.00296751)
(-0.0010353,-0.00518388)
(-0.00429555,0.00185692)
(0.00939791,0.0170348)
(-0.00585896,-0.0140119)
(0.000488881,0.00962201)
(0.00324031,0.0102531)
(-0.00336006,0.0130778)
(0.0170378,0.00602194)
(-0.0134685,0.00481487)
(0.0185147,0.00503158)
(-0.0133057,0.0181825)
(0.0125612,0.00624634)
(-0.022515,0.00447338)
(0.00829235,-0.00113469)
(-0.0256157,0.00700059)
(0.00103618,0.00490751)
(-0.0104624,-0.00134055)
(-0.00251849,-0.00410086)
(-0.0146903,-0.0105831)
(0.00630972,-0.00495814)
(-0.00346235,-0.0116896)
(0.00365009,0.005255)
(0.00226748,-0.0100064)
(0.0193673,0.0154223)
(-0.00545524,-0.0165894)
(0.00730436,0.0112786)
(-0.0168826,-0.0080552)
(-0.0241723,0.00924688)
(-0.0198927,0.00307642)
(-0.0259929,0.0121308)
(-0.0201005,-0.00583493)
(-0.00753058,-0.00208514)
(-0.0121364,0.00534178)
(0.0117671,-0.0135692)
(0.00321514,0.0102429)
(0.0107588,-0.00998147)
(0.00159084,0.0100692)
(-0.00134483,-0.00525434)
(-0.00466168,0.00248978)
(0.00428142,-0.0108241)
(0.0026648,-0.0163777)
(0.00124549,0.00546343)
(0.0051049,-0.0261707)
(0.0227984,0.0144292)
(-0.00948859,-0.0193404)
(0.0164497,0.0142405)
(-0.0231953,-0.00908922)
(-0.0181889,0.00815622)
(-0.0242334,-0.0125695)
(-0.0164985,0.0159421)
(-0.0151656,0.000287294)
(-0.00243538,0.0124274)
(-0.00124318,-0.00780591)
(0.0113536,-0.00983093)
(0.00537995,0.00362274)
(0.00967239,-0.000454464)
(0.0119297,0.010434)
(0.00243973,0.00201885)
(0.00250646,0.0018995)
(0.00567049,0.00644739)
(-0.00812699,-0.0106536)
(-0.00163432,-0.000702759)
(0.000990902,-0.0174869)
(0.000265953,0.00335294)
(-0.00595646,-0.00923952)
(-0.000785773,0.00545308)
(-0.00148582,0.00155866)
(-0.0141458,0.00904389)
(-0.00363722,0.00562225)
(-0.00434695,0.0205461)
(-0.00609356,0.00583667)
(0.00225182,0.0169553)
(0.00274408,0.00815888)
(0.0104188,0.0080511)
(0.0101237,0.00534155)
(0.0100584,-0.00308158)
(0.0257732,0.0189075)
(0.00869145,0.0223067)
(0.0129624,0.00836736)
(-0.000649272,0.0132837)
(0.0108139,-0.00210715)
(-0.00826856,-0.0042511)
(-0.00556711,-0.0188705)
(0.00105144,-0.00775017)
(0.0106626,-0.0012)
(-0.00717553,-0.00677534)
(0.00251495,0.00836276)
(0.0010919,-0.0013045)
(0.0143562,0.00583592)
(-0.00452781,0.00532104)
(0.0072795,0.0100787)
(0.00865845,0.0155492)
(0.004312,-0.00476044)
(-0.00220064,0.00274465)
(0.0102865,0.0115459)
(0.000169347,0.00639395)
(0.017896,0.00788983)
(-0.00908764,0.0195754)
(0.0178227,0.0123647)
(1.69616e-05,0.0170227)
(0.006706,0.00226092)
(-0.00348473,-0.00644156)
(0.00762877,-0.013573)
(-0.00389887,-0.0211207)
(0.00443551,-0.00801153)
(0.00476545,-0.0110424)
(0.00982568,0.0147385)
(0.00013067,-0.00342134)
(0.0123129,0.00964751)
(0.0103375,0.00570492)
(0.00918049,0.00884862)
(0.00679585,0.00413471)
(0.00684049,-0.00932675)
(-0.0094352,0.0012603)
(-0.000893629,0.00247716)
(-0.00438436,0.00261069)
(-0.00102812,0.0105073)
(-0.00818939,0.00571114)
(0.00743018,0.0130502)
(-0.00663025,0.0035422)
(0.00108896,0.00669768)
(-0.00233877,-0.0144234)
(0.00921075,-0.00834875)
(0.0021746,-0.0230699)
(0.0223611,-0.000518831)
(-0.00371138,-0.00444659)
(0.00402526,0.00145545)
(-0.00187454,0.00519408)
(0.00146113,0.0069369)
(-0.00953391,0.0129395)
(0.00477457,0.0136327)
(-0.0094405,0.00268836)
(-0.000499066,-0.00711154)
(-0.0144099,0.0181289)
(-0.00636172,0.00377364)
(-0.00155258,0.00487991)
(-0.000486206,0.00113156)
(-0.00199145,-0.00394249)
(-0.00396391,0.00798894)
(0.00162636,-0.00957741)
(-0.00135409,0.00813444)
(-0.000722995,-0.0156813)
(0.0243568,0.000881039)
(0.00670689,-0.0232258)
(0.0121217,5.31509e-05)
(0.0104391,-0.00879077)
(0.00405648,-0.00250455)
(-0.00493291,0.0115636)
(-0.0134147,0.00129704)
(-0.0106199,0.0067086)
(0.00212541,0.0158456)
(-0.00546063,-0.00192561)
(0.00138493,0.0225434)
(0.00407673,0.00982341)
(0.00677735,0.0108428)
(0.00970247,0.0065772)
(0.0093722,0.00558847)
(0.00256166,-0.000998915)
(0.0163251,0.0200524)
(0.00169131,-0.00330102)
(0.011372,0.00953104)
(0.00119866,-0.0125374)
(0.00729252,-0.000783723)
(0.0151481,-0.00525831)
(0.0192292,-0.00661561)
(0.0122601,0.00398339)
(-0.00107165,-0.000770263)
(0.000463018,-0.00151239)
(-0.00158842,-0.00441653)
(-0.00488083,0.0072044)
(-0.00952136,0.00273048)
(-0.00222158,0.00982426)
(0.00760842,0.0104103)
(0.0100109,0.0148666)
(0.00338631,0.0190155)
(0.0125064,0.0207596)
(0.0173492,0.0131392)
(0.0128881,0.00705161)
(0.0255233,0.0136957)
(0.0140003,-0.00772316)
(0.00951279,0.00882099)
(-0.00493718,-0.0087913)
(0.0107186,0.00829282)
(0.00584655,-0.0102649)
(-0.00193963,-0.00117921)
(0.013497,0.00438128)
(0.00270695,0.012792)
(0.00847372,0.0108984)
(-0.0144825,0.0080351)
(0.0128801,0.0044209)
(-0.00816581,0.0100004)
(-0.00279827,0.00734333)
(-0.0154952,0.00705225)
(0.000124219,0.0164162)
(-0.00541829,0.0113151)
(0.00867324,0.0161131)
(0.00509329,0.00738363)
(0.000911703,0.00483171)
(0.00840975,0.00137414)
(0.00172791,-0.00347813)
(0.00432483,0.00633667)
(0.00352852,-0.00264631)
(-0.00435551,0.0172855)
(0.00607237,-0.00872287)
(-0.000439894,0.00602382)
(0.0135422,0.00889938)
(-0.0141327,0.00695789)
(0.0117721,0.012001)
(-0.00991469,0.007687)
(0.00905491,0.00414982)
(-0.00813098,0.0155012)
(0.00135852,0.00121663)
(-0.0103742,0.00502956)
(0.00456557,0.00695895)
(-0.0196025,0.000808872)
(-0.00426754,0.00246139)
(-0.00948612,-0.00703359)
(0.000457013,-0.00719289)
(0.00182287,-0.0148344)
(-0.000966106,-0.000707225)
(-0.00418525,-0.00970048)
