(0.00411797,-0.00810724)
(-0.00935959,-0.00195979)
(0.00665824,-0.00689546)
(-0.0104197,-0.00372339)
(0.00669115,-0.00787255)
(-0.00334719,-0.00190867)
(0.0069136,-0.00347024)
(-0.00296384,-0.00306906)
(0.00598946,3.70949e-05)
(-0.00571614,-0.00475293)
(0.00167722,0.000571237)
(-0.00087543,0.00407442)
(-0.00698497,-0.00226249)
(0.00782325,0.00921893)
(-0.00887486,0.0070006)
(0.00851287,0.00435662)
(-0.00328084,0.000913644)
(0.00904276,0.00593223)
(-0.00397946,0.00603199)
(0.00752005,0.00405454)
(0.0035064,-0.0105576)
(-0.00748665,-0.00705104)
(0.00434768,-0.00957979)
(-0.00323851,-0.00799282)
(0.00935017,-0.00565558)
(9.06082e-05,-0.00902593)
(0.0051884,0.00144544)
(-0.0113235,-0.00873254)
(0.00745746,0.0102875)
(-0.00650439,-0.0018041)
(-0.003757,-0.0032425)
(-0.00613011,0.0127259)
(-0.0120676,-2.30009e-05)
(0.00593366,0.0150752)
(-0.0196182,0.00179805)
(0.0115193,0.0190253)
(-0.00866388,0.000593898)
(0.00776719,0.00874134)
(-0.00301609,-0.00268436)
(0.0102524,0.00533634)
(0.00613503,-0.00398476)
(-0.0053712,-0.00886284)
(0.00540202,-0.00162512)
(-0.00464441,-0.0105145)
(0.0021289,0.00204195)
(-0.00850504,-0.0138759)
(0.00568377,0.0142606)
(-0.00711305,-0.0115186)
(0.00195124,0.0085485)
(-0.00780626,0.00038442)
(0.00243835,-0.00501378)
(-0.00196338,0.00792226)
(-0.00910192,-0.0109496)
(0.0036396,0.013533)
(-0.0157641,-0.00118032)
(0.010757,0.0155452)
(-0.0127474,-0.00422714)
(0.00933341,0.0211993)
(-0.000508253,-0.00436284)
(0.00687633,0.0112162)
(0.00493901,-0.00586983)
(-0.00945386,-0.00828242)
(0.00964921,-0.00592157)
(-0.010123,-0.00832693)
(0.00149497,0.00637433)
(-0.00844632,-0.00831337)
(0.00225491,0.0145382)
(-0.00649965,-0.00393649)
(9.25205e-05,0.00937629)
(-0.00527248,0.00383094)
(-0.00164161,-0.00386996)
(0.000785177,0.00725255)
(-0.00491991,-0.00786313)
(0.010039,0.0117316)
(-0.0107084,-0.00140131)
(0.0162559,0.0161648)
(-0.00976746,-0.00575396)
(0.0130469,0.0150562)
(-0.00340434,-0.00428227)
(0.00784512,0.0109227)
(0.00434171,0.000546418)
(-0.0137496,0.00130075)
(0.0122316,0.000640741)
(-0.0211589,-0.000682014)
(0.00895839,-0.000438311)
(-0.0144077,-0.00227148)
(0.00475109,0.0116465)
(-0.0109751,0.0003642)
(0.00402337,0.000919467)
(-0.00104757,0.0014981)
(0.00643826,-0.00409692)
(0.00646291,0.00688183)
(0.0102263,-0.00140866)
(0.014435,0.00613567)
(-0.0049894,0.00248611)
(0.020774,0.0160698)
(-0.00243482,0.00550458)
(0.020332,0.0162409)
(0.00377059,-0.00412131)
(0.0104097,0.00611541)
(0.00213479,0.00391189)
(-0.0119537,0.00325887)
(0.000116565,-0.00258938)
(-0.0200635,-0.000457892)
(0.00342198,0.00515412)
(-0.0115462,-0.00658164)
(0.00187208,0.0097603)
(-0.00749771,-0.00602002)
(0.000967112,0.00185417)
(-0.00378509,-0.00910791)
(0.00919054,9.70929e-05)
(0.00140636,-0.00307648)
(0.00668399,-0.0027956)
(0.00520864,0.00219782)
(0.00267676,0.000560085)
(0.0160376,0.0121045)
(-0.00489329,-0.00472565)
(0.0203411,0.0121766)
(0.00282766,-0.000584921)
(0.0121321,0.00518691)
(-0.00402742,-0.00100929)
(-0.00722357,0.00600924)
(-0.00139442,-0.0016881)
(-0.0115232,0.00538335)
(-0.00547836,-0.00175079)
(-0.0152064,-0.00840087)
(-0.00192712,0.00985479)
(-0.00444117,-0.0146145)
(-0.00295593,0.0112001)
(-0.00583995,-0.0130654)
(-0.000371666,0.00156428)
(-0.00146615,-0.00593498)
(0.00342655,0.000155042)
(-0.000551119,0.00160947)
(0.00257412,-0.00462431)
(0.00762914,0.0106701)
(0.00488901,-0.0060096)
(0.0101379,0.0107067)
(0.00147006,-0.00667114)
(0.0110268,0.00762835)
(-0.00471746,-0.00451732)
(-0.00182798,0.00975829)
(-0.014738,-0.00150101)
(-0.00527142,0.00228177)
(-0.00546366,0.00218586)
(-0.00301321,-0.0111454)
(-0.000613846,0.0109286)
(-0.00801343,-0.0167019)
(0.00366287,0.0175765)
(-0.00310926,-0.0127872)
(0.00422008,0.00662354)
(-0.000574567,-0.00475427)
(0.00325545,0.00465659)
(0.000527965,0.00655209)
(0.00455075,-0.000707004)
(0.00288451,0.00773149)
(0.00603951,-0.00351046)
(0.0034849,0.00756522)
(0.00554037,0.000578156)
(0.00455462,0.0104894)
(-0.00633703,-0.00589606)
(-0.00621963,0.00831901)
(-0.00796567,-0.00445638)
(-0.00713132,0.00416711)
(-0.00737707,0.0030927)
(-0.00720617,-0.0024626)
(0.00498701,0.0159876)
(0.00193011,-0.0126602)
(0.010062,0.0149813)
(0.00195677,-0.0103737)
(0.00510967,0.0138153)
(0.00507334,-0.00317689)
(0.00400943,0.0116879)
(-0.00195772,0.00231009)
(0.00428731,0.00612487)
(0.00237218,-0.00172223)
(0.00712037,0.00204829)
(-0.00381257,0.00178771)
(0.00724264,-0.00356139)
(-0.00242972,0.00512061)
(-0.00672341,-0.00560223)
(-0.00693937,0.00881222)
(-0.00560785,-0.00440287)
(-0.00349794,0.0017156)
(0.0024361,-0.00257289)
(-0.0050258,-0.00250148)
(0.000815795,0.00446001)
(0.00040777,-0.0073369)
(0.00770165,0.0109221)
(0.00939255,-0.00331905)
(-0.000283194,0.0121781)
(0.00614354,-0.00149904)
(0.00044271,0.0116417)
(0.000834849,-0.00332775)
(0.00051808,0.00999746)
(-3.45712e-05,-0.000832738)
(0.00104429,-0.000794904)
(-0.0028223,0.00232219)
(0.00602991,-0.00235593)
(-0.00303589,0.00330158)
(0.00369826,-0.00899108)
(-0.00598122,0.00163403)
(0.00572774,-0.0195896)
(-0.00240009,-0.000720673)
(0.0119749,-0.017587)
(-0.00146709,-0.00773681)
(0.0110785,-0.0172561)
(-0.00780763,-0.0142684)
(0.00961563,-0.00103688)
(-0.00866343,-0.00922823)
(-0.00531582,-0.00501374)
(-0.00433023,-0.000547984)
(-0.012071,0.000768356)
(0.00317121,0.0100602)
(-0.019883,0.000972928)
(0.00579457,0.0148209)
(-0.00276363,0.00276176)
(0.00676269,0.00662071)
(0.000520308,-0.00309086)
(0.00406501,0.00347259)
(0.000206658,-0.00939661)
(0.00022149,-0.00530829)
(0.0032373,-0.0126465)
(-0.00402641,-0.0156722)
(0.00616006,-0.0122705)
(-0.00420394,-0.0277321)
(0.0119996,-0.00149782)
(-0.00859217,-0.029153)
(0.00306802,-0.00427586)
(-0.0156976,-0.0179248)
(-0.00448542,-0.0104784)
(-0.0160076,0.00315532)
(-0.0228458,-0.0128315)
(-0.00890239,0.0166495)
(-0.0210991,-0.00373437)
(0.00344329,0.0185955)
(-0.0174987,-0.00119882)
(0.0105626,0.0217919)
(-0.000928215,-0.00350464)
(0.00553595,0.00789673)
(0.00829082,-0.0118502)
(-0.00765259,-0.0135922)
(0.00782382,-0.0123449)
(-0.00311194,-0.0247767)
(0.00680395,0.0100256)
(-0.00375839,-0.0323599)
(0.000384539,0.0140439)
(-0.0145458,-0.0266254)
(0.00274686,0.00658865)
(-0.0123329,-0.00787704)
(-0.00448716,-0.01559)
(-0.0085848,0.00393366)
(-0.0172441,-0.0201193)
(-0.000116269,0.0117643)
(-0.0187811,-0.00601638)
(0.0106884,0.0280072)
(-0.0160261,-0.00638676)
(0.0073091,0.0271333)
(-0.00559939,-0.00296165)
(0.00399292,0.0183588)
(0.00517071,-0.0148396)
(-0.00861241,-0.00855231)
(0.0123204,0.00142482)
(-0.0177149,-0.0166117)
(-0.000398753,0.00940773)
(-0.0126796,-0.014007)
(-0.000653847,0.0225365)
(-0.0164392,-0.00487398)
(0.00131078,0.00514029)
(-0.00864707,0.00203767)
(0.00076083,-0.00879416)
(0.00297323,0.0095932)
(-0.000831914,-0.0114419)
(0.0141847,0.0136164)
(-0.0205549,-0.00348688)
(0.0164466,0.0216542)
(-0.0161046,0.00458953)
(0.0119465,0.0315149)
(-0.00611186,-0.00237584)
(0.00439889,0.0191275)
(0.00826808,-0.000635205)
(-0.0148585,-0.000302385)
(0.0131804,-0.00411107)
(-0.0233249,-0.0110375)
(0.00580487,0.0106396)
(-0.0209483,-0.00727044)
(0.00647952,0.0186472)
(-0.0119294,-0.00887957)
(0.00480668,0.0117769)
(-0.000506887,0.00556824)
(0.0194677,-0.00104708)
(0.0107349,-0.00161576)
(0.00784683,0.00121697)
(0.0225312,0.00420648)
(0.00210903,0.00858665)
(0.0235946,0.0191594)
(-0.0151219,0.00255723)
(0.0203051,0.0272042)
(-0.00396327,0.00287865)
(0.0096594,0.0163922)
(0.00203101,0.00102766)
(-0.00997548,0.00432102)
(0.00628733,-0.0012348)
(-0.0184845,-0.00306132)
(0.0101776,0.00897976)
(-0.0140275,-0.0165684)
(0.00601273,0.0194788)
(-0.0104403,-0.00904827)
(0.0109367,0.0145504)
(0.000120611,-0.00428098)
(0.0165166,0.0106783)
(-0.00139889,-0.0116936)
(0.0145496,0.00529793)
(0.00897087,-0.00101517)
(0.00223631,-0.00172423)
(0.0211839,0.0101757)
(-0.00314583,-0.00590486)
(0.0292124,0.0248196)
(-0.00264661,-0.00550835)
(0.01402,0.0113482)
(-0.00212619,-0.00135475)
(-0.0103252,0.0112855)
(-0.000343095,-0.00117059)
(-0.0126006,0.00584131)
(-0.0024066,0.0057921)
(-0.00716925,-0.0110726)
(-0.00377979,0.0203658)
(-0.0110689,-0.0205381)
(-0.00147417,0.0202982)
(-0.00820808,-0.0194549)
(0.00133593,0.0167158)
(-0.00592213,-0.0143878)
(0.000252751,0.00291049)
(2.57368e-05,-0.0102398)
(0.0064194,-0.00840232)
(0.0133082,0.00595463)
(0.00325722,-0.0154338)
(0.0166109,0.0163427)
(0.000113654,-0.00442477)
(0.0198323,0.0102498)
(-0.0111299,-0.00167656)
(-0.00108146,0.00890141)
(-0.0138354,-0.00356168)
(-0.00258199,0.00237188)
(-0.0159186,0.00990051)
(-0.00951377,-0.0127726)
(-0.0031827,0.0263778)
(-0.00914982,-0.0176797)
(-0.000499353,0.027339)
(-0.00819664,-0.0211223)
(-0.00244601,0.0190493)
(-0.00473367,-0.0133547)
(0.00404037,0.0103415)
(-0.00569474,-0.00765185)
(0.00481087,-0.000386294)
(0.00150172,0.00357754)
(0.00818107,-0.00852851)
(0.00933641,0.00729568)
(0.00723629,-0.00686571)
(0.00529882,0.00359022)
(-0.00641662,-0.00492305)
(-0.00854353,0.0159941)
(-0.0154702,-0.00833169)
(-0.00783787,0.00841973)
(-0.00670917,0.0043032)
(-0.0065528,-0.00885888)
(0.00160815,0.0223165)
(-0.0067565,-0.0175216)
(0.00896264,0.0251794)
(0.000723191,-0.0215389)
(0.00641855,0.0214889)
(0.00319314,-0.0111978)
(0.00616455,0.0232339)
(0.00379011,-0.00627046)
(0.00761347,0.00852185)
(0.00448304,-0.00357574)
(0.0127505,0.00135873)
(0.00258727,0.00135353)
(0.00827008,-0.00162097)
(0.00353411,0.00897318)
(-0.00902494,-0.010527)
(-0.00562313,0.00976461)
(-0.00589303,-0.0101287)
(-0.00684156,0.00763831)
(-0.00689706,-0.000387642)
(-0.00442656,0.00214516)
(0.00635604,0.0129263)
(0.00749397,-0.00554799)
(0.00480521,0.0174358)
(0.00880955,-0.0100491)
(0.00369618,0.0212717)
(0.0109288,-0.0108569)
(0.00126668,0.0201192)
(0.00636017,-0.00384235)
(0.00304427,0.0130793)
(0.00261195,-0.00682324)
(0.00408738,0.00454182)
(0.00559602,-0.00159723)
(0.00529094,0.000303785)
(0.000542708,0.0043979)
(0.0014299,-0.0107386)
(0.00572299,0.000935479)
(0.000562983,-0.0172607)
(-0.00153405,-0.000121813)
(0.0107799,-0.0134661)
(-0.0059022,-0.00617308)
(0.00963399,-0.0127647)
(-0.0113358,-0.0158652)
(-0.00207896,-0.0158249)
(-0.013312,-0.0137808)
(-0.0142091,-0.0101351)
(-0.0120962,-0.0058484)
(-0.0218256,-0.00762967)
(-0.00675196,0.00799223)
(-0.0127655,0.00056954)
(-0.00213637,0.00956025)
(-0.00758408,-0.0035027)
(0.00730952,0.00700932)
(0.000601319,0.00044277)
(0.00687661,-0.00108108)
(-0.000239011,-0.0145622)
(0.00360075,-0.00759778)
(0.000233943,-0.0131019)
(0.00673512,-0.0215795)
(0.00916452,-0.00679936)
(-0.00129408,-0.0288111)
(-0.00352167,-0.0131271)
(-0.0138066,-0.0321718)
(-0.000580133,-0.0168469)
(-0.0220717,-0.0201071)
(-0.0154323,-0.0272924)
(-0.0177205,-0.00669301)
(-0.0220056,-0.022513)
(-0.0165347,0.0116835)
(-0.0266384,-0.0113236)
(-0.0107561,0.019457)
(-0.0156399,-0.000123651)
(0.00516312,0.0189901)
(-0.0080925,0.00311743)
(0.00994396,0.00599015)
(0.00648919,-0.0127194)
(0.00390045,-0.0142144)
(0.00510527,-0.00448159)
(-0.000246692,-0.0281975)
(-0.000797236,0.00558517)
(0.00218801,-0.0294872)
(-0.0066839,-0.00406726)
(-0.0120089,-0.017435)
(-0.0100363,-0.0227475)
(-0.010809,-0.0157525)
(-0.00651294,-0.0307414)
(-0.0124041,0.00102314)
(-0.0167424,-0.0335295)
(-0.00583432,0.0132283)
(-0.0251346,-0.0188356)
(-0.00193001,0.0213809)
(-0.0209426,-0.00297659)
(0.00141661,0.0252951)
(-0.014401,0.00468881)
(-0.000270476,0.0138622)
(0.0053212,-0.0122421)
(-0.000429797,-0.00897189)
(0.00611347,-0.00199442)
(-0.00172113,-0.0206552)
(-0.00219629,0.0153804)
(-0.00710004,-0.0102132)
(-0.0106956,0.0173072)
(-0.00644264,-0.0134279)
(0.00542144,-0.00536996)
(0.00145598,0.00764386)
(0.000121405,-0.0104354)
(-0.00090355,0.00688202)
(-0.00399173,-0.0138995)
(0.00305793,0.0133965)
(-0.0151005,-0.00632687)
(0.0062447,0.0259723)
(-0.0265854,-0.00629517)
(0.00843187,0.0292813)
(-0.0128517,0.00996157)
(0.00330119,0.0236191)
(0.00937568,-0.00831682)
(-0.00920503,-0.00192512)
(0.0148343,-0.000442105)
(-0.0159781,-0.00567258)
(0.00811995,0.0183395)
(-0.00230131,-0.0146964)
(0.00215357,0.0272126)
(0.0137554,-0.00230685)
(0.00198081,0.0163182)
(0.00855712,0.0121518)
(0.0139302,0.0166741)
(-0.00327495,0.0126351)
(0.0127179,0.0137983)
(0.0166487,-0.00528441)
(-0.00615055,-0.00598324)
(0.0177086,0.00946754)
(-0.00921124,0.000696811)
(0.0135925,0.0245818)
(-0.0130502,0.00174569)
(0.00495511,0.0204103)
(0.00856069,-0.00342203)
(-0.004931,0.00617304)
(0.023345,0.00302928)
(-0.00861697,-0.00102151)
(0.0146881,0.0118239)
(-0.00270388,-0.00365697)
(0.00433862,0.00879061)
(0.00592394,-0.0123575)
(0.00900668,-0.00284436)
(0.020149,-0.00488745)
(0.0220595,0.0130046)
(-0.00906252,-0.00604262)
(0.0159255,0.0134001)
(0.0152493,-0.0172393)
(0.00581185,-0.00718033)
(0.0174952,0.005817)
(-0.00107213,-0.0132809)
(0.0181636,0.0130964)
(0.00118596,-0.00754324)
(0.0125027,0.0154142)
(0.00412092,0.00203795)
(-0.00452258,0.0163443)
(0.00924411,0.00251057)
(-0.00769748,0.0101469)
(0.00844266,0.012905)
(0.00450811,-0.00775002)
(0.00808705,0.0221127)
(0.00260438,-0.0176563)
(0.00579251,0.0134257)
(-0.00652698,-0.0130888)
(-0.0093265,0.0229552)
(-0.00785386,-0.0134655)
(-0.00266858,0.0076962)
(0.00570352,-0.0144191)
(0.00435471,-0.0156305)
(0.00701311,-0.00700486)
(0.00420754,-0.018571)
(0.0170908,0.00539612)
(0.00555138,-0.00943212)
(0.0102604,0.00844418)
(-0.00465658,-0.0034922)
(-0.00109763,0.0182007)
(-0.00895998,0.00605601)
(0.00174553,0.00675197)
(-0.0119914,0.0097565)
(-0.00182232,-0.000122776)
(-0.00305153,0.0263949)
(-0.00545308,-0.0161293)
(0.0025927,0.0303168)
(-0.00624969,-0.0188929)
(-0.00286281,0.0253189)
(-0.00568842,-0.0124974)
(-0.0047109,0.0126682)
(-0.0051793,-0.0170666)
(0.0100285,-0.0124135)
(0.000585754,-0.0050502)
(0.00783601,-0.0155962)
(0.00464007,0.00501033)
(0.00826358,-0.00683813)
(0.00472462,0.00699274)
(-0.00861161,-0.00804013)
(-0.00588044,0.014398)
(-0.0176494,-0.0134481)
(0.00100691,0.0123086)
(-0.0159782,0.00443289)
(-0.00204592,-0.00458882)
(-8.00642e-05,0.0165128)
(-0.00375697,-0.0104423)
(0.00284893,0.0203322)
(-0.00658793,-0.0212546)
(-0.00122278,0.0286645)
(0.00667533,-0.0164299)
(-0.00264979,0.00924113)
(0.00250387,-0.0184317)
(0.00602096,0.00139316)
(0.007782,-0.00655768)
(0.012783,-0.00568092)
(0.0086712,-0.00543854)
(0.0128207,-0.0105213)
(0.00105781,0.00122974)
(-0.00896742,-0.0125414)
(-0.00700766,0.00589073)
(-0.0089998,-0.0129667)
(-0.00428638,0.00941029)
(-0.00813878,-0.00428221)
(-0.000826904,0.00161592)
(-0.000606235,0.00584104)
(0.00480131,-0.00780621)
(0.00844202,0.0168102)
(0.0105288,-0.00509006)
(-0.00199803,0.0149127)
(0.00980688,-0.00754922)
(-0.000505312,0.0140362)
(0.00634846,-0.0130328)
(0.000177927,0.00431504)
(0.00622925,-0.00357973)
(0.00516363,-0.0016792)
(0.00619418,0.000533631)
(0.00197849,-0.00323127)
(0.00565032,0.00157396)
(-0.000200678,-0.00745601)
(-0.00395397,-0.00363809)
(0.00244875,-0.0113307)
(-0.00381609,-0.00510256)
(0.0127134,-0.0103472)
(-0.00556296,-0.00419707)
(0.0104908,-0.0224086)
(-0.0130802,-0.0057284)
(1.90877e-05,-0.0202657)
(-0.0184875,-0.00902385)
(-0.0125506,-0.0174455)
(-0.0193695,-0.00808872)
(-0.0226402,-0.0126248)
(-0.012907,0.00641605)
(-0.0189422,-0.0024116)
(-0.00591478,0.0114724)
(-0.00240231,0.00224975)
(0.000592577,0.00709683)
(2.69579e-05,0.00626427)
(0.00542767,0.00280946)
(0.00221174,-0.00875288)
(0.00182119,-0.0130311)
(0.0059618,-0.0112534)
(-0.00375304,-0.013652)
(0.00472214,-0.022859)
(-0.00201176,-0.0101124)
(0.00506201,-0.0325153)
(-0.0187633,-0.0192182)
(-0.00866951,-0.038417)
(-0.022132,-0.020353)
(-0.0191787,-0.0376611)
(-0.0241315,-0.0104277)
(-0.0252071,-0.0253799)
(-0.0179649,0.010242)
(-0.0201223,-0.00926517)
(-0.00790783,0.02279)
(-0.0118047,0.00546902)
(-0.0051694,0.0150701)
(-0.00701356,0.0102838)
(0.00689837,0.00804018)
(0.0123743,-0.0165763)
(0.00696902,-0.0162541)
(0.00943656,-0.0152333)
(0.00408101,-0.0175759)
(0.0016441,-0.0167762)
(-0.00362885,-0.012713)
(-0.0157414,-0.0300301)
(-0.00903449,-0.0175683)
(-0.00417864,-0.0420954)
(-0.0203549,-0.0115173)
(-0.0243206,-0.0354826)
(-0.0219381,-0.00367185)
(-0.0147286,-0.0278485)
(-0.0198552,0.00570955)
(-0.0246185,-0.0112177)
(-0.00776039,0.020488)
(-0.0182644,-0.0021974)
(-0.00436486,0.0197142)
(-0.00546853,0.00912862)
(-0.00371714,0.00723985)
(0.0104538,-0.0133179)
(0.00424337,-0.00990723)
(0.00879908,-0.0119479)
(-0.00179181,-0.00850039)
(-0.00965842,-0.000871993)
(0.0123517,-0.00973987)
(-0.00265401,0.0078497)
(0.012946,-0.00202064)
(-0.00250549,-0.0196344)
(-0.0203342,0.011026)
(-0.00180578,0.0132938)
(0.00136117,0.0104687)
(-0.0132241,0.0137873)
(0.00121715,0.00504661)
(-0.00753968,-0.0070729)
(-0.00456237,0.020672)
(-0.0169418,-0.00442495)
(-0.001676,0.0214457)
(-0.0129269,0.00669562)
(0.00234941,0.0177606)
(0.0120105,-0.0115658)
(-0.00237463,-0.00243612)
(0.0178267,-0.00214285)
(0.00561902,-0.000814147)
(0.00516961,0.0191818)
(0.0213771,-0.00943278)
(-0.00533964,0.060769)
(0.0637203,-0.0138331)
(-0.0169981,0.0168445)
(-0.0164149,0.0329001)
(0.00705637,0.0586535)
(-0.0695538,0.0280733)
(0.00169778,0.0410911)
(0.00368145,-0.00106779)
(0.00426825,0.0117107)
(0.0140924,-0.0026895)
(-0.00312857,-0.0127989)
(0.00365164,0.0151363)
(-0.0026126,-0.00116803)
(-0.00107816,0.0138364)
(0.0163006,-0.00613281)
(-0.00419418,0.004027)
(0.0184187,-0.00340907)
(-0.005619,0.0040181)
(0.00481265,-0.0128711)
(0.0200025,-0.00164129)
(-0.00686314,-0.0510706)
(0.0436268,-0.0244298)
(-0.00947672,-0.0677668)
(0.0514852,-0.00808197)
(0.019826,-0.0264818)
(0.000946405,-0.021326)
(0.0334027,-0.00661109)
(0.0344125,-0.0325106)
(0.0153408,-0.00878161)
(0.0151812,-0.0079971)
(0.0106364,-0.0234347)
(0.00929612,0.00904396)
(0.00532177,-0.0111428)
(0.00494465,0.00688086)
(0.00517325,0.00326187)
(-0.00310673,0.0158834)
(0.0208392,0.00767885)
(0.0025222,0.0119792)
(0.00569121,0.00643829)
(0.0163914,-0.00336897)
(0.0111088,-0.0132708)
(0.0110817,-0.00915862)
(0.0317104,-0.0158415)
(-0.0272746,-0.000777742)
(-0.0377685,0.00305497)
(-0.0248676,0.0281449)
(-0.0150786,0.0107125)
(0.0115056,-0.00634257)
(1.12231e-05,-0.0228934)
(0.00210081,-0.00817708)
(0.0185262,-0.0304541)
(0.00454929,-0.00693821)
(0.0101268,-0.0165229)
(0.00619392,0.00107989)
(-0.00187012,0.00706701)
(-0.00137207,0.0119008)
(0.00540317,0.00977904)
(0.00406622,0.0169742)
(0.00130873,0.0158944)
(0.0213252,0.00423467)
(0.00405463,0.0171346)
(0.0122725,-0.0107281)
(0.0227138,0.00728913)
(-0.0111709,-0.0082718)
(-0.0171743,0.0183502)
(0.00713022,0.00740424)
(-0.00333848,0.00316809)
(0.00371655,-0.00818128)
(0.0119717,-0.0200391)
(0.00249877,-0.0174234)
(0.0171274,-0.0238372)
(0.0102853,-0.0139451)
(0.00904185,-0.0117481)
(0.00740598,-0.00810087)
(-0.00855823,-0.00181519)
(-0.00220813,0.010652)
(-0.0149299,0.00188258)
(0.00106563,0.00894404)
(-0.0149245,0.00561401)
(0.00951303,0.0106278)
(-0.0138191,0.0166537)
(0.0113611,-0.00774165)
(0.000565369,0.0227006)
(0.00486577,-0.00866969)
(-0.00339453,0.0167337)
(0.0105251,-0.00759029)
(-0.00463593,0.00998225)
(0.0139561,-0.0194317)
(0.0110614,-0.0172987)
(0.0122078,-0.0164733)
(0.0118672,-0.0202774)
(0.0156949,-0.0073296)
(0.00981686,-0.0152637)
(0.00715653,-0.00378951)
(-0.00998861,-0.00690056)
(-0.00379257,0.00653825)
(-0.0111635,-0.00679797)
(0.00197995,0.00922255)
(-0.0145948,-0.00309566)
(0.00939651,0.00100247)
(-0.00894196,0.00837951)
(0.0110307,0.00542903)
(-0.0042158,0.0143609)
(0.013381,-0.000907984)
(-0.00635495,0.0181275)
(0.0200262,-0.00279416)
(-0.00440356,0.00588681)
(0.0132886,-0.0095427)
(-0.000510783,-0.00611652)
(0.0109416,-0.00531866)
(0.00178917,-0.0115628)
(0.0139413,0.00200961)
(0.00426629,-0.00885022)
(0.00666232,-0.000443984)
(-0.0027629,0.000760202)
(-0.00186233,-0.00605225)
(0.00228204,0.00376524)
(-0.00436647,-0.00486741)
(0.00294324,-0.00610821)
(-0.00029115,-0.0022074)
(0.00733209,-0.0158003)
(-0.00899307,-0.00612939)
(0.000841485,-0.0195706)
(-0.012442,-0.00629224)
(-0.00783504,-0.0202179)
(-0.0119221,-0.00460384)
(-0.0122257,-0.011389)
(-0.0128697,0.00309389)
(-0.0131424,-0.00279981)
(-0.00595698,0.0114057)
(-0.00750163,0.00886839)
(-0.00357417,0.00183398)
(-0.00206676,0.00730874)
(0.00669862,0.00199538)
(0.00237869,-0.00404684)
(0.000521568,-0.0076287)
(0.000636399,-0.010569)
(-0.00163732,-0.00660729)
(0.00786197,-0.0150187)
(-0.00412132,-0.0122387)
(-0.00473985,-0.0303106)
(-0.0115287,-0.00867141)
(-0.00969992,-0.0298452)
(-0.0195227,-0.0149628)
(-0.0189959,-0.0319051)
(-0.0228543,-0.00458779)
(-0.0152164,-0.0249506)
(-0.0227857,0.0102286)
(-0.0162373,-0.00332488)
(-0.00960656,0.0137912)
(-0.00941904,0.00654459)
(0.000220191,0.015755)
(-0.000785549,0.0103987)
(0.00490105,0.00602655)
(0.00883025,-0.00911443)
(0.000809311,-0.010326)
(0.00718655,-0.0181494)
(-0.00122716,-0.00589287)
(-0.00165312,-0.024499)
(0.00333518,-0.000874659)
(-0.0062997,-0.0181385)
(-0.00673774,-0.000655905)
(-0.0116674,-0.0442401)
(-0.0314134,0.00252535)
(-0.0235353,-0.0116701)
(0.00306689,0.00307641)
(-0.0170173,-0.00293253)
(-0.0178145,0.00975776)
(-0.00922444,-0.00379209)
(-0.0153317,0.0127316)
(-0.00697111,0.00605634)
(-0.00524236,0.0122409)
(-0.0017846,0.00733489)
(-0.00219215,0.0102089)
(0.00976771,-0.00792261)
(0.00580914,4.48273e-05)
(0.0102214,-0.0148823)
(0.00826414,0.00330213)
(0.00921619,0.00124351)
(0.0190908,0.000736496)
(0.0139469,0.0302511)
(0.0261023,-0.0112119)
(0.0464091,-0.0627849)
(-0.0673495,0.00988816)
(-0.00559984,0.0335032)
(0.0874024,0.0029454)
(-0.0103571,0.0336657)
(0.0169466,0.00139618)
(-0.00674567,0.0225932)
(-0.00240511,0.0116851)
(-0.00165465,0.00409477)
(-0.00704043,0.0189919)
(0.00078957,0.000437208)
(-0.00293381,-0.0023967)
(0.00933271,-0.0105815)
(0.00806146,0.00717745)
(0.0102042,-0.00562328)
(0.0081339,0.00904537)
(0.0189078,0.0288905)
(0.0520115,-0.00912965)
(0.03128,0.176733)
(0.134993,-0.0322894)
(0.00341627,-0.0206938)
(-0.017316,-0.000251647)
(-0.00369963,-0.0245379)
(-0.00422886,-0.00263602)
(-0.00514464,0.03232)
(0.0243737,-0.0107981)
(0.0129165,0.0173516)
(-0.0030088,-0.00490605)
(0.00822518,0.00477287)
(-0.00146491,0.0010804)
(0.00643787,0.00405267)
(-0.000741786,0.00785143)
(0.00191488,-0.00558274)
(0.00141387,0.0153642)
(0.00800362,-0.0163139)
(0.00359118,0.0128188)
(-0.00745539,-0.0514745)
(0.0201282,-0.0120761)
(-0.037949,-0.110613)
(0.0323812,-0.0616365)
(-0.00970911,0.036472)
(0.00985932,0.00865983)
(0.0098818,0.000704786)
(0.00311583,-0.0103594)
(0.0507753,-0.0380963)
(0.101483,-0.0585084)
(0.0271506,-0.025993)
(0.015748,-0.0122288)
(0.0144433,-0.0200826)
(-0.00305467,-0.0014944)
(0.0109118,-0.0101507)
(-0.00223084,0.00108959)
(0.00257201,0.00670835)
(-0.00144626,0.0140313)
(-0.00119162,0.00615661)
(0.00718905,0.0125742)
(-0.00379623,-0.0251502)
(0.0278029,0.0106073)
(0.0229596,-0.0580599)
(-0.0164338,-0.0153384)
(0.105797,-0.0582435)
(-0.136518,0.0490385)
(-0.190451,0.0285988)
(-0.0899173,0.127522)
(-0.0386621,0.00502359)
(0.00490661,0.0138485)
(0.00805241,-0.0218119)
(0.00255684,-0.013945)
(0.0153091,-0.0318929)
(-0.00815999,-0.0179967)
(0.0112166,-0.0147441)
(0.00154902,-0.0110573)
(0.000516161,0.0165928)
(-0.000846125,0.0143846)
(-3.1117e-05,0.0186897)
(0.00978802,0.0195695)
(-0.0028282,0.0159516)
(0.0201553,0.0110523)
(0.00910667,-0.0103635)
(0.0200686,0.00315263)
(0.0383055,-0.00988529)
(-0.0390079,-0.00091968)
(-0.0413745,0.0170313)
(7.46021e-05,0.0276427)
(-0.00679431,-0.00220442)
(0.0143555,-0.00598369)
(0.00916946,-0.0304628)
(-0.00586391,-0.0206109)
(0.017196,-0.0250337)
(0.000404914,-0.02827)
(0.0101477,-0.0168013)
(0.00146551,-0.0195505)
(-0.00699266,0.00711803)
(0.00142396,0.0105477)
(-0.00751089,0.0121354)
(0.00728931,0.0164219)
(-0.0164118,0.0138219)
(0.0137172,0.0124047)
(-0.0077266,0.0129247)
(0.0122236,0.0130912)
(0.0059882,-0.00104994)
(-0.00340591,0.00867315)
(-0.00469042,0.00365597)
(0.0168847,0.000201731)
(-0.00305516,-0.00871434)
(0.00902751,-0.01334)
(0.010928,-0.0159702)
(0.0107056,-0.0209428)
(0.0131491,-0.0254214)
(0.0159662,-0.0223465)
(0.00537527,-0.0166409)
(0.0107013,-0.0206418)
(-0.00717264,-0.00174698)
(0.000265453,0.00649598)
(-0.0101385,0.000293533)
(0.00614447,0.00827212)
(-0.0111209,0.00533097)
(0.0102382,0.012038)
(-0.00840823,0.00334024)
(0.0115198,0.00825142)
(-0.00217381,0.00743664)
(0.0135042,0.00876165)
(-0.000756441,0.00735877)
(0.0142048,0.00318458)
(-0.00389789,0.00368948)
(0.00944458,-0.00995948)
(-0.00227893,-0.00649325)
(0.00894517,-0.00846354)
(-0.00268512,-0.0130675)
(0.0115965,-0.00917484)
(-0.0010653,-0.0106598)
(0.00924986,-0.00862685)
(-0.00862315,-0.000481086)
(0.00214653,-0.00200957)
(-0.00768024,0.00204778)
(0.00138173,-0.00156493)
(0.00687154,-0.000320669)
(0.00192751,-0.00668084)
(0.00670446,-0.0121943)
(0.00415574,-0.00313614)
(0.0079901,-0.0131164)
(-0.00394035,-0.00456348)
(0.00123816,-0.0155192)
(-0.0108325,0.000521691)
(-0.00534603,-0.009812)
(-0.0116957,0.00495616)
(-0.010648,0.00215004)
(-0.00650173,0.00511296)
(-0.00744677,0.00992391)
(-0.000887355,7.75147e-05)
(0.00282093,0.0131242)
(0.00501117,-0.00248284)
(-0.00899388,-0.000949394)
(0.00366458,0.00127303)
(0.000709009,-0.00113639)
(0.00177553,0.00338484)
(0.00851758,-0.016577)
(0.00186802,-0.00140681)
(0.0100511,-0.0107562)
(-0.00278371,-0.00549088)
(-0.000385459,-0.0226094)
(-0.00707087,-0.00290283)
(-0.00252543,-0.0182284)
(-0.00873896,-0.0035915)
(-0.00049357,-0.0124585)
(-0.0136599,0.00522755)
(-0.0111413,0.00721947)
(-0.0118395,0.00932225)
(-0.00719536,0.0171904)
(0.00218025,0.000823927)
(0.000195517,0.0115447)
(0.00217213,0.000484365)
(0.0037997,-0.00164885)
(0.00553078,0.00443082)
(0.00525271,-0.0139405)
(-0.00276095,0.0135872)
(0.0143059,-0.0171937)
(-0.00514886,0.0119847)
(0.00348199,-0.019044)
(-0.0132424,0.00864352)
(-0.00462496,-0.0179623)
(-0.0181933,-0.00926788)
(-0.0190077,-0.0155327)
(0.0100689,-0.0011103)
(0.00687382,-0.00185631)
(-0.0164458,-0.0032031)
(0.00578764,0.0156656)
(-0.0119032,0.00974037)
(0.000671026,0.00897315)
(-0.00763388,0.00385183)
(0.00838924,0.00378532)
(-0.00283102,-0.00399548)
(0.00922542,-0.00401987)
(0.00145847,0.0105213)
(0.00682835,-0.0118897)
(-5.74048e-05,0.0225852)
(0.0086529,-0.00270458)
(-0.0100352,0.0202144)
(0.00865929,0.0406483)
(-0.0338477,0.0119718)
(-0.000150804,0.00604264)
(-0.0791325,-0.0221357)
(-0.051051,0.0263101)
(0.0973902,-0.0349211)
(0.00253605,0.0184056)
(-0.00952453,0.00208678)
(0.0116867,0.0202976)
(-0.0166009,0.00235406)
(0.0077873,0.00788097)
(-0.00794618,-3.91881e-05)
(0.00533484,0.00290539)
(-0.00390834,-0.0048709)
(0.00463347,-0.00516634)
(0.00423268,0.00974158)
(0.00513513,-0.00934387)
(-2.43359e-05,0.0242135)
(0.00536373,0.0250387)
(-0.0167549,0.0289835)
(-0.0114085,0.132903)
(-0.037441,0.0356543)
(-0.00144164,-0.0158919)
(0.00895668,-0.00810497)
(0.0115921,0.0184192)
(-0.00297064,0.0055823)
(0.00474114,0.000931565)
(-0.117271,0.0437672)
(0.0215392,0.0124874)
(-0.035729,0.000499945)
(0.0142778,0.00815851)
(-0.0112073,0.00327695)
(0.00958751,-0.000578127)
(-0.0056991,-0.00338678)
(-0.00132149,-0.00295165)
(0.00207644,0.0170577)
(-0.00890809,-0.0143532)
(0.00131797,0.0281439)
(-0.0427322,-0.055767)
(-0.0260337,0.031462)
(-0.139189,-0.128785)
(-0.122137,0.0265216)
(-0.0145564,0.00568618)
(0.0147826,0.00244024)
(0.0178452,-0.0131254)
(-0.0149492,0.00356621)
(0.0163827,-0.0746438)
(-0.0193744,0.000650278)
(0.00777757,-0.0336399)
(-0.0234969,-0.00876257)
(0.0118708,-0.0125975)
(-0.0207041,-0.00737199)
(0.00298099,-0.0110364)
(-0.00632188,-0.00526694)
(-0.0097987,-0.00137085)
(0.00532089,0.0172145)
(-0.00772524,0.00313852)
(0.0116218,0.0165862)
(-0.0131979,-0.00676992)
(0.023666,0.0119863)
(0.00975596,-0.0356899)
(-0.00204827,-0.0168348)
(0.193061,0.0324444)
(0.0328951,-0.074413)
(-0.0874792,0.103062)
(0.0803279,-0.00562871)
(-0.0193237,0.0188501)
(0.0222504,-0.013481)
(0.00796859,-0.00819944)
(-0.0160618,-0.0177145)
(0.0116992,-0.0198684)
(-0.0219151,-0.023041)
(0.00387818,-0.0139284)
(-0.0114883,-0.0180908)
(-0.00507905,0.0109204)
(0.00234133,0.0189679)
(-0.00703491,0.0140171)
(0.0163987,0.0282734)
(-0.00828024,0.0129925)
(0.0386645,0.0155723)
(0.0146262,0.00589721)
(0.0278269,-0.00219207)
(0.065445,0.00953036)
(0.0230433,-0.0248141)
(-0.00117038,0.0286742)
(0.0498726,-0.00642443)
(0.00710447,0.00662234)
(0.00993907,-0.00844534)
(0.0162416,-0.0183426)
(-0.00699657,-0.026325)
(0.0168085,-0.021717)
(-0.0128559,-0.025564)
(0.00400363,-0.0159168)
(-0.00749698,-0.0216983)
(-0.00365843,0.00148657)
(0.00668692,0.0191345)
(-0.0111859,0.0083704)
(0.0105389,0.0231177)
(-0.00443455,0.0138877)
(0.0179255,0.018804)
(-0.00405625,-0.000638708)
(0.0205534,0.0132015)
(0.0213346,-0.00423493)
(0.0165692,-0.00151815)
(0.0113865,0.000322163)
(0.0198771,0.00276334)
(0.010951,-0.0124088)
(0.00367262,-0.00986037)
(0.0125287,-0.0243435)
(-0.001575,-0.0127527)
(0.00167088,-0.027171)
(0.000921263,-0.0162768)
(0.00136463,-0.0187882)
(-0.000874086,-0.019961)
(-0.000670235,-0.00104891)
(0.00573177,0.00872478)
(-0.00262235,0.00301786)
(0.00899167,0.0148185)
(-0.0103236,0.00543472)
(0.0106999,0.00783183)
(-0.00280844,0.00479717)
(0.0116168,0.0108664)
(0.00294239,0.00293658)
(0.0175299,0.00860913)
(0.00509249,-0.000231569)
(0.0150695,0.0028843)
(-0.00682394,-0.010626)
(0.00395416,-0.00297967)
(-0.00100037,-0.0126002)
(0.000551645,-0.00529094)
(-0.000306977,-0.0208964)
(0.00188792,-0.00914711)
(-0.000535825,-0.0127182)
(0.00256944,-0.00892833)
(-0.00654807,0.0054847)
(0.00685769,0.00205331)
(-0.00499534,0.00662517)
(-0.00260477,0.000850238)
(-0.00113135,0.00592918)
(0.0075441,-0.00162875)
(0.00964556,-0.00111404)
(0.00686284,-0.00670473)
(0.00748285,-0.00626112)
(0.0015113,0.00387472)
(0.0118156,-0.00277007)
(-0.00620368,0.00316288)
(0.00447498,0.00880246)
(-0.00833693,0.00554058)
(0.000943976,0.0162625)
(-0.0103679,0.00111028)
(-0.000555082,0.0206046)
(0.000737306,-0.0011974)
(0.00129358,0.0118728)
(3.95563e-05,-0.00436588)
(-0.0094075,0.00969753)
(0.00258972,0.00752589)
(-0.00949748,0.00615429)
(0.00467414,0.0110026)
(0.0151092,0.00459255)
(0.00715982,0.0011375)
(0.012219,-0.00317064)
(0.00841654,0.00374509)
(0.0131214,-0.00689003)
(0.00323598,-0.0103561)
(0.0150385,-0.00348243)
(-0.00322858,0.00755691)
(0.0144069,0.00405766)
(-0.00802765,0.000979889)
(-0.000135963,0.0239312)
(-0.00282612,-0.00268504)
(0.00363438,0.0263864)
(0.000519668,-0.00906946)
(0.00109424,0.0123213)
(0.00499312,-0.00950601)
(-0.00612891,0.00597301)
(0.00545787,0.0100149)
(-0.00645256,0.000698682)
(-0.00296111,0.0173393)
(0.00897671,-0.00994934)
(-0.00467889,0.0164493)
(0.0144142,-0.00408694)
(-0.00488219,0.0079016)
(0.0192318,-0.00722089)
(0.00115653,-0.0022697)
(0.0136729,-0.00502789)
(0.00177452,-0.0029861)
(0.0307918,0.0136423)
(-0.00685537,0.00310324)
(0.0191827,0.0249347)
(-0.0062493,-0.00163533)
(0.00351559,0.0203153)
(0.00431341,-0.0123958)
(0.000194835,0.0112887)
(6.43948e-06,-0.0199729)
(0.000460598,0.00293891)
(2.64995e-06,0.0132244)
(-0.00467608,0.0037987)
(-0.00504952,0.0209783)
(0.00728846,0.00414847)
(-0.0143764,0.0257293)
(0.0220231,0.0131908)
(-0.0124276,0.0161555)
(0.0231847,-0.0133759)
(0.00572302,-0.00355407)
(-0.0079175,-0.0157714)
(0.0293409,-0.0236989)
(0.0230161,0.0111371)
(-0.00807933,-0.00927718)
(0.0222641,0.0314409)
(-0.0135919,-0.0025458)
(0.0116427,0.0156983)
(-0.00353898,-0.00938302)
(0.00235557,0.00193129)
(0.00426485,-0.0167105)
(-0.0037999,-0.00281571)
(0.00311874,0.0126239)
(-0.00969215,-0.00335909)
(0.00295127,0.0189508)
(0.00234014,0.0194828)
(-0.0171741,0.0205319)
(0.0141825,0.0353388)
(-0.0305766,0.0353807)
(0.0632464,-0.0684623)
(0.0393771,0.0316477)
(-0.0461024,-0.0722615)
(0.0414198,-0.0511998)
(-0.00645755,-0.0086675)
(-0.0296536,0.000685498)
(0.0115479,0.0205099)
(-0.0212881,-0.00310868)
(0.0106073,0.0119782)
(-0.0140081,-0.00945423)
(0.00621966,0.00650435)
(-0.00169157,-0.0103648)
(-0.0075884,-0.0104623)
(0.00185695,0.0163744)
(-0.00973836,-0.000800291)
(-0.000384931,0.0126263)
(-0.00996734,-0.00116438)
(-0.0107846,0.0137503)
(-0.0204152,-0.0177971)
(-0.0445524,0.0215308)
(0.064011,0.0222458)
(-0.000965525,0.0270991)
(-0.0915172,0.0167956)
(-0.00930209,-0.0135033)
(-0.025991,-0.0176272)
(-0.0234069,-0.0072662)
(0.000493081,0.00596968)
(-0.0291512,-0.00162982)
(0.00680044,0.00277275)
(-0.0252539,-0.00369453)
(0.00187935,-0.00542081)
(-0.00435396,-0.00838971)
(-0.00943093,-0.00250629)
(-0.004678,0.0156206)
(-0.0142251,-0.00286246)
(0.016649,0.0107497)
(-0.0106618,0.0153495)
(0.0230837,0.000212614)
(0.00792813,0.0209487)
(0.0183332,-0.0177694)
(0.0789217,0.0447984)
(0.0393198,-0.036602)
(-0.0305119,0.074668)
(0.0589147,-0.0178746)
(-0.01413,0.0226651)
(0.00797376,0.00618917)
(0.00944093,0.0016376)
(-0.0239514,-0.00624436)
(0.00984804,-0.00647837)
(-0.0281768,-0.0143522)
(0.00713448,-0.00662176)
(-0.0159545,-0.0136104)
(-0.0151664,-0.00476129)
(0.00339545,0.0237963)
(-0.015941,0.00994169)
(0.0123385,0.0183459)
(-0.0063374,0.0196247)
(0.0244771,0.00857383)
(-0.00111463,0.0106065)
(0.0376937,-0.00186297)
(0.0345476,0.00955734)
(0.0296441,-0.0193748)
(0.0106988,0.0160373)
(0.0283028,-0.00429181)
(0.0185835,-0.000601834)
(-0.000189536,-0.00145553)
(0.0172688,-0.00795221)
(-0.0227787,-0.00671371)
(0.0080922,-0.0139009)
(-0.0251098,-0.0152966)
(0.000636568,-0.0139031)
(-0.00957442,-0.0162461)
(-0.00336272,-0.0104953)
(0.00755657,0.0146653)
(-0.00734529,-0.00336493)
(0.00977634,0.0186009)
(-0.00843238,0.00682944)
(0.0147486,0.0199149)
(0.00784548,-0.000410622)
(0.00951427,0.0128434)
(0.0181779,0.000644304)
(0.0170446,-0.0022451)
(0.0246617,-0.00371235)
(0.0115795,-0.00374894)
(0.0127462,-0.00913597)
(-0.00247044,0.00243703)
(0.00929736,-0.0161335)
(-0.0117708,-0.00214181)
(0.00315173,-0.0164341)
(-0.00470104,-0.00598671)
(-0.00847396,-0.0156534)
(-0.00277125,-0.0154854)
(0.000342007,-0.00644086)
(0.00401203,0.00599789)
(-0.00172602,-0.00561685)
(0.0128827,0.00472814)
(-0.00596554,-0.00164393)
(0.00780154,0.00814461)
(-0.00195362,0.0010347)
(0.00790653,0.00500752)
(0.00976977,-0.00429328)
(0.00976448,0.00177654)
(0.0152993,-0.00246633)
(0.00781698,-0.00170143)
(0.00743074,-0.00495118)
(-0.00482569,0.00017975)
(0.0050721,-0.00877333)
(-0.0044218,9.29533e-05)
(-0.00257111,-0.0176951)
(-0.0024395,-0.00479452)
(-0.00392839,-0.0126011)
(-0.00254056,-0.0111291)
(-0.00171078,0.00670005)
(-0.000752645,-0.00357376)
(-0.00706748,0.0088843)
(0.00125911,0.000204559)
(0.00312457,0.00405367)
(0.00217558,0.00103768)
(0.00617153,-0.00454217)
(0.00623266,0.0039856)
(0.0019686,-0.00275986)
(0.00290218,0.00811469)
(0.00789527,0.00655365)
(0.00155214,0.0115798)
(0.00623364,0.0128305)
(-0.0033835,0.0086506)
(0.00682171,0.0255406)
(-0.00410774,-0.000751862)
(0.00668726,0.0234849)
(-0.000202529,-0.00849337)
(-0.00331829,0.0123326)
(-0.00169425,-0.00128816)
(-0.00937703,0.00816266)
(0.00172328,0.0108039)
(-0.00573424,0.0115012)
(0.00192708,0.00943734)
(0.00371974,0.0121387)
(0.00806685,0.0117258)
(0.00784105,0.00278899)
(0.011582,-0.0011184)
(0.00697116,0.0010141)
(0.003559,0.00516941)
(0.0168652,0.00272481)
(0.00425193,0.000828451)
(0.0113264,0.0105489)
(-0.000550464,0.0057341)
(0.0128229,0.0255622)
(0.000142819,-0.00478586)
(0.00842237,0.0276643)
(0.00995487,-0.0124065)
(0.00058358,0.0156111)
(0.000345454,-0.0132225)
(-0.0140283,0.00753163)
(0.000459202,0.0137121)
(-0.0183488,0.00865442)
(-0.0032299,0.0188371)
(-0.00513423,0.00170756)
(-0.00313274,0.0103466)
(-0.00260094,0.00352313)
(0.00385823,0.00306748)
(0.00699719,-0.00216439)
(-0.00055244,-0.0111486)
(0.0184467,0.00861141)
(0.00415516,0.00191872)
(0.0264185,0.0129437)
(0.00240358,-0.000324201)
(0.0113176,0.0313218)
(0.00113329,-0.00487271)
(0.0155066,0.0270961)
(0.00900422,-0.0176069)
(0.00460397,0.0130619)
(0.00906299,-0.0169997)
(-0.008931,0.00164912)
(0.0048192,0.0156538)
(-0.0214625,-0.00268049)
(-0.00108041,0.020142)
(-0.0107157,0.00423441)
(-0.00185945,0.00918562)
(0.00247741,0.00933524)
(-0.0133699,0.0114092)
(0.0167829,0.00594088)
(0.00639284,-0.00542731)
(0.0123494,-0.00616664)
(0.00228235,0.00171994)
(0.0157604,0.0241943)
(0.000728336,0.00969694)
(0.0205678,0.033959)
(5.34779e-05,-0.00213547)
(0.00441595,0.0267776)
(0.00698022,-0.0142684)
(0.00330859,0.0156866)
(0.00395911,-0.0166283)
(-0.00363867,-0.0126438)
(0.00695946,0.0143152)
(-0.0166837,-0.00667465)
(0.00838798,0.0125845)
(-0.0143992,0.00944736)
(-0.0103891,0.00853708)
(-0.00224556,0.0260508)
(-0.00861886,0.00128685)
(0.00737753,0.00121587)
(0.00601597,0.0108255)
(-0.0193835,-0.00327264)
(0.00199237,0.00495656)
(-0.00316457,0.0191264)
(-0.0139326,0.0169595)
(0.00636479,0.0364943)
(-0.0170718,0.00907568)
(0.0141151,0.0315616)
(-0.00317277,-0.00539979)
(0.0017952,0.018759)
(0.0042776,-0.0115583)
(-0.00573345,-0.0175158)
(0.00183892,0.0150503)
(-0.00917998,-0.0111364)
(0.000453869,0.0103898)
(-0.00886006,0.011324)
(-0.0072091,-0.00403415)
(-0.0159294,0.0133398)
(-0.0177737,-0.0128239)
(0.0135029,0.0117253)
(0.00150324,-0.00862731)
(-0.0329583,0.00763001)
(0.00405398,0.0110942)
(-0.0198595,0.0128628)
(-0.0121361,0.0182947)
(0.00176805,0.0185339)
(-0.0259434,0.0175077)
(0.00640476,0.0180197)
(-0.020779,0.00174649)
(0.00759065,0.00837429)
(-0.00761771,-0.00925302)
(-0.00490567,-0.0155106)
(-0.000662134,0.0150175)
(-0.0093791,-0.00975527)
(0.00787577,0.00238958)
(-0.00777786,0.0103985)
(0.0173039,-0.0144114)
(-0.00331107,0.0233252)
(0.0135002,-0.0198637)
(0.00349655,0.013028)
(0.0205334,-0.0175246)
(-0.0124823,0.0138029)
(0.0225738,0.00229661)
(-0.00372885,0.00659147)
(-0.000287267,0.0184315)
(0.00733515,0.00924878)
(-0.0260808,0.0160911)
(0.00825078,0.000501403)
(-0.0232723,-0.00136326)
(-0.00259653,0.00268376)
(-0.0102731,-0.00813811)
(-0.000950301,-0.0113279)
(0.00430556,0.00657524)
(-0.0107971,-0.0119616)
(0.0179449,0.00939722)
(-0.0101941,0.0073729)
(0.0142867,0.00777877)
(-0.00173016,0.0121529)
(0.0153177,-0.00428696)
(0.0136275,0.00732277)
(0.0163105,-0.0104464)
(0.0114897,0.00203132)
(0.0212408,-0.00522667)
(0.00782251,0.003849)
(-0.00844208,0.0107639)
(0.00603284,-0.00322575)
(-0.0255677,0.005542)
(0.00912645,0.000956111)
(-0.0204149,-0.000931616)
(-0.00354591,-0.00775332)
(-0.0106743,-0.0126764)
(-0.00112801,-0.016189)
(0.00252053,0.00476143)
(0.00197107,-0.024788)
(0.0131728,-0.00147621)
(-0.00385608,-0.00875797)
(0.00737896,0.00918671)
(0.0047897,0.00117358)
(0.00477608,0.0162406)
(0.0169381,-0.0047141)
(0.00442755,0.00146467)
(0.0209012,0.00550836)
(0.00062352,-0.00433141)
(0.00655365,-0.00326455)
(-0.00926855,0.0056312)
(0.00873724,-0.00592158)
(-0.0100137,0.0102969)
(-0.00237786,-0.0120279)
(-0.0149728,-0.00300814)
(-0.00692944,-0.0137816)
(-0.00575636,-0.00674378)
(-0.0029174,-0.0144579)
(0.00288551,-0.000344407)
(0.000453055,-0.019392)
(0.00279937,-0.00112733)
(-0.00412067,-0.0165472)
(0.00777654,0.00473955)
(-0.00150473,-0.01034)
(0.00532871,0.0122502)
(0.0163214,-0.00341673)
(0.00257432,0.00514799)
(0.0180104,-0.000948072)
(0.0020562,-0.00336537)
(0.00924348,-0.00198777)
(-0.00494801,-0.00117328)
(0.00478541,-0.0123424)
(-0.00462798,0.00470069)
(5.85602e-05,-0.0137592)
(-0.00366977,0.00232928)
(-0.00248741,-0.00753412)
(-0.00272048,-0.00244251)
(0.00379815,-0.000976216)
(0.00551683,0.003193)
(0.00111593,0.00214899)
(0.00476586,0.00597288)
(0.000643351,0.00396772)
(0.00590746,0.00561579)
(0.000252274,-0.0120587)
(0.00520051,0.0118537)
(-0.000876026,-0.00776983)
(0.00372526,0.0104962)
(0.00133019,-0.004605)
(0.00575213,0.0213131)
(0.0101079,0.00802084)
(0.00568201,0.0140223)
(0.0122322,0.0106736)
(0.00514797,0.00258168)
(0.00785937,0.0137389)
(0.00293387,-0.00661197)
(0.00395642,0.0108139)
(0.0028108,-0.00346095)
(-0.00534105,0.00344425)
(-0.00108955,0.00951476)
(-0.00736498,0.0147227)
(0.0066186,0.00963458)
(0.00104647,0.00420566)
(0.00940119,0.0131489)
(-0.00191677,0.00143387)
(0.00944372,0.011487)
(-0.00342744,-0.00591146)
(0.00452988,0.00912349)
(0.00209565,-0.00316773)
(0.00612067,0.0109314)
(0.00775973,0.00093344)
(0.00651479,0.013441)
(0.0139643,0.0093852)
(0.0100646,0.000752913)
(0.010362,0.00939544)
(0.0132875,-0.0086333)
(0.00677481,0.0124472)
(0.00929506,-0.00783196)
(-0.010405,0.00609328)
(0.00165453,0.0137523)
(-0.0184008,0.0158349)
(0.00444492,0.0184324)
(-0.0153987,0.00934404)
(-0.00110563,0.0193371)
(-0.0146765,0.00803049)
(0.00282853,0.00496769)
(-0.0180006,0.00476911)
(0.000777887,0.00411659)
(0.00861535,0.00204098)
(0.00114279,0.000366024)
(0.00166788,0.00955749)
(0.00579687,0.008206)
(0.0156567,0.00534532)
(0.00253171,-0.000509378)
(0.0185564,0.00900231)
(0.0142839,-0.0112934)
(0.00928069,0.0119915)
(0.0117015,-0.00995484)
(-0.0120335,-0.00267281)
(0.00685224,0.0159452)
(-0.0226589,0.00737994)
(-0.000451267,0.0283411)
(-0.0235741,0.00369928)
(-0.00340208,0.0186471)
(-0.0177245,0.00321211)
(-0.00549698,0.0038337)
(-0.00251483,-0.000898092)
(-0.00620787,0.00290015)
(-0.000541855,0.00921493)
(0.00322819,0.00823109)
(0.0102078,0.00997351)
(0.00095551,0.00885024)
(0.00260297,0.0236675)
(0.00359507,0.00749515)
(0.0129531,0.0228202)
(0.00581323,-0.00849176)
(0.00516506,0.0139844)
(0.0124319,-0.0125714)
(-0.00888798,-0.0162409)
(0.00654984,0.0112091)
(-0.0137613,-0.0135465)
(0.00463035,0.0139549)
(-0.0165514,-0.000328955)
(0.00275755,0.00145106)
(-0.0143289,0.00776978)
(-0.00598493,-0.00246751)
(-0.00653773,0.00612361)
(0.00283868,0.000454572)
(-0.0119359,0.00716611)
(0.000860957,0.0231678)
(-0.0112456,0.0210415)
(-0.00483229,0.0193089)
(0.00372558,0.0326752)
(-0.00833981,0.0205274)
(0.00247144,0.0378891)
(-0.00504432,0.00115528)
(0.0036149,0.0245031)
(0.00798309,-0.00852302)
(0.00173958,-0.0214905)
(0.0030557,0.0139406)
(-0.0091668,-0.0180952)
(0.00304196,0.00647933)
(-0.0127642,-0.00099881)
(0.00440015,-0.0114092)
(-0.0137818,0.0115156)
(-0.00968035,-0.0200615)
(-0.0128842,0.00413827)
(-0.00138172,-0.0108214)
(-0.0152342,0.00881597)
(0.000198049,0.0127766)
(-0.0150222,0.0112063)
(-0.00798544,0.0267363)
(-0.00188421,0.0258548)
(-0.0115844,0.0182603)
(0.00416685,0.0202434)
(-0.0105321,0.00438788)
(-0.00387867,0.0127592)
(0.00205215,-0.00371608)
(0.00632679,-0.017975)
(0.00334215,0.000909338)
(0.00151268,-0.0155851)
(0.0117971,-0.00652797)
(-0.00797999,-0.000355335)
(0.0131429,-0.0231987)
(-0.00737137,0.0155057)
(0.00459243,-0.0300418)
(-0.0016377,0.00711487)
(0.008101,-0.0257297)
(-0.0104641,0.00525765)
(0.01536,0.00612788)
(-0.00924575,0.010225)
(0.00319716,0.0204954)
(0.00139431,0.00452358)
(-0.0110452,0.0161734)
(-0.00174537,0.0124118)
(-0.0102127,0.00895557)
(-0.00521363,0.00640918)
(-0.00835887,-0.00580331)
(0.0071906,-0.0162598)
(0.00768052,0.00115203)
(0.000340512,-0.0248168)
(0.014937,-0.0157146)
(-0.00410303,-0.00629725)
(0.0134357,-0.00855079)
(-0.00493348,0.00117045)
(0.00160352,-0.0136955)
(-0.000571959,0.0093429)
(0.0104137,-0.0119875)
(0.000365542,0.0148455)
(0.0114225,-0.00516599)
(-0.00703132,0.0105001)
(-0.0023087,0.00594331)
(0.00510113,0.0115905)
(-0.0136105,0.011668)
(-0.00381173,0.00875562)
(-0.0142926,1.7411e-06)
(-0.00711685,0.00248032)
(-0.0149346,-0.00294501)
(-0.000214218,-0.0205637)
(0.0104423,-0.00554605)
(0.00371735,-0.029004)
(0.0064678,-0.0116232)
(-0.00515073,-0.0167875)
(0.00574541,-0.00993688)
(-0.00174189,-0.00431313)
(-0.00387405,0.00363847)
(0.0169669,0.00354334)
(0.000290665,-0.00827696)
(0.00719805,0.0173713)
(0.00485754,-0.00781369)
(0.000498484,0.0152958)
(-0.00552399,-0.00172032)
(-0.00309348,0.00296904)
(-0.00726072,0.000978941)
(0.00209832,-0.00404216)
(-0.0106905,-0.00382801)
(-0.00128644,0.000585945)
(-0.00664314,-0.00847465)
(-0.00259128,-0.0181055)
(0.00244583,-0.0013397)
(-2.49082e-05,-0.0309156)
(0.00533782,-0.0113499)
(-0.0045739,-0.0186263)
(-0.00247642,0.00368135)
(-0.000680998,-0.00895628)
(0.00397454,-0.00211882)
(0.00673026,-0.00170253)
(0.000712968,-0.00560541)
(0.00721406,0.00648345)
(-0.00127903,-0.0111638)
(0.00221905,0.00288995)
(-0.00290497,-0.00305913)
(0.000912773,-0.00675274)
(-0.00424033,-0.00107283)
(-0.0015341,-0.00316792)
(-0.00626977,-0.00209267)
(0.00427974,-0.00215578)
(-0.00353881,-0.00313298)
(0.00609944,-0.00242867)
(0.00574019,0.00133881)
(-0.000429832,-0.00122029)
(0.00787464,-0.00219866)
(0.00157684,-0.00707845)
(0.0103212,0.00171881)
(0.00381069,-0.00786945)
(0.00877516,0.00384183)
(8.13762e-05,-0.0127689)
(0.00154501,0.00999596)
(0.00569851,-0.00121434)
(0.00327898,0.00809808)
(0.00624823,-0.00227959)
(0.00635657,0.00786878)
(0.0102167,-0.00222121)
(0.00549997,-0.00147507)
(0.00674563,-0.000148752)
(0.00492377,-0.00436832)
(-0.00558781,-0.00167902)
(0.0059737,-0.00546397)
(-0.00157858,0.00442502)
(0.00730558,0.00159246)
(-0.00544709,0.00707943)
(0.00607958,0.00404701)
(-0.00477274,-0.00173096)
(0.0128007,0.00850579)
(-0.00224859,-0.0151488)
(0.00449941,0.00527143)
(-0.00471919,-0.0112194)
(0.000684106,0.0100771)
(-0.000937623,-0.00906858)
(0.000460733,0.0112609)
(0.010056,-0.000244462)
(0.002502,0.00280216)
(0.00916004,-0.00792205)
(0.00924254,-0.00157655)
(0.0140176,-0.00417728)
(0.00758069,-0.00516284)
(0.00459011,0.00172005)
(0.00736456,-0.00502845)
(-0.00806465,0.00831562)
(0.00603376,0.0100934)
(-0.0152128,0.00731121)
(0.00392628,0.0175899)
(-0.0136968,0.00447536)
(0.00528897,0.0140162)
(-0.0109905,-0.00348628)
(0.0011039,0.0104467)
(-0.0107682,-0.00139619)
(0.00182999,0.00338792)
(-0.00319421,-0.00167077)
(0.000825227,0.00690516)
(0.000354837,-0.00638383)
(-0.00338025,0.00648382)
(0.010694,-0.0110038)
(0.00228178,-0.000954316)
(0.0152954,-0.00277081)
(0.00710515,-0.00750318)
(0.0109913,-0.000101212)
(0.0110962,-0.00889037)
(-0.00584359,-0.00538364)
(0.00733066,0.012987)
(-0.0165569,0.00394285)
(-0.00207955,0.018736)
(-0.0105817,0.000279325)
(-0.00567348,0.019641)
(-0.00970541,-0.000123501)
(-0.00426372,0.00841682)
(-0.0116176,0.00095032)
(-0.000515254,0.00504263)
(-0.00415246,-0.00187901)
(-0.000745551,0.00483473)
(-0.00740038,0.00699792)
(-0.00301231,0.0015283)
(0.00297555,0.00577018)
(-0.000835741,0.00679572)
(0.00882797,0.00722997)
(0.00262178,-0.00448253)
(0.0114531,0.0064809)
(0.00800549,-0.00493455)
(-0.00121859,-0.0154799)
(-0.000205958,0.00945896)
(-0.00601961,-0.0147776)
(-0.00397251,0.0137845)
(-0.00814927,-0.0087201)
(-0.00219343,0.00431612)
(-0.00630425,0.00344359)
(-0.0043969,-0.00106327)
(-0.00315544,-0.00386224)
(-0.000157913,-0.000385265)
(-0.00524995,0.00316217)
(0.00380452,0.0117558)
(-0.00768457,0.00547927)
(-0.00312338,0.0153663)
(-0.00510915,0.0174254)
(-0.00250556,0.00719169)
(0.00561214,0.0163967)
(0.00174696,-0.00235769)
(-0.00050002,0.014538)
(0.00529962,-0.00211569)
(0.000571567,-0.0135126)
(-0.002471,0.0023058)
(-0.00167151,-0.0144612)
(-0.00219614,-0.00308717)
(-0.00381593,-0.00523799)
(-0.00570136,-0.0060218)
(-0.00504899,0.00433459)
(-0.00538555,-0.0124202)
(-0.00501908,-0.000603916)
(0.000167368,-0.0094053)
(-0.00793132,0.00203638)
(0.00124985,0.00654471)
(-0.00732898,0.00558139)
(-0.0023052,0.0131325)
(-0.00190225,0.00746101)
(-0.00438973,0.00978322)
(-0.00259068,0.00991888)
(-0.00239503,0.00449571)
(0.00221502,0.0076326)
(0.00528938,-0.00103109)
(0.0096413,-0.0179722)
(-0.0016236,0.000382183)
(0.00408518,-0.0156188)
(0.00769082,-0.0129479)
(-1.3752e-05,-0.00842195)
(0.0054644,-0.0186703)
(-0.00337025,0.000854863)
(-0.00156201,-0.0221198)
(-0.00557573,0.00571441)
(0.00556786,-0.0202613)
(-0.00379153,0.0036639)
(0.00793482,-0.00276798)
(-0.00862094,0.00381601)
(0.00116561,0.00875972)
(-0.00574881,0.00680451)
(0.000388962,0.0121465)
(-0.00266652,0.0016567)
(-0.00376033,0.00234195)
(-0.00262203,0.00382773)
(-0.00248014,0.000228635)
(0.00440338,-0.0178831)
(0.00744675,-0.00319187)
(0.00855811,-0.0180265)
(0.00653775,-0.0136113)
(0.00182407,-0.0112447)
(0.00302403,-0.0145957)
(-0.00138358,0.00706595)
(0.000244781,-0.0134193)
(-0.0015828,0.0089318)
(0.00361296,-0.0162144)
(-0.00596286,0.0124536)
(0.00515165,-0.00816688)
(-0.00564352,0.0119192)
(0.00428922,0.00119648)
(-0.00637172,0.00170282)
(-0.00409493,0.00412514)
(-0.00560036,0.00472317)
(-0.00937102,-0.00108882)
(-0.0059375,0.00441604)
(-0.00201775,-0.00131764)
(0.00121547,-0.0151627)
(0.0113392,-0.00787313)
(-0.000967101,-0.0286425)
(0.0112126,-0.0118632)
(-0.00010194,-0.00983844)
(0.00508298,-0.00634881)
(0.00321011,-0.00684105)
(0.000625497,-0.012226)
(0.0047131,0.00816439)
(0.00193074,-0.00967035)
(0.00472396,0.011899)
(0.00132595,-0.0129752)
(-0.00766004,0.0125714)
(0.000378571,-0.000830429)
(-0.00690671,0.00268977)
(-0.0011519,-0.00243536)
(-0.00377836,0.00121167)
(-0.00223954,-0.00551007)
(0.000625192,0.00752151)
(-0.00318016,-0.00587056)
(-0.00285487,-0.0144608)
(0.00361736,-0.00379654)
(-0.00506637,-0.0176534)
(0.00668202,-0.00829957)
(0.000691112,-0.015842)
(0.000272737,-0.00873924)
(0.00351221,-0.00789966)
(0.0019407,-0.00435038)
(0.0101985,0.00386946)
(-0.000544778,-0.00966126)
(0.00144176,0.0060594)
(-0.0010273,-0.0104389)
(0.00253158,0.00234704)
(-0.00387273,-0.00301733)
(-0.00577888,7.05872e-07)
(-0.00233146,-0.00102356)
(-0.000109328,0.00132861)
(-0.00280988,-0.00276724)
(0.0019536,0.000841223)
(-0.000419765,0.00237588)
