(-0.00742598,-0.00162579)
(-0.00525685,-0.00555129)
(-0.014728,-0.00163699)
(-0.00693079,-0.00631458)
(-0.0144122,0.00179968)
(-0.00938018,-0.000433325)
(-0.0155843,0.00121484)
(-0.00680681,-0.00123022)
(-0.0084322,0.00818226)
(-0.00930859,0.00143829)
(0.00205597,0.010546)
(-0.000296296,0.00412933)
(0.00038972,0.00681883)
(0.000787611,0.00476731)
(0.00207914,0.00323207)
(0.00604983,0.00679232)
(-0.00335581,-0.000623382)
(0.00192677,0.00962683)
(-0.00235684,-0.00973117)
(0.00219952,0.00497305)
(-0.00895866,0.00764153)
(0.0014353,-0.000647688)
(-0.0129559,0.0116368)
(0.000115113,-0.00295642)
(-0.0134984,0.0133891)
(-0.000913628,-0.00331505)
(-0.0113475,0.0079657)
(-0.00583296,-0.00781163)
(-0.00735625,0.0146999)
(-0.00435584,-0.00876384)
(0.00335519,0.0159443)
(-0.00622352,-0.00654454)
(0.00349044,0.00659562)
(0.0038301,-0.00148658)
(0.000230126,0.00661395)
(0.00900496,0.00659657)
(-0.00419711,-0.00480242)
(0.00429572,0.00486807)
(-0.00255363,-0.0124563)
(-0.00050285,0.00869831)
(-0.00310549,0.0138541)
(0.00912586,-0.00739534)
(-0.00924931,0.015481)
(0.00956206,-0.00751629)
(-0.0129211,0.0139436)
(0.00572664,-0.00949723)
(-0.0149164,0.0123561)
(-0.00316137,-0.0117892)
(-0.00981075,0.0162683)
(-0.00436329,-0.018364)
(6.69035e-05,0.00755073)
(0.000532438,-0.0132937)
(0.00631358,0.00471987)
(0.00247123,-0.00474092)
(-0.00301877,0.00317606)
(0.00905301,0.00754353)
(-0.008088,-0.00533765)
(0.00675634,0.0106868)
(-0.00190716,-0.00875879)
(-0.000996863,0.000918697)
(-0.00407424,0.00633025)
(0.00455596,-0.0118737)
(-0.004109,0.0109441)
(0.00545091,-0.0102889)
(-0.010072,0.0148199)
(0.0102793,-0.00677755)
(-0.0183612,0.0174352)
(0.00641096,-0.00911591)
(-0.00834416,0.011111)
(0.00397134,-0.0129869)
(-0.00229103,0.00457752)
(0.00840887,-0.00970372)
(0.00276436,8.58521e-05)
(0.0112216,-0.00401786)
(-0.00491691,0.00622382)
(0.013762,0.00283436)
(-0.00380536,0.00490451)
(0.00791083,-0.00113199)
(-0.00382672,0.000638976)
(-0.00179571,-0.00118773)
(0.000797763,0.00698456)
(-0.000783027,-0.00704167)
(0.00754112,0.00546026)
(0.00415008,-0.00652981)
(-0.0116426,0.0127288)
(0.00819255,-0.000167775)
(-0.0144327,0.0112876)
(0.0117005,0.00290559)
(-0.0103907,0.003074)
(0.011144,0.000162298)
(-0.00291104,-0.00693623)
(0.0131514,-0.00123508)
(5.62382e-05,0.00457109)
(0.0152566,-0.00100576)
(-0.00805408,0.00206638)
(0.0157048,-0.00103494)
(-0.0105428,0.0136321)
(0.0138985,-0.00185524)
(-0.00969544,0.00618589)
(0.00709926,-0.00589454)
(-0.00691877,0.00447376)
(0.00554916,-0.00447105)
(0.000232773,0.00600772)
(0.00408054,-0.00598599)
(-0.00021619,0.0140703)
(0.0072574,0.00377188)
(-0.00536567,0.0124823)
(0.00577146,0.00634378)
(-0.00434559,0.00197302)
(0.00737798,0.000512123)
(-0.00630382,-0.000785874)
(0.00704201,-0.000678701)
(-0.00110247,-0.00755256)
(0.0112593,-0.00291074)
(-0.0121228,-0.00121516)
(0.0168503,0.00115643)
(-0.0186263,0.0018484)
(0.0189251,-0.000492383)
(-0.00895683,0.00899443)
(0.0122145,-0.00166827)
(-0.00598225,0.00460725)
(-0.000619949,-0.00586719)
(0.00110744,0.0051699)
(0.00526478,-0.00319706)
(-0.00118063,0.0114932)
(0.00728818,0.000948905)
(-0.00398339,0.0134074)
(0.00607369,0.00839828)
(-0.0117022,0.00849296)
(0.00966189,0.00586485)
(-0.0110215,-0.00126046)
(0.00586846,0.00309231)
(-0.00218811,-0.00431635)
(0.0102921,0.0007289)
(-0.0107048,-0.0144493)
(0.0041854,-0.00598138)
(-0.0146458,-0.00405733)
(0.0120425,-0.00282563)
(-0.00945752,-0.000457709)
(0.0103871,-0.00917846)
(-0.00415932,0.0100546)
(0.00133203,-0.00346971)
(-0.00987078,0.00837361)
(0.00190024,-0.00978471)
(-0.00538378,0.00776187)
(0.00334898,0.00345754)
(-1.77153e-05,0.00710911)
(0.00216249,0.00260199)
(-0.00818853,0.0106439)
(0.000507442,0.00677636)
(-0.00662029,0.00108206)
(0.00573336,0.00875535)
(-0.00276757,-0.00554583)
(0.00114081,-0.00234365)
(-0.00907739,-0.0124313)
(0.000695234,-0.00652536)
(-0.00724087,-0.0110778)
(0.00754633,-0.00650446)
(-0.00445447,-0.00215048)
(0.00469654,-0.00546395)
(-0.0094805,0.00298476)
(-0.00124653,-0.006202)
(-0.0166291,0.000946732)
(-0.00102248,-0.00209956)
(-0.0095097,-0.000730812)
(0.00130269,0.000276692)
(-0.00791853,0.00420019)
(-0.000399278,0.00645351)
(-0.00298909,0.00431035)
(0.00310158,0.00291552)
(-0.0110726,0.000465522)
(0.00309669,0.00815632)
(-0.00826324,-0.0014448)
(0.00190335,0.000719725)
(-0.00225711,-0.00864338)
(0.00055289,-0.00610396)
(-0.00621974,-0.0100796)
(0.00500747,-0.00336804)
(0.00167185,-0.00765602)
(0.00424147,-0.0052224)
(-0.010221,-0.00109848)
(-0.00485386,0.000751976)
(-0.00747664,-0.00234923)
(-0.00782008,-0.00509774)
(-0.0115827,-0.00534643)
(-0.00561787,0.00383539)
(-0.00248648,-0.00640792)
(0.00261025,-0.00213259)
(-0.0106587,-0.000463866)
(0.0027622,0.00512916)
(-0.00893972,-0.00279253)
(0.00894473,0.00497318)
(-0.00774174,-0.000140693)
(0.00154903,0.000895864)
(-0.00901976,-0.00076177)
(0.00331557,-0.00142905)
(-0.00856537,-0.00722487)
(0.00292025,0.000395296)
(-0.00212279,-0.00317663)
(-0.00195467,-0.000327847)
(-0.00686793,0.00108305)
(-0.00838838,-0.00105535)
(-0.00861587,0.00635934)
(-0.00969486,-0.00937817)
(-0.00973615,0.00488972)
(-0.00491415,-0.0140879)
(-0.0117853,-0.00114127)
(-0.00856716,-0.00765516)
(-0.0110974,0.00684286)
(-0.00635666,0.00218537)
(0.00176065,0.0113183)
(-0.000424065,0.00681731)
(0.000881919,0.0105424)
(0.00169025,0.0113747)
(-0.00310703,0.000460419)
(0.00917622,0.0104404)
(-0.00736493,-0.00251405)
(0.00162978,0.00818988)
(3.02068e-06,-0.013267)
(-0.00143342,0.00492773)
(-0.00524527,0.0116271)
(0.00175956,-0.00474377)
(-0.0125548,0.0189304)
(0.00118198,-0.0150147)
(-0.0082929,0.0117876)
(0.00111916,-0.0220602)
(-0.014083,0.0132524)
(0.000242364,-0.0184182)
(-0.00108232,0.0136809)
(-0.00153775,-0.0108766)
(0.006955,0.00967197)
(-0.00427761,-0.00380841)
(0.00677703,0.0111197)
(-0.00118136,0.00224123)
(0.0021798,0.00472758)
(0.00519204,0.00927224)
(-0.00589031,-0.0012253)
(0.00594796,0.0134198)
(-0.00152855,-0.0113595)
(-0.000542725,0.00704817)
(-0.000840986,0.0137193)
(0.00622379,-0.00470187)
(-0.000264382,0.0194772)
(0.00937918,-0.0190637)
(-0.007265,0.0222849)
(0.014543,-0.0243326)
(-0.0126948,0.0208632)
(0.00563218,-0.0243813)
(-6.98676e-05,0.0149455)
(0.00705419,-0.0170218)
(0.0046582,0.00712621)
(-0.0011136,-0.00877126)
(0.00854936,-0.00137438)
(0.00628903,0.00146181)
(-0.0012593,0.00925705)
(0.0107487,0.011053)
(-0.00786846,0.00242759)
(0.00750191,0.0179791)
(-0.00130129,-0.00328449)
(0.000633435,0.0129385)
(0.00769383,0.0150677)
(0.00881608,-0.0134274)
(0.00600373,0.0182241)
(0.018081,-0.0161169)
(-0.0104857,0.0193567)
(0.0152216,-0.0227201)
(-0.0153222,0.0238391)
(0.0125397,-0.0160517)
(-0.00521113,0.00844374)
(0.00680192,-0.0134228)
(0.00734867,-0.000374341)
(0.0110603,-0.00332949)
(0.00636814,-0.000732508)
(0.00803695,-0.00247388)
(-0.00303053,0.0054205)
(0.0157252,0.00505795)
(-0.0159538,0.01393)
(0.0104911,0.00611571)
(-0.0116581,0.0089326)
(0.00349268,-0.00160866)
(0.00577298,0.00831053)
(0.00550098,-0.00596185)
(0.00300452,0.0161748)
(0.00660325,-0.013029)
(-0.00202418,0.0153463)
(0.0131301,-0.0072723)
(-0.0111719,0.0147567)
(0.00249239,0.000814936)
(-0.00282627,-0.0098465)
(0.010249,-0.00404249)
(0.0012622,-0.00510792)
(0.00900301,0.000179427)
(0.00127104,-0.0074526)
(0.0169372,-0.00672387)
(-0.0062107,0.00371051)
(0.020291,-0.00254611)
(-0.0214782,0.0132099)
(0.0125521,-0.000813865)
(-0.0181395,0.0102343)
(0.0110533,-0.00668099)
(-0.00481313,0.00814733)
(0.000619171,-0.00791791)
(-0.00290292,0.00601066)
(0.0113708,-0.00386675)
(0.00210211,0.0155568)
(0.00646563,0.00284109)
(-0.00669767,0.00884584)
(0.00234237,0.00391783)
(0.00184283,-0.00853461)
(-0.0028809,0.00151907)
(-0.00562775,-0.000171706)
(-0.000841452,0.00153369)
(-0.00229565,-0.00590644)
(0.0140871,0.00431236)
(-0.0103405,-0.00773682)
(0.0162917,0.00083146)
(-0.020349,0.00325401)
(0.0195319,-0.000131496)
(-0.0178968,0.00682568)
(0.0141956,-0.00794577)
(-0.00788833,0.00392632)
(-0.00298972,-0.00212584)
(-0.00693179,0.00556142)
(0.0091377,-0.00112371)
(-0.00567931,0.00841209)
(0.0118222,0.0129353)
(-0.00750043,0.0061421)
(0.000203617,0.0132267)
(-0.011112,0.00342774)
(0.00187109,0.0140334)
(-0.0115882,-0.00414573)
(0.00418216,0.0154717)
(-0.000265808,-0.0126918)
(0.0115869,0.00134167)
(-0.00562593,-0.0139411)
(0.0197792,0.00335849)
(-0.0106382,-0.00794112)
(0.0156926,0.000721835)
(-0.0103157,-0.00359191)
(0.0135929,-0.00707727)
(-0.0115381,0.00762172)
(-0.00054139,-0.00457494)
(-0.0135735,0.00412826)
(0.00612202,0.00633597)
(-0.0130898,-0.000551843)
(0.00140901,0.00872737)
(-0.0145817,0.00774624)
(0.00308335,0.0224862)
(-0.0158314,-0.00334379)
(-0.00160047,0.0173252)
(-0.0144413,-0.00391132)
(0.00180444,0.0229897)
(-0.00392775,-0.00829918)
(0.00546127,0.00987947)
(-0.000504773,-0.0162542)
(0.00773862,0.00284171)
(-0.00201232,-0.0140283)
(0.0145479,0.00485328)
(0.00833109,-0.0100965)
(0.0167358,-0.00207266)
(-0.0195685,0.00626771)
(-0.00435099,-0.0027856)
(-0.0169892,-0.00184836)
(0.0042226,0.00273186)
(-0.0185612,-0.0114299)
(-0.000293438,0.0143762)
(-0.00692774,0.000404316)
(-0.00799998,0.0153955)
(-0.0174255,0.00141331)
(-0.00635478,0.0178318)
(-0.0186029,-0.00676987)
(-0.00200492,0.016784)
(-0.0142415,0.000203615)
(0.00308055,0.00945047)
(-0.00162608,-0.00915235)
(0.00674236,0.0024862)
(0.00639505,-0.0140228)
(0.0214192,0.00598984)
(0.01097,-0.0062092)
(0.00852499,0.00509371)
(-0.0086995,0.00154184)
(-0.00411164,-0.0016493)
(-0.0111308,-0.00648073)
(-0.0017606,0.00458837)
(-0.0101348,-0.00890459)
(0.000194121,0.00652457)
(-0.0119041,-0.00763059)
(-0.0036816,0.0124929)
(-0.0156159,-0.00126989)
(-0.00161297,0.0118599)
(-0.0213882,-0.00702229)
(-0.00103713,0.00730365)
(-0.01174,0.00242088)
(0.00247378,0.00490676)
(-0.00673721,-0.00185634)
(0.00611457,0.00263979)
(0.000572723,-0.000153393)
(0.0112591,0.0021514)
(0.00436648,-0.0064309)
(-0.00165895,-0.000142349)
(7.51312e-05,0.000858187)
(-0.0035693,-0.00781263)
(-0.00496931,0.0089798)
(-0.00132961,-0.0140537)
(-0.00952514,0.00465653)
(-0.00383,-0.0204684)
(-0.0141684,0.00156598)
(-0.00479933,-0.0179253)
(0.00111927,0.00684227)
(-0.00280947,-0.00286963)
(-0.00282498,0.014927)
(-0.00513238,-0.00135954)
(0.00649307,0.0166593)
(-0.00384526,0.00950149)
(-0.00305033,0.00734234)
(-0.0029761,0.0052246)
(-0.000908878,-0.00224884)
(0.00228988,0.00560595)
(-6.91672e-05,-0.00626468)
(0.00253398,-0.000862414)
(-0.00480121,0.00428936)
(0.00182619,-0.00597718)
(-0.00086057,0.0138291)
(0.00813718,-0.0220279)
(-0.00511957,0.0209382)
(0.0116918,-0.0296122)
(-0.00456198,0.00688662)
(0.00896611,-0.0241364)
(0.00659531,0.00975842)
(0.00289505,-0.0171369)
(0.00972284,0.0114569)
(-0.00818103,-0.00431046)
(0.00761391,0.0153487)
(-0.0147767,-0.00100572)
(-0.00140591,0.0139931)
(-0.00255004,0.00828788)
(-0.00969517,0.000951625)
(0.00275643,0.0104974)
(-0.000243952,-0.00176702)
(0.00709891,0.00453179)
(0.00716576,0.0119023)
(0.0114515,-0.00712644)
(0.00378333,0.0201177)
(0.0199908,-0.0142353)
(-0.00409997,0.0210089)
(0.0216604,-0.027182)
(-0.00475893,0.0211538)
(0.0237004,-0.028808)
(0.00524756,0.00824174)
(0.00799875,-0.0140494)
(0.00403507,-0.00227388)
(0.000201399,-0.00600252)
(0.00990052,-0.00576497)
(-0.0111118,0.000482785)
(0.00201933,0.0105279)
(-0.00728735,0.00985816)
(-0.0105216,0.00735092)
(0.00150451,0.0142451)
(-0.0126464,-0.00213504)
(0.00449888,0.00712642)
(0.00817666,0.00791325)
(0.0081789,-0.00604081)
(-0.00183112,0.0196084)
(0.0265283,-0.0140742)
(-0.0087403,0.0245496)
(0.0272761,-0.0206618)
(-0.0119228,0.0226675)
(0.0185305,-0.0197939)
(0.0133219,-0.00640772)
(0.0181958,-0.00367981)
(-0.00701765,-0.00707564)
(0.00185357,0.00532921)
(0.00362352,-0.0118155)
(0.000893939,-0.00149817)
(0.00281609,0.00296937)
(0.00362714,0.00241854)
(-0.0210987,-0.00209218)
(0.00399929,0.00745316)
(-0.0156221,0.00402937)
(0.00751695,0.00775576)
(0.00643955,0.0142241)
(0.00641649,-0.000496967)
(0.00464318,0.0150815)
(0.0133843,-0.00425031)
(-0.00624259,0.0234056)
(0.0169192,0.00133381)
(-0.000809158,-0.00413344)
(0.0150218,-0.0012822)
(0.0142489,-0.0644616)
(0.011764,-0.00256492)
(-0.0402886,-0.0208871)
(-0.0091734,0.0330193)
(-0.000707628,-0.00486981)
(0.0108323,-0.000186343)
(-0.00234235,-0.00527177)
(0.010435,-0.00843305)
(-0.0184339,-0.00744515)
(0.0151703,-0.00306931)
(-0.0170871,0.00182269)
(0.00429233,-0.00615644)
(-0.00118429,0.00606581)
(0.000583877,-0.000172663)
(0.00091313,0.0140213)
(0.00662443,0.00666997)
(0.00621372,0.0118344)
(0.00874012,0.011658)
(0.0225969,-0.00322149)
(-0.000237208,0.0137791)
(0.0603141,-0.00990474)
(-0.0226511,-0.0192082)
(-0.0151313,0.0356466)
(-0.0317009,0.0113658)
(0.00044239,0.00445987)
(-0.00564686,-0.00634751)
(0.00568942,-0.00724264)
(0.00779702,-0.00454358)
(-0.0121697,-0.00664035)
(0.00763609,-0.0064593)
(-0.0137963,-0.00338748)
(0.00954425,-0.0148681)
(-0.00977353,-0.00337585)
(-0.00332922,0.00148318)
(-0.00546931,0.000854505)
(0.00594861,0.0072877)
(-0.00112032,0.00272858)
(0.00527446,0.019766)
(0.000435192,0.00388803)
(0.00924895,0.0234687)
(0.0088445,-0.0115789)
(-0.00375832,0.0188571)
(-0.00487172,-0.00117529)
(-0.00615892,0.0212714)
(0.00893308,-0.00899095)
(0.00420415,0.00976853)
(0.0101432,-0.0212317)
(0.0106907,0.00119107)
(-0.00280952,-0.0174022)
(0.0164383,-0.00476143)
(0.000566339,-0.00592696)
(0.013132,-0.0102174)
(-0.0123627,-0.00192397)
(-0.00491947,0.00694107)
(-0.0105965,-0.0073736)
(0.00106616,0.000495272)
(-0.0164513,-0.00259463)
(0.00293707,0.0171087)
(-0.00742766,-0.00191212)
(0.000653018,0.0313115)
(-0.0161182,0.00792045)
(0.00322804,0.038007)
(-0.0111801,-0.00800698)
(0.00267419,0.0310617)
(0.00254532,-0.0172694)
(0.00796836,0.0215805)
(0.0120867,-0.0251733)
(0.0120242,0.0129821)
(0.0118716,-0.0194181)
(0.013514,0.00109559)
(0.0141343,-0.0101422)
(0.01736,0.000442323)
(-0.0131235,-0.00431105)
(-0.00286292,0.00242058)
(-0.0166219,-0.0127619)
(0.0071683,0.0140935)
(-0.0099885,-0.0140613)
(0.00521901,0.0186707)
(-0.0081651,-0.00338929)
(-0.00726107,0.0334066)
(-0.0147142,-0.00337632)
(-0.0125585,0.0301014)
(-0.0243846,-0.00128744)
(-0.00153114,0.0328986)
(-0.0101215,-0.00686844)
(0.00987361,0.0215322)
(0.00229043,-0.00972542)
(0.0140482,0.011286)
(0.0148807,-0.0109419)
(0.0182163,0.00748748)
(0.0211524,-0.0128223)
(0.0168513,0.0054093)
(-0.0076322,0.000108308)
(-0.0117452,0.00309369)
(-0.00105492,-0.0076781)
(5.98821e-05,0.00708412)
(-0.00722472,-0.0126277)
(-0.00149802,0.0104739)
(-0.00145399,-0.00545337)
(-0.00660142,0.0169091)
(-0.0147139,-0.000158996)
(-0.00647516,0.0177019)
(-0.0149428,-0.00134993)
(-0.0035053,0.0182528)
(-0.0156085,0.00424959)
(0.00174318,0.00472466)
(0.00485408,-0.00155374)
(0.00408618,0.00424686)
(0.00699476,-0.00587433)
(0.0130301,0.00378609)
(0.00580964,-0.00774642)
(0.00705071,0.00353047)
(0.00421471,0.0010528)
(0.00162698,-0.00354344)
(0.00190758,0.0122191)
(0.00197441,-0.0129388)
(-0.0024847,0.0116974)
(0.000190255,-0.0228807)
(-0.00147605,-0.0021482)
(0.00110596,-0.0118866)
(0.00612755,0.00849381)
(-0.00305671,-0.0131662)
(0.00557728,0.0102424)
(-0.00407556,-0.00174586)
(0.000717501,0.0178029)
(-0.0108127,0.000190001)
(-0.00471916,0.0141572)
(-0.0010708,-0.0015977)
(-0.00660503,-0.000897552)
(0.000326066,-0.00139009)
(-0.00368165,-0.00415272)
(0.0060441,-0.0056358)
(0.00493205,0.00936369)
(0.00413729,-0.00872256)
(0.00589422,0.0172178)
(0.0107494,-0.0197209)
(-0.0056233,0.00456524)
(0.0145318,-0.0255641)
(0.00183635,0.00601337)
(0.0147698,-0.0328599)
(0.0109862,0.00379825)
(0.00633566,-0.0108018)
(0.0058626,0.00656043)
(-0.014032,-0.0103228)
(0.00556943,0.0136416)
(-0.0153,0.00423593)
(-0.00450272,0.0183032)
(-0.0118473,0.00259649)
(-0.0110633,0.0074978)
(0.00356973,-4.32984e-05)
(-0.0104738,-0.00474338)
(0.00984485,-0.000874937)
(0.00498172,0.00856238)
(0.0123121,-0.00948731)
(-0.000927777,0.0124812)
(0.0179715,-0.0132185)
(-0.00389009,0.012464)
(0.028379,-0.0206475)
(-0.00208321,0.0103033)
(0.0272769,-0.0223926)
(0.0186896,0.000272952)
(0.0180308,-0.00858309)
(-0.0091503,-0.0132113)
(-0.0149891,0.00219406)
(-0.00399886,-0.00776129)
(-0.0143751,0.0048387)
(-0.00790399,0.0113129)
(-0.0125628,0.0100134)
(-0.0149209,0.004354)
(0.000716797,0.0111966)
(-0.00915684,0.000480302)
(0.00480231,0.002538)
(0.00601415,0.00817858)
(0.00428834,-0.00517071)
(-0.00315992,0.0103196)
(0.0186919,-0.00392349)
(-0.00955693,0.022257)
(0.0319203,-0.0105808)
(-0.00936562,0.00296616)
(0.0238032,-0.00724076)
(0.0273536,-0.0475245)
(0.0145642,0.0237078)
(-0.0338098,-0.0110126)
(-0.0335453,0.0270464)
(-0.00341168,-0.0143762)
(-0.0119026,0.00978258)
(-0.000675272,0.00639795)
(-0.00652201,0.00357135)
(-0.0105605,-0.00444989)
(-0.00227495,0.01121)
(-0.0153615,-0.00328311)
(0.000406899,0.00517401)
(6.31978e-05,0.00653377)
(0.00294617,0.00142407)
(-0.00177885,0.0187152)
(0.0132378,0.0164123)
(-0.00728977,0.00508142)
(0.0150576,0.0059981)
(-0.0287671,-0.0665132)
(0.00134443,-0.0104829)
(0.0236071,-0.191219)
(0.054692,-0.00810709)
(-0.15116,-0.0313907)
(-0.0124916,0.15133)
(-0.00717125,-0.00791449)
(0.000618594,0.0320349)
(0.0150765,0.00129463)
(0.00902573,0.000569158)
(-0.00430443,-0.0016206)
(0.00695579,-0.00160424)
(-0.00653906,-0.00619795)
(0.00269455,-0.000992442)
(-0.00445748,0.00760522)
(-0.00770223,0.00243649)
(-2.19969e-05,0.00965698)
(0.0023645,0.0172548)
(0.0119448,0.00528973)
(0.000402406,0.032504)
(0.0614471,0.00322149)
(-0.020964,0.00632703)
(0.191424,0.031424)
(-0.0395577,-0.11273)
(-0.0284085,0.206279)
(-0.0854425,0.0269882)
(-0.0120532,0.0342154)
(-0.021808,-0.0185326)
(0.0145823,-0.00265071)
(-0.00997817,-0.0104778)
(0.0119075,-0.0137309)
(0.00442699,-0.00307267)
(0.0026216,-0.00592206)
(0.00148661,-0.0112626)
(-0.00599122,-0.00383066)
(-0.00660862,0.0101466)
(-0.00496157,0.00466139)
(-0.00254116,0.0162657)
(0.00548474,-0.00171878)
(0.00950564,0.0251436)
(0.0151444,-0.00564634)
(0.00444375,0.0233168)
(0.0315066,-0.0101777)
(-0.000947139,-0.0251098)
(0.00827481,0.0285455)
(-0.00551732,0.00159192)
(0.0178967,-0.00490982)
(-0.000348295,0.00564515)
(0.0146492,-0.0237347)
(-0.00201493,-0.00329463)
(0.0140199,-0.0266821)
(0.000497829,-0.00612092)
(0.00997687,-0.0165767)
(0.00730142,-0.0100457)
(-0.00938889,-0.00449026)
(-0.0089532,0.00291577)
(-0.00690483,-0.00800323)
(-0.000759229,0.0131159)
(-0.000477978,0.00108828)
(0.00582866,0.0152067)
(-0.00480922,0.00673463)
(0.0131369,0.0292925)
(-0.00879127,0.00216606)
(0.00118704,0.0116295)
(-0.00611144,-0.00132419)
(0.00773339,0.029795)
(0.00163142,-0.00707108)
(-0.000314171,0.00925521)
(0.0125369,-0.031449)
(0.00154477,0.000776158)
(0.0201714,-0.0273175)
(0.0143058,-0.00739264)
(0.012401,-0.0143226)
(0.0139068,-0.0124285)
(-0.0181459,-0.00111232)
(-0.00740611,0.00656145)
(-0.0104208,-0.00659342)
(-0.00123936,0.00561097)
(-0.00256383,-0.0103691)
(0.00205535,0.0235269)
(-0.00509888,0.00475085)
(0.000339355,0.0265394)
(-0.0173912,0.0148065)
(0.00230941,0.0324523)
(-0.0127745,0.00789149)
(0.00157515,0.0282056)
(-0.00907712,-0.0041355)
(0.00733979,0.0185304)
(0.00231044,-0.0176686)
(0.00808406,0.000154311)
(0.0116304,-0.0204936)
(0.0108534,-0.00218899)
(0.0195345,-0.010339)
(0.0106371,-0.00204107)
(-0.00297387,-0.000311039)
(-0.011253,0.0058514)
(-0.00372614,-0.00451918)
(-0.0104122,0.0108363)
(-0.00319559,-0.00542834)
(0.00187673,0.0106901)
(-0.00817283,-0.00132075)
(-0.0025105,0.0239468)
(-0.0101124,0.00651273)
(-0.00728198,0.0194957)
(-0.0132143,0.00646638)
(0.00123197,0.0160797)
(-0.00652226,0.00320652)
(0.00555073,0.0127026)
(0.00231349,0.00320019)
(0.00187191,0.00234524)
(0.00965477,-0.00240774)
(0.00150382,0.00186345)
(0.0101677,-0.00230502)
(0.00398085,-0.00109026)
(0.00466115,0.00799127)
(0.00174658,-0.00229716)
(-0.000416407,0.016185)
(0.00204961,-0.0128211)
(-0.00118524,0.0110842)
(0.00137968,-0.0126256)
(0.0022769,0.00760974)
(0.00111423,-0.013125)
(0.0114498,0.00765054)
(0.00203837,-0.00285626)
(0.00490649,0.0051501)
(-0.00316463,-0.00197661)
(0.00135641,0.0132729)
(-0.00835325,0.00404632)
(-0.00349093,0.0114791)
(-0.00688645,0.00131346)
(-0.00167444,0.0065917)
(0.00530189,-0.00358808)
(-0.00542829,-0.00463374)
(0.00407106,-0.00710432)
(-0.00218636,0.00665246)
(0.00829514,-0.00605668)
(-0.0034326,0.0109422)
(0.0108396,-0.0108453)
(-0.0026283,0.0134988)
(0.0155594,-0.0149836)
(0.00021265,0.00654718)
(0.0227849,-0.011406)
(0.0166391,0.00986121)
(0.00501666,-0.0117295)
(0.00826017,-0.00276434)
(-0.00682902,-0.00426875)
(0.00348354,0.00231616)
(-0.0141928,0.000682868)
(-0.00541909,0.0225269)
(-0.000831238,0.0063074)
(-0.00495384,0.00773871)
(0.00638785,-0.000215871)
(-0.00634025,-0.00428768)
(0.0092478,-0.00766617)
(0.00312818,0.00247557)
(0.00757572,-0.00879157)
(-0.00356,0.00647086)
(0.0154308,-0.00946113)
(-0.00197428,0.00457474)
(0.02979,-0.0149598)
(0.00664418,0.00986505)
(0.0205989,-0.00933174)
(0.0341434,0.0218498)
(0.00653861,0.026897)
(0.00900649,0.0229902)
(-0.0271599,-0.0156668)
(0.0112781,0.00660472)
(-0.0149138,0.00583406)
(-0.00230982,0.0162534)
(-0.000986426,0.00939606)
(-0.00787339,0.0111514)
(0.00571767,0.0108224)
(-0.00860803,-0.00173677)
(0.00607635,1.94115e-05)
(-0.000693207,0.0113192)
(0.00511097,0.000941255)
(-0.00321821,0.00722125)
(0.0116483,0.000755762)
(-0.00793587,0.0107293)
(0.0110972,-0.00825223)
(-0.00676106,0.0364649)
(-0.018553,0.000233763)
(0.0823606,0.0910171)
(-0.00572465,0.0736741)
(0.0209742,0.0433412)
(-0.0292059,-0.107378)
(0.0410175,0.0195563)
(-0.0288819,-0.0333256)
(0.0209849,0.0220023)
(-0.00492381,0.00175963)
(-0.00248172,0.0171259)
(0.000880391,0.0113188)
(-0.00525445,0.00354809)
(0.00302732,0.00194963)
(0.00471743,0.00812589)
(-0.0040674,0.000597674)
(-0.00110639,0.0137036)
(-0.00596181,0.00346871)
(-0.0347845,0.00669326)
(-0.01474,-0.00495501)
(-0.128637,-0.00746425)
(-0.0790522,-0.0446906)
(0.00287586,0.0216179)
(0.00876248,-0.00460777)
(0.00226601,-0.00471922)
(0.00803217,-0.00973173)
(0.101799,0.00535293)
(0.0387772,-0.0065964)
(0.0376853,0.021062)
(0.00649228,-0.0154243)
(0.01493,0.00860997)
(0.00704618,-0.000919752)
(-0.00342078,0.00600383)
(0.00401681,0.0037389)
(-0.00226738,0.0098544)
(-0.00974081,0.00103773)
(-0.00380124,0.0117305)
(-0.0082897,0.00946679)
(-0.00142486,0.00902676)
(-0.0103663,0.028319)
(-0.0287412,0.0213546)
(-0.00123429,0.0840503)
(-0.00918281,0.00488305)
(0.00350037,0.016605)
(-0.00434571,-0.0148615)
(-0.00195149,0.0162289)
(-0.00602312,-0.0556977)
(0.0187026,-0.110031)
(0.0141346,-0.0144414)
(0.001869,-0.0346505)
(0.013448,-0.00413454)
(-0.00335846,-0.00217801)
(0.00802437,-0.00556113)
(0.00632035,-0.00623325)
(-0.0039662,0.00336887)
(-0.00926878,-0.00806517)
(-0.0046748,0.00692647)
(-0.00327073,0.00205269)
(-0.0069179,-0.00169489)
(0.0036861,0.014572)
(-0.0372136,0.00605735)
(0.0164208,0.0124619)
(-0.0848894,-0.0561044)
(0.0322152,-0.0655076)
(0.037902,-0.0591616)
(0.0985625,-0.023312)
(0.0240264,-0.0400503)
(0.019188,-0.0374614)
(0.0153522,-0.0192063)
(-0.00722487,-0.0111628)
(0.0115359,-0.0194896)
(-0.000526482,-0.0140956)
(0.00601628,-0.0130327)
(0.00100481,-0.013773)
(-0.00810547,0.00215037)
(-0.00504996,-0.000707622)
(-0.00254016,0.00350511)
(-0.004791,-0.00925257)
(0.00542,0.000465083)
(-0.000404551,-0.00055088)
(-0.0153278,0.00378454)
(0.00769825,0.00492221)
(-0.0349278,0.00415581)
(0.0179649,-0.0158817)
(0.00772277,-0.00385565)
(0.0291371,0.000965219)
(0.00908042,-0.00961103)
(0.00162723,0.00324128)
(0.00223834,-0.0291729)
(-0.0115348,-0.0174368)
(0.00486306,-0.0250749)
(-0.00465817,-0.0231398)
(0.0130326,-0.00899126)
(-0.000184605,-0.0180189)
(-0.00891712,-0.00042975)
(-0.0116488,-0.00393349)
(0.000177263,-0.00726736)
(-0.00513721,-0.00143012)
(0.00581646,0.00502411)
(0.00434428,-0.00112889)
(-0.00394407,0.00339003)
(-0.00264328,0.0172826)
(-0.0088708,0.0134738)
(-0.00941655,0.0107772)
(0.00142168,0.0134389)
(0.00407472,0.0168651)
(-0.00507545,0.00270402)
(-0.00366277,0.00497727)
(0.0032235,-0.0135656)
(-0.0092076,-0.0105835)
(0.00843848,-0.0109361)
(-0.00563141,-0.0154404)
(0.00606172,-0.00936874)
(0.0038118,-0.0140358)
(-0.00561614,0.00140143)
(-0.0136857,-0.00140224)
(0.00425756,-0.00427713)
(-0.00640596,-0.00196261)
(0.000799132,-0.00494368)
(-0.0061792,0.00682112)
(-0.00121907,0.00330404)
(-0.0059537,0.010282)
(-0.00282093,0.00894591)
(-0.00367518,0.0133809)
(0.00298117,0.0157121)
(-0.00244973,0.00899234)
(0.00597858,0.00828907)
(-0.000688684,-0.00134053)
(0.00383442,0.00329311)
(-0.00306361,-0.00581207)
(0.00205274,-0.00229453)
(-0.00292081,-0.00704557)
(0.00204058,-0.000388578)
(0.00120841,-0.00362412)
(-0.00366086,0.00508724)
(0.00299629,0.00348649)
(-0.0039091,0.0118567)
(0.00155433,-0.0018722)
(0.00157883,0.0156148)
(0.00220358,-0.00693288)
(0.00405325,0.00903527)
(0.00607573,-0.00502572)
(0.0138467,0.00369099)
(0.00129802,-0.00690852)
(0.00801279,-0.00221815)
(0.00389624,0.00382409)
(0.00496428,-0.00353198)
(-0.00512245,0.00143903)
(0.00550393,0.00213228)
(-0.000891263,-0.0026862)
(0.00350493,-0.00209184)
(0.00425331,-0.00525623)
(0.00871328,0.000606235)
(0.00738474,-0.00604709)
(-0.00920414,0.00288812)
(0.00954856,0.0064743)
(-0.00725122,0.00900031)
(0.00785153,0.00229083)
(-0.0100133,0.00279612)
(0.0131107,-0.00301314)
(0.00863083,0.00445377)
(0.0125812,-0.0124517)
(0.0122261,-0.00280731)
(0.0118542,0.00302568)
(0.00915581,-0.00789544)
(-0.00141218,-0.00567115)
(0.00748195,-0.00676692)
(0.00106832,0.00593194)
(0.00354454,0.0102564)
(0.00396085,0.00450624)
(0.00592788,0.00225061)
(0.01467,-0.00407916)
(-0.00196145,-0.00774527)
(0.0132225,-0.0118213)
(-0.00190772,0.00461216)
(0.0140077,0.00778437)
(-0.010123,-0.00470618)
(0.0128244,0.00481806)
(0.00639367,-0.00628583)
(0.0192927,-0.00534931)
(0.0136895,-0.00698522)
(0.0138893,-0.00322705)
(0.0069105,-0.0152498)
(0.00607233,0.0312711)
(-0.0141263,-0.0290315)
(-0.00182121,-0.00745988)
(-0.0010059,-0.00662776)
(0.000320163,0.00902383)
(0.00918821,0.0209582)
(0.00695911,0.0178137)
(0.00681744,0.00668497)
(0.0166154,0.00394655)
(0.00353842,-0.00947574)
(0.0112397,-0.0115042)
(-0.00262601,0.0107585)
(0.00592163,0.0100667)
(-0.00504933,0.00562071)
(0.0085155,0.00762837)
(0.00104996,-0.00441392)
(0.00150574,-0.0121729)
(0.00118096,-0.00777274)
(-0.0181492,0.000196743)
(-0.0294495,-0.0201691)
(-0.00643245,0.107982)
(-0.106737,-0.106347)
(0.0122554,-0.0745195)
(-0.0013243,-0.0174019)
(-0.0102458,0.0193342)
(0.00862355,0.018036)
(0.00416901,0.0132549)
(0.0139851,0.013149)
(0.00921653,0.00287873)
(-0.000876229,0.00148317)
(0.00786334,-0.00375792)
(0.000350797,0.0163833)
(-0.00429569,-0.00223592)
(1.14758e-05,0.00608104)
(-0.00487461,-0.00107338)
(0.00874264,-0.00258953)
(-0.00475771,-0.0258778)
(0.0274867,-0.0342123)
(-0.048222,-0.0963453)
(-0.00797239,-0.0058109)
(0.0163071,-0.0140696)
(-0.00201752,0.0199275)
(0.00778449,0.0149317)
(-0.00353989,0.00919157)
(-0.026009,0.121925)
(0.019367,0.0222254)
(-0.0019969,0.0166635)
(0.00522351,0.0198959)
(0.00457475,0.00269059)
(0.00552004,0.00153904)
(0.00198838,-0.00457446)
(-0.000945117,0.0183448)
(-0.00345099,-0.00811563)
(-0.00363417,0.00554815)
(0.00868114,0.000884662)
(0.0343346,-0.00446381)
(0.0173175,0.0181054)
(0.122433,-0.0160897)
(0.0598377,0.0432614)
(-0.00279194,0.0127224)
(0.000855389,-0.0220199)
(0.0178425,0.0150315)
(0.00147025,-0.00918438)
(-0.119887,-0.0285015)
(-0.0470171,-0.00168253)
(-0.0243669,0.00671679)
(-0.0155631,-0.00632596)
(0.00613624,-0.00230022)
(-0.00588995,-0.00897381)
(-0.000541476,-0.00234224)
(-0.000688234,-0.00312443)
(-0.00676852,0.0108058)
(-0.00368747,-0.0128808)
(-0.00521613,0.0160834)
(0.00523866,-0.0193929)
(0.00916191,-0.00258835)
(0.0102179,0.000296925)
(0.00698913,0.00563342)
(-0.00286872,0.0179558)
(-0.048369,-0.00550781)
(-0.0791115,0.00828207)
(0.0594044,0.0248513)
(-0.0494835,0.0797678)
(-0.0111036,-0.00152869)
(-0.0425707,0.0257584)
(-0.00458627,-0.00571658)
(-0.0218953,-0.0105478)
(-0.00271822,-0.0101354)
(-0.00988241,-0.0157679)
(-0.000356326,-0.00511467)
(-0.00278432,-0.0121098)
(-0.00807739,0.00130646)
(-0.00717102,-0.0166352)
(-0.00823381,0.0018789)
(-0.00315388,-0.0224255)
(0.00371434,0.0110346)
(0.00768761,-0.0290792)
(0.00706793,0.0124337)
(-0.0131725,-0.0166105)
(-0.0148146,0.0136493)
(-0.0376372,-0.0104015)
(0.0286739,0.00735147)
(-0.0235222,0.0211005)
(0.0074867,-0.000145928)
(-0.0195705,0.00804172)
(-0.0102777,-0.0190605)
(-0.0195875,-0.0184817)
(0.00293842,-0.0172617)
(-0.0106893,-0.0168517)
(-0.00157779,-0.0102692)
(-0.00352887,-0.0137863)
(-0.0092032,-0.00275448)
(-0.00591342,-0.00810248)
(-0.00757786,-0.00551595)
(-0.00161089,-0.0186907)
(0.00185965,0.00328801)
(-0.00699691,-0.0222934)
(0.00461776,0.0113109)
(-0.00841548,-0.0116534)
(0.00392871,0.015882)
(-0.0156474,-0.00657603)
(0.019128,0.0178464)
(-0.00965809,0.00869098)
(0.00296878,0.00276645)
(-0.00979074,-0.00101575)
(-0.00580345,-0.0153194)
(-0.015633,-0.00552415)
(-0.0045162,-0.0160854)
(-0.0118618,-0.00538077)
(-0.00133881,-0.00499089)
(-0.00491231,-0.00718568)
(-0.00212052,0.00104613)
(-0.00611609,-0.00833671)
(-0.00309022,-0.00389449)
(-0.00604782,-0.00974641)
(0.00147839,0.0030997)
(-0.00734441,-0.0140237)
(-0.000182726,0.00564371)
(-0.00952064,-0.000863999)
(0.00552411,0.00890793)
(-0.00919439,-0.000795168)
(0.0147064,0.0104448)
(-0.00158248,-0.000828297)
(0.00587263,-0.00206752)
(-0.0071446,-0.00384287)
(0.0060193,-0.00268375)
(-0.0100031,-0.00640513)
(0.00465529,-0.00611511)
(-0.00627643,-0.00505008)
(-0.00499479,-0.00213719)
(8.20259e-05,-0.00746125)
(-0.0005134,0.00285283)
(0.00108605,0.00442095)
(-0.00398613,0.00283018)
(-0.00227723,0.0026196)
(0.00334164,0.00579401)
(-0.000134495,-0.0016545)
(0.00864639,0.00337886)
(0.000171689,-0.00890767)
(0.00885356,-0.00191489)
(0.00109488,-0.00891065)
(0.00192109,-0.010496)
(-0.00475403,-0.00461634)
(0.00159868,-0.00326755)
(-0.00387253,-0.00636377)
(0.00773395,0.00519739)
(-0.000375487,-0.00955638)
(0.0182638,0.00760053)
(0.00642956,-0.00901246)
(0.00861181,0.00417438)
(0.00589864,-0.00991577)
(-0.0099771,0.00398373)
(0.00153473,0.0139699)
(-0.01609,-0.00241911)
(0.00503902,0.0154512)
(-0.00155182,-0.000535342)
(0.0019558,0.0120629)
(-0.00154101,0.00102642)
(0.0100289,-0.00386683)
(0.0143589,-0.00869938)
(0.001656,-0.0098219)
(0.00685342,-0.016583)
(0.00113796,-0.00733506)
(0.00269906,-0.0100679)
(-0.00783644,-0.0013815)
(0.00686593,0.00349554)
(0.00529654,-0.00455818)
(0.0114831,0.00458968)
(0.015117,-0.0157976)
(0.00412225,-0.00283141)
(0.0112799,-0.0213087)
(-0.00994325,0.00621907)
(0.00718639,0.0177119)
(-0.0181906,-0.00419598)
(0.00424917,0.0213769)
(-0.00708943,-0.00803527)
(0.00888795,0.0111622)
(0.00604163,-0.00802912)
(0.00616965,0.000442565)
(0.0186771,-0.0102723)
(0.003237,0.0102471)
(0.0100686,-0.0208438)
(-0.000344658,-0.00873523)
(0.0162788,-0.00704639)
(0.00283717,0.0126602)
(0.0143073,0.0114934)
(0.00868507,0.00788011)
(0.00956678,0.00708825)
(0.0198966,-0.0161293)
(-0.00541013,-0.00200726)
(0.0157285,-0.0261225)
(-0.0100444,0.0140166)
(0.00585657,0.0106171)
(-0.0174497,0.0050023)
(0.00322202,0.0122841)
(-0.0144969,-0.00302295)
(0.00108286,0.0024203)
(-0.000625564,-0.00759467)
(-0.0164426,0.0104537)
(0.0138579,0.00518564)
(-0.0268064,0.0645943)
(0.0167031,-0.0444822)
(-0.00769928,-0.0438457)
(0.0176365,-0.0150295)
(-0.00693776,0.00575737)
(0.0159342,0.0248934)
(0.0113106,0.00947088)
(0.0105636,0.0237782)
(0.0167798,-0.00556958)
(0.00181302,0.00616085)
(0.0106243,-0.0153588)
(-0.010384,0.00968092)
(0.000888282,0.00401573)
(-0.0204956,0.00399661)
(0.00673781,0.00227347)
(-0.0151306,-0.00649798)
(-0.0145297,-0.000681063)
(0.0266643,0.00730629)
(-0.0387513,0.0109082)
(0.0338045,0.0729545)
(-0.0488307,0.0676014)
(0.0743747,0.00589925)
(-0.00387921,-0.143592)
(0.0210822,-0.0091955)
(-0.0167326,0.00447965)
(0.014586,0.0183288)
(0.00362111,0.00723596)
(0.0101109,0.0246414)
(0.0119865,-0.00644815)
(-0.00351427,0.0117343)
(0.00488705,-0.00939323)
(-0.0161613,0.01107)
(0.00439324,-0.00663638)
(-0.0114468,0.0121144)
(0.0105958,-0.00621952)
(0.00107984,-0.00721416)
(0.0146084,0.00325683)
(0.0314236,-0.0224984)
(0.0125704,0.0396638)
(-0.0654375,-0.0563747)
(0.0247946,0.0767994)
(-0.0513454,-0.0792178)
(0.0686779,-0.0497984)
(-0.0283519,-0.0137177)
(0.00408209,0.00902063)
(0.00312131,0.0236859)
(0.00570025,0.00361453)
(0.00575429,0.0154722)
(-0.00401094,-0.00657265)
(-0.00163507,0.00501571)
(0.00331479,-0.00536901)
(-0.00954957,0.010071)
(-0.000449523,-0.0215338)
(-0.0111545,0.0111744)
(0.0104041,-0.0236293)
(0.00418464,0.0121619)
(0.0169213,-0.0271403)
(0.0120003,0.00968439)
(0.000394707,-0.00930349)
(-0.0215354,-0.00966307)
(-0.0182608,0.0061148)
(0.0107307,0.00149954)
(-0.005559,0.0214535)
(0.00691596,0.00932574)
(-0.00380359,0.0109399)
(-0.00118348,0.0171448)
(-0.00287015,-0.00227981)
(0.00301025,0.00743983)
(-0.00705923,-0.0155668)
(-0.00141463,0.000506875)
(-0.00405192,-0.0119607)
(-0.0137301,-0.00174731)
(-0.00159554,-0.0166432)
(-0.0138721,0.00380387)
(-0.0029363,-0.0319836)
(-0.00113661,0.0115963)
(-0.00432014,-0.0410536)
(0.0122587,0.0184823)
(0.00938056,-0.0361711)
(0.0118158,0.021806)
(-0.0193596,-0.0244859)
(0.0245855,0.0144963)
(-0.00389492,-0.00400518)
(0.00855936,0.00884642)
(0.000117717,0.00365773)
(-0.00138548,-0.000338764)
(-0.0074658,-0.00268756)
(-0.000363004,-0.00655923)
(-0.00795561,-0.0133506)
(-0.0030947,0.000822189)
(-0.00847028,-0.0136027)
(-0.00120152,-0.00711633)
(-0.00613232,-0.012881)
(-0.00204769,-0.00926795)
(-0.000120067,-0.0261112)
(0.00416725,0.00495735)
(-0.00144948,-0.0287188)
(0.00679137,0.0126615)
(-0.0126045,-0.0201367)
(0.0125938,0.0167922)
(-0.0081883,-0.0162403)
(0.0218776,0.0171868)
(-0.00675923,-0.00601591)
(0.00907491,0.00427033)
(-0.0129071,-0.000956618)
(0.00235656,-0.0134912)
(-0.0107688,0.00165097)
(0.00267492,-0.0106745)
(-0.00329498,0.0015485)
(-0.00801793,-0.00750889)
(-0.00057035,-0.00384944)
(0.00232888,-0.00298346)
(-0.0036843,-0.00523843)
(0.00405064,-0.00596951)
(-0.00109464,-0.013262)
(0.00335633,0.00114097)
(-0.00393708,-0.0209777)
(0.00592076,0.00814991)
(-0.00407054,-0.0137328)
(0.00895426,0.0100364)
(-0.00903415,-0.00922012)
(0.015494,0.00849633)
(-0.0131262,-0.00729593)
(0.0142491,-0.00185921)
(-0.00149611,-0.00655433)
(0.00551265,-0.00338153)
(-0.00581238,-0.00504717)
(0.003325,-0.0142868)
(-0.00146283,-0.0061064)
(-0.00193455,-0.00242216)
(0.00159369,-0.00736606)
(-0.00715725,0.0029863)
(-0.00152961,0.00853352)
(-0.0110417,-0.00806172)
(-0.000351617,0.0156113)
(-0.00192181,-0.0105285)
(-0.00653204,0.00994695)
(0.00840529,-0.011606)
(-0.0048704,-0.00416452)
(0.00819146,-0.00825285)
(-0.00579952,-0.00238563)
(0.00753533,-0.0104971)
(-0.00791295,-0.00739881)
(0.00521987,0.000107188)
(-0.00462246,-0.0011808)
(0.0128898,0.00808886)
(-0.000523692,-0.0130993)
(0.00924896,0.0127821)
(0.00965824,-0.00735761)
(0.00616426,0.0122556)
(0.00618493,-0.00568239)
(-0.0156245,-0.000832247)
(0.00478195,0.0240855)
(-0.0153846,-0.0100774)
(0.00198195,0.0266146)
(-0.00283672,-0.0173484)
(0.00499078,0.0202396)
(0.0133512,-0.0121906)
(0.00555724,0.00496585)
(0.00996827,-0.011448)
(-0.00733316,-0.00762961)
(0.0125651,-0.017424)
(-0.00277065,-0.00660584)
(0.00586074,-0.00897006)
(-0.00835434,0.00116031)
(0.0026542,0.00834228)
(0.00768329,-0.00739721)
(0.00920923,0.00972165)
(0.0221128,-0.0129063)
(-0.00226306,0.00620878)
(0.00819862,-0.0207846)
(-0.0143253,0.00375192)
(0.00687671,0.0252237)
(-0.0163312,-0.00713819)
(0.0088018,0.0326745)
(-0.00287514,-0.0170492)
(0.0114128,0.0266685)
(0.00393912,-0.0123201)
(0.00469149,0.00706977)
(0.00976104,-0.0130893)
(-0.0029511,0.00148818)
(0.0115676,-0.0175731)
(-0.00531296,-0.00720214)
(0.00859323,-0.00361221)
(-0.00357124,0.0128012)
(0.00697604,0.0122123)
(0.00568101,0.0029479)
(-0.000549819,0.0133753)
(0.0128513,-0.0126876)
(-0.00368817,0.00196597)
(0.0131241,-0.0188901)
(-0.00906033,0.00972669)
(0.00936576,0.022252)
(-0.0230468,0.00418517)
(0.0140043,0.0239915)
(-0.0154249,-0.00968989)
(0.00222104,0.0108905)
(-0.00856171,-0.0067683)
(-0.00255397,0.00575943)
(0.00861104,-0.00375587)
(-0.0120847,0.00960322)
(0.00895189,-0.00981269)
(-0.013053,-0.00815301)
(0.0120623,0.00196158)
(-0.00431826,0.0118561)
(0.00813062,0.0302606)
(0.0111262,0.0128532)
(0.00613899,0.0202198)
(0.0171123,-0.00662697)
(-0.0110219,0.00773483)
(0.0109335,-0.0123894)
(-0.0152091,0.00619747)
(0.00896102,0.0142731)
(-0.0236663,0.00803731)
(0.00547413,0.0147786)
(-0.0214901,-0.00316282)
(0.00390171,-0.00095263)
(-0.0130052,0.00122751)
(-0.0196814,0.00788919)
(0.000533871,0.0253432)
(-0.0215637,0.0381716)
(0.0149359,0.00498581)
(-0.0204977,-0.0169816)
(0.0106377,0.0157654)
(-0.00260405,0.0186197)
(0.0122343,0.0401121)
(0.0142595,0.0166413)
(-0.000507202,0.0295586)
(0.0150983,0.00546307)
(-0.00708906,0.0150114)
(0.0130876,-0.00247117)
(-0.0100476,0.0143337)
(0.00513627,0.00657919)
(-0.0224499,0.0106604)
(0.0160348,-0.0030704)
(-0.00808886,0.00351753)
(0.0107792,-0.00435957)
(-0.00581355,-0.00229486)
(0.0080202,-0.00412081)
(-0.0153175,-0.00602802)
(0.012162,0.0295872)
(-0.00465438,0.000544845)
(0.0193259,0.0192598)
(0.00712698,0.0249862)
(0.0113617,0.0249996)
(0.0156838,0.0410618)
(0.0103875,0.0159153)
(0.00628644,0.0275831)
(0.00419118,0.00284046)
(-0.0101965,0.00887841)
(0.00578903,-0.00630407)
(-0.0146699,0.0013602)
(0.00699448,-0.0111301)
(-0.0119024,0.0133846)
(0.00606296,-0.0197983)
(0.00291545,0.0159364)
(0.00930676,-0.0306212)
(0.0181634,0.0213318)
(0.0111383,-0.0217305)
(0.00672508,0.0186704)
(0.00791284,-0.00407236)
(0.0131151,0.0185574)
(0.0138001,0.00337803)
(0.0207948,0.033602)
(0.0108484,0.00838565)
(0.00921095,0.0343592)
(0.00464311,0.000664452)
(-0.00490036,0.0136482)
(-0.00360628,-0.0181279)
(-0.00428123,0.00559088)
(-0.00025684,-0.013555)
(-0.00804514,-0.00549083)
(0.00291369,-0.0123362)
(-0.00947661,-0.00318109)
(0.00335382,-0.0298738)
(-0.00102273,0.0115436)
(0.00447618,-0.0252949)
(0.0123118,0.0195303)
(-0.00369021,-0.0334395)
(0.0177537,0.022604)
(0.00299469,-0.020493)
(0.0203287,0.0181323)
(0.00270574,-0.0105362)
(0.0164344,0.0165373)
(2.70505e-05,-0.000673256)
(0.00210748,0.00413453)
(-0.00500517,-0.00681368)
(-0.001169,0.000552912)
(-0.009628,-0.0132851)
(-0.00636213,-0.00518761)
(-0.00185964,-0.0181034)
(0.00244749,-0.0126465)
(0.000981592,-0.00601359)
(0.00367152,-0.00821687)
(0.00662987,-0.0226738)
(0.00901801,0.0017345)
(0.0024185,-0.0267384)
(0.0123861,0.0112216)
(-0.00270859,-0.014098)
(0.0102306,0.00872797)
(-0.00757391,-0.0135132)
(0.016998,0.00786264)
(-0.00277623,-0.00825472)
(0.00805027,-0.00253344)
(-0.00254084,-0.00569032)
(0.0065976,-0.0106237)
(-0.0065046,0.000906668)
(-0.00446406,-0.0138301)
(-0.0136651,-0.00530281)
(-0.00230705,-0.00661264)
(0.00135915,-0.014027)
(0.0068802,-0.00695334)
(-0.000748021,-0.00775556)
(0.0147283,-0.00852702)
(0.00214237,-0.0188681)
(0.0112554,-0.00250866)
(0.00407596,-0.0192473)
(0.00544249,0.00303699)
(-0.00329474,-0.0127738)
(0.00837373,0.000550581)
(-0.000573377,-0.00627588)
(0.00996657,-0.00426437)
(-0.00104539,-0.00636367)
(0.00827155,-0.0128996)
(-0.00260202,-0.00777996)
(0.00616464,-0.0138878)
(-0.00126991,-0.000360231)
(0.000620353,-0.00849069)
(-0.0031599,-0.00160913)
(-0.00371331,0.000442158)
(0.00161753,-0.00768594)
(-0.00769133,-0.00707854)
(0.000937227,0.0162477)
(-0.0108724,-0.0132494)
(0.00159579,0.0193456)
(-0.00805432,-0.0163264)
(-0.00405011,0.0118181)
(0.00169716,-0.0135291)
(-0.0046831,0.00454658)
(0.00578646,-0.0119314)
(-0.0120205,-0.000500193)
(0.00611267,-0.0104864)
(-0.00321321,0.00206907)
(0.00500629,-0.00586465)
(-0.00429316,0.00382732)
(0.00106608,-0.00308177)
(0.00823021,-0.00685635)
(0.00718541,0.0112026)
(0.014679,-0.00504471)
(-6.63784e-05,0.01281)
(0.010581,-0.0067807)
(-0.0191737,-0.00495134)
(0.0018932,0.0226744)
(-0.0201758,-0.0193197)
(0.00529857,0.0225979)
(-0.00722894,-0.0203788)
(0.00261564,0.0218803)
(0.00700464,-0.0172868)
(-0.00508969,0.00930565)
(0.0137588,-0.0148378)
(-0.00853132,0.00375433)
(0.0107614,-0.0144373)
(-0.00808579,-0.000151227)
(0.00624919,-0.00969115)
(-0.00101564,0.000730416)
(0.00389787,0.00324947)
(0.0083169,-0.00368098)
(-0.0018897,0.00562754)
(0.0131259,-0.0118464)
(-0.00383132,0.010633)
(0.00717276,-0.0154108)
(-0.0151121,-0.00110438)
(0.00594889,0.0205902)
(-0.0157194,-0.00618205)
(0.0113799,0.0268155)
(-0.000457329,-0.0186715)
(0.00574655,0.0255012)
(0.00876147,-0.0169776)
(0.00299509,0.0152093)
(0.00856603,-0.00534401)
(-0.00848075,0.0053271)
(0.0100851,-0.00467857)
(-0.00265791,0.00255665)
(0.00450017,-0.000720239)
(-0.0106787,0.0029958)
(0.00276758,-0.00036138)
(-0.00357562,-0.000300834)
(-0.00391734,-0.00134905)
(0.0100704,-0.0134061)
(-0.00861537,-0.000714792)
(0.00479085,-0.0176465)
(-0.0153069,0.00124634)
(0.0101041,0.0195965)
(-0.0114566,-1.67284e-05)
(0.00959192,0.0275421)
(-0.00207041,-0.0109138)
(0.0111246,0.0291056)
(-0.0041462,-0.00945165)
(-0.00321095,0.0165435)
(0.00666956,0.000409228)
(-0.00923513,0.00995608)
(0.00939183,0.00446785)
(-0.00976955,-0.000450433)
(0.01315,0.00459189)
(-0.00556672,0.0128543)
(0.00934099,0.0139786)
(-0.00148325,0.00864459)
(-0.0055052,0.0108244)
(0.00822162,-0.00693285)
(-0.00920201,0.00259845)
(0.0107464,-0.0126831)
(-0.0120685,0.00360852)
(0.0133169,0.0219804)
(-0.0203506,0.00460046)
(0.0131455,0.0192806)
(-0.0158489,-0.00151956)
(0.0125677,0.0166293)
(-0.0101981,-0.00394556)
(-0.00230442,0.00385542)
(-0.00598154,0.00996919)
(-0.0114857,0.0146676)
(0.00158951,0.0140906)
(-0.00379663,0.00898001)
(0.00923686,0.0265231)
(-0.0072885,0.0134429)
(0.0135484,0.0373592)
(0.00251146,0.0112745)
(-0.000214251,0.0277746)
(0.00959587,0.00209091)
(-0.00769558,0.00838234)
(0.00906433,-0.00368698)
(-0.0123811,0.00425588)
(0.00915387,0.00927777)
(-0.0234149,0.00981024)
(0.0139267,0.0105092)
(-0.0165843,0.00463218)
(0.0172562,-0.00166842)
(-0.0111937,0.00725898)
(0.00443968,0.00378639)
(-0.00910404,0.00932777)
(0.0100085,0.00859991)
(-0.00184305,0.0162312)
(0.00578987,0.016249)
(0.0206669,0.0340784)
(0.00613449,0.0178661)
(0.0213915,0.0497361)
(0.0109272,0.0050036)
(2.6749e-05,0.0237095)
(0.00771778,-0.00283797)
(-0.00546773,0.00859621)
(0.00722172,-0.00615867)
(-0.00874415,-6.35822e-05)
(0.00800302,-0.00607449)
(-0.016645,0.00405485)
(0.0149076,-0.0138095)
(-0.0106384,0.0100484)
(0.0107091,-0.00594188)
(-0.00266456,0.0130124)
(0.00855133,-0.0189438)
(0.00451985,0.0195613)
(0.0098765,-0.00279016)
(0.00962283,0.0204862)
(0.00941373,-0.00142248)
(0.0192568,0.0330376)
(0.0040092,0.00424763)
(0.0184563,0.0343465)
(0.00535221,-0.00874844)
(0.00579419,0.0178057)
(0.000812397,-0.0205083)
(-0.00316453,0.00245253)
(0.00248437,-0.0199811)
(-0.00848416,-0.00560037)
(0.0058332,-0.0141462)
(-0.0149829,-0.00495876)
(0.00422074,-0.0186208)
(-0.0126412,0.00554636)
(0.0075743,-0.0135969)
(-0.00696265,0.0116291)
(0.00200588,-0.00825416)
(-5.31734e-05,0.0117174)
(0.00595763,-0.0144368)
(0.00961069,0.0162238)
(0.00641778,-0.00849564)
(0.0117855,0.0111807)
(0.00539954,-0.00438045)
(0.0101819,0.0125764)
(-0.00176707,-0.00474519)
(0.00272603,0.00882126)
(-0.000292249,-0.0196976)
(-0.000353544,0.00259129)
(0.00214051,-0.0259334)
(0.0078689,-0.00293698)
(0.00454257,-0.00948111)
(0.00282825,-0.0112274)
(0.00846161,-0.0199914)
(-0.00569393,-0.00722909)
(0.00745707,-0.0162163)
(-0.00913979,0.00835335)
(0.00814646,-0.00448124)
(-0.000401767,0.00200469)
(0.00947091,-0.00999003)
(0.00276149,0.00466812)
(0.0123845,-0.00473159)
(0.00502851,-0.00688637)
(0.00785025,-0.0043363)
(0.00874333,-0.0034214)
(0.00524546,-0.00234493)
(0.0071083,-0.00201448)
(0.0021278,-0.0146582)
(0.00127377,0.00565481)
(0.00238038,-0.0187467)
(0.0121462,-0.003606)
(-1.93791e-05,-0.00601096)
(0.0105856,-0.00906521)
(0.0056201,-0.0139898)
(0.00454323,-0.00735768)
(0.00788483,-0.0121179)
(-0.00457663,0.000449526)
(0.00577061,-0.00818875)
(-0.00216334,-0.000997083)
(0.0111846,-0.00499252)
(-0.00244359,-0.00714445)
(0.00948902,-0.00573591)
(0.00335942,-0.0106137)
(0.00969888,-0.00424835)
(0.00804567,-0.0125584)
(0.0059766,-0.000185936)
(0.00316627,0.000462331)
(0.00377797,-0.00745447)
(0.00110861,0.00518837)
(0.00547649,-0.00818254)
(-0.00445024,-0.00340146)
(0.00247988,0.00638668)
(-0.0104218,-0.0086655)
(0.00656986,0.0131131)
(-0.00666538,-0.0102295)
(0.00768707,0.00899303)
(-0.00277059,-0.0103348)
(-0.0015918,0.0066988)
(0.00110088,-0.0118637)
(-0.00676021,0.00433222)
(0.00242726,-0.0107224)
(-0.00468756,0.00150381)
(0.00186555,-0.0113536)
(0.0024573,-2.8143e-07)
(8.59623e-05,-0.00877357)
(0.00573613,-0.00488426)
(-0.00489964,-0.000938151)
(0.00701527,-0.00517681)
(-0.00607471,0.000938675)
(0.00142176,-0.00910203)
(-0.0123421,-0.00690951)
(0.00172114,0.0134875)
(-0.0138746,-0.00803333)
(0.00883011,0.0138023)
(-0.00879173,-0.0180322)
(0.00114355,0.010194)
(0.000965039,-0.0117982)
(-0.00238963,0.00711555)
(0.00611059,-0.0141664)
(-0.00534428,0.00557503)
(0.00667486,-0.00901387)
(-0.00110258,0.00266403)
(0.00504431,-0.00710542)
(0.000410342,-0.00212643)
(-0.00596786,-0.00850124)
(0.0109752,-0.0064279)
(-0.00449149,0.00239943)
(0.00734312,-0.0134264)
(-0.00779431,0.00108617)
(0.000348735,-0.00714493)
(-0.0184738,-0.00435246)
(0.00344849,0.0128457)
(-0.0175501,-0.0133288)
(0.00313331,0.0109572)
(-0.00375386,-0.0126721)
(0.000637786,0.0181146)
(-0.00127338,-0.0163032)
(0.000378501,0.0127518)
(-0.000436712,-0.00825541)
(-0.00490576,0.00819456)
(0.000142057,-0.00372495)
(-0.00415909,0.00481409)
(-0.000632827,-0.00825727)
(-0.00790764,0.00151979)
(0.00136999,-0.00859278)
(-0.0023891,-0.00737189)
(-0.00344248,-0.00980782)
(5.99446e-05,-0.0202775)
(-0.00919394,-0.00614221)
(0.00101764,-0.0187459)
(-0.0118869,-0.00734995)
(0.00633893,0.0106223)
(-0.0134875,-0.00111209)
(0.00586745,0.0134632)
(-0.00731042,-0.0111754)
(0.00479329,0.0185926)
(-0.00145559,-0.0106326)
(-0.00182856,0.0147656)
(0.0029345,-0.0041934)
(-0.00441897,0.00689584)
(0.00467687,-0.00242219)
(-0.00677165,0.00736135)
(0.00356081,0.00158658)
(-0.00786698,0.002098)
(0.00128077,0.0019418)
(-0.00573881,-0.00571006)
(-0.00360728,-0.00244683)
(0.00701847,-0.0147927)
(-0.00738464,-0.00623781)
(0.00152061,-0.0134562)
(-0.00663425,-0.00229047)
(0.00439267,0.0101695)
(-0.0134115,-0.00119897)
(0.0110604,0.0111001)
(-0.00786436,-0.00439418)
(0.00720018,0.01129)
(-0.0101775,-0.00531613)
(-0.000238187,0.0134886)
(-0.000544906,-0.00199016)
(-0.00441118,0.00929529)
(0.000713625,0.0072812)
(-0.00248065,0.00950678)
(0.0106354,0.0104899)
(-0.00118437,0.00845644)
(0.0110819,0.023837)
(-0.00250694,-0.00105636)
(-4.06807e-05,0.00768562)
(0.00744678,-0.00762294)
(-0.00686685,0.00288945)
(0.00563939,-0.012447)
(-0.00740185,0.00271245)
(0.00920508,0.00354502)
(-0.0170911,0.00301551)
(0.0159162,0.00241949)
(-0.0158706,0.0059229)
(0.0132453,0.00938853)
(-0.0112956,0.007281)
(0.00585664,0.000735098)
(-0.00561994,0.006843)
(0.00326024,0.00883617)
(0.00190586,0.0178493)
(3.34105e-05,0.00757705)
(0.0145909,0.0204356)
(-0.00260192,0.00439788)
(0.0127166,0.0264689)
(0.00414929,-0.00123023)
(0.00336109,0.0198009)
(-9.38549e-05,-0.013519)
(2.11573e-05,0.00666469)
(0.000567918,-0.00990962)
(-0.0087208,-0.0034429)
(0.00336096,-0.0049682)
(-0.0148322,-0.00275088)
(0.0157456,-0.00391689)
(-0.014663,0.00317354)
(0.0133759,0.000415772)
(-0.0101205,0.0117286)
(0.00733919,-0.000877815)
(-0.0051685,0.00884688)
(0.00644673,-0.0053642)
(0.00377257,0.0147031)
(-0.00352115,-0.00383378)
(0.013908,0.0222597)
(-0.00443181,0.00147745)
(0.0164868,0.0233047)
(0.00215834,-0.00526971)
(0.00278815,0.0131603)
(0.00354675,-0.0164605)
(-0.000741819,0.00417355)
(0.00146459,-0.02234)
(-0.00165164,-0.00371173)
(0.00432355,-0.00737316)
(-0.015139,-0.00848671)
(0.00885171,-0.00399773)
(-0.0166926,0.00126013)
(0.0068667,9.87716e-05)
(-0.0147198,0.00901665)
(0.0103651,-0.00173026)
(-0.00507394,0.00924094)
(0.00771862,-0.0116429)
(0.002092,0.00704117)
(0.00304074,-0.0105044)
(0.00666221,0.00447056)
(-0.00388158,-0.00524534)
(0.00760949,0.00746092)
(0.00467122,-0.00606039)
(0.00423703,0.00400607)
(-0.0031357,-0.0132426)
(0.000442525,0.00332041)
(0.000984251,-0.0132871)
(0.000170293,-0.00442475)
(-0.000461879,-0.00545357)
(-0.0047091,-0.0095086)
(0.00695447,-0.00643887)
(-0.00821298,-0.00808141)
(0.00865328,-0.00102297)
(-0.0105711,0.00163469)
(0.00543411,-0.00316098)
(-0.00796772,0.00461767)
(0.0122409,-0.00638384)
(-0.0057672,0.00140083)
(0.00884188,-0.00869126)
(0.00293565,0.000132306)
(0.00801817,-0.0020973)
(0.0016852,-0.00311968)
(0.0069713,-0.00316592)
(0.00471406,0.00333175)
(0.00525616,-0.00647484)
(0.00182478,0.00609204)
(0.00242972,-0.00991106)
(0.00430123,-0.0102691)
(-0.00144929,-0.004164)
(0.00400953,-0.00859117)
(0.00271485,-0.00532369)
(0.00316351,-0.00788253)
(0.00604485,-0.00764354)
(-0.00330291,-0.000205056)
(0.00546914,-0.00242086)
(-0.00494996,0.00167256)
(0.0123981,-0.00464785)
(-0.00287067,-0.00339448)
(0.00715382,-0.00366216)
(0.00172462,-0.00464558)
(0.00920009,-0.00494885)
(0.0029214,-0.00363167)
(0.0094198,-0.00257906)
(0.00680088,0.00395704)
(0.00446651,-0.00310875)
(0.000316425,-0.00243033)
(0.00363921,-0.00506773)
