(0.00423457,-0.00467536)
(-0.000537547,0.000228804)
(0.00177444,-0.00128151)
(-0.00131372,-0.00240385)
(0.00519587,-0.0023449)
(-0.00195828,0.00267911)
(0.000221001,0.00172934)
(0.000294791,0.00469075)
(-0.000944643,0.00143108)
(-0.00030093,0.00330409)
(0.00099855,0.00201598)
(-0.00214696,0.00163135)
(-0.00168916,0.00557204)
(-0.00191376,-0.00252151)
(-0.00122731,0.00314778)
(0.000306575,-0.00106924)
(-0.00342216,-0.000279331)
(-0.00122058,0.00151796)
(-0.00065225,-0.00169136)
(0.00197236,0.00176948)
(0.00116916,-0.0015795)
(-0.000378934,-0.000904343)
(0.00267777,-0.00141929)
(0.00135059,0.00157192)
(0.00301449,-0.00184309)
(0.00299052,0.00154778)
(0.00423128,-0.00146495)
(0.0024229,0.0025269)
(-0.00240993,-0.00257105)
(0.000667423,0.00247531)
(0.00247971,0.00050209)
(0.00259156,0.000258732)
(0.00334615,9.92225e-05)
(-0.000989429,-0.00280914)
(-0.00198204,0.00113892)
(-0.00300858,-0.000988881)
(-0.00431923,0.00384696)
(0.00621593,-0.00037094)
(-0.00360434,0.00210425)
(-0.0012522,0.000517352)
(0.0013824,-0.00221165)
(-0.00241258,0.00412195)
(0.00172756,0.000520859)
(-0.00149728,0.00118058)
(0.00308069,-0.00249068)
(-0.000137561,0.00130631)
(0.000374757,0.000917194)
(0.00339289,0.00360917)
(-0.00287967,0.000571474)
(0.00317965,0.00381862)
(-0.00357157,0.000859336)
(0.00245785,-0.000944402)
(0.00223506,0.00202283)
(0.00444424,0.00209664)
(0.00561025,0.00281216)
(0.000912579,0.00185607)
(-0.00278013,0.00061251)
(-0.00189914,0.000437772)
(-0.00156482,-0.00188299)
(0.000978516,0.000794874)
(-0.00070158,0.000790317)
(0.000419865,0.00261979)
(0.00390436,-7.46455e-05)
(0.00180231,0.0015306)
(-0.0007952,0.00142775)
(0.000854356,0.000962992)
(-0.00407239,0.00129053)
(0.000781277,0.00709769)
(-0.00521081,0.00129825)
(0.00248144,0.00277989)
(-0.0038596,0.00124751)
(0.00401065,0.00180912)
(-0.0017181,0.00306123)
(0.0062943,0.0025978)
(0.0037006,0.00214537)
(0.00100371,0.00320755)
(0.00160075,0.00813451)
(0.00615948,0.00145384)
(-0.00298534,0.00226364)
(-0.000657537,0.00495048)
(0.0017123,0.000771758)
(-0.00206942,2.54679e-05)
(0.000519474,0.000976622)
(-0.000588149,0.00118453)
(-0.00367396,0.00369989)
(0.00311457,0.0013185)
(-0.00891376,0.0023524)
(0.00477097,0.00295696)
(-0.00533706,0.00371511)
(0.00159287,0.00284857)
(-0.00467693,0.00451512)
(0.00601029,0.000631789)
(-0.000639731,0.00228035)
(0.00414922,0.00331618)
(0.00267084,0.00325024)
(0.00364813,0.0028176)
(0.00262404,0.00319879)
(0.000456763,0.00171504)
(-0.000171732,-0.00273234)
(0.00539473,0.00317504)
(-0.00420778,0.00241446)
(-5.75132e-05,-0.00196375)
(0.000347876,0.00257184)
(-0.000329233,0.00123259)
(-0.00236114,0.00684284)
(0.00361968,0.00143416)
(-0.00315559,0.00221784)
(0.00168406,0.00460759)
(-0.00338565,0.00450213)
(0.00273396,0.00306624)
(-0.00563047,0.0041752)
(0.0037119,-0.000138564)
(-0.00153239,0.00116831)
(0.00275001,0.00113974)
(0.000418062,0.00363087)
(0.00286612,0.0061195)
(0.00354038,0.00308358)
(0.00832825,0.00534094)
(-0.00182022,0.000695711)
(-0.000173106,0.00388972)
(-0.0024876,0.000704947)
(-0.000593809,0.00336569)
(-0.00340589,0.00493862)
(-0.000957338,0.000860061)
(-0.0032558,0.0034798)
(-0.00151502,0.00449877)
(-0.00277837,0.00369733)
(0.00113048,0.00383148)
(-0.0028071,0.00417558)
(0.00100533,-0.00320051)
(-0.00341813,0.00341905)
(0.00382163,-0.000934074)
(-0.000863344,-0.00124431)
(0.00244974,0.00302471)
(0.00105267,0.000382439)
(0.00342312,0.000746019)
(0.00144138,0.00174581)
(0.000358554,0.00206486)
(3.05284e-05,-0.00202613)
(0.00229982,0.00279504)
(-0.00176913,0.000844134)
(0.00195564,-0.000675098)
(0.0021593,0.00257446)
(-0.000969051,0.00316292)
(-0.0050371,0.00960135)
(-0.00403172,0.00293261)
(-0.00129074,0.00810909)
(-0.00108009,-0.00193763)
(-0.00281543,0.00679829)
(0.00015146,-0.000806808)
(-0.00377793,0.00477979)
(0.000830222,-0.00406385)
(-0.000270593,-0.000570361)
(0.000532657,-0.00340404)
(0.000192293,0.000434101)
(0.00030453,-0.00287558)
(0.00108895,-0.000677442)
(0.0018354,-9.34736e-05)
(0.000377463,0.00254308)
(0.00362436,0.000769195)
(0.00164954,0.00213501)
(0.00112723,0.00370915)
(-0.00395344,0.00348134)
(-0.00227998,0.00136505)
(0.0012748,0.00786272)
(-0.00285331,0.00111521)
(-0.00143957,0.00615594)
(-0.00277245,0.00361385)
(0.0018799,0.00430749)
(-0.00090578,-0.000318321)
(-0.00143873,0.00325212)
(-0.00333526,-0.000852715)
(0.00146503,0.00107389)
(-0.000200238,-0.00474215)
(0.0048525,-0.00194303)
(-0.00229502,-0.00376754)
(0.00259943,0.000979607)
(0.00306216,-0.00151758)
(0.00428162,0.00188201)
(0.00117403,-0.00079973)
(0.00221618,0.00423213)
(-0.0015246,-0.000168552)
(-0.00175255,0.00206537)
(-0.00111687,0.00340589)
(0.000103208,2.01272e-05)
(-0.000622258,0.0016989)
(0.00408226,0.00514408)
(-0.00236621,0.000865567)
(6.14387e-06,0.0021132)
(-0.00519913,0.00305128)
(0.000999392,0.00169749)
(0.00123631,-0.00227146)
(0.00166037,-0.00252381)
(-0.00151431,-0.00224708)
(0.00270514,-0.000776048)
(0.003899,-0.00429602)
(0.00269987,-0.00537722)
(0.00147362,-0.00159418)
(-0.00124842,-0.000527367)
(-0.000622901,-0.00194264)
(-0.000237299,-0.00239117)
(-0.0014393,0.00189208)
(0.00435982,-0.00168259)
(-0.0011132,0.00137893)
(-0.000382775,-0.00243092)
(0.00568444,3.39287e-05)
(0.00467969,-0.00108707)
(0.00309341,0.003414)
(0.00124549,-0.00216264)
(-0.00124335,0.00040503)
(0.00499661,-0.000485967)
(0.000693857,-0.000261334)
(-0.00361487,0.0013548)
(-0.000784152,-0.00108313)
(-0.000819421,0.00152834)
(-0.000507434,-0.00106211)
(-0.00307279,0.00201091)
(0.00487643,0.000848569)
(-0.00258352,0.00172995)
(-0.00135051,0.00069056)
(0.00538588,0.00046089)
(-0.00164311,0.00467409)
(0.00350327,-0.00142162)
(-0.000314943,-0.000651207)
(0.00492962,0.000465793)
(0.00468472,0.00130579)
(0.00450605,-0.00161535)
(0.00590482,0.0010756)
(0.00249327,-0.0020539)
(0.00444502,0.00183006)
(-0.000263411,-0.00133622)
(0.00301627,0.00035489)
(-0.000836487,0.00187509)
(0.00519705,-0.00086028)
(0.0035446,0.00350795)
(0.00343553,-0.00492455)
(-0.00491741,0.00122739)
(0.0025456,0.000316663)
(-0.000978764,0.00299415)
(0.00401443,-0.00358446)
(0.0030466,0.000101714)
(9.83178e-05,0.00109613)
(0.00148586,0.00142505)
(0.00131852,0.00325081)
(0.00227825,0.00176547)
(0.00641042,0.000705917)
(-0.00189327,-0.00158258)
(0.00330301,0.00582965)
(-0.00333126,0.000771969)
(0.00220142,0.00220919)
(-0.0026129,-0.00043535)
(0.00477894,0.0016484)
(0.00186329,0.000828409)
(0.00481271,0.000115621)
(0.00548365,0.0051246)
(0.000705949,0.00307247)
(0.00271473,0.00564984)
(0.00343116,0.000598931)
(-0.00201393,0.00079884)
(0.00157704,0.00154603)
(0.00175221,0.00380398)
(-0.00238656,0.00487653)
(0.00560679,0.000894397)
(0.00129569,0.000705424)
(-0.00072497,0.00377655)
(0.00398299,0.00367199)
(-0.0051082,0.00248264)
(0.0036341,0.00341228)
(-0.00804767,0.00482883)
(0.00347635,0.00622371)
(-0.0104845,-0.000549591)
(0.00795594,0.00583589)
(-0.00738601,0.000414446)
(0.00746065,0.0046062)
(-0.00457093,0.00463209)
(0.00342577,0.00300634)
(0.00283029,0.00328625)
(0.0027794,0.00382503)
(0.00344988,0.00546981)
(0.00587239,0.00277298)
(0.000179191,-0.000541873)
(-0.00156623,0.000841144)
(0.00201601,0.00534753)
(0.00242125,0.00617182)
(-0.0031303,0.00735949)
(0.00236928,0.000664266)
(-0.00649635,0.00410395)
(0.000466295,0.00735629)
(-0.0139294,0.00141934)
(0.0127635,0.00751715)
(-0.016201,0.0022288)
(0.00939882,0.00574152)
(-0.0102562,0.00321795)
(0.0107198,0.00435325)
(2.02348e-05,0.00318142)
(0.00522036,0.00220044)
(0.001113,0.00180785)
(0.00460012,0.00378617)
(0.00142846,0.00217412)
(-3.35221e-05,0.00165146)
(0.001573,0.00512515)
(-0.00147667,0.00269894)
(-0.00305551,0.00759243)
(-0.000915073,0.00206941)
(-0.00512329,0.00930722)
(0.00143666,0.00634162)
(-0.00530177,0.00661505)
(0.00278368,0.0013911)
(-0.0109804,0.00556494)
(0.0114806,0.000522227)
(-0.0106864,0.0034734)
(0.0112542,-0.000779235)
(-0.00221903,0.00121183)
(0.011371,0.000487898)
(-0.00265498,0.00202047)
(0.00673427,0.00481315)
(0.00295764,0.00139907)
(-0.00188206,0.00221345)
(0.00340646,0.000402612)
(0.00522843,0.00380799)
(-0.00236294,0.00200234)
(0.00242562,0.00573542)
(-0.00284733,0.00447202)
(0.000983306,0.00301405)
(-0.00671755,0.0098517)
(0.000633894,0.00519155)
(-0.00771499,0.0073833)
(-0.00109499,-0.00347935)
(-0.00839269,0.00575909)
(0.00680506,-0.00328679)
(-0.00517626,0.00455266)
(0.00752481,-0.0075522)
(-0.00082233,0.00204381)
(0.0100271,-0.00246269)
(-0.000577912,0.00147654)
(0.00124446,0.00272787)
(0.00270821,0.00407051)
(0.00240698,0.00083865)
(-0.00111485,0.00139929)
(0.00201055,0.00173551)
(-0.00205541,0.00324685)
(-0.00214552,0.00323598)
(-0.00203338,0.00737351)
(-0.00379295,0.00475556)
(-0.00430924,0.00987486)
(-0.00209507,0.00250971)
(-0.00932382,0.00846966)
(-0.00332057,0.00181259)
(-0.00601061,0.00597261)
(-0.00165696,-0.00402621)
(-0.0043523,0.0044997)
(0.000396429,-0.00181945)
(-0.0033996,0.00459299)
(0.00318567,-0.00457171)
(-0.00101219,0.00141895)
(0.00117061,-0.00212297)
(-0.000259284,0.00331117)
(0.00208951,0.00189114)
(0.00424166,0.00153372)
(-0.000457225,-0.000243826)
(-0.00202928,0.000404617)
(0.00135803,0.00533423)
(-0.00260133,0.00612931)
(-0.000388834,0.00147074)
(-0.00580811,0.0106069)
(-0.0032753,0.00470266)
(-0.000687805,0.00996209)
(-0.00358549,0.000273347)
(-0.00621505,0.00637981)
(-0.00592458,0.00268435)
(-0.00657036,0.00679867)
(-0.000731892,-0.000654763)
(-0.00509303,0.00521862)
(-0.00128016,-0.00062156)
(0.00274984,-0.000103911)
(0.000350044,-0.00489402)
(0.00344969,-0.000339606)
(0.00197657,0.000531707)
(0.00202999,0.00060184)
(0.00192875,-0.00071993)
(-0.00171412,0.000361546)
(0.000213836,0.00438731)
(0.00131768,0.00364675)
(-0.0026363,0.00278064)
(0.000358192,0.00262631)
(-0.0058736,0.00191364)
(-0.000978856,0.00560118)
(-0.00660786,0.000946499)
(-0.000389068,0.00338663)
(-0.00241063,0.00238549)
(-0.00383671,0.00348738)
(-0.00355724,0.000210438)
(-0.00315283,0.00209025)
(0.00210205,-0.00079039)
(0.000933021,1.42027e-05)
(0.00203516,0.00065674)
(0.00174513,-0.00278135)
(0.00302909,0.00189013)
(0.00370398,-0.00335197)
(0.000362539,0.00128279)
(0.00417781,-0.000648068)
(-0.0041152,0.000352058)
(-0.000297798,-0.00409369)
(-0.000288957,-0.00361378)
(0.000518531,0.00240968)
(0.000230089,0.0017378)
(-0.000446902,-0.00391352)
(-0.00260331,-0.000323358)
(0.00182425,-0.000631022)
(0.00200857,0.000382824)
(0.00074984,-0.000415637)
(-0.000425375,0.00338327)
(0.000136942,-0.000870156)
(0.00411682,0.00431699)
(-0.000172144,-0.00104952)
(0.00126988,0.000805653)
(-0.000153684,-0.00176355)
(3.11394e-05,0.000146579)
(0.000171085,0.000759256)
(-0.00122837,-0.0019378)
(-0.00151004,0.00250732)
(-0.00279069,0.00349518)
(0.0012602,-0.00218728)
(0.00062359,0.00320888)
(0.00211349,-0.00150132)
(0.00365533,0.00407882)
(0.00401048,-0.00291454)
(-0.000114561,0.003932)
(0.00134947,-0.0026687)
(0.00100593,0.000562878)
(-0.00135337,-0.000610414)
(0.00546735,0.00479562)
(-0.00245446,0.00184387)
(0.00590207,-0.00145039)
(-0.000636423,0.000468893)
(0.00612564,0.00227873)
(0.00232655,0.00162523)
(0.00115469,0.00157006)
(0.00236106,-0.00224212)
(-0.00228814,0.00198346)
(-0.00266213,-0.000197074)
(-6.87901e-06,0.00369633)
(0.00103272,-3.78701e-05)
(0.00589823,0.00638663)
(0.00138325,-0.000329095)
(-0.000295707,0.00801569)
(0.000545128,-0.00170921)
(0.00109698,0.00204555)
(5.52386e-05,0.00127196)
(0.00653336,0.00705886)
(-0.00148651,0.000306412)
(0.00818478,0.00743473)
(-0.00597183,0.00361841)
(0.0113332,0.00600338)
(-0.00446437,0.000396114)
(0.00906861,0.00231315)
(0.00360177,0.00149132)
(0.00104818,0.00700367)
(0.00367713,0.00292018)
(0.00241413,0.00133858)
(0.00282318,-0.000142306)
(-0.00206439,-0.000110341)
(0.00214045,-0.000707059)
(0.00216653,0.00632082)
(-0.00229214,0.00150091)
(-0.000867818,-0.00558313)
(-0.00220791,-0.00147459)
(-0.00139877,0.00709088)
(-0.0115444,0.000611041)
(0.0221431,0.0179651)
(-0.0194046,0.00250165)
(0.0202567,0.0163779)
(-0.0123022,0.00782631)
(0.0155457,0.00724975)
(-0.00677462,0.00838002)
(0.00990989,0.00622854)
(-0.00262087,0.00198991)
(0.00567279,0.0044008)
(-0.00172704,0.00110885)
(0.00377806,0.00425478)
(0.000233867,0.0036705)
(-0.0023634,0.00304906)
(-0.00252315,0.00492979)
(-0.000220037,-0.000688169)
(-0.00502853,0.000498385)
(-0.00385648,0.00214911)
(-0.00812252,-0.00586137)
(0.00706741,0.00414946)
(-0.0347425,0.000318958)
(0.0342924,0.0141973)
(-0.0347196,0.00709988)
(0.0361591,0.00432146)
(-0.0197291,0.0134802)
(0.0201893,0.00787412)
(-0.0125171,0.0110549)
(0.0106571,0.000370209)
(-0.00456418,0.00512691)
(0.00227742,0.00730323)
(-0.00232934,0.00220433)
(0.00106311,0.00161305)
(0.00151835,0.00293143)
(-0.000367156,0.000735679)
(-0.00323807,0.00706187)
(-0.00102232,0.00395766)
(-0.00734973,0.00740536)
(0.00175099,0.000509779)
(-0.011712,0.00415141)
(0.00592683,-0.00608686)
(-0.0386508,0.0112667)
(0.0229375,-0.00974123)
(-0.0411656,0.0185739)
(0.030377,-0.00473731)
(-0.0161625,0.0148807)
(0.0178188,0.00156698)
(-0.00447242,0.0122113)
(0.00929989,-0.00186315)
(-0.00768281,0.00359874)
(0.00326009,0.00183273)
(-0.00317107,0.00270546)
(0.00121195,0.0021136)
(-0.000860188,0.000291995)
(-0.00371178,0.00292215)
(-0.00769565,0.00793462)
(-0.00157193,0.00299664)
(-0.00803754,0.00947543)
(0.000351776,-0.00321173)
(-0.00749856,0.00620148)
(0.00195395,-0.00467902)
(-0.019741,0.0096693)
(0.00606393,-0.0105962)
(-0.0157029,0.0174543)
(0.00877271,-0.0132346)
(-0.000636948,0.0139054)
(0.0144193,-0.00694982)
(0.000518053,0.00981745)
(0.0103827,0.00335138)
(-0.00381832,0.00535104)
(0.000139977,-0.00074332)
(-0.00175515,-0.000472122)
(0.00214686,0.00140085)
(-0.00328267,0.00315782)
(-0.00361827,0.00180377)
(-0.00610469,0.00245156)
(-0.00397376,0.00228398)
(-0.00670946,0.00725199)
(-0.00266976,0.00448529)
(-0.00589148,0.00598999)
(0.00237404,-0.0109148)
(-0.00764498,0.00550242)
(-1.39114e-05,-0.0076601)
(-0.000902342,0.0116851)
(0.00395078,-0.0102606)
(-0.00324622,0.00846937)
(0.00462799,-0.00121301)
(-0.00102339,0.00594536)
(0.00218999,0.00101337)
(-0.00263462,0.0007653)
(0.000890365,-0.000726775)
(0.00131835,0.000272905)
(-0.0014041,-0.000687991)
(-0.00314656,0.00367161)
(-0.00310048,0.00164442)
(-0.00888778,0.00546706)
(-0.00330559,0.00287865)
(-0.00355542,0.00580875)
(0.00135046,0.00105935)
(-0.00605091,0.00497966)
(-0.00490919,0.00105451)
(-0.00296428,0.0076043)
(-0.000715157,-0.00728081)
(-0.00596518,0.00736263)
(-0.00473053,-0.00230892)
(-0.00548749,0.00476457)
(-0.00512558,-0.00284128)
(-0.00607711,-0.00119559)
(0.00349025,-0.00277487)
(0.00296847,-0.00140679)
(0.00079634,0.000341071)
(0.00301591,-0.00127871)
(9.163e-05,0.000493034)
(-0.00365453,0.00346997)
(-0.00269167,0.000481969)
(0.000592681,0.00278375)
(-0.00155435,-0.00048761)
(-0.00349172,0.00456607)
(-0.000984997,0.000833766)
(-0.00328618,0.00478445)
(-0.00105081,-0.00210441)
(-0.0057859,0.00265333)
(-0.00314287,-0.000388444)
(-0.00182151,0.00301469)
(-0.00252303,-0.00140239)
(-0.00400794,0.00458511)
(-0.000753854,0.000444682)
(0.000158722,0.000611355)
(0.000337791,-0.000154014)
(0.000288289,0.000600044)
(-0.000696104,0.000386663)
(0.00460775,-0.00153938)
(0.00219671,0.000477393)
(0.000890865,-0.00271336)
(-0.00177211,-0.00145341)
(0.000299124,0.000291734)
(-0.00215278,0.00366649)
(-0.00468285,-0.00195461)
(-0.000981342,-0.00275096)
(0.00286135,-0.00312273)
(0.000408635,-0.00147282)
(0.00170908,-0.00172881)
(0.00181389,-0.000740006)
(0.00198199,0.000211019)
(0.00267349,0.0028428)
(0.000372865,0.00463806)
(0.00142073,0.00364109)
(0.000152881,0.00324958)
(0.00444852,0.00194043)
(-0.00216676,0.000819897)
(0.000497806,0.000339828)
(-0.0014508,0.00131263)
(-0.00039946,0.00171611)
(-0.0013026,0.00269476)
(-0.00213007,0.004283)
(0.00194361,0.00164765)
(0.00259699,0.00316898)
(0.00544111,-0.00296459)
(-0.00475866,0.00736382)
(0.00562868,-0.00419046)
(-0.00319635,0.00186369)
(0.00692791,0.000595044)
(0.00570375,0.00304596)
(0.00446984,-0.00160648)
(0.00531926,0.00595693)
(-0.00223806,0.00547706)
(0.00732734,0.00723523)
(-0.00361878,0.00155492)
(0.00683896,0.00580323)
(0.000235609,0.00266246)
(0.00299271,0.00684662)
(0.00259364,-0.000468871)
(-0.00235169,-5.0438e-05)
(-0.00240588,0.00308845)
(0.00102652,0.0054518)
(0.000644078,-0.00217808)
(-0.000835787,0.00890744)
(-0.000470627,-0.008335)
(-0.00229684,0.000764607)
(0.00658206,-0.00138881)
(-0.000943529,0.00893185)
(-0.00118018,0.000700072)
(0.0141082,0.0149674)
(-0.0045228,-0.00056617)
(0.0199244,0.0140541)
(-0.0015744,0.00436758)
(0.0137191,0.0112846)
(-0.00300539,0.0110827)
(0.0100758,0.00923353)
(0.000919303,0.00151172)
(0.00681362,0.00527064)
(0.00111698,-0.0010073)
(0.000473672,0.00560003)
(0.000235231,0.000238946)
(1.49937e-05,0.00548559)
(-0.0017286,-0.00173863)
(-0.00221343,0.000882307)
(-0.00272377,-0.00606181)
(-0.00820288,0.00589577)
(-0.00454828,-0.00846479)
(0.00580802,0.0172954)
(-0.0249101,-0.017952)
(0.0531493,0.0475558)
(-0.0329669,-0.00129642)
(0.0547179,0.0376325)
(-0.0134858,0.00578811)
(0.0238964,0.023152)
(-0.00716611,0.00931613)
(0.00915252,0.00450622)
(-0.000172072,0.00739486)
(0.00503151,0.0075588)
(-0.00462798,-0.00173711)
(0.00129796,0.00354913)
(-0.00265304,0.000130173)
(-0.00292245,0.0029373)
(-0.00384528,-0.00324685)
(-0.00263359,0.00275809)
(-0.00265927,-0.00935696)
(-0.00459805,0.00113829)
(-0.0184293,-0.013108)
(0.00786799,-0.0026654)
(-0.126894,0.0252017)
(0.135171,-0.00220848)
(-0.141827,0.0450463)
(0.117881,0.0100067)
(-0.0282927,0.045064)
(0.0435111,0.0130659)
(-0.0118202,0.0180693)
(0.0144955,0.00645426)
(-0.00500139,0.0074069)
(0.00690482,0.00267915)
(-0.000440901,0.00332332)
(0.00234123,0.00702808)
(-0.00049073,-0.00176932)
(-0.00439867,0.00019595)
(-0.00492034,0.00343063)
(0.00121869,-0.00155912)
(-0.0134106,-0.000788847)
(-0.0030187,-0.00890562)
(-0.0289758,0.000178369)
(0.00519343,-0.0269278)
(-0.127031,0.0610805)
(0.115637,-0.0521606)
(-0.148371,0.0773457)
(0.0946323,-0.0393628)
(-0.0359748,0.0481307)
(0.0341795,-0.00508661)
(-0.0125799,0.0150163)
(0.0130677,0.000171023)
(-0.00704072,0.00950256)
(0.00782202,0.00257746)
(-0.00152863,0.0019351)
(0.00594091,0.00303204)
(-0.000767762,-0.000825741)
(-0.00225462,0.00411823)
(-0.00582206,0.00411597)
(-0.00226283,0.00197204)
(-0.00412819,0.0057428)
(-0.000609476,-0.00500259)
(-0.0237866,0.00263198)
(-0.00945708,-0.0279135)
(-0.0598661,0.01984)
(-0.0179562,-0.0579385)
(-0.0570462,0.0397946)
(-0.00205956,-0.0616265)
(-0.0149069,0.0331498)
(0.00420824,-0.0239004)
(-0.00200189,0.0186346)
(0.00780784,1.69151e-05)
(-0.00461277,0.00737025)
(0.00685606,0.0038418)
(-0.00419135,0.000600658)
(0.00375598,0.00221374)
(-0.00200426,-0.000233239)
(-0.00528899,0.00383814)
(-0.00650008,0.00863891)
(-0.00362217,0.00189144)
(-0.00908838,0.00625691)
(0.00080134,-0.00396853)
(-0.00878239,0.00629793)
(-0.000977626,-0.011664)
(-0.0188962,0.0106291)
(-0.00697093,-0.0210893)
(-0.0153392,0.0242506)
(-0.00671395,-0.0297528)
(-0.00229142,0.016386)
(0.00283539,-0.00920944)
(0.000346703,0.00997094)
(0.00335493,-0.00198512)
(-0.000762582,0.00626107)
(-0.000869639,0.00149288)
(-0.00163274,-0.000879742)
(0.000295572,-0.000128624)
(0.00138972,0.000476139)
(-0.000253093,0.00271581)
(-0.000194965,0.00255875)
(-0.00262547,0.00149027)
(-0.00948113,0.00382185)
(-0.00240618,-0.00175481)
(-0.00772797,0.00526196)
(-0.00109214,-0.0137752)
(-0.00717575,0.00802934)
(-0.00485812,-0.0136274)
(-0.00564907,0.00924251)
(-0.00110145,-0.0129921)
(-0.00609336,0.00548736)
(-0.00206735,-0.00309832)
(-0.00375449,0.00469503)
(-0.00316246,-0.00247295)
(-0.00229257,0.00179386)
(-0.00237985,-0.00214293)
(0.000342833,-0.00206329)
(-0.00107028,-0.00249376)
(-0.00165496,0.0040703)
(-0.00167946,0.000345561)
(-0.00409823,0.00287034)
(-0.000312195,-8.38165e-05)
(0.000350041,-3.72504e-05)
(-0.00154805,-0.00474076)
(-0.00875127,0.00364926)
(-0.00162965,-0.00553282)
(-0.00220042,0.00326495)
(-0.00127996,-0.00823637)
(-0.00434994,0.000930034)
(-0.0043197,-0.00190375)
(-0.00324914,0.000226827)
(-0.0041057,-0.0047116)
(-0.00476229,0.00278174)
(-0.00161063,-0.00594142)
(0.000112026,-0.00112056)
(0.0018747,-0.00300831)
(0.000277187,-0.00172381)
(-0.0032623,0.000995374)
(0.00460071,0.00514719)
(-0.00102503,-0.00131858)
(0.00298982,-0.00120963)
(5.52896e-05,-0.000619214)
(0.00205096,-0.00189703)
(-0.00149195,0.00214754)
(0.00109294,-0.00358419)
(-0.00353004,4.45502e-05)
(0.00385168,-0.0018286)
(0.00283065,0.00256025)
(0.000111656,-0.00145891)
(0.000570219,0.0063539)
(-0.00247423,0.00379082)
(0.00603023,0.0041613)
(-0.00250867,0.00041909)
(-0.000281684,0.00300883)
(-0.0027306,0.00239032)
(0.00251644,0.00317645)
(-0.0012607,0.000508929)
(8.03539e-05,-0.000417779)
(0.00280533,0.00397209)
(-0.000356609,0.000369591)
(0.0025294,0.000540593)
(-0.000637424,0.000414983)
(0.0018308,-0.00307223)
(-0.0049652,0.00215158)
(0.0101218,0.000153401)
(-0.0015821,0.00900785)
(0.00369504,-0.0055234)
(0.00363409,0.0144298)
(0.00270308,-0.000748849)
(0.00833155,0.0138224)
(0.00272323,0.00259031)
(0.00833864,0.0122217)
(-0.00236346,0.00869058)
(0.00899414,0.00781553)
(-0.000359952,0.00326942)
(-0.00159463,0.00518573)
(-0.00167125,-0.000818555)
(0.000488632,0.00253969)
(0.00365578,0.000420029)
(-0.000168698,0.0022021)
(0.00325557,-0.00183518)
(-0.000186445,0.00441979)
(0.00407183,-0.00167115)
(-0.0101062,0.00864312)
(0.00408157,-0.00528361)
(-0.0045749,0.0177247)
(0.00843256,-0.017044)
(0.0212528,0.0355871)
(0.000750827,-0.00831746)
(0.0256642,0.0346835)
(0.00282602,0.00452984)
(0.0161008,0.0155196)
(0.00633214,0.00954362)
(0.00887504,0.00805473)
(0.000935448,0.00977681)
(0.00556293,0.00561818)
(0.00153739,0.00115347)
(-0.00223789,0.00346172)
(0.00243039,0.0031959)
(0.00127343,-0.00127876)
(0.000965347,0.000746302)
(-0.00284384,0.0038133)
(-0.000600859,-0.00670453)
(-0.00461814,0.00883751)
(0.00139664,-0.0297836)
(-0.0124738,0.0395736)
(0.00975512,-0.0718468)
(0.0621181,0.167909)
(0.0204215,-0.048899)
(0.0919417,0.150125)
(0.0102789,0.0150955)
(0.0408596,0.0512307)
(0.00486303,0.0103366)
(0.0130229,0.0100892)
(0.00297296,0.00742311)
(-0.000966962,0.00433885)
(-0.00270906,0.00427598)
(0.00334535,0.00525614)
(-0.00298464,-0.000255195)
(0.00222999,-0.00302947)
(-0.000670454,-0.00219082)
(-0.000129221,0.00281704)
(0.00598188,-0.0125906)
(-0.0294015,-0.000849926)
(0.0109209,-0.0631133)
(-0.0941197,-0.0157799)
(0.00799873,0.0173254)
(-0.0173932,-0.0349662)
(0.0210428,-0.0125459)
(-0.0529231,-0.0334379)
(0.0540159,0.101008)
(0.0556098,0.0481704)
(0.00405538,0.0257412)
(0.0248162,0.0150324)
(-0.000925608,0.00748531)
(0.00932339,0.00414053)
(-0.00111989,0.000346964)
(0.00393447,0.00274877)
(0.00100229,0.000478661)
(-0.00133279,-0.000856697)
(-0.00307134,-0.00802949)
(-0.00192207,-0.0061436)
(-0.00297201,-0.0115987)
(-0.0225814,-0.0143557)
(-0.0032642,-0.0615577)
(-0.0894196,-0.0495316)
(0.0376263,-0.00242513)
(0.0254034,0.0466107)
(0.048873,-0.0594503)
(-0.00860642,0.0486824)
(0.0320948,0.112487)
(0.0540909,0.00941973)
(0.00185446,0.0296733)
(0.0150594,-0.00236607)
(-0.00396102,0.00616144)
(0.00740018,0.000889286)
(-0.000381841,0.00384341)
(0.00505404,0.00269813)
(-0.00153509,-0.0032435)
(-0.00246307,0.00165743)
(-0.00060051,-0.00111201)
(0.000791983,-0.00127453)
(-0.00658203,-0.00607453)
(-0.0128828,-0.0170742)
(-0.02106,-0.0131508)
(-0.0559271,-0.0525621)
(-0.0807597,0.0158335)
(-0.149571,-0.161211)
(-0.0686389,0.0381023)
(-0.110642,-0.180116)
(-0.00682778,0.0489363)
(-0.00958563,-0.0481794)
(-0.00686103,0.0196979)
(0.00445393,-0.00723967)
(-0.00331842,0.0123063)
(0.00265436,-0.000199028)
(-0.000211742,0.00213432)
(0.0035153,0.00231501)
(-0.00465216,-0.00208489)
(-0.00256444,0.00342925)
(-0.00633464,0.00200453)
(0.00225701,-0.000481426)
(-0.00426345,0.00449451)
(-0.000524732,-0.00669824)
(-0.00812703,-0.00197875)
(-0.0150086,-0.0233674)
(-0.0241093,-0.000655413)
(-0.03503,-0.0410215)
(-0.0183003,0.0154328)
(-0.0308566,-0.0538064)
(-0.0100811,0.0221064)
(-0.00922502,-0.0240117)
(-0.00449845,0.0109124)
(0.00193861,-0.0012131)
(-0.00257369,0.00498112)
(-0.00196903,-0.00196376)
(-0.00349117,0.00340406)
(-0.00350373,0.000773513)
(0.00201544,0.000653053)
(-0.00282414,0.0013334)
(-0.00444066,0.00197124)
(-0.000445439,-0.00343476)
(-0.00113187,0.00775346)
(0.00321573,-0.00886422)
(-0.00432427,0.00292425)
(-0.00327144,-0.0123547)
(-0.00660516,0.00333171)
(-0.0097869,-0.0149461)
(-0.00734969,0.00838134)
(-0.00640718,-0.0219808)
(-0.00384285,0.00402596)
(-0.00219558,-0.00590398)
(-0.00109829,0.00328928)
(-0.00348643,-0.00263849)
(4.33721e-06,0.00111338)
(-0.00389191,-0.0025555)
(-0.00041296,0.00158238)
(-0.00287284,0.00052649)
(-0.00122137,0.0024073)
(-0.000510255,0.00103722)
(0.000509078,0.000438113)
(-0.00101072,-0.00444334)
(-0.00303008,-1.69383e-05)
(-0.00107301,-0.005896)
(-0.00472367,0.00595652)
(2.99886e-05,-0.00868133)
(-0.000273262,0.00354356)
(-0.00354091,-0.00763593)
(0.00112652,0.00279236)
(-0.00257655,-0.00654011)
(-0.00256295,0.00307397)
(-0.00277476,-0.00278846)
(7.86746e-05,0.00118589)
(-0.00203353,-0.00500155)
(0.00306714,0.000132383)
(-0.00371131,-0.00341042)
(-0.000465788,-0.00178499)
(-0.00306598,0.000668055)
(0.00353523,0.00392247)
(-0.00195898,-0.0019363)
(0.00285611,0.00238847)
(-0.000841759,-0.000825743)
(0.000646016,0.00110245)
(-0.00566704,0.00469133)
(0.00191168,-0.00134496)
(2.31827e-05,0.00593139)
(-0.00136665,-0.00364965)
(0.00572174,0.00597483)
(-0.00291015,-0.0023248)
(0.00467272,0.00578043)
(0.000453541,0.00556069)
(0.00351332,0.00404036)
(-0.000656873,0.00584136)
(0.00677625,0.0052682)
(-0.00378073,0.00184752)
(-0.00120548,-0.000630915)
(-0.00461403,0.00295224)
(0.00376905,0.00087324)
(0.00202707,0.00464772)
(0.000687011,0.000921505)
(0.0014548,0.00187517)
(-0.00213405,0.00300822)
(0.00734911,-0.000819943)
(-0.00805953,0.00766611)
(0.00773678,-0.00516481)
(-0.00207415,0.0133209)
(0.00390383,-0.00768623)
(0.00611784,0.0172907)
(0.00645621,-0.00650115)
(0.00885327,0.0152145)
(0.00425027,0.00168791)
(0.0120812,0.0102968)
(0.00300331,0.00776941)
(0.00898877,0.0062761)
(-0.000590155,0.00675211)
(0.00461191,0.00542067)
(0.000989034,-0.000799406)
(-8.06983e-05,-0.000200484)
(0.00297502,0.00293224)
(-0.00169323,0.00230383)
(0.00480321,-0.000715251)
(-0.00949192,0.00541493)
(0.00732224,-0.00437885)
(-0.00755139,0.0117738)
(0.00677515,-0.010275)
(-0.00399683,0.0301914)
(0.0192752,-0.0204428)
(0.0044773,0.0465266)
(0.0191414,-0.014617)
(0.0205422,0.0362161)
(0.0111117,0.00232497)
(0.00946869,0.0230376)
(0.00516095,0.00942929)
(0.0137766,0.00955957)
(0.0044465,0.00505179)
(0.00479386,0.00428102)
(-0.00262826,0.00076258)
(0.00407438,0.00325305)
(0.00185262,0.0019979)
(0.000196741,-0.00323718)
(0.00190832,-0.00228117)
(-0.00271195,0.00224328)
(0.00655854,-0.0126288)
(-0.00658447,0.019606)
(0.0163004,-0.0325095)
(-0.0184581,0.0462606)
(0.0517192,-0.0806885)
(0.0391134,0.172477)
(0.0630387,-0.0713997)
(0.0725344,0.152597)
(0.0403584,0.00113983)
(0.0300632,0.0575215)
(0.0131841,0.00532057)
(0.00727177,0.0179144)
(0.00616032,0.00457767)
(0.00654232,0.00567629)
(0.002236,0.00149852)
(-0.000127718,0.00341575)
(-0.00143805,0.00104958)
(0.00195974,-0.000894543)
(0.00510731,-0.00858485)
(-0.00326705,0.000356344)
(0.00351175,-0.0166592)
(-0.0227506,0.00431609)
(-0.0040103,-0.0733288)
(-0.0905174,0.0145386)
(-0.0260521,0.0440324)
(0.0144642,-0.0416659)
(-0.0528131,0.0063745)
(-0.0310833,-0.0655805)
(0.0604546,0.0813965)
(0.0515231,0.0591579)
(0.0187468,0.0221293)
(0.0157754,0.0222116)
(0.00584193,0.00404456)
(0.00570251,0.00400612)
(0.00168887,0.000527723)
(0.006436,0.00485041)
(-0.00295357,-0.00207067)
(-0.00308934,-0.00242354)
(-0.000375103,-0.0091535)
(-0.00744423,-0.0041687)
(-0.002775,-0.0204468)
(-0.0202868,-0.0117588)
(-0.015322,-0.0768301)
(-0.0998041,-0.0255314)
(-0.0109287,0.0307065)
(0.0477718,0.0398451)
(-0.0280834,-0.00286799)
(0.0195426,0.0262092)
(0.0289052,0.105006)
(0.0533666,0.0320043)
(0.01098,0.0280699)
(0.0157624,0.00354601)
(-0.000295173,0.00868184)
(0.00513279,0.00177094)
(-0.00317556,0.00100066)
(0.00335015,0.00193348)
(-0.0026325,-0.00545623)
(-0.002812,-0.000224202)
(-0.00255433,-0.00521492)
(0.000251296,-0.000871137)
(-0.00148211,-0.0126556)
(-0.015466,-0.0158542)
(-0.0108237,-0.0214528)
(-0.0628362,-0.0525472)
(-0.0173998,-0.0255478)
(-0.150791,-0.166199)
(-0.0214075,-0.0026405)
(-0.117998,-0.187898)
(0.00148446,0.0320962)
(-0.0238899,-0.0402477)
(0.000549222,0.016535)
(-0.00413853,-0.00051156)
(-0.00241129,0.00485757)
(0.00110607,0.00385589)
(-0.00345625,0.00238202)
(-0.00100871,0.000859204)
(-0.00164228,-0.00275217)
(-0.00163023,0.000368768)
(-0.00466381,-0.0022374)
(0.0012144,-0.00136031)
(-0.003446,0.00131247)
(0.00210671,-0.00532437)
(-0.000671876,-0.00178395)
(-0.0158606,-0.026238)
(0.000137831,-0.00381381)
(-0.0325451,-0.0424204)
(-0.00237843,-0.00267351)
(-0.0391412,-0.0432715)
(-0.00280828,0.012645)
(-0.00948787,-0.00499743)
(-0.00701805,0.00213679)
(-0.00744194,0.00325576)
(-0.00631245,0.00513828)
(-0.00557762,0.00231668)
(-0.00118016,0.00191)
(-0.00615024,0.00262755)
(-0.00164635,-0.00260476)
(-0.000803237,-0.00130034)
(0.00506132,0.00236593)
(0.00214875,-0.00146965)
(-0.000838549,-9.08794e-05)
(0.00161643,-0.00345372)
(0.000285899,0.0017107)
(-0.00313119,-0.00892059)
(0.000916621,0.00314872)
(-0.00626263,-0.0150903)
(-0.000616677,0.00434773)
(-0.00833401,-0.0114821)
(-0.00184264,0.000550273)
(-0.00644146,-0.00358442)
(-0.00298828,0.00137894)
(-0.00554026,-0.00614818)
(0.00106649,0.00180677)
(-0.0070261,-0.00314565)
(-0.00133343,-0.000134362)
(-0.00200162,-0.00121131)
(-0.00129215,-0.00284415)
(-0.00137274,0.00206205)
(0.000750747,-0.00130864)
(0.00207189,-0.00308392)
(0.00307693,0.00265278)
(0.0010107,-0.00622969)
(0.00244485,-0.00117003)
(0.00107068,-0.0083961)
(0.000828361,0.00117914)
(-0.00488842,-0.00646845)
(-0.00192653,-0.000785892)
(-0.00187254,-0.00542502)
(0.00120704,-0.00142552)
(-0.00297486,-0.00624026)
(0.000731893,0.000256937)
(-0.00605106,-0.00289765)
(0.00586109,-0.000351297)
(1.0495e-05,-0.000805124)
(0.00174885,-0.000136231)
(-0.000391689,-0.00172352)
(0.00141077,0.00203521)
(-0.00433732,0.00109303)
(0.00318352,-0.000144538)
(-0.00264945,-0.000782464)
(0.000577538,-0.00148791)
(0.000112989,0.00460265)
(0.00291221,-0.000307145)
(-0.0015324,0.0061322)
(-0.00287299,-0.00136555)
(0.00467892,0.00499332)
(-0.00157076,0.000337997)
(0.00248534,0.00473658)
(0.00320493,0.00342039)
(0.00700029,-0.000578911)
(-0.000924429,0.00462247)
(0.00180167,0.00086994)
(-0.000418096,0.00467872)
(0.00269489,-0.00234417)
(0.00269076,0.000154973)
(0.00374367,0.000284694)
(0.00364536,0.000143386)
(-0.00341667,-0.0018826)
(0.00384644,-0.000307969)
(-0.00066259,0.00305905)
(0.00335203,0.00212952)
(-0.0037111,0.00896973)
(0.00183164,-0.000642035)
(-0.000657726,0.0124937)
(-0.00364079,-0.00132192)
(0.00117993,0.0158795)
(-0.0032667,-0.000576216)
(0.00738179,0.00477436)
(-0.000570327,0.00540652)
(0.00826215,0.00672738)
(0.0010526,0.00651188)
(0.00953481,0.00107273)
(0.00335122,0.00504344)
(-3.68197e-05,-0.000533499)
(-0.000260575,-6.67557e-05)
(0.00063223,0.00150705)
(0.0034407,-0.00132426)
(0.00505166,0.0023347)
(0.00453645,0.000681941)
(-0.00506043,0.00378754)
(0.00571334,0.000889535)
(-0.00877505,0.00858862)
(0.00210153,-0.00400438)
(-0.00545768,0.020178)
(0.00613323,-0.00721041)
(0.00270026,0.0283561)
(0.00599042,-0.00761971)
(0.00834441,0.0246841)
(0.00385484,-0.0012706)
(0.0102138,0.0113693)
(0.00864319,0.00496671)
(0.00949427,0.00644475)
(0.00420044,0.00558733)
(0.00764129,0.00223494)
(0.000894117,0.00298618)
(0.000834751,0.000386946)
(0.00239209,-0.00110579)
(-0.00154114,-0.00240637)
(0.00768049,0.000168065)
(-0.00376715,-0.000202157)
(0.00837142,-0.00338573)
(-0.00361021,0.00837716)
(0.00872076,-0.0183538)
(-0.000331241,0.0321304)
(0.040959,-0.0397656)
(0.0137677,0.0624723)
(0.0346076,-0.0328637)
(0.0242802,0.0668185)
(0.023975,-0.00516612)
(0.0133505,0.0348792)
(0.00934455,0.000166778)
(0.0093414,0.00525145)
(0.00807984,0.00137735)
(0.00422791,-0.000299791)
(0.00428963,0.00204857)
(0.00438911,0.00319263)
(0.00097391,-0.00206845)
(-0.000275081,-0.00537701)
(0.00878964,-0.00804539)
(0.000184212,-0.00202846)
(0.00993633,-0.0176562)
(-0.0110173,0.00341376)
(0.0221642,-0.0439873)
(-0.0208144,0.0122043)
(0.0989001,-0.0866951)
(0.017571,0.0512062)
(0.0987584,-0.0799061)
(-0.00102713,0.0651421)
(0.0451421,-0.00496088)
(0.0156082,0.0411635)
(0.020915,-0.000463659)
(0.00745859,0.0129582)
(0.00648829,-0.00314809)
(0.00970396,0.000472682)
(0.00102357,-0.00229)
(0.00340848,0.00291683)
(-0.000698598,-0.00489183)
(-0.00111147,-0.00196104)
(0.00420479,-0.00393175)
(-0.00389063,-0.00385501)
(0.00284686,-0.0174305)
(-0.00993032,-0.00627201)
(0.0168892,-0.0432527)
(-0.0281928,-0.00802993)
(0.109752,-0.0867525)
(-0.00863125,0.00459988)
(0.107434,-0.0716771)
(-0.0207391,0.022729)
(0.0377318,0.00830268)
(0.0105384,0.0159827)
(0.01483,0.000554036)
(-0.000203966,-0.00258347)
(0.00500002,-0.00131506)
(0.00689071,0.0014181)
(0.000963085,0.00190596)
(0.00609922,0.0037761)
(-3.08386e-05,0.00127073)
(0.0018683,0.000967097)
(0.00271344,-0.00549071)
(-0.000317862,-0.00579101)
(0.00180495,-0.00562071)
(-0.00640084,-0.0103332)
(0.00700183,-0.0162286)
(-0.0215483,-0.0246926)
(0.0289159,-0.0302052)
(-0.0353683,-0.0453025)
(0.0316786,-0.0261932)
(-0.0350738,-0.0446751)
(0.0180171,-0.000471325)
(-0.0158629,-0.015824)
(0.004186,-0.00114528)
(-0.00331947,0.000716431)
(0.000427969,0.000610975)
(0.00251141,0.00126298)
(-0.00125755,-0.00154013)
(4.15294e-05,0.00520589)
(0.00186884,-0.00425669)
(-0.000185349,-0.00112292)
(0.0015911,0.00118716)
(0.0021504,-0.003074)
(-0.000667337,-0.00169892)
(0.00185248,-0.00470812)
(0.000921748,-0.00315909)
(-0.00699308,-0.0128193)
(0.00734614,-0.00137459)
(-0.0085102,-0.019753)
(0.00778904,-0.00681931)
(-0.0104443,-0.0185058)
(0.000935168,-0.00119339)
(-0.00558374,-0.00397444)
(-0.000983989,0.000983505)
(-0.00482873,-0.00348583)
(0.00193205,-0.00064051)
(-0.00467202,1.38659e-05)
(-8.45776e-05,0.00195227)
(-0.00372584,0.00185518)
(0.00313291,-0.00176417)
(0.00198497,0.000160648)
(0.000187925,-0.000903916)
(-0.0014962,-0.00139472)
(0.000483737,0.002402)
(0.00217216,0.000972586)
(0.00241031,-0.000132183)
(0.000172395,-0.00602725)
(0.00353787,-0.00330557)
(-0.00450093,-0.00562082)
(0.00267255,-0.000441336)
(-0.00271351,-0.00896275)
(-0.00210455,0.00271072)
(-0.00220674,-0.0018674)
(0.00114582,-0.00119644)
(-0.00649196,-0.00229061)
(0.00399038,-0.00227551)
(-0.00122736,-0.00016665)
(0.00214254,0.00159821)
(-0.00202413,0.00208981)
(-0.000339214,0.000103077)
(0.00110124,0.00241571)
(-0.00131596,-0.000537706)
(0.000796319,-0.00215117)
(0.0007703,-0.00329539)
(-0.00052525,-0.0052129)
(0.00149956,-0.000494335)
(-0.00112704,-0.00425851)
(0.00508485,-0.0023748)
(-0.000979264,-0.00522579)
(0.00532181,-0.00216197)
(-0.000809356,-0.0044566)
(0.00378751,-0.000650861)
(-0.00191693,-0.00324253)
(0.00238789,-0.0018538)
(7.07247e-05,-0.000578966)
(0.0050208,0.00121181)
(-0.00171743,0.000717899)
(-0.0028793,-0.00439741)
(0.000796875,0.00134473)
(0.000160986,0.000761372)
(-0.0044524,-0.000248009)
(-0.00421791,-0.00103871)
(0.000453121,0.00226642)
(-0.00336408,0.000770664)
(-0.00372226,0.000397369)
(-0.00310697,-0.000449035)
(-0.00405571,0.00245344)
(-0.000936932,0.000955682)
(-0.00113111,0.00458806)
(-0.00104764,-0.0021137)
(-0.00198001,-0.000765155)
(-0.00127443,0.00309121)
(-1.94268e-05,-1.65876e-05)
(0.00180497,0.00531811)
(0.000833114,0.00118498)
(0.00421018,0.00190463)
(0.00586612,0.00239292)
(0.00305418,0.00221733)
(0.00205217,-0.000332072)
(-0.00371069,-0.00256687)
(-0.00200489,0.00221802)
(-0.00522806,-0.00117914)
(-0.00402781,0.00389321)
(-0.00373938,-0.00482447)
(-0.00273785,0.00551105)
(-0.00140132,-0.000153022)
(-0.00487772,0.00797344)
(-0.00262206,-0.00266704)
(0.000564942,0.0036301)
(-0.0027659,0.00253805)
(-0.00329679,0.00252158)
(-0.00129137,0.00508892)
(0.00664104,0.00218083)
(-0.000317829,0.00678754)
(0.00586665,0.00178129)
(0.00284848,0.00602938)
(0.000256743,-6.89858e-05)
(0.00236636,0.00228062)
(0.0039992,0.00346723)
(4.7911e-05,-0.0048669)
(-0.00174626,0.00120088)
(0.00267247,-0.00189058)
(0.00029863,0.00151416)
(0.00133769,0.00285142)
(-0.00598894,0.00239908)
(0.000356656,-0.00323989)
(-0.00226236,0.00858181)
(-0.00181293,-0.00159702)
(-0.00391598,0.0152895)
(0.000777385,0.00126499)
(0.00558151,0.00668589)
(0.00158811,0.00608149)
(0.00335032,0.00549315)
(0.00584964,0.00232257)
(0.00678314,0.00515492)
(0.00288124,0.000184698)
(0.00643713,0.00237703)
(0.00303301,0.00429523)
(-0.0023012,0.00285627)
(0.00557365,-0.00112967)
(0.000883428,-0.00014575)
(-0.00023117,0.0026289)
(-0.00358926,-0.000601974)
(0.00398693,-0.00080092)
(-0.00657935,0.00258614)
(0.00413645,-0.00612632)
(-0.00237841,0.0114563)
(0.00802655,-0.00528905)
(-0.000721321,0.0180103)
(0.00794849,-0.00399047)
(0.00491224,0.0199709)
(0.00333147,0.000449855)
(0.0107708,0.0108951)
(0.00416087,0.00146748)
(0.00662208,0.00540776)
(0.00637002,-0.00129291)
(0.00326484,0.00270192)
(0.000931191,0.000560255)
(-0.00171337,0.00146986)
(0.00233178,-0.00483187)
(0.00156285,-0.00377956)
(0.00634142,-0.00226106)
(-0.00292835,-0.0016913)
(0.00522562,-0.00858665)
(-0.00268408,-0.00249622)
(0.0110703,-0.0152509)
(-0.00614894,-0.00220072)
(0.0233872,-0.025908)
(-0.00130568,0.0118173)
(0.0276495,-0.0254141)
(0.00331745,0.0175685)
(0.0163527,-0.00405779)
(0.0113578,0.0103075)
(0.0091081,-0.00376341)
(0.0139348,0.00515173)
(0.00149372,-0.000522512)
(0.00417508,0.00486274)
(0.0045748,0.00233363)
(-0.000434523,0.00204736)
(-0.000216884,-0.00215174)
(-0.000819093,-0.000363987)
(0.000772633,-0.00613924)
(-0.000826975,-0.00437405)
(0.00661411,-0.00969099)
(-0.005762,-0.00732183)
(0.0100133,-0.0131329)
(-0.00615711,-0.00641748)
(0.0255702,-0.0190828)
(-0.00796396,-0.00187759)
(0.0275616,-0.0105155)
(-0.00352496,-0.00556119)
(0.0137696,-0.00600349)
(0.00110463,-0.000615516)
(0.00984446,-0.0042623)
(0.00328985,0.00198893)
(0.000152507,-0.00269179)
(0.0068837,0.0026453)
(0.000349608,0.000967067)
(-0.00227256,0.00356964)
(0.000258457,-0.00167389)
(7.40783e-05,-0.00382752)
(0.00436027,-0.00104728)
(0.000531841,-0.00308997)
(0.000828992,-0.00815736)
(0.00069045,-0.00700522)
(0.0100991,-0.00696848)
(-0.00618048,-0.0115061)
(0.00918051,-0.00778455)
(-0.00953268,-0.0175742)
(0.0110302,-0.00888617)
(-0.0104531,-0.0146785)
(0.0061242,-0.0065249)
(-0.00549726,-0.00144209)
(0.000200588,-0.00736316)
(0.000288119,0.00331689)
(-0.000297786,-0.000189474)
(-0.00203054,0.00125439)
(0.000697067,-0.000292152)
(-0.00189472,0.00366471)
(0.000822591,-0.000413961)
(0.000135523,-0.000824728)
(-0.00441522,-0.00641016)
(0.00395286,0.00134695)
(0.00207788,-0.00181057)
(0.00224392,-0.000496701)
(0.00089977,-0.00613505)
(0.000337494,-0.00484861)
(0.00333286,-0.00287433)
(-0.00380141,-0.00616002)
(-0.00129749,-0.00584897)
(-0.00631975,-0.00803949)
(-0.00324507,-0.00384042)
(-0.00633604,0.00247049)
(0.00174125,0.000420448)
(-0.00565098,0.00120098)
(-0.00189254,0.0011606)
(-0.00771662,0.00131385)
(0.00252162,0.00179698)
(-0.00545105,0.0043001)
(0.00163829,-0.0042454)
(0.000460508,0.000753516)
(0.000839843,-0.00412916)
(-0.000507128,-0.00349575)
(-0.000789569,-0.00923428)
(0.00484758,0.000871812)
(0.00124457,-0.00849323)
(-0.00216737,-0.00254841)
(0.00189148,-0.00426827)
(-0.00255205,-0.0024526)
(-0.00060462,-0.00551633)
(-0.00319773,-0.00284194)
(0.00120413,-0.00219657)
(-0.00802436,4.61613e-06)
(0.00118909,-0.0038506)
(-0.00803485,0.000309527)
(0.00399339,0.00228193)
(-0.00699173,0.00472505)
(-0.000748384,-0.00030777)
(-0.00388272,-0.000913545)
(-0.000991335,-0.0018806)
(0.00441669,0.00207301)
(0.00147684,-0.00332412)
(0.00261943,-0.00120404)
(0.00134942,-0.00495365)
(0.000308477,-0.00531153)
(0.00402737,-0.00640067)
(0.00118258,-0.00311402)
(0.00326507,-0.00555032)
(0.000783725,-0.000813515)
(0.0037075,-0.0034478)
(-0.000471371,-0.00386615)
(0.00441611,-0.00359627)
(-0.00259056,0.00239277)
(0.00100487,0.0015949)
(-0.00520557,0.00190659)
(0.00115497,0.000150373)
(-0.00274583,0.00226802)
(-0.000603831,-0.00203487)
(-0.00293003,0.000505938)
(-0.00350145,-0.0021896)
(-0.00424264,0.000517206)
(-0.00518008,-0.00285772)
(-0.00162636,-0.00158626)
(-0.00784479,-0.00129644)
(-0.000650832,-0.000611962)
(-0.0048667,-0.000729832)
(-0.00399591,-0.00210109)
(-0.00253157,-0.000739842)
(-0.00223707,0.000660673)
(0.00207484,0.00132285)
(-0.00449901,-0.00277841)
(-0.000198819,0.00375091)
(0.00266988,-0.00124444)
(-0.000534051,-0.00279624)
(-0.00016862,0.00112777)
(0.00129191,0.000998317)
(0.00455394,0.00341678)
(0.00110117,-0.00106344)
(0.00367771,0.000345563)
(-0.00378807,0.00149175)
(-0.00112325,0.000126155)
(-0.0110855,-0.000986902)
(-0.000355959,-0.00244671)
(-0.00509304,-0.00252836)
(-0.00717484,-0.00054165)
(-0.00617096,-0.00508006)
(-0.00359148,0.00178758)
(-5.41968e-05,-0.0027704)
(-0.0058181,0.00487599)
(3.53951e-05,0.00162392)
(-0.00340836,0.0023919)
(0.00157595,0.00561129)
(-0.00060577,0.000877123)
(0.00152357,0.000795826)
(-0.00128911,0.00400561)
(0.00302271,-0.000629618)
(0.00692717,0.00329671)
(0.0006477,0.00108877)
(0.00312352,0.00288157)
(-0.00123398,-0.000236159)
(0.000466147,0.00229773)
(-0.00775585,-0.00037614)
(-0.0032115,0.00229602)
(-0.00423864,-0.00632285)
(-0.00448893,0.00324178)
(-0.000719035,-0.00311805)
(-0.00419496,0.00221275)
(0.00198558,-0.00637693)
(-0.00119337,0.00617195)
(-0.00123821,-6.37203e-05)
(-0.00201587,0.00361715)
(0.00239583,0.0021701)
(0.00297207,6.20376e-05)
(0.000478809,0.00143213)
(0.0032813,0.00200143)
(0.00246006,0.00386334)
(0.00219146,0.00114726)
(0.000573473,0.00133647)
(0.00469392,-0.00138836)
(0.00189933,-0.0023884)
(-0.000570351,-9.09497e-05)
(0.000262812,-0.00293583)
(-0.00210857,-0.00513422)
(-0.00117668,-0.000266553)
(-0.0011539,-0.00316578)
(-0.00011617,-0.00352084)
(0.000670507,0.00230281)
(0.00393976,0.00176515)
(-0.00410404,0.00557438)
(0.00152111,0.000212837)
(0.00271749,0.00418261)
(-0.000925153,0.00346966)
(0.00409012,-0.00149948)
(0.00140163,-0.000324323)
(0.00519095,-0.00132197)
(0.0029187,1.59032e-05)
(0.000826237,-0.000849832)
(0.00071669,0.00457312)
(-6.01304e-05,-0.00141513)
(-0.00202709,-0.000608251)
(-0.00163897,-0.00108628)
(-0.00169471,-0.000968341)
(0.00105644,-0.00108512)
(0.00449778,-0.00340069)
(-0.00354417,0.000898388)
(0.00197031,-0.011073)
(-0.00396319,-0.000584472)
(0.00536976,-0.00709402)
(-0.00274334,0.000757033)
(0.0033652,-0.0045149)
(0.00126002,0.00121335)
(0.00270144,-0.00385959)
(0.0100098,0.00315093)
(-0.000477075,-0.00506543)
(0.00469756,0.00109674)
(0.00350665,0.0017233)
(0.00336661,-0.000484666)
(0.00286468,0.00031783)
(-0.00364807,0.00304677)
(-0.00221123,-0.0018551)
(-0.000811762,-0.0012111)
(2.65051e-05,-0.00448422)
(-0.00215513,-0.000659811)
(0.00172393,-0.0062577)
(-0.000504976,-0.00620487)
(0.00715832,-0.00995032)
(-0.00178707,-0.00568856)
(0.0087877,-0.0105763)
(-0.00253561,9.90085e-05)
(0.00580231,-0.00831399)
(-0.00356896,-0.00174195)
(0.00331228,-0.00588562)
(0.00230106,-0.000778275)
(-0.000182346,-0.00668961)
(0.00222984,0.00328147)
(-1.23893e-05,0.000707404)
(-0.00417529,0.00458811)
(-0.00134659,-0.000266908)
(-0.00507802,0.00250257)
(-0.0030721,-0.00185248)
(-0.000136025,-0.00334197)
(0.000113443,-0.00142873)
(-0.000409696,-0.00425581)
(0.00474966,-0.00496919)
(-0.00315292,-0.00228284)
(0.00182712,-0.0108789)
(-0.00110103,-0.000982524)
(0.00203276,-0.00526767)
(-0.00586251,-0.00392217)
(-0.000464917,-0.00794925)
(-0.00350385,-0.00258668)
(2.78743e-05,-0.00359394)
(-0.000610908,0.00338452)
(-0.000726119,-0.00347105)
(-0.00118241,0.00481389)
(-0.00249174,0.00333294)
(-0.00540666,0.00298439)
(0.00230548,0.0026666)
(-0.00896081,0.00586974)
(0.00104806,8.47738e-05)
(-0.00247615,-0.00684429)
(0.00151094,-0.00283759)
(-0.000967169,-0.00225739)
(-0.000335889,-0.00761975)
(0.0013744,0.000691192)
(-0.00110299,-0.0054846)
(0.00206968,-0.000306855)
(-0.0040869,-0.00576571)
(-0.00471107,0.00235154)
(-0.00274207,-0.00818279)
(-0.001373,0.000148433)
(0.000147655,-5.99384e-05)
(-0.00293054,0.00103354)
(-0.00278848,-0.000405939)
(-0.0028221,0.00427115)
(-0.000304677,6.12683e-05)
(-0.00719164,0.00573547)
(0.00177215,0.00140694)
(-0.00475735,0.00280999)
(0.00369367,-0.00340456)
(0.00272696,-0.00187087)
(0.000255955,-0.00240377)
(-0.00105728,-0.00328152)
(-0.000243387,-0.00628845)
(-0.0017322,-0.0025664)
(-0.00241268,-0.00736614)
(-0.00251582,-0.000499124)
(-0.000343919,-0.00840765)
(-0.00133888,-0.00090938)
(-0.00372447,-0.00402599)
(-0.00390436,-0.000690195)
(0.0010727,-0.00304721)
(-0.00305282,0.00124303)
(-0.000306833,0.000561648)
(-0.00453702,0.00504804)
(-2.22655e-05,0.000926591)
(-0.00434184,0.00101794)
(-0.00118709,-0.00289165)
(-0.00222659,-0.00138409)
(-0.000819335,-0.000753585)
(0.00351182,-0.000584812)
(0.00139302,-0.0018193)
(0.00262244,0.000218599)
(-0.000947942,-0.00501325)
(0.000541001,-0.00511039)
(0.00334202,-0.00323701)
(-0.00217052,0.000256829)
(0.0021716,-0.00291085)
(-0.00294631,-0.00325806)
(-0.000555645,-0.00368865)
(0.00325104,0.00376554)
(0.000131945,-0.00100399)
(-0.00192152,-0.000852192)
(-0.00219952,-0.00161246)
(-0.00293604,0.00404015)
(-0.000106529,-0.000469105)
(-0.00143941,0.000953922)
(-0.00553033,-0.00527504)
(-0.00186925,-0.000536409)
(-0.00271821,-0.00351393)
(-0.00216061,0.00160799)
(-0.00305651,-0.000882103)
(-0.0045527,0.000883495)
(-0.00337418,-0.000265616)
(-0.000842538,0.000257567)
(-0.00470955,-0.001281)
(0.000897634,0.000624257)
(-0.00228561,-0.00220899)
(-0.00331674,-0.00293399)
(-0.000769116,3.47873e-05)
(-0.00213116,-0.0018269)
(-0.00257927,-0.001925)
(0.000398809,0.000990213)
(0.00209418,-0.00235137)
(-0.000568926,0.00201483)
(-0.000742144,-0.0017055)
(0.0029383,0.0033403)
(0.00232898,-0.00269372)
(0.00504525,0.00232193)
(0.00206772,-0.0051461)
(-0.0013986,-0.000840101)
(-0.00349201,0.000327746)
(-0.00264662,-0.0010871)
(-0.0053274,-0.0039655)
(-0.00169835,0.000452366)
(-0.00239324,-0.0017727)
(-0.00379119,-0.000987724)
(0.00117699,-0.000277725)
(-0.00136439,0.00294387)
(0.00253813,-0.00525909)
(-0.00642394,0.00285099)
(0.00245475,0.000740455)
(0.00106752,-0.000734471)
(-0.000625376,-0.00552811)
(0.00247664,0.00284947)
(0.00216621,-0.00155298)
(0.00590759,0.00316269)
(0.00160909,-0.00459359)
(0.00315848,-0.000940121)
(0.000708907,-0.00187551)
(0.00059624,0.00356122)
(-0.00403467,-0.00192504)
(-0.00187797,0.00193097)
(-0.00316097,-0.0057715)
(-0.0068029,0.00412699)
(-0.000382515,-0.00583227)
(-0.00368673,0.00218223)
(-0.000993986,-0.00299479)
(-0.00730446,0.00449272)
(0.000585655,-0.00290265)
(-0.00403158,0.00114199)
(-0.000686976,-0.00582405)
(-0.00145968,0.000751351)
(0.000793348,-0.00131102)
(0.00127643,-0.000643657)
(0.00233052,-0.000976938)
(0.0017483,-0.00311438)
(-0.000940967,0.00148918)
(0.00218983,-0.00131766)
(0.00148643,-0.00393931)
(-0.0015624,-0.00152317)
(-0.00267923,-0.00194012)
(-0.0033599,0.00107753)
(-0.00149185,-0.00128961)
(-0.000775941,-0.0011083)
(-0.000555227,-0.0034645)
(-0.00404713,-0.000372764)
(0.00304167,-0.00388636)
(-0.0017077,0.00193469)
(-0.00224524,-0.00299853)
(-0.000547207,-0.00265755)
(7.83115e-05,-0.00247953)
(0.00255541,-0.00214054)
(0.00056722,-0.00428168)
(0.00197813,-0.00446007)
(0.00237842,0.00358332)
(0.000570616,-0.00153217)
(0.00136892,0.00231488)
(-0.00205301,-0.00282386)
(-0.0018775,0.000635264)
(-0.0021514,0.00107665)
(-0.000636951,-0.00198213)
(-0.000527454,-0.000598604)
(-0.00196068,0.000173419)
(-0.00232427,-0.00315685)
(-0.00120222,-0.00706104)
(0.00030764,-0.000139211)
(0.00298088,-0.00627138)
(-0.00114136,-0.000953832)
(-0.000585311,-0.00417149)
(0.00299787,0.000929076)
(-0.000980861,-0.00214597)
(0.00170677,-0.00127644)
(-0.00168449,0.00159358)
(0.000910134,-0.00176283)
(0.000978983,0.000406748)
(-0.00139323,0.00223888)
(0.0011367,0.00038845)
(0.000179285,-0.00247119)
(0.00303829,-0.000739602)
(-0.000375186,-0.00239182)
(0.000282727,-0.00289903)
(-0.00424728,-0.00129704)
(0.00084562,-0.00358519)
(-0.00472566,-0.00242319)
(0.00205157,-0.00768977)
(-1.6323e-05,-0.00480769)
(0.000679796,-0.00749868)
(-0.000188771,-0.00229316)
(-0.000594471,-0.00713702)
(-0.000192386,-0.000165961)
(-0.000824713,-0.00707015)
(0.00274653,0.000969346)
(-0.00240441,-0.00339043)
(-0.000729101,0.00262764)
(-0.00292022,0.00149785)
(0.00048649,6.04662e-05)
(0.000937405,0.00153621)
(-0.00684208,0.000912781)
(-0.00111654,0.000394255)
(-0.00281781,-0.00230482)
(0.00169618,-0.00355467)
(-0.00401745,-0.000880679)
(-0.000171693,-0.00367644)
(5.94239e-05,-0.00277287)
(0.000349286,-0.00317848)
(-0.000670907,-0.0041483)
(-0.000901033,-0.00491679)
(-0.00101169,0.000514029)
(-0.0026084,-0.00379078)
(0.000396881,-0.00243037)
(-0.00189132,-0.00268516)
(0.0027716,0.00244754)
(-0.00487888,-0.00210676)
(0.000714255,0.00148159)
(-0.00302348,0.00180276)
(-0.00725126,0.00153083)
(-0.00135955,-0.00063465)
(-0.00514966,-0.00120896)
(0.00283484,0.00317675)
(0.00123467,-0.00502164)
(-0.00144875,-0.00193603)
(-0.00152566,-0.00151623)
(0.000283742,-0.00493466)
(0.000299133,-0.00291935)
(-0.00373188,-0.00358991)
(-0.000718858,-0.00239579)
(-0.0018297,-0.00419371)
(0.00113464,-0.00137812)
(-0.00257919,-0.000560892)
(-0.00246653,0.000917799)
(-0.000958639,-0.00148587)
(-0.00215687,0.00221353)
(3.69261e-05,0.00273538)
(-0.001147,0.00181198)
(-0.000861191,-0.00230597)
(-0.00693405,0.00158736)
(5.39544e-05,-0.00210796)
(-0.00334608,-0.000416887)
(-0.00308212,-0.00124124)
(-0.00159473,-0.000385339)
(0.00227398,-0.00205652)
(0.00202117,-0.00464693)
(0.000585458,-0.00432495)
(-0.00300605,-0.00445513)
(0.0019146,-0.00345059)
(-0.00301939,-0.00283144)
(-0.00423713,-0.00265418)
(-0.00104377,-0.00361631)
(0.00188786,-0.000985596)
(0.00152314,-0.00131884)
(0.000329783,-0.000185049)
(-0.00197825,-0.00223608)
(-0.00177012,-0.000301321)
(-0.000697736,0.00247593)
(0.0006292,-0.00143771)
(-0.00169671,-0.00154516)
(0.000277058,-0.00626239)
(-0.0058896,-0.0010761)
(-0.00127411,0.000646608)
(-0.000497563,-0.00259937)
(-0.00342374,-0.00245677)
(-0.000153005,-0.00071381)
(0.000998693,-0.00501767)
(-0.00267211,-0.00410262)
(0.00138856,-0.00238467)
(-0.00224735,-0.00155301)
(-0.00502966,-0.000613615)
(-0.00257294,-0.00277358)
(-0.00125738,-0.00117935)
(0.000327432,-0.00143749)
(-0.000442071,-0.00103391)
(8.58778e-05,0.000333498)
(-0.000331174,0.000317252)
(-0.00150005,0.00104956)
(-0.000261983,-0.00398274)
(-0.00299779,-0.000778524)
(-0.00114961,0.00204353)
(-0.00241485,-0.00225591)
