(-0.00772601,0.007901)
(0.0154474,-0.00525613)
(-0.0207986,-0.00463644)
(0.0108624,-0.0162412)
(-0.0131205,-0.00903705)
(0.0123064,-0.0176479)
(-0.0060697,-0.00340949)
(0.0177119,-0.0130257)
(-0.0143027,-0.00513229)
(0.0129603,-0.00687602)
(-0.0120433,-0.0116186)
(0.00628418,0.00601433)
(-0.0131287,-0.00802852)
(0.00864833,0.00291694)
(-0.00776176,0.00389572)
(0.00115363,-0.000791941)
(0.0136794,0.0163023)
(-0.00350776,0.00175242)
(0.0042108,0.0105473)
(-0.0123812,0.00535188)
(-0.0112577,0.00417956)
(0.00164511,-0.0191791)
(-0.00322055,-0.00313826)
(0.00182,-0.0231246)
(-0.00864469,0.00308172)
(0.0118132,-0.0246491)
(-0.0177055,0.00885177)
(0.0158384,-0.0133488)
(-0.00489281,0.00319062)
(-0.00391603,4.82918e-05)
(-0.0110391,-0.00230865)
(-0.000754768,0.0155467)
(-0.0162895,-0.0237853)
(0.00832332,0.00807847)
(-0.00148706,-0.0165587)
(0.0109002,0.00746283)
(0.0163853,0.00318809)
(0.000847039,0.0107095)
(0.0178261,0.0117733)
(-0.0116405,0.00842972)
(-0.00694956,0.00358997)
(0.0074484,-0.00902572)
(0.00479024,0.00353608)
(0.00225133,-0.0138963)
(-0.0123146,0.00232985)
(0.00512571,-0.00415064)
(-0.0117661,0.0314566)
(0.00838153,-0.0105437)
(-0.00158194,0.02837)
(-0.00781667,0.00705364)
(0.00176937,0.0134506)
(-0.0195283,0.0185932)
(-0.013237,0.0105175)
(-0.00307483,0.0106257)
(-0.0138517,-0.00786664)
(0.0028956,0.00992353)
(0.00864005,0.00316825)
(-0.00101144,0.00509227)
(-0.00467318,0.004838)
(-0.000459949,0.0175984)
(-0.00519124,0.0109812)
(0.0185242,-0.00164562)
(-0.00644565,0.00948527)
(0.0072121,0.0143651)
(-0.00682192,0.0109334)
(0.00974617,0.00585535)
(-0.00897498,0.0210121)
(0.00488442,-0.00352317)
(0.0118318,0.0266785)
(-0.0168521,-0.00970923)
(-0.00119244,0.0271182)
(-0.0306837,-0.00387422)
(0.00292495,0.0064141)
(-0.0332502,0.00395068)
(-0.00741487,0.000143051)
(-0.012766,0.0143766)
(-0.0148934,0.0122862)
(0.00281732,0.0137978)
(0.0007186,-0.00424227)
(-0.00455795,-0.000706139)
(-0.0123212,0.0152144)
(0.00559998,0.00976123)
(0.00261267,0.015886)
(-0.00220137,0.0146536)
(-0.00672984,0.00300989)
(0.000199129,0.0150216)
(-0.00581829,0.00741498)
(-0.00164498,-0.00242886)
(-0.0122341,0.0119605)
(-0.0221861,-0.0159906)
(-0.00594645,0.0116204)
(-0.0393752,-0.00462979)
(-0.0195835,0.0102023)
(-0.0380406,0.00114716)
(0.000255696,0.00854914)
(-0.0125111,0.00389695)
(-0.00447998,-0.00595697)
(0.00817465,0.00354531)
(-0.0114314,-0.00499683)
(0.00693717,-0.00416913)
(-0.00880862,0.00476495)
(0.000695711,-0.00549936)
(-0.0069106,-0.000969604)
(-0.00123283,0.0041215)
(-0.00355276,0.00221767)
(0.00383199,0.00536282)
(0.00137696,-0.00356204)
(-0.00591942,-0.00504364)
(4.01294e-05,-0.000593705)
(-0.0228735,-0.0102374)
(-0.0178043,0.017127)
(-0.0252165,-0.0177269)
(0.0130143,0.0113447)
(-0.0137109,-0.0181566)
(0.0112552,0.0048807)
(-0.00515528,-0.00647065)
(0.00542579,0.00290129)
(0.0202076,0.00443587)
(-0.00637123,-0.00595988)
(0.014766,-0.000294431)
(-0.0135915,-0.00283654)
(-0.00612652,-0.00357185)
(-0.00811677,-0.00144326)
(-0.00101432,0.00377632)
(-0.0124673,-0.00568707)
(-0.00164485,0.0157817)
(-0.0102988,-0.0159175)
(-0.00735844,0.00791247)
(-0.0104363,0.000471794)
(-0.0188767,0.0110436)
(0.00304973,0.0126954)
(0.0146359,-0.00601976)
(0.0107667,0.00107554)
(0.015519,-0.0141997)
(0.0254681,-0.000379593)
(0.0269566,-0.0112773)
(0.0010932,0.00161666)
(0.0209485,-0.00564679)
(-0.00524272,-0.0105679)
(0.0185897,0.00777976)
(0.00813415,-0.00377504)
(-0.00422584,0.0065931)
(0.00794551,-0.0114331)
(-0.000202827,0.00474307)
(0.00513807,-0.00580221)
(-0.0131727,0.00923386)
(0.00344231,-0.00943852)
(-0.0162452,0.00643596)
(-0.00489687,0.00826935)
(-0.00362712,-0.00724675)
(-0.000395267,0.0116672)
(0.0261075,0.00335609)
(0.0109438,-0.00267221)
(0.0330841,0.00160727)
(0.0032438,-0.00683238)
(0.0281876,-0.00573939)
(-0.013206,-0.00182455)
(0.0132102,-0.00632553)
(-0.0144086,0.0128572)
(0.00548359,4.07677e-05)
(0.0108123,-0.00630559)
(0.0105427,0.0104535)
(0.0274411,-0.00608478)
(0.00200628,0.00109125)
(0.0322178,-0.0090291)
(-0.00560118,0.000693475)
(0.019182,-0.00617605)
(-0.016386,0.000350849)
(-0.00178935,0.00324987)
(-0.0095763,-0.00704754)
(-0.00849875,0.00105823)
(0.0158213,-0.000960258)
(-0.00037709,-0.01551)
(0.0212229,0.00242536)
(-0.000124547,-0.0213928)
(0.013026,-0.00409836)
(0.000847313,-0.0135797)
(-0.0146415,-0.0101881)
(-0.00211737,-0.0021081)
(-0.00805719,0.00383243)
(0.000391,0.000911477)
(-0.00423385,0.000453842)
(0.00689463,0.00239142)
(0.00354889,-0.0038134)
(0.0271781,-0.00168931)
(-0.00793632,-0.0111772)
(0.013466,0.00494399)
(-0.0131207,-0.00807913)
(-0.00963803,0.00567952)
(-0.00288473,-0.00518608)
(-0.013801,-0.00624964)
(0.00784445,-0.000560761)
(-0.00797081,-0.0215758)
(0.0112302,0.0022719)
(-0.0107967,-0.0249003)
(-0.0118366,-0.0132991)
(-0.0104456,-0.0272722)
(-0.0215961,-0.00946214)
(-0.0060247,-0.0127139)
(-0.0134754,-0.00923445)
(-0.0203316,0.00911201)
(0.00765115,0.00696582)
(-0.0213411,-0.00718024)
(0.0104726,-0.00467373)
(-0.0142298,-0.00930693)
(0.0157045,-0.016611)
(-0.0083456,-0.0213697)
(0.0187572,-0.010928)
(0.00384857,-0.0203208)
(0.0099369,0.00849431)
(-0.0129897,-0.0285091)
(0.0111328,0.0270237)
(-0.0109935,-0.00875076)
(0.0100174,0.0207384)
(-0.0178523,0.00605593)
(0.00806754,0.00369037)
(-0.000792158,0.0259409)
(0.00409999,0.00931914)
(0.0116289,0.00026788)
(0.000476029,0.00496185)
(-0.0102439,0.0120468)
(-0.00364151,-0.0118085)
(-0.00810743,0.00323201)
(0.00440607,-0.0105892)
(-0.00994813,-0.00612116)
(0.00558348,-0.00560248)
(0.00788553,-0.0043795)
(0.011358,-0.0101315)
(-0.000314862,-0.00234678)
(0.00101018,0.00391003)
(0.00179673,-0.0106617)
(-0.00928215,0.0271765)
(-0.0197252,0.000148807)
(-0.00450401,0.0270778)
(-0.0200324,0.0047656)
(0.00668734,-0.00149239)
(0.01275,0.00912781)
(0.00433806,0.00320997)
(0.00876166,-0.00348075)
(-0.00729153,0.00866621)
(-0.00524773,0.021217)
(-0.000194415,-0.015331)
(-0.00260392,0.00408145)
(-0.00273601,0.0163026)
(0.00562616,0.0185017)
(0.009451,0.00748372)
(0.00469227,0.0219471)
(0.0179615,0.0111651)
(0.0175104,0.0160155)
(0.00280374,0.0139286)
(0.00214959,0.0219395)
(-0.0165543,0.0294657)
(-0.0104086,0.0184463)
(-0.0220986,0.0165064)
(-0.0076205,0.0266299)
(0.00823238,0.0124367)
(-0.00703968,0.0108549)
(-0.00307384,0.0170925)
(0.0147779,-0.00718222)
(-0.00722746,0.0129491)
(-0.00962246,0.0120704)
(0.00884666,0.0143734)
(6.46827e-05,0.00647742)
(0.00862867,0.00969708)
(-0.00887621,-0.00429711)
(0.014182,0.00682789)
(0.00660199,-0.00891224)
(0.0370138,-0.0142448)
(0.00162134,0.00115315)
(0.0181021,-0.0112103)
(0.00423956,-0.00778842)
(-0.0309755,0.0106126)
(-0.0152312,0.00751471)
(-0.0212719,0.0199648)
(-0.0268213,0.00686117)
(-0.014364,0.0113516)
(-0.00170565,0.0166617)
(0.00232272,0.0144735)
(-0.00817945,-0.00202063)
(0.00325279,0.00619255)
(-0.00639344,0.00684654)
(0.0186022,0.00289929)
(-0.0069447,-0.00384025)
(0.0251723,0.0154798)
(-0.00793727,-0.00961751)
(0.0328522,0.0112283)
(0.00316182,-0.0213969)
(0.0294253,-0.0414176)
(-0.00633685,-0.00548038)
(0.0154148,-0.0266595)
(-0.011957,-0.0136356)
(-0.0172141,-0.0156339)
(-0.0060433,-0.0105499)
(-0.0226869,-0.000878792)
(-0.0101315,0.00614696)
(-0.0117201,-0.000425206)
(-0.0205195,-0.00900124)
(0.00856761,0.00216157)
(-0.00939064,-0.0183218)
(0.0108301,0.000132132)
(-0.0227751,0.00203572)
(0.00856602,-0.00453695)
(-0.0246038,-0.0019914)
(0.0181996,0.00336747)
(0.00237423,-0.00148121)
(0.00488663,-0.0116178)
(0.0130868,-0.00959568)
(0.0108642,-0.0163676)
(-0.0126264,-0.020863)
(0.0165091,-0.00504608)
(-0.0121078,-0.00784442)
(-0.0070979,-0.0287076)
(-0.00420053,0.00312047)
(-0.00907255,-0.0280198)
(0.00563734,0.0115605)
(-0.00654607,-0.0157568)
(-0.00251703,-0.0043234)
(0.008696,0.00542047)
(-0.00606375,-0.0142685)
(0.015092,0.00251703)
(-0.013672,0.0065011)
(0.00361187,0.000223421)
(-0.0154096,0.00275475)
(-0.00133429,-0.00118033)
(-0.00811763,-0.00257524)
(0.0201805,0.0168284)
(-0.00243077,-0.00409924)
(-0.00168627,0.00767023)
(-0.00499578,0.0129737)
(0.00492626,0.00207076)
(-0.0200725,0.00847941)
(0.000547731,-0.00850922)
(-0.000977478,0.00171209)
(0.0262841,-0.0186306)
(0.000339611,0.00835272)
(0.0245059,-0.0161537)
(0.00206055,0.00919395)
(0.0196697,0.00710815)
(-0.00883249,-0.00134287)
(0.012039,0.0105412)
(-0.00770903,0.00284694)
(0.00261674,-0.00864962)
(-7.0854e-05,-0.00556902)
(-0.000492964,0.00194962)
(0.00140958,-0.00305163)
(-0.0151532,0.00453689)
(-0.00232521,0.00873201)
(-0.0211175,0.00120125)
(-0.014467,0.00855906)
(-0.0115817,0.00213773)
(-0.0154819,0.00106472)
(0.0171092,-0.00235013)
(0.00378807,-0.017845)
(0.043654,0.000849107)
(0.00546805,-0.012905)
(0.0141951,0.00219767)
(-0.00769948,0.00604807)
(0.00557384,-0.00360674)
(-0.00842543,0.00218909)
(0.0051877,0.0181563)
(0.0203992,-0.00565833)
(0.0223939,0.016961)
(0.0187805,0.00422489)
(0.0182183,-0.00695675)
(0.0244809,0.0022543)
(-0.020469,-0.006822)
(0.0119233,0.000636087)
(-0.045755,-0.0162663)
(-0.00880586,0.0142729)
(-0.0194598,-0.0106748)
(-0.0130228,-0.00648745)
(0.00974964,0.00297294)
(-0.00252293,-0.0337008)
(0.0140495,0.00144208)
(0.00389057,-0.024357)
(-0.000119655,-0.00812913)
(-0.00614913,-0.0200704)
(-0.0173385,-0.000358505)
(-0.00624216,-0.012322)
(-0.00359053,0.00770889)
(0.00251101,-0.00502554)
(0.00551818,0.0112273)
(0.0181461,-0.00151375)
(0.00601541,0.000621232)
(0.0185917,-0.00682353)
(-0.0142829,-0.0066804)
(0.0132332,0.00444261)
(-0.0217433,-0.0219297)
(-0.00527456,0.00632228)
(-0.0143764,-0.0181007)
(-0.0277656,-0.00214906)
(-0.0050088,-0.00468774)
(-0.00488781,-0.0186397)
(-0.00518845,-0.00030193)
(-0.007481,-0.0291528)
(-0.0122631,-0.000664725)
(-0.0119854,-0.0253778)
(-0.020364,-0.008182)
(-0.00760453,-0.0247521)
(-0.00989463,-0.000766718)
(-0.00705356,0.000658294)
(-0.0016495,0.00925005)
(-0.0226098,-0.0021617)
(-9.45956e-05,0.0159879)
(-0.0190901,-0.0228352)
(-0.00987817,0.00383791)
(-0.0200703,-0.016542)
(-0.00635748,-0.00726957)
(-0.00906291,-0.0151711)
(-0.011192,-0.00845606)
(-0.00690927,-0.00860232)
(-0.000700739,0.0141361)
(-0.0111686,0.00961045)
(-0.00540134,0.0135053)
(-0.0169186,0.0116133)
(0.00358966,0.00188637)
(0.011312,0.0209099)
(-0.00582513,0.00419746)
(0.00215558,0.0119546)
(-0.00204198,-0.00446192)
(-0.00589696,0.0128455)
(-0.0112786,-0.00172936)
(-0.0173353,0.00589259)
(-0.0128282,0.0145865)
(-0.000242321,0.00206732)
(-0.00356083,0.0124566)
(0.0146517,0.0031241)
(-0.00500904,-0.00991332)
(0.0176754,0.0207077)
(-0.00868628,0.000811688)
(0.013686,0.0025519)
(-0.014813,0.00949116)
(-0.000214724,0.0249152)
(-0.00816315,0.000260191)
(-0.00232489,0.0259766)
(-0.00596948,-0.0153773)
(-0.0122556,0.0135853)
(-0.00377503,-2.25859e-05)
(0.00881383,0.00656423)
(-0.0155073,-0.00392892)
(-0.00905265,0.0152507)
(-0.0196923,0.0175281)
(-0.00227858,0.0165289)
(-0.00533767,0.0245738)
(0.00475274,0.0130978)
(-0.0115529,0.0120843)
(0.0309307,0.00960653)
(0.00758823,0.00125936)
(0.031444,0.0186262)
(-0.0120209,0.00655879)
(0.0319615,0.010344)
(-0.0352421,0.01958)
(0.0111866,0.0158287)
(-0.0300375,-0.00189874)
(-0.0186158,0.0240094)
(-0.00809156,-0.0126984)
(-0.00241107,0.0324107)
(-0.00377069,0.00654437)
(-0.00623339,0.00420965)
(-0.00450592,0.0039553)
(-0.00137514,0.00286348)
(-0.00898564,0.0110823)
(-0.0260625,-0.00224793)
(-0.0131424,0.0127806)
(-0.0119484,-0.0105411)
(-0.00152368,-0.00480273)
(0.0147223,-0.0173481)
(0.0215069,-0.0342667)
(0.0394109,-0.0306905)
(0.0201506,-0.00999133)
(0.0448297,-0.0352078)
(-0.0272077,0.0157781)
(0.0082318,-0.020075)
(-0.0134567,-0.00235069)
(-0.0167433,0.0125979)
(-0.00891518,-0.00830968)
(-0.0233979,0.00998155)
(-0.00241181,-0.00298308)
(-0.00247888,0.00478299)
(0.00637585,-0.00133766)
(-0.0128058,-0.00708786)
(0.0191361,0.00719408)
(-0.0233983,-0.00752468)
(0.00959509,0.0169723)
(-0.0142357,-0.0236315)
(0.0203939,-0.0224386)
(0.0072627,-0.0234896)
(0.00594336,-0.0542626)
(-0.00655325,-0.0332655)
(0.0195776,-0.0507268)
(0.0302327,-0.0145912)
(0.0092543,-0.0213741)
(0.0135751,-0.0224248)
(-0.00459124,-0.00736733)
(-0.0136535,-0.00836781)
(0.0105621,-0.0117285)
(-0.0313412,-0.00806967)
(0.0156363,-0.00109152)
(-0.0186925,-0.01154)
(0.00346826,-0.00465875)
(-0.0193713,-0.00810263)
(0.0175791,-0.0144756)
(-0.0345549,-0.00731499)
(0.0135328,-0.0129241)
(0.00742752,-0.00905984)
(0.025519,-0.00814444)
(0.0455169,-0.019356)
(0.02148,-0.0256597)
(0.018655,0.00127208)
(0.0255498,-0.00904524)
(0.00410661,-0.0411901)
(0.021995,-0.0327153)
(0.0130165,-0.0162959)
(0.0127052,-0.0167987)
(0.00270859,0.0106937)
(0.0120455,-0.0238241)
(-0.0118177,0.00682004)
(0.0120671,0.0133241)
(-0.0176498,-0.0163553)
(-0.00779429,0.00303151)
(-0.0195221,0.00499179)
(-0.00701931,-0.00728307)
(-0.0362313,-0.0105519)
(0.010062,0.00731131)
(0.00456351,0.000919807)
(0.0217286,-0.00263789)
(0.0318171,0.0114531)
(0.0137992,-0.0187049)
(0.0311209,0.0101464)
(0.0467291,-0.00631432)
(0.0206282,-0.000320167)
(0.0293315,-0.0204553)
(0.0020818,0.00566125)
(0.0222435,-0.0174721)
(0.0051855,0.0125135)
(0.0323853,-0.00184275)
(-0.00950866,0.00952747)
(0.00691472,0.00209427)
(-0.00349053,0.0012137)
(0.00196742,0.0191677)
(-0.010844,-0.00886816)
(-0.0164845,0.00203827)
(-0.0175974,0.00272267)
(-0.00968977,-0.0134006)
(-0.0149101,-0.00336962)
(-0.00489433,-0.0121703)
(-0.00911717,0.014759)
(-0.00997434,-0.0228303)
(0.00130496,0.0294467)
(-0.00232567,-0.0152521)
(0.000441987,0.0033561)
(0.0202263,0.0106111)
(-0.00498678,-0.00926424)
(0.0283085,0.00543562)
(-0.000990683,-0.0079975)
(0.0380213,0.00184231)
(-0.00338143,0.00364371)
(0.00720879,0.0029741)
(-0.0102499,0.00895569)
(-0.00652539,0.0211549)
(0.0172618,-0.00164567)
(0.00334239,0.0143251)
(0.00230593,0.00788589)
(-0.0102639,0.00411007)
(0.00591577,0.017591)
(-0.0292374,-0.0111105)
(0.00749121,0.0241921)
(-0.0378344,-0.0300956)
(-0.0127955,0.00822798)
(-0.0148915,-0.0138857)
(0.00458042,-0.00337107)
(-0.00343651,0.00250795)
(-0.00106506,-0.0308758)
(0.0111989,0.0228473)
(0.00154323,-0.0275423)
(-0.00251507,0.000449447)
(-0.0100549,-0.0123187)
(-0.0229349,-0.00571487)
(-0.0060748,-0.00850215)
(-0.00947367,0.0111909)
(0.0150928,-0.00282971)
(-0.00364555,0.00292183)
(0.0262683,0.0110824)
(-0.00413147,-0.00108378)
(0.0098789,0.015783)
(-0.0238911,-0.0129005)
(0.00775714,0.0181676)
(-0.0216392,-0.0188423)
(0.000456561,0.0177469)
(-0.0171763,-0.0174648)
(-0.000814697,-0.0135805)
(-0.000165768,0.00194935)
(-0.00798158,-0.0320569)
(-0.00412075,0.00117141)
(0.00463352,-0.028441)
(-0.0166306,-0.00420381)
(-0.0156196,-0.0294285)
(-0.0215414,-0.00377243)
(-0.0126378,-0.0153271)
(-0.00735984,0.000490759)
(-0.0124789,-0.00483088)
(-0.00800349,0.0132731)
(-0.0173408,-0.018225)
(-0.0105102,0.0137925)
(-0.0304661,0.00148355)
(-0.00950799,0.00505012)
(-0.028776,-0.0165576)
(-0.0148955,-0.00647978)
(-0.0293114,-0.00603735)
(-0.00977373,-0.00797308)
(-0.0121214,-0.0170256)
(-0.0145147,0.000591006)
(-0.00671148,-0.0100224)
(-0.00233258,-0.00449067)
(-0.00315306,0.000720387)
(-0.00365773,-0.011379)
(0.00136974,0.00431903)
(0.00749412,-0.00306671)
(0.00502407,0.0125017)
(-0.00684957,-0.00538218)
(0.00120458,-0.00486328)
(-0.0231621,0.0158206)
(-0.00500384,0.0106604)
(-0.0147118,0.00810861)
(-0.00468851,0.00130219)
(-0.0138787,-0.0124144)
(0.000991859,0.00590963)
(-0.00226882,-0.0174753)
(0.0108269,0.00655628)
(-0.0134421,-0.0186963)
(0.0110828,0.00191672)
(-0.00884909,-0.0159518)
(-0.005081,-0.00797147)
(-0.00904214,-0.01603)
(-0.00851478,0.00776488)
(0.000926634,-0.021839)
(0.0198252,0.00406859)
(-0.00514569,-0.00900872)
(-0.0033696,0.00211955)
(-0.00651994,-0.00923869)
(0.0060666,0.00497391)
(-0.010442,0.0161634)
(-0.00421618,0.0254169)
(-0.0199007,0.00602656)
(0.00787736,0.0115204)
(0.000416542,-0.0219107)
(0.0559574,0.0191556)
(-0.000493078,-0.0110197)
(0.0855416,-0.0345583)
(0.00871537,-0.00690068)
(0.0566053,-0.0306519)
(-0.024326,0.00395835)
(0.00785467,-0.0251429)
(-0.0134209,-0.0180074)
(-0.00502373,0.00450772)
(-0.0188839,-0.0185393)
(0.00480877,0.0152979)
(-0.00486974,-0.0129388)
(0.0136016,0.0154468)
(-0.000428488,-0.00275263)
(0.0066844,0.00131034)
(-0.0145015,0.011379)
(-0.00792559,0.00314794)
(-0.0169668,0.00330018)
(0.00839117,0.00578327)
(0.000562499,-0.0308155)
(0.0531172,-0.0230185)
(-0.0125981,-0.039035)
(0.0360657,-0.0642757)
(-0.0212037,-0.0209497)
(0.0472355,-0.00363867)
(0.00297835,0.0261636)
(0.0211107,-0.0345932)
(0.00607914,-0.00618384)
(-0.0175911,-0.0107152)
(0.00704029,-0.0328929)
(-0.00213692,0.0100561)
(-0.0112325,-0.019662)
(0.00379748,0.0174377)
(-0.00581458,-0.00945591)
(-0.0124987,-0.00938148)
(0.00549014,0.00441746)
(-0.0278712,-0.0130901)
(-0.0097169,-0.00800399)
(-0.0236613,-0.00324795)
(-0.026187,-0.0258558)
(-0.00787297,-0.0254043)
(0.0136949,-0.0541454)
(-0.0445269,0.00927999)
(-0.0144695,0.0205475)
(-0.009918,0.0782172)
(0.0194173,0.0356328)
(0.0269174,0.0121299)
(0.0407801,0.00484507)
(0.00547918,0.00661766)
(0.017894,-0.0234658)
(-0.0075906,-0.0050956)
(0.00991334,-0.0129024)
(-0.00264353,-0.00929885)
(-0.0173233,-0.00708365)
(-0.0120446,-0.0306143)
(0.00409858,-0.00833604)
(-0.0282935,-0.0163167)
(-0.0123785,0.0183791)
(0.00419693,-0.0126426)
(-0.0321206,0.00824637)
(0.0290013,0.0260222)
(-0.00680945,0.006714)
(-0.0187375,0.00464736)
(-0.039407,0.0713058)
(-0.0213426,-0.0426188)
(-0.00900872,-0.0370387)
(0.00828583,-0.00968434)
(0.00351003,-0.0275689)
(0.000221553,6.65692e-05)
(0.00702614,-0.0143721)
(-0.000333765,0.00246834)
(0.00314781,0.00582872)
(0.000810327,-0.0175152)
(-0.019156,0.0063635)
(-0.023972,-0.0304011)
(-0.00803823,0.00674524)
(-0.0237608,-0.0287163)
(-0.00698367,0.0354022)
(0.00523023,0.00240664)
(-0.0173404,0.024589)
(0.0559048,0.0431899)
(0.0121662,-0.00758145)
(0.0338694,0.0415164)
(0.0320644,0.0120447)
(0.016407,3.02054e-05)
(0.0166732,-0.0113705)
(0.0331702,-0.0160134)
(-0.0133029,-0.00081853)
(0.0322357,0.018507)
(0.014023,-0.00324123)
(0.00780876,-0.00421248)
(0.010621,0.00906293)
(-0.0021919,-0.0134232)
(-0.00667933,0.000194236)
(-0.00917356,-0.0163933)
(-0.019315,0.00377587)
(-0.0190109,-0.0256228)
(-0.0114926,0.0207827)
(-0.0303723,-0.00707291)
(-0.0141564,0.0215627)
(-0.0109352,0.0353837)
(-0.0131727,-0.0268876)
(0.0232511,0.0204394)
(0.00750774,-0.0210376)
(0.0105343,0.00249699)
(-0.00496971,-0.000871758)
(0.0130265,0.00351679)
(-0.0136778,0.0231663)
(0.0228399,-0.00443278)
(0.0217402,0.01959)
(0.0140905,-0.00219028)
(0.0211281,0.0108603)
(0.000591779,0.00169517)
(0.00153595,0.0033463)
(0.0174369,-0.0126968)
(-0.0237346,0.0206234)
(0.00634431,-0.00384093)
(-0.0238677,0.0165262)
(-0.0109941,0.000849346)
(-0.0300741,0.00831697)
(-0.0325318,0.00142208)
(-0.0115346,0.00498307)
(-0.00599048,0.0186224)
(-0.0090634,-0.00191783)
(6.08238e-05,0.000638495)
(-0.00581386,0.0266039)
(-0.0108359,-0.00366237)
(-0.00221187,0.0318108)
(0.0169013,-0.01905)
(0.0112366,0.0276833)
(-0.00192181,-0.0186212)
(-0.00519886,0.0160284)
(-0.00833664,-0.00639739)
(-0.0109785,0.00347673)
(0.0177202,-0.00352275)
(-0.0213612,0.00770769)
(0.0204421,0.00353549)
(-0.0138805,0.00461111)
(0.00644702,0.00569204)
(-0.0173519,-0.000431699)
(0.00609382,0.0121911)
(-0.0172832,-0.000979968)
(-0.00430162,-0.00610091)
(-0.000733681,0.00918752)
(0.00592639,-0.00662579)
(-0.011419,0.0136503)
(0.00930066,-0.0181451)
(-0.00155365,0.0161228)
(0.00739447,-0.0257282)
(-0.00859504,0.00878994)
(-0.0057351,-0.0284144)
(-0.0132582,0.00941732)
(-0.0101039,-0.0107164)
(0.00559712,0.00462965)
(-0.00482587,-0.00275035)
(-0.00376061,0.00322452)
(-0.0218847,-0.000480948)
(-0.0145911,0.0148501)
(-0.0354941,-0.0100609)
(-0.00637789,0.00468459)
(-0.0423376,-0.00502779)
(-0.0139487,-0.00330175)
(-0.0257982,-0.00783444)
(-0.00492406,-0.0101928)
(-0.0237308,-0.00820911)
(0.00102828,-0.00394675)
(-0.00675838,-0.0157168)
(0.015364,-0.0104796)
(-0.00673966,-0.00488304)
(0.0204947,-0.00778694)
(0.00553921,-0.00141161)
(0.0143762,-0.00717457)
(0.0070735,0.00514678)
(0.0120376,0.0062563)
(-0.00901848,-0.00640455)
(-0.00771867,0.0158186)
(-0.0130588,-0.00591528)
(-0.0190642,0.00154268)
(-0.0185565,0.00610421)
(-0.0137784,-0.0184922)
(0.00332628,0.00442267)
(0.00338972,-0.0225709)
(0.0214874,-0.0118103)
(0.0265791,-0.0248885)
(-0.00707918,-0.0232045)
(0.0133792,-0.0149307)
(-0.0230231,-0.025643)
(0.0165339,-0.0224383)
(-0.0159811,-0.025727)
(0.0152296,-0.00692438)
(0.00505372,0.00839288)
(0.0100558,-0.00715328)
(0.0130341,0.0050132)
(0.00777042,0.00137361)
(0.000182405,0.000474409)
(-0.00812003,0.0151062)
(0.00971085,0.00844385)
(-0.00968529,-0.00490231)
(0.0254517,0.0287663)
(0.00566957,-0.0264776)
(0.0875861,0.00630368)
(0.0158167,-0.0403784)
(0.0728653,-0.0146118)
(0.0137114,-0.0139649)
(0.0329509,-0.00403975)
(-0.00192357,-0.00263534)
(-0.0347891,-0.0250967)
(-0.00251774,-0.0170303)
(-0.0287046,-0.00925079)
(-0.0131144,-0.0163714)
(0.0097129,0.0157124)
(-0.000165236,-0.0048387)
(0.0174234,0.022328)
(0.00558905,-0.0111522)
(0.00326829,0.00536321)
(-0.00581425,-0.00252758)
(-0.00427062,0.016828)
(-0.0132744,-0.00983453)
(0.0144958,0.0300691)
(-0.0177081,-0.0382238)
(0.062588,0.00591064)
(0.0126407,-0.0393247)
(-0.0766434,0.00114886)
(-0.0426062,0.0431586)
(-0.0693193,0.0563138)
(0.0271625,0.0199928)
(-0.044888,-0.00225527)
(0.026368,-0.0211988)
(-0.0570702,-0.00865593)
(0.00284636,-0.0224851)
(-0.00806495,0.00921324)
(-0.00914043,-0.0119806)
(0.0205341,0.014298)
(-0.0112415,-0.0147235)
(0.00260955,-0.0148795)
(-0.00243752,-0.00286636)
(-0.0306862,0.00632674)
(-0.0239115,0.00192219)
(-0.0309541,-0.00992037)
(-0.0100495,-0.00644209)
(0.0126752,-0.0752895)
(0.0483474,0.0306811)
(0.0124359,0.0144044)
(0.00237973,0.000815263)
(0.000812758,-0.0235548)
(-0.0113154,-0.00887736)
(0.0342398,0.00600118)
(0.021633,0.010047)
(-0.0132147,0.0118734)
(0.0135718,-0.0174717)
(-3.93936e-05,0.00560807)
(-0.00576683,-0.00422025)
(0.00945247,0.00149287)
(-0.0144134,-0.00536232)
(-0.00952091,-0.00984569)
(-0.00442037,0.0179801)
(-0.0216502,-0.0276699)
(-0.0313863,0.0216737)
(0.00647207,-0.0131949)
(-0.0455309,0.0389844)
(-0.00824684,0.0522541)
(0.0298497,0.0199972)
(0.000256821,-0.013553)
(-0.000716862,-0.00766159)
(0.0197821,0.00882687)
(0.0112937,-0.00360912)
(-0.0400627,0.00568645)
(-0.0475398,0.0810414)
(-0.00780994,-0.00370864)
(-0.00240194,-0.0137347)
(-0.0056354,-0.00341804)
(-0.00696176,0.00892798)
(0.00592604,-0.00530191)
(-0.0153333,0.000205028)
(-0.00180671,-0.0218626)
(-0.00922455,0.00915634)
(-0.0188006,-0.016908)
(-0.0184574,0.0343926)
(-0.00160265,0.0029772)
(-0.0276707,0.0413249)
(0.0371906,0.0426432)
(-0.0332041,-0.00887722)
(0.0162882,-0.00844181)
(0.0180288,-0.0157831)
(-0.0668889,-0.0208728)
(-0.00932841,0.0151537)
(0.00900699,-0.014904)
(-0.0389339,-0.0139764)
(0.0220942,-0.0057635)
(-0.00853538,0.00276357)
(0.0289859,-0.00467123)
(0.0134734,0.00439702)
(0.0109109,-0.0186466)
(-0.00197295,-0.00567353)
(0.00201428,-0.0078295)
(-0.00894825,0.00426038)
(-0.0204814,-0.0100474)
(-0.0100003,0.0159757)
(-0.0248073,-0.00425447)
(-0.0153677,0.0106611)
(-0.0088494,0.0302896)
(-0.0090711,-0.0375794)
(-0.00371274,0.031955)
(0.00344273,-0.0406612)
(-0.00957894,0.00806084)
(-0.0330534,-0.0146001)
(0.0364621,-0.0115467)
(-0.0327503,0.00670249)
(0.0357987,-0.0151111)
(0.00238052,0.0190277)
(0.0238666,-0.0268799)
(0.0149881,0.00726282)
(0.0216821,-0.0106222)
(1.35537e-05,-0.00207706)
(0.0192753,0.00440257)
(-0.0110874,0.00888261)
(-0.00637754,0.0143016)
(-0.0176781,0.0121097)
(-0.0259044,0.00907218)
(-0.00556081,0.0219496)
(-0.0173646,0.0265267)
(-0.000355736,-0.00770598)
(-0.00463993,0.0122792)
(-0.00181369,-0.00880175)
(0.000748261,0.00887739)
(-0.0022289,0.00463526)
(0.00894177,0.0038557)
(-0.0140259,0.01837)
(0.0170631,-0.0229223)
(0.00543432,0.0178943)
(0.0166786,-0.0178293)
(0.00273046,0.0128277)
(0.0050489,-0.0206067)
(-0.0100705,-0.00315691)
(0.014249,0.0136218)
(-0.0145864,0.00377606)
(0.0132425,0.00908239)
(-0.00612228,0.00125969)
(-0.00246823,0.00160231)
(-0.0101897,0.00254315)
(-0.00513613,0.0138104)
(0.00684395,0.00469816)
(0.00248675,0.00907261)
(0.00343294,0.00523205)
(0.00949116,-0.000458403)
(0.000574063,0.00109106)
(0.00872925,0.0109687)
(0.000104803,0.00691681)
(0.0169914,-0.0244385)
(0.0161165,0.00701713)
(0.00545803,-0.0290422)
(0.000884958,0.00967493)
(0.00272312,-0.0132957)
(-0.00423343,0.00601691)
(0.00141138,0.00537424)
(0.000645044,0.00200192)
(-0.0121208,-0.0100479)
(0.000997659,0.0118089)
(-0.0238997,0.00202437)
(-0.0149115,0.00627485)
(-0.0270015,-0.0113034)
(-0.00711748,0.00250452)
(-0.0115645,0.00271165)
(0.00648595,0.00670618)
(-0.0103166,-0.000790877)
(0.0155019,0.00160532)
(-0.00612509,-0.0015155)
(0.0320935,0.00616545)
(-0.00395456,-0.0134096)
(0.037833,0.00520303)
(-0.00468666,0.00301135)
(0.0234265,0.0167909)
(0.0133926,0.00897735)
(0.00910968,0.00825168)
(-0.00154988,-0.00289177)
(-0.00226397,0.0159264)
(-0.000299714,0.00678452)
(-0.0129356,0.0102737)
(-0.00288054,0.0122717)
(-0.0134893,0.00677377)
(0.0137997,0.0103132)
(0.00155704,-0.00925322)
(0.00302107,0.00803434)
(0.0196308,-0.0097813)
(0.00139779,-0.0110882)
(0.0228039,-0.00728074)
(-0.0103808,-0.022216)
(0.0259218,0.0107327)
(0.00682055,-0.00267444)
(0.0334484,0.0134212)
(0.00320534,0.0115809)
(0.015049,0.0125597)
(-0.00403142,0.0111582)
(0.00455752,0.0059624)
(0.00415132,0.00449141)
(0.0118912,0.0119625)
(0.0101992,0.0100716)
(0.00271752,-0.00300242)
(0.0351142,0.0257588)
(0.0172104,-0.033313)
(0.056788,0.030337)
(0.00887861,-0.0182476)
(0.0319383,-0.0179713)
(0.0402068,-0.0253996)
(0.0290365,-0.00227725)
(0.0051929,-0.0110401)
(-0.0271277,-0.0256041)
(-0.00480694,0.0111598)
(-0.0242504,-0.00769424)
(-0.00925298,0.039599)
(0.015933,0.00751043)
(0.0102329,0.0123679)
(0.0138292,-0.00285313)
(0.0115954,0.0060432)
(0.00282064,0.00500001)
(0.00116919,-0.00448847)
(0.00795169,0.0284793)
(0.0134921,-0.0160517)
(0.0309263,0.0490424)
(0.00940399,-0.0138749)
(-0.00493854,0.0429593)
(-0.0173501,-0.0176447)
(-0.0729062,-0.0269303)
(0.00506634,0.0444312)
(0.0819028,0.0336041)
(0.0148389,-0.0412744)
(0.011063,-0.018439)
(-0.0227687,-0.00767044)
(-0.0384972,-0.00233328)
(-0.0172548,0.0286672)
(-0.00459534,-0.00673385)
(-0.000295455,0.0175828)
(0.0211707,-0.0074503)
(0.00911418,0.00548309)
(0.00020489,0.000418682)
(0.00257252,0.00650052)
(-0.00792761,0.00556341)
(0.00211076,0.00727381)
(-0.00686032,0.0229345)
(-0.0222354,4.40871e-05)
(-0.0396412,0.0572398)
(-0.0436578,0.0186073)
(0.0215786,-0.00774919)
(-0.00244682,-0.00804845)
(-0.0200258,-0.000746865)
(0.00209307,0.0178166)
(0.0274132,0.0146875)
(0.00817854,-0.0597956)
(0.00350233,0.0150769)
(0.00577794,0.0155746)
(-0.00179427,-0.000703946)
(-0.00095483,0.0197695)
(0.0163058,-0.00243524)
(-0.00505968,0.00141615)
(-0.00344479,-0.0111769)
(-0.012979,-0.0033956)
(0.00286267,-0.00375372)
(-0.0190474,0.0165218)
(0.0219245,-0.0553548)
(-0.0263089,0.00256326)
(-0.0382238,-0.04946)
(0.0387938,-0.0591451)
(0.00615955,0.01699)
(0.00618931,0.0048981)
(0.0108417,-0.0122144)
(-0.0161214,-0.00292078)
(-0.0348115,-0.014028)
(0.0211482,-0.0303856)
(-0.00742195,0.0167108)
(0.0284581,0.0167925)
(0.0075858,-0.00172822)
(0.0134643,0.0140702)
(0.00195316,0.000153586)
(-0.00457207,-0.0049973)
(0.00163894,-0.011047)
(0.00838439,-0.00411948)
(-0.00499611,-0.00718184)
(-0.00250415,0.00754615)
(0.00833893,-0.0233715)
(-0.024208,0.0238482)
(0.00535575,-0.02976)
(-0.0197652,-0.0112502)
(-0.0422926,-0.0417245)
(0.00120063,0.0429464)
(-0.00464068,0.0183301)
(0.0110698,0.038608)
(0.0509305,0.00652733)
(0.0169536,-0.0278288)
(0.0413196,-0.00292365)
(0.019628,-0.000341528)
(0.00663016,-0.00177247)
(0.0136638,0.00463759)
(0.00402865,-0.00593053)
(0.00702333,-0.00742586)
(0.0129332,0.000731196)
(-0.00361984,-0.0132294)
(0.00304822,0.0139783)
(0.00900645,-0.00951777)
(-0.0324622,-0.00133548)
(0.00381433,-0.00278155)
(-0.0324878,0.00798653)
(-0.022411,-0.0341574)
(0.00897188,0.0354058)
(-0.00896563,-0.0391926)
(0.0264793,0.0219299)
(0.00573804,-0.0286373)
(0.0487981,0.00966598)
(0.00936672,-0.0333587)
(0.0183848,-0.0166588)
(0.00754419,-0.00219122)
(0.0145742,-0.0251456)
(0.00226348,0.000168712)
(0.0173402,-0.0270803)
(-0.000703761,0.00163752)
(0.0137468,0.0234399)
(-0.00633337,0.00741525)
(-0.00215792,0.0167383)
(0.0026914,-0.00273996)
(-0.0163954,0.00919852)
(0.00873903,0.00024172)
(-0.0311788,0.0245084)
(-0.00240126,-0.00518214)
(-0.00676344,0.026768)
(0.00774614,-0.0136709)
(0.00449702,0.0241772)
(0.0117121,-0.0168946)
(0.0237433,0.015866)
(0.00568139,0.00120173)
(0.0187235,-0.0146873)
(0.00604236,0.00500188)
(0.00975488,-0.0332552)
(0.000104024,0.00505926)
(0.0122075,-0.0254706)
(-0.0114949,-0.00859282)
(0.00745971,0.0277062)
(-0.0167026,0.00182749)
(-0.00307638,0.0236798)
(-0.0106154,-0.00956683)
(-0.0107633,0.0124483)
(-0.00308755,-0.0161918)
(-0.00501415,0.0231143)
(-0.0009219,-0.000362998)
(-0.00961667,0.00854686)
(0.00497192,-0.00407632)
(0.00737801,0.00889105)
(0.0116377,0.0025829)
(0.0126899,-0.000791887)
(0.0122556,-0.0105307)
(0.017948,-0.0213737)
(0.000481697,-0.0063152)
(0.0180904,-0.0241892)
(0.00463219,-0.00813104)
(0.0054367,-0.0269375)
(0.00913975,-0.0116501)
(-0.00121606,0.0114997)
(-0.00338519,-0.00458322)
(-0.00434396,0.012315)
(-0.0105924,0.00223385)
(-0.0183558,0.0064941)
(-0.0101644,0.0136084)
(-0.0177788,0.00114236)
(-0.00329487,0.0165935)
(0.00272841,-0.00447098)
(0.0143159,0.0172545)
(-0.00212762,0.00559673)
(0.0173468,0.0119879)
(0.00561607,0.00928669)
(0.0297238,0.0193221)
(0.000649877,0.0126989)
(0.0206679,0.0223718)
(0.00526798,0.010906)
(0.0138906,0.0208795)
(0.00265943,0.000298047)
(0.0100914,0.0144612)
(0.00350307,0.0080155)
(-0.00434173,0.000262698)
(0.00919915,0.00478754)
(-0.0244605,0.0232679)
(-0.00119396,-0.00114004)
(-0.0169741,0.0228408)
(0.0067597,-0.00315384)
(0.00272946,0.00685091)
(0.00335745,-0.00322962)
(0.0180179,-0.00108768)
(-0.00332618,-1.77326e-05)
(0.0252681,-0.00806232)
(-3.28567e-05,-0.0010046)
(0.0310297,0.0225961)
(0.00272398,0.00283311)
(0.036509,0.0104517)
(0.00336011,0.0189284)
(0.00450676,0.00632835)
(0.0184137,-0.00523441)
(0.0136486,0.0152822)
(0.00114674,0.00107044)
(0.015283,0.000485007)
(0.0207363,-0.00366234)
(0.00869211,0.00966996)
(0.0326169,0.0108694)
(0.00113508,-0.00838721)
(0.0332619,0.0192956)
(0.0103375,-0.011141)
(0.0122578,-0.00211847)
(0.0151621,-0.0260013)
(0.0023349,-0.0104021)
(-0.0153178,0.00284619)
(-0.0230653,-0.00848499)
(-0.0160682,0.057121)
(0.0047995,-0.000557879)
(0.00926113,0.0393445)
(0.0101041,0.0079157)
(0.0221022,0.0162423)
(0.0189137,0.00183093)
(0.0222644,0.000735127)
(-0.00164918,0.00202883)
(0.0143977,0.00321606)
(0.0173305,-0.00553057)
(0.0163539,-0.00680032)
(0.0286357,0.0280934)
(0.0209356,-0.029999)
(0.017828,0.0163108)
(-0.00294102,-0.00395387)
(-0.0188424,-0.0197081)
(-0.0185472,-0.012493)
(0.0289505,-0.0146885)
(-0.0458885,-0.0101527)
(-0.0205111,-0.0312493)
(-0.0703674,0.0587371)
(-0.0243546,-0.0128064)
(-0.0199223,0.0558404)
(-0.00488773,-0.00218488)
(0.0144883,0.0143622)
(0.0189927,-0.00576429)
(0.0166421,0.00686575)
(0.00732641,-0.0154256)
(-0.00030693,0.00821128)
(0.00465662,-0.00617478)
(0.0123766,-0.00890877)
(-0.00287478,0.00799599)
(0.0179279,0.0117944)
(0.000633844,0.0262884)
(0.00279908,0.0344643)
(-0.0163189,-0.00103222)
(0.060044,-0.015495)
(0.0152189,0.0109306)
(0.0144237,-0.0278879)
(-0.00201231,-0.0137704)
(-0.0402352,0.0479613)
(-0.0139407,-0.00765085)
(-0.0327177,0.0465416)
(-0.00976777,-0.0124186)
(0.00915265,0.0187589)
(0.00823988,-0.00597216)
(0.0118385,-0.00542306)
(0.00591263,-0.0165975)
(0.001976,0.000111072)
(0.00405991,-0.00897667)
(0.00511084,0.00446167)
(0.0327586,-0.0249491)
(0.022275,0.020656)
(0.0236739,-0.0354537)
(-0.000490021,0.0120704)
(0.00201403,0.0181131)
(-0.0276542,-0.0030347)
(-0.0459479,0.0306284)
(0.0380453,-0.0146217)
(-0.0140943,-0.00698785)
(0.0203098,0.0315995)
(-0.0110341,-0.0180732)
(0.00526558,0.0353567)
(-0.0196145,-0.00234149)
(0.019727,0.00624198)
(0.000192917,0.00974517)
(0.0105332,0.0121283)
(0.000501408,-0.00929902)
(0.00312972,0.00114238)
(-0.00398771,0.0020663)
(0.0203059,0.0103119)
(-0.000415683,-0.00734188)
(0.0185348,0.0230154)
(0.0290794,-0.0134947)
(-0.00823506,0.0193221)
(0.0198411,0.00161796)
(-0.0432646,0.000443593)
(0.0326531,-0.0121127)
(0.00575109,0.0105764)
(0.0402819,-0.0133694)
(0.00585484,-0.0155329)
(0.0065929,-0.0158111)
(-0.00643759,0.0126026)
(-0.0106695,0.00264912)
(0.00971552,0.00592735)
(-0.00744205,0.00415198)
(0.0138882,-0.00251371)
(0.000769164,0.0111019)
(0.00703415,-0.00309624)
(-0.00414924,0.00493223)
(0.013141,-0.0129061)
(-0.00861643,0.00302461)
(0.0011503,0.00106509)
(-0.0211901,0.00868864)
(-0.00509994,-0.0126046)
(0.0135962,0.0143216)
(-0.0286728,-0.0208914)
(0.0194836,-0.00137273)
(-0.00197584,-0.0269092)
(0.0365642,-0.000652639)
(-0.00128259,-0.0154521)
(0.00307421,-0.0101995)
(-0.0120411,-0.00970739)
(-0.00986448,-0.00414571)
(0.00525301,-0.0137103)
(-0.00831769,0.00328716)
(0.00535573,-0.0160843)
(0.00861073,0.021656)
(-0.0117124,0.00446167)
(-0.014044,0.0310884)
(0.00679953,-0.00177976)
(-0.0174564,0.014532)
(0.00773818,0.00572982)
(-0.0141408,0.018221)
(-0.00650352,-0.00509532)
(-0.0153758,0.0103284)
(-0.0113479,-0.0209495)
(0.00290458,-0.00217877)
(0.00496414,0.00247651)
(0.00591571,0.00815811)
(0.00351649,-0.00145051)
(-0.00913448,-0.00717904)
(-0.00406153,-0.00539342)
(-0.00630629,-0.0012254)
(-0.0155659,-0.0101005)
(-0.00129583,-0.0150002)
(-0.00206576,-0.024031)
(-0.00321418,0.0263537)
(-0.0130076,-0.000985518)
(-0.00331188,0.026819)
(-0.00819955,-0.0102753)
(-0.0148057,0.0243141)
(-0.000699413,-0.00862505)
(-0.00803753,0.0288853)
(0.00245166,-0.00336025)
(-0.015955,0.00419078)
(0.00376026,-0.00275922)
(-0.00799296,0.00319522)
(0.00627966,-0.00809073)
(0.00106831,0.0140382)
(0.0113705,-0.00803526)
(0.00976204,0.00136229)
(0.00896598,-0.0146923)
(0.0015614,-0.00799813)
(0.00420541,-0.023538)
(0.00120859,-0.0075831)
(-0.0024192,-0.0200888)
(0.0119182,0.0209317)
(0.0139671,0.000783013)
(-0.00211455,0.00887015)
(0.0101753,0.0074369)
(-0.011515,0.0052595)
(-0.00378445,0.00679564)
(-0.0116502,-0.000841797)
(-0.0131094,0.00694364)
(8.01814e-05,-0.0121885)
(-0.00465675,0.020754)
(-0.00578219,-0.0107445)
(0.00755636,0.0198347)
(0.00944179,0.0103826)
(-0.00247471,0.0100365)
(-0.00363836,0.00708919)
(-0.0056042,0.0153972)
(-0.00466736,0.0153292)
(-0.0161362,0.0185514)
(0.00763773,0.0131809)
(0.00145079,0.0218885)
(0.005821,0.0113106)
(0.0176876,0.000847735)
(0.0172478,0.0062349)
(-0.00488173,0.0156484)
(0.000240282,0.0122553)
(-0.0113088,0.0123153)
(0.0126129,-0.0111947)
(-0.00945161,0.00823952)
(0.0107298,-0.0133146)
(0.00369316,-0.00291576)
(0.00992157,-0.00539927)
(0.00696055,0.00383323)
(0.0107113,0.0113642)
(0.0109477,0.0202243)
(0.0116361,0.0249877)
(-0.010427,-0.0078842)
(0.0190059,0.0183821)
(-0.0115325,0.001861)
(0.00213775,0.016551)
(-0.00530506,0.0120582)
(0.00337493,0.00554871)
(0.0185919,-0.000166075)
(0.0104492,-0.000773924)
(0.00586919,0.00255993)
(0.0140348,-0.00570564)
(-0.001845,-0.00786508)
(0.0233927,-0.00750517)
(-0.00609564,-0.0157178)
(0.00882638,0.00303347)
(0.00738835,-0.00835007)
(-0.00095999,-0.00997245)
(0.000457045,0.00646805)
(0.000424805,0.00415857)
(0.0091214,0.0245981)
(0.0164562,0.024978)
(0.0126777,-0.00351752)
(0.011632,0.0291152)
(-0.00357029,-0.0280638)
(0.00438596,0.0102698)
(0.00719235,-0.00185673)
(-0.00679113,-0.00860196)
(0.00384657,-0.0136133)
(-0.0147488,0.00387076)
(0.00572628,-0.00874532)
(0.0165479,0.00324454)
(0.0109294,-0.0134921)
(0.00761767,0.00866878)
(-0.0190107,-0.0124766)
(-0.00568155,-0.00643206)
(-0.0391159,-0.0139062)
(0.005025,-0.015463)
(-0.0418965,0.0150801)
(-0.0115184,0.00101495)
(-0.0344317,0.0409258)
(0.00245564,0.00456176)
(0.00058913,0.00425469)
(-3.33634e-05,0.0138083)
(0.00996286,-0.0192597)
(0.0145418,0.00623863)
(-0.00192556,-0.0131921)
(-0.00996836,-0.0301283)
(-0.00505061,-0.0199848)
(-0.00639162,-0.0313217)
(-0.00478737,-0.0211893)
(-0.00894349,-0.0138584)
(0.0143618,-0.0150149)
(-0.00710168,-0.00934591)
(-0.0210384,0.00909507)
(0.00947091,-0.0136134)
(-0.0182163,0.0167454)
(0.0131839,-0.0216309)
(-0.01895,0.008479)
(-0.0111526,-0.00242762)
(-0.0312095,0.0345328)
(0.00230363,-0.00268185)
(0.0128311,0.010835)
(0.00619254,0.00590831)
(0.00405244,-0.0326585)
(0.0162091,0.0106439)
(0.00984355,-0.0210586)
(-0.00455834,-0.0217461)
(-0.00795546,-0.00991486)
(-0.0135212,-0.0205972)
(0.0062922,-0.0195201)
(0.00524103,-0.0173789)
(0.0266056,0.00902319)
(0.0240478,0.00108353)
(-0.00285261,0.0013484)
(0.0167076,-0.0124048)
(-0.0327484,-0.0219956)
(0.0073753,-0.00560984)
(0.00556065,0.00304146)
(-0.0131761,-0.00252114)
(0.00608543,0.0142363)
(-0.0136491,0.00104262)
(0.018072,0.00262197)
(-0.0134987,0.00711591)
(0.027266,-0.00391795)
(0.00895719,0.0115769)
(0.0145048,-0.00615356)
(-0.000838164,0.00369786)
(0.00895848,-0.00383462)
(-0.00803953,0.00531767)
(0.0145326,-0.0152563)
(-0.00409228,-0.00601368)
(0.0175697,-0.00216956)
(0.00439955,0.00260652)
(0.00313297,0.00853465)
(0.0257142,-0.00122023)
(-0.0304263,0.00546592)
(0.0176547,-0.0172955)
(-0.0111632,-0.00352841)
(0.00593937,-0.0142879)
(0.00582423,0.00567689)
(-0.00600544,-0.00961129)
(0.00140809,-0.00158898)
(-0.0138849,0.0149895)
(0.011207,0.00383222)
(-0.0103398,0.0297978)
(-0.000128804,0.00789807)
(-0.0043292,0.016196)
(0.00300316,-0.00214006)
(-0.00317094,0.0276933)
(0.0209934,-0.0153647)
(-0.00233511,-0.000734884)
(0.015322,-0.00263039)
(0.00325228,-0.00401847)
(-0.0230096,-0.0094219)
(-0.00395641,-0.0126453)
(-0.0422148,0.00178871)
(0.000547385,-0.0283792)
(-0.0256463,0.00385349)
(-0.0157945,-0.0111554)
(-0.0105537,0.0090794)
(-0.0191999,-0.00869436)
(-0.0114824,-0.00484887)
(-0.021024,0.0234621)
(-0.0167644,1.55549e-05)
(-0.0174787,0.0232663)
(0.00011164,-0.00297437)
(-0.00755765,0.0228996)
(-0.011199,0.00179924)
(-0.0124943,0.0267911)
(0.00507234,-0.00135843)
(-0.0156069,0.0237536)
(0.00312819,-0.00428836)
(-0.000323842,-0.00527676)
(-0.0165955,0.00809961)
(-0.00543626,-0.0142886)
(-0.0166755,0.000527048)
(-0.0158382,-0.00597101)
(-0.0168108,0.0250133)
(-0.00810976,-0.00877376)
(-0.00631121,0.0135043)
(0.00381589,0.0142577)
(-0.0143149,0.00591295)
(-0.00804746,0.0236045)
(-0.0205003,-0.0272636)
(-0.0274036,0.0139705)
(-0.00863609,-0.0161048)
(-0.0168322,0.0246853)
(-0.00290478,0.00536062)
(-0.00581997,0.0236664)
(-0.0161108,0.0135093)
(-0.00794417,0.0209324)
(-0.00306535,0.00404436)
(-0.0102214,0.018272)
(-0.0108025,0.00520597)
(-0.00424916,-0.00217634)
(-0.0120317,0.00510679)
(-0.0178208,-0.000198637)
(-0.00555218,0.00387341)
(-0.00534666,-0.00259913)
(0.00916698,0.000771287)
(0.00515406,0.01671)
(0.0035127,-0.0207395)
(-0.00663258,0.00807492)
(-0.0122237,-0.0166339)
(-0.00888776,0.00971401)
(-0.00565874,-0.01488)
(0.00735914,0.018354)
(0.0296003,0.0114454)
(0.00568207,0.00897521)
(0.0256991,0.00391415)
(-0.00540701,0.0118417)
(-0.00830806,-0.00387286)
(-0.00166325,-0.00168269)
(-0.00810519,-0.00049921)
(0.00129729,-0.00789776)
(-0.00377405,-0.00828377)
(0.00158438,-0.0267328)
(-0.00312131,-0.00473445)
(0.00392923,-0.00824331)
(-0.0109613,-0.00491043)
(-0.0136912,0.0169413)
(-0.0204288,0.000619487)
(-0.00605301,0.022735)
(-0.0186593,0.00977422)
(0.00271611,0.0165132)
(-0.0133311,0.0130368)
(0.023746,0.0102587)
(0.0473919,0.0042876)
(0.00462849,0.0084777)
(0.0238842,0.0180424)
(-0.0120023,-0.000460868)
(0.00641554,0.00169537)
(0.00159642,0.0151006)
(-0.0220347,-0.0190256)
(-0.00402378,-0.00847769)
(-0.0123197,-0.00767617)
(0.00752361,-0.0154874)
(-0.00689448,-0.0145625)
(0.0117671,-0.00187195)
(-0.0307494,-0.0111006)
(-0.000655767,0.0077484)
(-0.0261842,-0.0249513)
(0.000314929,0.0189276)
(-0.019674,-0.0214622)
(0.012434,0.0177474)
(-0.00472457,-0.00990029)
(0.00874161,0.00167716)
(0.0282856,-0.00558577)
(0.00921328,0.0187672)
(0.0266005,0.000215389)
(-0.0037466,0.00832767)
(0.0204202,-0.0126322)
(0.00895665,0.00496)
(-0.00574782,-0.0311218)
(0.00316257,0.0114601)
(-0.0110254,-0.0195645)
(0.00283578,0.0127437)
(0.00213013,-0.0217065)
(0.0124443,0.0264786)
(-0.00587544,-0.000382239)
(0.022924,0.0240168)
(-0.0226064,-0.0390003)
(0.0015118,0.000269706)
(-0.0147043,-0.0211749)
(-0.00476228,0.00365288)
(-0.0112369,-0.00703524)
(-0.00627912,0.0152204)
(0.0134632,-0.0131401)
(-0.0063853,0.0192943)
(0.01299,-0.0183032)
(-0.000661596,0.0186449)
(0.0149832,-0.0201995)
(0.029615,0.0126321)
(1.21853e-05,-0.00646109)
(0.0205687,0.0321059)
(-0.0172633,-0.0104241)
(0.0163467,0.00911255)
(-0.00897248,-0.00184992)
(0.0117731,0.028354)
(0.00849437,0.0109275)
(0.00609577,0.0237932)
(0.00643894,-0.0161217)
(-0.0113735,0.00170675)
(-0.00941395,-0.0276794)
(-0.00112233,-0.000130973)
(-0.00165971,-0.0180369)
(-0.00715789,-0.00724503)
(-0.00740745,-0.00645814)
(-0.024625,-0.00396495)
(-0.0014594,-0.0282326)
(0.00499632,0.00966879)
(0.0123241,-0.00426484)
(0.0114929,0.014619)
(-0.0176675,-0.00930248)
(0.0307158,0.00939797)
(-0.0264706,-0.000511172)
(0.0307332,0.0120719)
(-0.0105971,0.000175996)
(0.00903713,0.010832)
(0.0180725,0.0124781)
(0.000467444,0.0142711)
(0.0205984,-0.0225394)
(-0.00782043,0.0030173)
(0.0224261,-0.0343182)
(0.00763967,0.00457296)
(-0.00292158,-0.0428285)
(0.000478382,-0.00245616)
(-0.0100992,-4.12637e-05)
(-0.00996625,-0.00752492)
(-0.0072204,-0.0168127)
(-0.00804147,-0.00650797)
(0.00589191,-0.00290572)
(0.0211748,0.00553138)
(-0.0115997,0.00899717)
(0.0358139,0.0097454)
(-0.00849724,0.00921336)
(0.023492,-0.00872642)
(0.0200645,-0.0032035)
(-0.00217405,0.0116829)
(0.0335098,0.00333616)
(-0.00662244,0.000710427)
(0.0483374,-0.0159439)
(0.00276523,-0.00730304)
(0.0225634,-0.0274041)
(0.00252083,0.0196203)
(0.0094175,-0.0160099)
(-0.00442206,0.0108998)
(0.0042526,0.00802561)
(-0.0123209,0.0119507)
(-0.00695297,-0.000510854)
(-0.00905209,-0.00145971)
(0.0127277,0.00939347)
(0.0178033,-0.00568109)
(-0.00907745,0.016687)
(0.0308963,-0.00900351)
(-0.0211562,0.0179924)
(0.010446,-0.0143624)
(-0.00817464,0.0203814)
(-0.0160303,0.00370538)
(0.0201446,0.00963958)
(-0.00875918,0.000437089)
(0.0134045,0.00615935)
(-0.0121039,0.0208923)
(0.0020058,0.00367811)
(-0.00999621,0.00987942)
(-0.000169193,0.00340975)
(0.00107457,0.0137368)
(0.00101333,0.00926007)
(-0.0149976,0.00846488)
(0.000487185,0.00155654)
(-0.00477652,0.00918113)
(0.00644484,-0.00301175)
(0.00788241,-0.027026)
(-0.0152501,0.00148368)
(0.00899989,-0.0307512)
(-0.0352918,0.00697434)
(-0.00463448,-0.0206445)
(-0.0377898,0.0165946)
(-0.00837498,-0.0162438)
(-0.0100084,0.0106891)
(-0.0052331,-0.00696192)
(-0.0174756,-0.00494916)
(-0.011074,0.0321244)
(-0.0121739,-0.00185253)
(-0.024971,0.0326275)
(-0.00353517,0.0110102)
(-0.00593467,0.00718095)
(0.00774603,0.0172638)
(0.00173259,0.0110224)
(0.00767073,0.0169216)
(-0.0152548,-0.010171)
(-0.0010701,-0.00687574)
(0.00433525,-0.00224472)
(-0.00556572,0.00321853)
(0.0110212,-0.0273189)
(-0.0314126,0.0090924)
(-0.00222688,-0.0082759)
(-0.0227262,0.0204409)
(-0.0126024,-0.0232154)
(-0.0131969,0.00743691)
(0.0164614,0.015624)
(-0.00833736,-0.00886334)
(0.00167535,0.0289809)
(-0.00843815,-0.0129141)
(-0.00616081,0.0250269)
(-0.0115335,-0.0173512)
(-0.0128192,0.009666)
(0.00239476,0.00919327)
(-0.0154112,-0.00369471)
(-0.00490592,0.0152641)
(-0.00360909,-0.00315207)
(-0.00920929,0.000985169)
(-0.00412447,0.00164668)
(-0.0155596,0.00339085)
(-0.00162527,-0.000342571)
(-0.0238329,-0.0024036)
(-0.00795032,-0.00404949)
(-0.0167705,0.000869672)
(-0.0039204,-0.010708)
(-0.00845228,-0.00631091)
(0.0147041,0.0108405)
(0.0020054,-0.016733)
(0.0152478,0.0219183)
(-0.00211471,-0.0126935)
(-0.00503067,0.0106746)
(-0.00833666,-0.00583474)
(0.00686715,0.0137393)
(0.0152762,0.010149)
(0.000848102,0.00846244)
(0.00298357,0.00727103)
(-0.00294676,0.00610421)
(0.010446,0.00294468)
(0.00717691,0.013157)
(-0.00936712,-0.0099337)
(0.00289215,-0.00201788)
(0.00267596,-0.0164356)
(0.00890764,-0.0214084)
(0.00531672,-0.0112559)
(-0.00372838,-0.00213683)
(-0.00517098,-0.000354136)
(-0.0130029,0.00613249)
(-0.0164301,-0.00553718)
(-0.0187328,0.0163764)
(-0.00943948,-0.0001243)
(-0.00702324,0.000993573)
(-0.0080104,-0.00374318)
(0.0142724,0.00636621)
(0.0199694,-0.00315019)
(0.00671287,0.0110845)
(0.0348002,0.0105835)
(-0.00904503,0.00893826)
(0.00900514,-0.00598528)
(-0.0128328,0.0089215)
(-0.00622454,-0.0187447)
(-0.002989,0.00672079)
(-0.00442551,-0.022643)
(-0.0039745,-0.0157582)
(-0.0079312,-0.0147186)
(0.00222148,-0.0103955)
(-0.023347,-0.0113463)
(-0.011283,0.0104393)
(-0.0242842,-0.0142218)
(-0.00688948,0.012325)
(-0.023781,-0.0133746)
(0.0105418,0.00843668)
(-0.000267518,0.000720324)
(0.00731663,0.0174327)
(0.0253459,-0.000777405)
(0.00514395,0.0119164)
(0.0338658,0.00221488)
(-0.00900824,0.00585066)
(0.0157957,-0.0134612)
(-0.017182,0.00444655)
(-0.00228392,-0.0134408)
(-0.00769506,0.0143021)
(-0.00665994,-0.0176075)
(-0.0108877,0.00599377)
(0.00471286,-0.00882892)
(-0.00275524,0.00967172)
(-0.0153686,-0.00918023)
(0.00296291,0.00983459)
(-0.0228842,-0.00962135)
(0.0119452,-0.00621846)
(-0.0176698,-0.0152161)
(0.00179715,-0.00736527)
(-0.0128283,-0.0140272)
(0.00134455,0.0143648)
(0.0105669,-0.003741)
(0.00315387,0.020061)
(0.0262709,-0.0127873)
(-0.00017556,0.0131446)
(0.0201314,-0.0130609)
(0.0145732,0.0287114)
(-0.0009337,0.00287916)
(0.00450379,0.0204298)
(0.000866696,0.00643545)
(0.00864315,0.0208593)
(0.0072231,-0.000836692)
(-0.00158188,0.0238752)
(0.012571,0.00629192)
(-0.000514873,0.0118956)
(0.00716766,-0.0043628)
(-0.0081474,-0.00236739)
(0.0077237,0.00458482)
(0.00346541,-0.00157249)
(-0.00974016,-0.0133553)
(-0.000143986,0.00175379)
(0.00131948,-0.00557401)
(-0.00275717,-0.00381478)
(0.00157001,-0.00690362)
(0.00176987,0.0114364)
(-0.000275806,-0.00632793)
(0.0138714,0.0165749)
(-0.00456439,0.0179664)
(0.0181425,0.0108126)
(-0.00684991,0.00949287)
(0.0183124,0.00521473)
(0.0141768,0.000105131)
(-0.00283267,0.00822892)
(0.0229519,0.00279634)
(-0.00578457,-0.0005144)
(0.0289455,-0.00791323)
(-0.00543257,-0.00904879)
(0.0178158,-0.0282679)
(-0.00840465,0.0113438)
(0.00745006,-0.0157278)
(-0.000432746,-0.0067352)
(-0.000570705,0.000952262)
(0.00035565,-0.0160445)
(-0.0143913,0.00254265)
(-0.00252887,-2.65891e-05)
(-0.00887226,0.0194052)
(0.0181993,0.00548477)
(-0.0156376,0.0112049)
(0.0154301,-0.00548259)
(0.00065096,0.0109665)
(0.0112733,0.00261189)
(0.0162702,0.0152503)
(-0.0130997,-0.00423633)
(0.0411739,0.00588886)
(-0.0140392,-0.0085)
(0.0272404,-0.0079747)
(-0.00545371,-0.0105568)
(0.0215189,-0.023355)
(0.00177882,0.00545071)
(-0.000661088,-0.0205207)
(0.00746126,-0.00108669)
(0.00141788,0.0151723)
(-0.00796525,-0.00423149)
(-0.0144075,0.0168603)
(-0.0109443,-0.00632437)
(-0.0188641,0.0156203)
(0.0124083,-0.00998337)
(-0.014969,0.0164196)
(0.00863386,-0.0101482)
(-0.0209781,0.014226)
(-0.00866658,-0.00880088)
(-0.000513987,0.0102017)
(-0.0158884,-0.0028784)
(0.00924779,0.0252991)
(-0.0112703,-0.0156001)
(0.00132629,0.00449451)
(-0.00937972,-0.0109009)
(-0.0089556,-0.00913035)
(-0.0177825,0.00784904)
(-0.0169823,-0.00425461)
(0.00275694,-0.00307967)
(0.00340095,0.00917022)
(0.00132928,-0.00084229)
(-0.00547241,0.0195915)
(-0.0125659,-0.00779745)
(-0.010262,0.0164408)
(0.00120176,-0.0195242)
(-0.0205313,-0.00242424)
(0.00807965,-0.0270648)
(-0.0269712,0.0098752)
(-0.0125211,-0.00957961)
(-0.022749,0.0145295)
(-0.018728,-0.0145683)
(-0.0112221,0.00828243)
(0.000311421,-0.00707178)
(-0.00720618,0.00533383)
(-0.00828702,0.00475709)
(-0.0132893,0.0107134)
(0.00191503,0.0108362)
(-0.0147601,-0.00214287)
(-0.0128896,-0.00341383)
(-0.00358395,0.0207936)
(-0.0106217,-0.028543)
(0.00257211,0.018039)
(-0.00747949,-0.0134096)
(-0.0108563,-0.000737602)
(-0.00479687,-0.0111193)
(-0.0196003,-0.00566275)
(0.0106377,-0.00412187)
(-0.0177131,0.00168672)
(-0.0101634,-0.00626056)
(-0.0167628,0.00968771)
(0.00846608,-0.0155142)
(-0.0116841,0.00667411)
(0.0125078,-0.00061094)
(0.00418553,-0.00457155)
(0.012291,0.00696116)
(-0.017887,-0.0123868)
(0.00182048,0.00791734)
(-0.00653646,0.00205111)
(-0.0237297,-0.00289927)
(-0.00144914,0.00221764)
(-0.0128007,-0.0163427)
(-0.00700648,0.0101507)
(-0.00918642,-0.0242971)
(-0.00486392,0.00447606)
(-0.00719652,-0.00810875)
(-0.0127794,-0.00302283)
(0.0061368,0.00396578)
(-0.0106614,0.00869257)
(-0.00678887,0.00182359)
(-0.00858143,-0.00103822)
(0.0109488,-0.000251873)
(0.00411491,0.00257254)
(0.0132291,0.00107551)
(0.0175484,-0.00690682)
(0.0165312,0.00188334)
(-0.00411698,-0.00535714)
(0.00710153,-0.000320416)
(0.000962244,-0.0115726)
