(0.0160454,-0.00122368)
(0.021553,-0.00459906)
(-0.0130367,0.00235584)
(0.0181241,-0.00321767)
(0.00264669,-0.0157027)
(-0.0343213,-0.00545563)
(0.00300393,-0.0112825)
(0.00664825,-0.00134238)
(-0.00180511,0.00242659)
(-0.00994407,0.0140693)
(-0.00109128,-0.00491933)
(-0.00416672,0.00787388)
(0.00803406,-0.00436919)
(0.0105655,-0.00117664)
(-0.00797109,-0.0019056)
(0.0067647,0.002107)
(0.0363028,0.00424517)
(-0.0240723,-0.000404596)
(-0.0142441,-0.000481431)
(0.0131956,0.00669032)
(0.00805383,-0.0129692)
(-0.00646972,-0.00259886)
(0.0209051,-0.00809469)
(0.00345903,-0.00525506)
(-0.0151829,-0.0105684)
(0.0176641,-0.00365832)
(0.00202788,0.0145144)
(-0.0192529,-0.00832759)
(0.00827993,-0.00967104)
(-0.0146401,-0.00676878)
(-0.00241137,-0.00578337)
(-0.0228692,0.028874)
(0.0233257,-0.00959402)
(-0.014722,0.00814669)
(-0.0208259,0.00391884)
(0.013902,-0.0134003)
(-0.0173349,-0.01037)
(0.00426943,0.012256)
(0.0331581,-0.00553262)
(0.0246833,-0.00328991)
(-0.0069991,-0.00811692)
(-0.0145712,-0.00038747)
(0.00132183,-0.00109016)
(0.015503,-0.00974279)
(-0.00633816,0.0057183)
(-0.0329088,-0.00844135)
(0.00381758,0.00134791)
(0.0080785,0.0141246)
(-0.02512,0.00426977)
(0.018875,-0.00398346)
(-0.00891232,-0.00663305)
(-0.0100651,-0.00711275)
(0.0052126,-0.00504368)
(0.00948486,0.00292744)
(0.0145713,-0.00131925)
(-0.0075385,-0.0228822)
(0.013728,0.00433598)
(0.0323839,-0.00399492)
(-0.0108662,0.0128135)
(-0.0183011,-0.0194815)
(0.0115741,-0.0105309)
(0.00269523,-0.00289845)
(-0.0211502,-0.00778075)
(0.0139045,-0.00585838)
(-0.0146073,-0.00743883)
(-0.038139,-0.00422913)
(-0.00582217,0.0058176)
(0.0178794,-0.00229349)
(0.0256511,-0.0172941)
(-0.0229853,0.00874169)
(-0.0145247,0.00946548)
(-0.0178063,0.0114811)
(0.00636514,-0.00261281)
(-0.0227779,0.0183199)
(-0.0054139,0.00666407)
(-0.0157496,-0.0192601)
(-0.0191657,0.00535283)
(0.003426,0.00984016)
(0.0173912,-0.0125322)
(0.0032753,-0.00545053)
(0.00105566,0.0177184)
(-0.0140289,-0.003178)
(-0.0516069,-0.00418588)
(0.00678473,-0.018669)
(-0.0293587,-0.0148711)
(-0.00672982,-0.0333866)
(0.00924061,0.00139695)
(-0.0286819,0.00630848)
(0.0190568,-0.00132248)
(0.00107762,6.37285e-05)
(-0.00164969,0.00081561)
(-0.00988314,0.0132091)
(0.0183246,-0.000949418)
(0.0243158,-0.0175443)
(0.00560188,-0.00949308)
(-0.0189631,0.0105037)
(-0.0437483,0.0114868)
(0.00210595,0.00384046)
(0.0163936,0.000711432)
(0.00669758,0.00396552)
(0.0269136,-0.00798382)
(-0.00573941,0.00537246)
(0.0231347,0.0179115)
(0.0192463,-0.00677634)
(-0.00545015,-0.000194587)
(0.00610082,0.00694514)
(0.0196013,-0.0166036)
(0.0200448,-0.00548312)
(-0.0032557,0.00872833)
(0.00644906,-0.00206304)
(-0.00355359,-0.00922851)
(0.00767229,-0.00434026)
(-0.00785861,-0.00676705)
(-0.00396953,-0.00638411)
(0.00699136,-0.00208105)
(-0.0175689,-0.0088721)
(0.0058448,-0.00330947)
(0.0242954,-0.00980272)
(-0.00705009,-0.0225866)
(0.00637394,-0.00398289)
(0.00288529,-0.00493018)
(0.0112662,-0.0135612)
(0.0158715,-0.0071384)
(0.0183401,0.0136144)
(0.00794754,-0.00711301)
(0.00127084,-0.0156395)
(-0.00303493,0.00719377)
(-0.0108731,-0.0111126)
(0.0121576,0.00641797)
(-0.00755537,0.00413493)
(-0.0123224,-0.00172897)
(-0.00686297,0.0181853)
(-0.0248814,0.0108909)
(0.00466853,-0.0132057)
(0.00469144,-0.001264)
(-0.00231139,-0.0048249)
(-0.025746,-0.004013)
(0.00409474,0.00106061)
(-0.00682942,-0.0110891)
(0.00756728,-0.00265706)
(-0.0200624,-0.00327924)
(-0.00355426,0.00900096)
(-0.0110003,-0.012928)
(-0.00473223,0.00249577)
(0.00912687,-0.0121494)
(0.0119935,0.00232734)
(0.00656249,0.0016708)
(-0.0245119,-0.000671647)
(0.00511391,0.000665747)
(0.025529,0.0259236)
(0.00580033,0.00581699)
(0.017266,0.0127301)
(-0.00125712,0.000236354)
(0.00755972,-0.00636691)
(0.028309,0.0103047)
(-0.0115629,0.00667274)
(0.0108401,0.000745247)
(-0.00623954,-0.00858766)
(-0.00712202,-0.00160704)
(-0.00149692,0.019919)
(0.0231209,0.0055916)
(0.0241382,0.0104742)
(-0.0333516,0.00648385)
(-0.0217455,0.00715799)
(0.011895,0.00198736)
(0.000255914,-0.000384441)
(0.00167183,0.0085834)
(0.0122386,-0.00850703)
(-0.00344197,0.00323651)
(-0.00306884,-0.00806026)
(0.0208909,0.00262432)
(0.0249017,0.00550407)
(0.00831216,-0.00223707)
(0.000403109,0.0162942)
(-0.0213646,0.0128144)
(0.0220299,0.0180561)
(-0.00599343,-0.0104249)
(0.00255881,0.00981406)
(0.0273307,0.000705388)
(0.0158505,-0.00701487)
(-0.00062325,0.000274316)
(0.00476249,0.0104276)
(-0.0219663,0.0145787)
(-0.00107028,-0.0126981)
(0.0229733,0.0140927)
(0.0268791,0.00620776)
(-0.000429872,0.00936792)
(0.0114837,0.00524994)
(-0.0111374,-0.00860921)
(-0.00811104,-0.0138676)
(-0.00232624,0.00810998)
(-0.0108435,0.0094786)
(0.016162,-0.014094)
(-0.0278872,0.00176125)
(-0.0161622,0.00290541)
(-0.00313552,-0.000843477)
(0.0128731,-0.00164901)
(-0.0121437,0.0115803)
(-0.011547,0.00239535)
(-0.00385878,0.0106409)
(-0.00435782,-0.0177939)
(-0.00768457,0.00497095)
(0.0138085,-0.00803101)
(0.0153146,0.00361123)
(0.00336872,0.00731836)
(-0.00153833,0.0106914)
(-0.0056761,0.00613174)
(0.00180653,-0.000498933)
(0.00902935,-0.0106469)
(0.0125821,-0.00631362)
(-0.016748,-0.00242054)
(-0.0173115,-0.00860857)
(0.00910466,-0.00445443)
(-0.0238026,0.00207496)
(0.0238167,0.00213248)
(0.0155289,0.00616299)
(-0.0190571,0.00435152)
(-0.0183901,-0.000952093)
(-0.00783896,-0.00221469)
(0.00620339,0.00853317)
(-0.021305,-0.000282882)
(-0.0256715,0.00213717)
(-0.00640965,0.0143583)
(0.0177724,-0.00112302)
(-0.00432749,-0.00390946)
(-0.00600086,0.0122215)
(0.00949194,0.00942148)
(-0.0138927,-0.0101598)
(0.00308152,0.00235499)
(-0.015236,0.00320555)
(0.0015229,-0.00763274)
(-0.00692715,0.008715)
(-0.0109427,-0.00680732)
(-0.00667985,-0.00390715)
(0.00971318,-0.0150828)
(0.0220238,-0.00959237)
(0.0241747,0.00986829)
(-0.000760845,-0.000188352)
(6.44884e-05,0.00779005)
(0.0197596,-0.00516031)
(-0.0218625,-0.00193921)
(-0.00742699,0.0107093)
(0.000285523,-0.0134346)
(0.00421099,-0.00170598)
(0.0102864,-0.0119887)
(0.00819553,-0.00956914)
(0.00770449,-0.00464735)
(0.0089914,0.0134539)
(-0.0126829,-0.0169627)
(0.030269,0.0032146)
(-0.0193828,0.00981256)
(0.00197362,0.00431122)
(0.00160017,-0.00025511)
(-0.0108214,0.00537132)
(0.0104953,-0.00461671)
(-0.0365975,-0.0170725)
(0.0198904,0.00191486)
(0.000422607,-0.00739245)
(0.0061915,-0.00438203)
(0.000894188,0.00835348)
(0.0113526,-0.00347487)
(-0.0223838,0.00547003)
(-0.00438544,-0.0148855)
(0.0168668,0.000367678)
(0.0327513,-0.017491)
(-0.022024,0.0170152)
(0.0156732,-0.0063549)
(0.00526467,0.0152755)
(0.0132379,-0.000893846)
(-0.000983599,0.00174664)
(-0.00849921,0.00457389)
(-0.0337667,0.0192192)
(0.00225415,0.00768164)
(0.0243185,0.00866256)
(0.0074235,-0.00890958)
(-0.0254985,0.00162512)
(0.00881619,-0.00642755)
(0.00934022,0.00830152)
(0.0113448,0.00824049)
(0.0071885,-0.0109593)
(0.00970317,0.00963275)
(-0.0363029,-0.0030357)
(0.0399905,-0.00280166)
(-0.0049891,0.00510497)
(-0.0205045,-0.0126068)
(-0.0169804,-0.00999743)
(-9.8285e-05,0.0002528)
(0.00932572,0.00267476)
(-0.0299482,0.00325828)
(0.00978426,-0.000966196)
(-0.0249699,0.00652953)
(-0.0065468,-0.00320362)
(-0.0107446,0.00778595)
(0.00310317,0.0070059)
(0.00386639,0.00340316)
(-0.00500133,0.000492276)
(-0.000930351,0.00425491)
(0.00145159,-0.0108172)
(0.00111467,-0.0095069)
(-0.0212704,0.00348567)
(-0.0177007,0.000814151)
(-0.00480907,0.0143607)
(-0.00471502,-7.79359e-05)
(-0.00669102,-0.00144777)
(0.00956591,0.000572064)
(-0.0272535,0.0100259)
(0.0118897,0.00666246)
(-0.0127422,0.0103375)
(0.0197859,0.0129168)
(-0.0229297,-0.0186778)
(0.00847037,-0.00434515)
(0.0235368,0.0155585)
(-0.00384239,-0.0110435)
(-0.00702087,-0.015793)
(-0.029439,0.00918763)
(0.00204547,0.00252423)
(0.000508221,0.00219237)
(-0.00276002,-0.00489615)
(0.0148657,0.00245774)
(0.00588395,-0.0118503)
(-0.00684467,-0.0074381)
(-0.0208635,0.00683988)
(0.0099126,-0.00167397)
(0.00930573,0.002329)
(-0.00182747,-0.00265041)
(-0.0298502,0.00538405)
(0.000874721,0.0023267)
(-0.00660994,-0.00113556)
(0.0107218,-0.0004493)
(-0.0292879,0.00705086)
(0.00756176,0.0115144)
(0.0238009,0.00265603)
(0.0053418,-0.00499469)
(-0.00314148,-0.0103421)
(-0.0274203,0.00872464)
(0.0132603,0.0114993)
(-0.0240745,-0.0013203)
(-0.0137087,0.00911311)
(0.00338668,-0.0123393)
(-0.00836799,-0.00446779)
(0.00249146,-0.00197514)
(-0.00664259,-0.00210059)
(0.00657765,0.0048605)
(0.00543468,-0.00641397)
(-0.0307307,0.00946851)
(0.00933366,0.000896099)
(0.0249866,0.00595332)
(0.0140568,0.00172714)
(0.00702099,-0.00337383)
(0.0180363,0.0203435)
(0.0297133,0.00764853)
(-0.0212094,0.00128779)
(-0.00330062,0.00818394)
(-0.0114285,0.0271985)
(0.00263248,-0.00253796)
(-0.0241665,-0.0106788)
(0.00576102,0.00188578)
(0.0173405,0.00201777)
(0.011977,0.00569677)
(0.0201403,-0.013229)
(-0.0268997,0.00499836)
(0.00499359,0.00911045)
(-0.018035,-0.013591)
(0.0108817,-0.00837047)
(-0.0408573,0.000103033)
(-0.0119284,0.00747322)
(0.00604989,0.0112951)
(0.00573856,-0.00381864)
(0.00442711,-0.0140385)
(0.00858634,-0.0200042)
(0.0099773,0.00109269)
(0.00711771,0.00179275)
(0.0190342,0.00458877)
(0.0117622,0.00330808)
(-0.024343,0.00566659)
(-0.00514142,-0.00877338)
(0.00771326,0.01023)
(0.0023667,-0.000541125)
(0.0213708,0.0024906)
(-0.000179507,0.00147364)
(0.0226929,-0.00346523)
(0.0020142,0.0130196)
(0.0040831,0.00491126)
(-0.0170403,0.0164431)
(0.00341438,0.00339789)
(-0.0252448,-0.00559204)
(-0.00775238,0.0121235)
(0.0124993,-0.00498218)
(-0.00704858,-0.0215042)
(-0.0331299,0.01863)
(-0.0132507,-0.0244454)
(-0.00898936,0.0179615)
(-0.0246222,-0.00113255)
(-0.0203782,0.00367337)
(-0.031362,-0.00342139)
(0.0136029,-0.00142084)
(0.00629947,0.000916583)
(0.030983,-0.00346922)
(0.0076777,0.00577083)
(0.0119576,-0.0103013)
(0.00484052,-0.00720488)
(-0.0136077,-0.0132934)
(0.0126076,0.0226765)
(-0.0310434,0.00200005)
(-0.00199567,0.000903189)
(-0.0200202,-0.010691)
(0.00684367,-0.00747297)
(0.00403015,0.00620042)
(-0.0165321,-0.00973569)
(0.0288625,-0.00371479)
(0.000992981,0.000403326)
(0.00564079,-0.0140252)
(-0.0235702,-0.0178056)
(0.000581806,0.0100088)
(-0.0130388,-0.00259836)
(0.0366469,0.0014885)
(0.00918366,0.0124936)
(0.00532952,-0.00224273)
(0.0116269,0.00721342)
(0.0162557,-0.00546084)
(0.0134315,0.0104549)
(0.0104525,-0.00112641)
(-0.0178076,0.0145597)
(0.016081,-0.0173949)
(0.0138978,0.00470626)
(0.00976355,-0.00667812)
(-0.00976429,-0.00804399)
(0.00157566,0.00234309)
(-0.00248001,0.000316051)
(0.00196503,-0.00698904)
(0.0305717,-0.00836157)
(0.00770311,0.000558068)
(0.015734,0.00293083)
(-0.0143325,0.00421912)
(0.00452143,-0.0170333)
(0.00258849,-0.00968335)
(0.0107752,-0.014558)
(0.00872679,-0.00505382)
(0.0227127,0.00140309)
(0.0382421,0.0158521)
(-0.00327223,0.00292859)
(-0.0233084,-0.00562019)
(0.00960865,-0.0195138)
(-0.00945603,-0.0134561)
(0.0116619,0.00502776)
(-0.00242166,-0.00533434)
(-0.0161842,-0.00349642)
(0.0177032,0.0118064)
(0.00310447,-0.0110739)
(0.0416607,-0.0190072)
(0.0279554,-0.0245545)
(-0.0192859,0.00118772)
(-0.0216799,0.0198743)
(-0.0175189,0.0145008)
(0.0131488,-0.0128787)
(0.0110803,0.0156605)
(0.00472241,-0.016429)
(0.00723964,0.00244367)
(0.0337142,-0.00904586)
(0.00706844,0.0192015)
(0.0134015,-0.0109185)
(0.0068619,-0.00129255)
(0.0464479,-0.0215545)
(-0.00820825,-0.00735686)
(0.0382498,0.00476448)
(-0.00420337,-0.00568297)
(-0.0540115,0.026571)
(0.0153505,0.00568543)
(0.00250983,0.00164034)
(0.00163383,0.00299479)
(0.00405703,-0.0258433)
(-0.0257502,-0.0079425)
(0.0116738,-0.0266837)
(0.00716544,0.0306026)
(0.0141419,-0.000372809)
(0.0248006,-0.00388703)
(-0.00271191,-0.00794655)
(0.00936082,-0.00230589)
(-0.0211332,-0.00870635)
(0.014917,0.00871647)
(0.00876221,-0.00702786)
(-0.0195222,-0.000306081)
(0.00947617,-0.00411257)
(0.00301485,0.00183366)
(-0.0160381,0.0208672)
(0.0174093,0.00509565)
(-0.020009,-0.0254027)
(-0.000400039,0.020399)
(0.00666854,0.0155629)
(0.00694687,-0.0211114)
(-0.00389266,-0.00677833)
(0.00465439,-0.00507666)
(0.00206485,0.0116694)
(-0.0114509,0.00358951)
(0.0117231,0.0196895)
(-0.010533,-0.00085602)
(0.00138035,0.00112694)
(0.000261598,0.0191067)
(0.00525236,0.00498612)
(-0.000663061,-0.0159037)
(0.000750061,-0.00181342)
(-0.0130627,0.00863995)
(-0.00311517,0.010071)
(0.00209969,0.00734078)
(0.00774484,0.00495036)
(0.0104926,0.00330163)
(0.00425632,-0.016104)
(0.00157061,0.00987286)
(0.0323604,-0.00290286)
(0.00184353,0.00163722)
(0.00903714,0.0212472)
(-0.0283577,0.0112722)
(-0.00136104,-0.0162448)
(-0.0305435,0.00476013)
(-0.0276612,0.00319803)
(-0.0125586,-0.0137108)
(0.00322377,0.000376334)
(-0.00119609,-0.00359997)
(0.0285698,0.0059139)
(0.0159576,0.00766993)
(0.00208851,-2.77362e-05)
(0.00316488,-0.00378305)
(-0.00819551,-0.0102445)
(-0.000849363,-0.0133568)
(0.0318936,0.00980872)
(-0.017562,-0.00578308)
(0.0509402,0.0102927)
(0.0190598,0.0437596)
(0.000537469,0.0288826)
(-0.0289059,-0.0110887)
(-0.0286459,-0.00999105)
(-0.0172288,0.000667152)
(-0.0180167,-0.0133873)
(0.015431,-0.007039)
(0.023308,-0.0174616)
(0.00667926,0.00279514)
(0.032783,0.00796442)
(-0.0104544,0.00843071)
(0.00332241,0.0216288)
(0.00466538,0.01627)
(0.0122037,0.00627719)
(0.0105113,-0.00954003)
(-0.00830418,0.00604577)
(-0.00407539,-0.00514069)
(-0.00249752,-0.00892814)
(-0.0299675,-0.00373351)
(0.00190399,-0.00852346)
(-0.00433998,0.00117086)
(0.00302536,-0.00158672)
(0.0043177,-0.0256193)
(-0.00623108,-0.00795283)
(0.0080316,-0.00135838)
(0.01176,-0.0100478)
(0.032564,-0.00937448)
(0.0213609,0.00416534)
(0.0166053,0.0142307)
(0.035617,-0.00545833)
(-0.0112476,-0.00215534)
(-0.00650116,-0.0021072)
(-0.0159079,-0.0104218)
(0.000197922,-0.00672714)
(0.00992193,-0.00473618)
(-0.00582467,0.00318991)
(-0.016166,0.00493034)
(0.0207804,0.000461883)
(-0.0144523,0.00179519)
(0.00421913,0.0203651)
(0.0180738,0.00153997)
(0.005478,-0.0140796)
(0.0252955,0.00184353)
(0.0186129,0.00925314)
(-5.46275e-05,-0.0111119)
(-0.0129797,0.0228625)
(0.0128315,-0.0054234)
(-0.00697991,0.00711637)
(-0.0321478,-0.00606737)
(0.0166477,-0.0185125)
(0.00538659,0.00308477)
(0.0211619,-0.00135955)
(-0.00305511,-0.0119454)
(0.002205,-0.00684693)
(0.00722165,0.0170753)
(0.0119987,-0.00597538)
(-0.0112085,0.0061284)
(0.0107945,-0.00662333)
(-0.00204111,-0.0034072)
(0.00983985,0.000258365)
(0.00610325,-0.0210088)
(0.0259715,-0.00597693)
(-0.0528329,-0.000111697)
(0.00706118,0.0122859)
(-0.00892524,0.0102271)
(0.0106523,0.00945385)
(0.0151198,0.0155019)
(-0.0211123,-0.00728249)
(0.00731641,-0.00854856)
(0.0135169,0.0211398)
(-0.00354061,-0.0188637)
(0.00961449,0.0174373)
(-0.0170915,-0.00360169)
(0.00155794,-0.00232724)
(-0.0150463,-0.0045115)
(0.0305416,-0.00535418)
(0.0345111,-0.0147003)
(0.0258819,0.00313579)
(-8.08234e-05,0.00657316)
(-0.00394018,-0.00108867)
(0.00107689,0.00835087)
(0.0168723,-0.00413455)
(0.0125578,0.0116366)
(-0.00210227,-0.00585531)
(0.00143311,0.00677173)
(0.0123142,-0.00748026)
(-0.0122603,0.000711592)
(-0.0126583,0.0224388)
(0.00615253,0.000348942)
(-0.0247862,-0.0097717)
(0.0353949,-0.0147101)
(-0.00967477,0.00310052)
(-0.0116017,-0.00385146)
(-0.00819933,0.0105925)
(0.00576705,0.0103731)
(-0.0117865,0.0141352)
(0.0290089,-0.0122184)
(-0.0146821,0.0141577)
(0.0225604,0.00549513)
(-0.0131389,0.00069296)
(0.0144861,0.0114917)
(-0.0108239,-0.00311104)
(0.0152633,-0.0172162)
(0.0161013,0.000126621)
(-2.71178e-05,0.00679322)
(0.0138681,0.0193937)
(-0.00929777,-0.00660532)
(0.00144204,-0.0117921)
(0.0283737,-0.0113404)
(0.00199871,0.00471171)
(0.0199124,0.00282374)
(0.0179761,-0.00530337)
(0.0180396,0.00521553)
(-0.000693448,0.00276808)
(0.00537067,-0.0203856)
(0.0395191,0.0158201)
(0.00168467,-0.00599315)
(-0.00468554,0.00785538)
(0.02844,0.00783142)
(-0.0517306,0.0178506)
(0.030676,0.00961016)
(-0.0165275,0.0085708)
(-0.0257325,-0.0124004)
(0.00505172,-0.0177677)
(0.0107334,0.0122476)
(0.0418514,-0.00699884)
(-0.0169597,0.0224301)
(0.00711782,0.00948236)
(0.013265,0.0128246)
(0.0137376,-0.00767927)
(-0.0137794,-0.00252774)
(0.00846479,0.000484074)
(0.008858,-0.011069)
(0.00832239,-0.016787)
(0.020006,-0.0070231)
(0.00225318,0.00549206)
(0.000799569,-0.00349018)
(-0.0356335,0.0196463)
(0.00473507,-0.00190959)
(-0.0683186,0.00176881)
(0.000577538,-0.0182962)
(0.0888646,0.0513722)
(-0.00501398,0.0551166)
(-0.0386181,0.0226726)
(-0.00447323,-0.012179)
(0.035589,-0.0612996)
(0.0193624,-0.010428)
(0.0305118,0.00229777)
(0.00150216,-0.00153922)
(-0.0452707,-0.000479899)
(0.0385051,0.000223979)
(-0.0157441,0.00804054)
(-0.00644228,-0.00790976)
(0.0104235,-0.0133942)
(0.0124973,0.00752819)
(0.00724314,0.00243699)
(-0.00537244,-0.00436537)
(-0.0240923,-0.00389088)
(0.0272774,0.00896088)
(0.110633,0.00490857)
(-0.0353947,0.00591335)
(0.00902906,0.0264566)
(-0.00216339,0.0154217)
(-0.00379985,-0.00478441)
(-0.000243462,0.00128723)
(-0.0530917,-0.0454087)
(0.0167258,-0.0326689)
(-0.0148619,-0.0133393)
(-0.00281982,-0.00774018)
(-0.00294613,-0.00239425)
(-0.0133228,-0.00380729)
(0.00430837,0.0109709)
(0.000730722,-0.0121415)
(0.0345254,-0.00405574)
(0.00267641,-9.89958e-06)
(0.0111824,-0.010887)
(-0.0173508,-0.0114033)
(0.00381129,-0.00737002)
(-0.0108545,9.04938e-05)
(-0.0477487,0.0111316)
(-0.0219438,0.0176884)
(-0.00415948,-0.00716789)
(0.00664047,-0.00989201)
(0.0224594,-0.030117)
(0.00379438,-0.0154341)
(0.0379527,0.0599402)
(-0.00280085,0.0614682)
(-0.00735913,0.00408152)
(-0.0146997,0.00679592)
(-0.0171136,0.00254824)
(-0.00661256,0.0014632)
(0.0102095,-0.00127259)
(0.0126476,-0.00613782)
(0.0063638,-0.0109614)
(0.00047317,0.017688)
(0.0124082,0.00521685)
(-0.0283529,0.00152011)
(0.0294789,-0.00239296)
(0.00991,0.0369995)
(-0.0139367,-0.013568)
(0.0515141,0.0116053)
(0.0301714,-0.044233)
(-0.0248938,-0.0194727)
(0.0455747,-0.041529)
(-0.0975925,-0.0386601)
(-0.0285102,0.0424211)
(-0.0523873,0.0113809)
(-0.0134029,-0.0187092)
(0.0300929,-0.02088)
(0.0156916,0.00824097)
(-0.00373875,-0.00434835)
(0.00395903,-0.00809654)
(0.00782017,0.0129835)
(0.0147779,-0.0140193)
(0.00432163,0.00417025)
(-0.0018579,-0.0263326)
(-0.00692308,-0.0198372)
(-0.00263599,-0.000479875)
(-0.0312942,-0.00174825)
(0.00690628,-0.000999262)
(-0.030995,0.024853)
(0.0115509,0.0441997)
(-0.00922468,0.00937014)
(0.00501994,-0.00232941)
(-0.0214603,-0.0129336)
(0.000332855,-0.00894337)
(0.0228316,0.0109165)
(0.0179203,0.00529578)
(0.0185382,-0.0139251)
(-0.00509781,0.0160908)
(0.0243075,0.00207529)
(-0.0229479,0.00604677)
(0.0403407,-0.0129764)
(-0.00877381,-0.00633533)
(-0.01942,-0.00135984)
(0.0291589,0.00244438)
(-0.00814017,-0.00601808)
(0.00265598,-0.000884121)
(0.0052914,0.0195049)
(0.00668232,-0.00239484)
(0.0163792,-0.00310447)
(-0.00271283,0.00370002)
(-0.000871821,-0.023512)
(-0.0155286,0.0101664)
(0.0194395,-0.0104726)
(-0.0243762,-0.00214239)
(0.0102752,-0.0132976)
(-0.00396522,-0.0103105)
(-0.0194483,-0.00276123)
(0.00971517,0.0203677)
(0.0027352,-0.0196495)
(0.00558804,-0.0144961)
(-0.00857616,0.0229223)
(-0.0127266,0.0146102)
(-0.0029203,-0.00372782)
(0.0043373,-0.0127632)
(-0.0179369,0.00113527)
(-0.0174815,-0.0114641)
(-0.0115372,0.0064872)
(-0.00946359,0.00452269)
(0.0107205,-0.0112394)
(-0.0110807,-0.00930976)
(0.020268,-0.00490719)
(0.00324888,-0.000175233)
(-0.0182847,0.0137049)
(0.00673741,0.0100913)
(0.00574661,0.00364175)
(0.00544963,0.0105961)
(-0.0124288,-0.0251971)
(-0.00404232,0.0124595)
(0.00379969,0.015677)
(-0.0182688,0.00206141)
(0.0205793,-0.00772344)
(-0.00252978,-0.0182464)
(0.0274524,-0.00157056)
(0.0142292,0.0124064)
(0.0177241,0.00418775)
(-0.00444615,0.00897159)
(-0.0111097,0.00755866)
(-0.000325565,0.0104046)
(0.000619864,-0.000876791)
(0.000351479,0.00713952)
(0.0220787,-0.00566645)
(0.00772647,-0.0145607)
(-0.0276934,0.0057349)
(-0.00652346,-0.00840634)
(-0.0210181,0.00253362)
(0.00741646,-0.0080695)
(0.0116974,0.0027471)
(-0.0026223,0.0032031)
(0.0239338,-0.00413949)
(0.00752506,0.00102896)
(0.0353185,-0.00042684)
(-0.00966555,0.00132335)
(0.0169629,0.00181424)
(0.0132373,0.00348408)
(0.0320634,-0.00446546)
(0.0114669,-0.00930317)
(-0.0338866,0.00233908)
(0.0183847,0.00133311)
(0.0238756,-0.00778048)
(-0.0105213,-0.0258125)
(0.00798995,0.000258013)
(0.012475,0.018538)
(-0.00168493,-0.00329538)
(0.000641813,0.00244023)
(-8.69928e-05,0.00547301)
(0.00449769,0.000906014)
(0.00938706,-0.00876216)
(-0.0123283,-0.00868119)
(0.00419495,-0.0209868)
(0.0119783,0.00826929)
(0.0322465,-0.00384653)
(0.0102196,-0.000758305)
(0.0167083,-0.00518606)
(0.0162634,-0.00353308)
(-0.00265272,-0.00158171)
(-0.0238662,0.011459)
(0.011072,-0.00232665)
(-0.00131874,-0.00957499)
(-0.0203546,-0.017325)
(-0.0229174,-0.0110258)
(0.0022008,-0.000978873)
(-0.0207492,0.0183294)
(-0.00106604,0.00601019)
(-0.0222866,0.0179935)
(0.0144744,-0.00106486)
(-0.0168831,0.0165614)
(-0.0104799,-0.0063697)
(0.00701522,0.0103152)
(-0.0107295,0.00883181)
(0.00603905,0.00161337)
(0.0331282,0.0108389)
(-0.000773721,-0.012172)
(-0.000929483,-0.010312)
(-0.00131155,-0.0121968)
(-0.0150471,0.0116305)
(-0.0496374,-0.00329175)
(-0.00630149,-0.00983003)
(0.153782,-0.0757889)
(-0.061221,-0.0516233)
(0.0369159,-0.0149645)
(-0.0179799,0.0173884)
(-0.0049672,0.00897621)
(-0.0162632,-0.0145072)
(-0.0186774,0.0510399)
(0.0454738,-0.0476378)
(-0.00952167,0.00179796)
(-0.00335398,-0.0104252)
(0.0137001,-0.000954154)
(-0.0314972,-0.00489184)
(0.037568,-0.00375623)
(0.0176429,-4.59021e-05)
(-0.00979017,0.00476929)
(0.0196813,-0.00652897)
(-0.00764246,0.0143831)
(0.0128967,0.00284484)
(0.00737745,0.0272648)
(0.0506227,-0.012503)
(-0.0165521,0.00252484)
(0.00675,-0.0142106)
(-0.035972,0.00642936)
(0.00815679,0.017405)
(-0.00608703,-0.0207015)
(0.0272521,-0.015455)
(-0.012674,-0.0240556)
(-0.0152746,0.00904695)
(0.0143456,0.0143969)
(-0.0173336,0.00443631)
(-0.0100335,-0.0123939)
(-0.0277666,8.70002e-05)
(0.0189158,-0.0040226)
(-0.00930776,-0.00617158)
(-0.00808006,-0.00207806)
(-0.0200108,-0.000195549)
(-0.0104411,0.0146566)
(0.0158502,-0.0155069)
(-0.00925402,-0.00713069)
(-0.0249809,-0.000645784)
(4.29771e-05,-0.00314642)
(0.00118098,-0.00819912)
(0.00737797,-0.0185339)
(0.0150699,0.000936988)
(0.00357571,-0.0199971)
(-0.00916156,-0.00224044)
(-0.0067801,-0.0166078)
(0.019493,-0.0218261)
(-0.00968519,-0.00381526)
(-0.00352273,-0.0124131)
(0.0267986,0.00824101)
(0.00882384,-0.00174479)
(-0.0131972,0.00377487)
(-0.00787746,-0.000115614)
(0.000201224,-0.00472212)
(0.016393,0.0104419)
(0.0368032,0.0041557)
(-0.0155602,0.0201443)
(-0.0103361,-0.0140475)
(0.0142241,0.00383814)
(-0.0397813,-0.0656234)
(-0.0423208,-0.0689917)
(-0.000338732,-0.000899521)
(-0.00833392,-0.0107928)
(0.0203822,0.00792058)
(0.00111439,-0.0226482)
(0.0469295,0.0366337)
(-0.0616215,-0.0162159)
(-0.0108458,0.0271881)
(0.0053081,-0.00505595)
(0.0152126,-0.0132339)
(0.0061304,-0.000348218)
(0.00821584,0.0124269)
(-0.0308064,-0.00264625)
(-0.0245061,-0.00258224)
(-0.0117513,-0.00279318)
(0.00857407,-0.0188807)
(0.00185702,-0.00848123)
(0.00432603,0.00270377)
(-0.00468561,0.016591)
(0.00503379,-0.0116875)
(0.0076788,0.0106207)
(0.0376077,0.000449499)
(-0.0295455,0.00884019)
(0.0130477,0.00846871)
(0.0178092,0.00663402)
(0.0354666,0.0123037)
(-0.0207153,0.00547397)
(0.0182812,-0.012782)
(0.0172901,-0.00176027)
(0.016199,0.00245599)
(0.0163833,-0.00498853)
(0.016626,0.000232732)
(0.00956777,-0.00618489)
(-0.0110446,-0.00245336)
(0.0260202,0.000470921)
(-0.00626413,-0.00858754)
(0.0111016,-0.00310307)
(0.00227067,0.0134158)
(-0.020237,0.0133074)
(-0.00491985,-0.000870274)
(-0.0241309,-0.0136217)
(0.00382243,0.0240216)
(-0.00767526,0.0127124)
(0.00625719,-0.0042885)
(0.00771223,0.00288176)
(-0.0065478,-0.021064)
(0.0274846,0.00349165)
(-0.00767469,0.00898572)
(-0.0207691,0.00583306)
(0.0128847,-0.000161243)
(0.00610728,0.00624427)
(0.000543516,-0.00161493)
(-0.00351855,-0.00507037)
(0.00208245,0.00365436)
(0.0115035,0.00585772)
(-0.00521637,-0.0175696)
(0.00421053,0.00618959)
(-0.00502937,0.000922319)
(-0.0106508,0.00185306)
(-0.0180527,0.0110177)
(0.00406303,0.0166808)
(-0.0240097,0.0116792)
(0.000506178,-0.00437929)
(0.0285574,-0.00162523)
(0.000497021,-0.000104724)
(-0.00329989,-0.0145731)
(0.0104797,-0.00340991)
(-0.0144192,-0.0135018)
(-0.0242037,-0.00302383)
(-8.66567e-05,0.00329527)
(-0.0047796,-0.00100744)
(-0.000410834,0.00519532)
(-0.0102803,0.00202383)
(0.00322982,-0.0121518)
(0.00863758,0.0103919)
(0.00659704,0.000213378)
(0.0327534,-0.00519707)
(-0.0104928,-0.0036026)
(-0.0144317,-0.00659906)
(-0.0323538,-0.00435098)
(0.0137145,-0.00147062)
(0.0137928,0.00996532)
(0.0187841,-0.00608132)
(0.0156021,0.00441946)
(0.0116173,-0.0155761)
(-0.0340291,-0.00303335)
(-0.0132383,-0.00423046)
(0.0173856,0.0241937)
(0.00107014,0.013132)
(-0.0130317,0.0145575)
(-0.00660486,0.00455601)
(-0.0170717,0.0063485)
(-0.00970829,0.00919803)
(-0.0169099,0.00867819)
(-0.0175861,-0.00458508)
(-0.00266187,-0.01043)
(0.0287679,0.00479801)
(0.0160269,0.00562886)
(-0.000786166,-0.0131596)
(0.0115006,-0.00910787)
(0.00246798,0.000288322)
(0.0195547,-0.00733705)
(-0.0144619,-0.00651397)
(0.0160269,0.0195613)
(-0.0201007,-0.00446497)
(0.0129622,0.00994286)
(-0.00553316,-0.00150794)
(-0.0194793,-0.00279317)
(0.0153108,0.00484555)
(-0.00600249,0.00356413)
(-0.00647231,0.0106698)
(-0.0183492,-0.00121254)
(0.0189635,0.0015266)
(0.00347254,0.0079873)
(-0.0111157,-0.0151599)
(0.00714861,0.00878206)
(0.0235342,0.00259196)
(-0.0109611,-0.0104698)
(-0.0235603,0.00306965)
(0.0221541,0.00345908)
(-0.0310322,0.0145731)
(0.00500873,-0.00595137)
(-0.0141968,-0.0135822)
(0.0206432,-0.00597434)
(-0.0168046,0.00397161)
(-0.0322095,-0.0111095)
(0.00836948,0.00455352)
(-0.0223265,0.000792179)
(-0.0387347,-0.00660776)
(-0.00314437,0.00677141)
(0.008003,0.0121958)
(-0.0255395,-0.00181465)
(-0.00454936,0.0017122)
(-0.0122884,-0.000107121)
(-0.0158303,0.0101215)
(0.00433485,0.00135047)
(0.0136478,0.0119571)
(-0.00964357,-0.00922197)
(0.000968391,0.016006)
(0.0400401,0.0537886)
(0.0154641,0.056091)
(0.00255486,-0.0135581)
(0.0240307,-0.0066173)
(0.020721,0.0246065)
(-0.0403581,-0.0145319)
(-0.0029305,0.0391745)
(0.04199,-0.00812953)
(-0.0166288,-0.0237005)
(0.0141991,0.00680039)
(0.0225487,-0.00416266)
(0.00902627,-0.00320089)
(0.00656833,0.00705296)
(-0.00794321,-0.000629748)
(0.00258289,0.0159186)
(-0.0215731,-0.00204226)
(0.0272889,0.000715445)
(0.0315122,-0.0206216)
(-0.000709863,-0.00868005)
(-0.0413088,-0.00744661)
(0.0118566,-0.00182923)
(0.0531012,-0.00432766)
(0.025147,-0.00328869)
(0.00191515,0.00246328)
(-0.000976977,-0.00274373)
(-0.0183911,-0.00536831)
(0.0161093,-0.00494143)
(-0.0060934,0.00855415)
(-0.00322756,-0.0052621)
(0.000504088,0.00586182)
(0.012369,0.00521847)
(0.0070871,0.0160214)
(0.0089925,0.00388056)
(0.000881922,-0.00917854)
(-0.00354562,-0.0101816)
(-0.0132311,-0.0186821)
(-0.0320514,-0.00455547)
(-0.00954203,0.000364854)
(0.0270218,0.0067293)
(0.0135843,0.00715864)
(-0.0236686,0.0106148)
(-0.031592,0.00393946)
(-0.00277884,-0.0152319)
(-0.00199742,-0.0141629)
(0.0168178,0.0258176)
(0.000349474,0.011328)
(-0.0123062,0.0183444)
(-0.0278511,-0.00338539)
(0.0211306,0.000611883)
(0.0042456,-0.0118611)
(-0.0163281,0.00546009)
(0.0356156,-0.000913701)
(0.00659299,-0.00241113)
(0.0136939,0.0254671)
(-0.0120347,0.00563867)
(0.0118404,0.00106895)
(-0.0160413,0.0130634)
(0.0231876,0.00427472)
(-0.00804329,0.0260553)
(-0.0221137,-0.010194)
(-0.00631687,0.00923518)
(-0.0776432,-0.051277)
(0.00186254,-0.00347656)
(0.00311283,0.00975887)
(-0.0194643,0.0171369)
(0.0207006,0.000776753)
(0.00337801,-0.0427813)
(-0.0156973,-0.00158389)
(0.00493355,0.0170459)
(0.00824146,-0.00284467)
(-0.027164,-0.00498402)
(0.0203734,-0.00379728)
(0.0263885,-0.00553867)
(-0.0359926,0.0185608)
(-0.00246871,-0.0166844)
(-0.0280777,0.00923987)
(-0.0205246,0.0135109)
(-0.00898916,0.000257848)
(0.000659305,-0.00852161)
(-0.00267629,-0.00317122)
(-0.00074489,0.0149538)
(0.0151388,0.00295285)
(0.0129976,0.0202705)
(0.0110523,0.00780844)
(0.00288421,-0.0146092)
(-0.0312124,-0.000260585)
(-0.00327771,0.0119918)
(-0.0003958,0.0253664)
(-0.00677934,-0.0100456)
(0.0181961,-0.00310946)
(-0.0115866,-0.0153432)
(0.0175839,0.0131045)
(-0.035311,-0.00849671)
(-0.0210412,-0.0061168)
(-0.014671,0.00951436)
(-0.000491324,-0.00560124)
(0.00355757,0.00143868)
(-0.0112904,-0.0125681)
(-0.0137993,0.00706889)
(0.00356182,-0.00695595)
(-0.0270945,0.0139703)
(-0.0176039,-0.00683849)
(0.0132562,0.0100011)
(-0.0273301,-0.00674752)
(0.00366434,0.00972045)
(-0.0288424,-0.0052421)
(-0.0132034,-0.010384)
(-0.0101866,-0.00738624)
(-0.00952701,-0.00369833)
(-0.00833184,-0.0114499)
(0.034453,0.00184813)
(-0.012079,-0.0108285)
(0.0092777,0.0154627)
(0.00328726,-0.0173687)
(-0.0141451,0.0045843)
(-0.0121846,-0.00672194)
(0.0108,0.0165806)
(-0.0194938,0.00773129)
(-0.017884,0.00419613)
(-0.00839261,-0.0118009)
(-0.0158942,0.010918)
(-0.00804622,-0.0186142)
(-0.0279292,0.019066)
(-0.0179899,0.000362123)
(-0.00610145,0.00250748)
(0.0200152,-0.00136917)
(0.0304294,-0.0101741)
(0.0119168,-0.0043438)
(-0.0100483,0.00494497)
(0.000866761,0.00494804)
(0.00613169,0.00746538)
(0.0115052,0.0127676)
(0.0415307,0.0103434)
(0.0203742,0.00138955)
(0.0105794,-0.00145161)
(-0.0185482,-0.00160695)
(0.0292127,-0.00585809)
(0.0212019,0.00955579)
(0.00109269,-0.00784168)
(-0.0159451,-0.00452807)
(-0.00398776,-0.00469623)
(-0.0115277,-0.0054044)
(0.0110428,0.00060073)
(-0.0103668,-0.0105146)
(-0.000664413,-0.00203355)
(-0.00295832,-0.002228)
(0.0299705,-0.010953)
(0.0109666,0.0107514)
(-0.00261171,0.00948843)
(-0.0180308,-0.00304355)
(0.00098075,0.00567371)
(-0.00123207,0.0152392)
(-0.0133291,0.00385354)
(0.0165246,-0.00997949)
(-0.00468012,0.010202)
(-0.00442496,-0.0128868)
(0.0176298,-0.0151708)
(0.00231361,0.00452202)
(0.0034662,0.012146)
(-0.00113284,0.00493741)
(0.0252369,-0.00124855)
(0.00641591,0.00890743)
(0.00715463,0.00926047)
(0.014796,-0.00494743)
(0.00330872,-0.0111844)
(0.025252,0.0058067)
(0.00415992,0.017048)
(0.0276228,0.0206419)
(0.0224272,0.00142409)
(0.00957731,0.00785577)
(-0.00820765,-0.0010589)
(0.0282256,2.55893e-05)
(-0.00490479,0.00871303)
(0.0244706,0.00247794)
(-0.0190941,-0.00090901)
(-0.0107165,-0.00441029)
(-0.0109021,0.00322884)
(-0.00617143,-0.0036381)
(-0.00264797,-0.00402225)
(0.0148465,-0.010753)
(0.0170337,-0.0159717)
(-0.0193193,0.00387441)
(0.0274223,0.0215166)
(0.00289583,-0.00983211)
(-0.0234892,-0.0148278)
(0.0085933,-0.00290652)
(0.0266755,0.00136791)
(0.00197851,0.0374191)
(0.0109369,0.00266441)
(-0.00397086,0.00301785)
(0.0167249,0.00667099)
(0.0045971,0.0161328)
(-0.00642918,0.00479368)
(0.0168744,0.00534206)
(0.0128952,-0.00088519)
(0.00532021,-0.00840004)
(0.0200768,0.0222436)
(0.0190743,-0.00156463)
(0.00375791,-0.010035)
(0.00449518,0.00315504)
(-0.0257312,0.040424)
(-0.0249584,-0.00609358)
(0.0311678,0.0436574)
(0.0056425,0.022094)
(-0.0296471,-0.0585538)
(-0.105443,-0.0671866)
(-0.0231984,-0.0626125)
(0.0566182,-0.0214338)
(0.0128893,0.00217538)
(-0.00977359,0.0214001)
(-0.0117716,0.00955181)
(-0.00400733,0.00585041)
(-0.0062004,-0.0115086)
(-0.00703544,0.00896912)
(-0.0317795,-0.0070223)
(0.0168237,-0.00180982)
(0.00919249,0.0172658)
(-0.010788,-1.40006e-05)
(-0.0317124,0.0215901)
(-0.0112543,0.00331705)
(0.111071,0.0259868)
(-0.0314472,0.023434)
(-0.00359657,-0.00559956)
(-0.00469535,0.0126035)
(0.0152271,0.0143618)
(-0.0356292,0.00792886)
(-0.0146723,0.00350837)
(0.0301308,-0.0448137)
(-0.00457669,0.005109)
(-0.00890956,-0.0139452)
(0.0216337,-0.00922767)
(-0.0090654,-0.0057772)
(0.0016544,-0.000240992)
(0.00187082,0.0203674)
(-0.00456652,0.00377392)
(0.00351488,-0.00390359)
(-0.0115828,-0.00567893)
(0.00206406,0.0112441)
(-0.0477356,0.00895913)
(0.0161409,0.00847272)
(-0.00434281,-0.0273209)
(-0.0537888,-0.100493)
(-0.00374488,-0.0117958)
(-0.00833471,-0.0116265)
(-0.00402439,0.000635151)
(-0.0262429,-0.00722039)
(-0.0793694,0.0112761)
(0.020136,0.0100701)
(-0.00567073,0.00435022)
(-0.0178572,-0.0125479)
(0.00923474,-0.0190205)
(-0.0237332,-0.0109611)
(-0.00551608,0.00802872)
(-0.000729643,0.0171777)
(-0.00693613,-0.00133167)
(0.0175603,0.00705517)
(0.00361534,-0.00652658)
(-0.0140674,0.0106607)
(0.0048126,0.0161204)
(-0.0153083,0.0236031)
(-0.0281275,0.0559615)
(0.0608964,-0.0343049)
(-0.0365705,0.0161178)
(0.0494533,-0.0497304)
(0.00370562,-0.0401748)
(-0.0032228,0.0321598)
(0.0199587,-0.00647755)
(-0.0206043,0.0324016)
(-0.000719704,-0.00608127)
(-0.00175112,-0.00506204)
(0.000752904,0.011828)
(-0.0154352,-8.10243e-05)
(-2.59148e-06,-0.0103164)
(-0.0164729,0.00439508)
(0.00963938,-0.000145055)
(-0.0195797,-0.000651031)
(0.00376308,0.00794312)
(0.0118709,-0.00517428)
(-0.00528779,-0.013037)
(-0.0174542,0.00797525)
(0.0156394,0.0139155)
(-0.00143602,0.00688244)
(0.000728701,0.0194808)
(-0.00320103,-0.00425021)
(0.0471398,-0.0150835)
(0.0313125,0.0247192)
(-0.00953746,0.0144345)
(-0.00802936,-0.00867214)
(-0.0185323,-0.0108487)
(-0.00158804,0.00151918)
(-0.000801518,0.00347608)
(-0.00470081,-0.0120427)
(-0.0224643,-0.00524623)
(0.0266121,0.000659296)
(-0.0117043,0.00271962)
(0.00173424,-0.00302542)
(0.00296501,0.00416612)
(-0.0150006,0.0124707)
(-0.0217746,-0.00846316)
(-0.0138554,-0.00314367)
(0.021464,-0.00566528)
(-0.0106428,0.00104744)
(0.00955951,0.00558381)
(0.00263722,-0.00205672)
(0.00651557,-0.00672549)
(-0.0201256,0.0131943)
(0.0136645,-0.0226485)
(-0.00928854,0.00686929)
(-0.00687784,-0.0212804)
(0.00372244,-0.0164592)
(-0.00398097,0.0114561)
(-0.0126163,0.0095388)
(-0.00204436,0.00575012)
(0.0316226,-0.00197289)
(-0.0141925,0.00262726)
(-0.0178061,-0.00713816)
(-0.00978883,0.00231694)
(0.0175632,0.00572359)
(0.0179887,-0.00136881)
(0.00569448,0.0167572)
(-0.0283151,0.00799264)
(0.0203736,-0.0179915)
(-0.0171722,-0.00515778)
(-0.00303383,0.0179673)
(0.0251775,0.0044536)
(0.0154921,0.00769826)
(0.009649,-0.00930568)
(0.00405648,-0.00804613)
(-0.00998032,-0.0179614)
(-0.0192981,0.00823325)
(-0.0323941,-0.0099284)
(0.010571,0.0048994)
(-0.000953193,-0.00508012)
(0.021548,0.0128611)
(0.00281626,0.000564279)
(-0.00967981,-0.000450803)
(0.00968519,0.00961033)
(0.00714177,-0.0189675)
(0.00171991,-0.0133935)
(-0.0121198,0.00656291)
(-0.00122703,-0.00438811)
(0.00399494,0.00128709)
(0.0202463,0.00134453)
(-0.0294534,0.00367613)
(0.000515818,0.0061626)
(0.00832963,-0.0151802)
(-0.0236823,0.0200265)
(0.00507906,0.000592426)
(0.00457474,-0.00279092)
(-0.00208542,-0.00176395)
(-0.0167259,0.0224191)
(-0.00223368,-0.00316026)
(0.0180688,0.000302714)
(0.00365432,0.00975197)
(-0.0011165,-0.00919849)
(0.00110006,0.00850802)
(-0.0176451,-0.00136468)
(0.015889,0.0084647)
(-0.0309366,-0.00422124)
(-0.0173993,0.0122997)
(0.0237182,0.0179962)
(0.0295808,0.0115653)
(-0.0191188,-0.00132953)
(0.0085593,-0.00400354)
(0.00897773,-0.00177483)
(-0.00393109,0.0018169)
(0.0272256,0.00231456)
(0.0167412,-0.00444872)
(0.0126082,-0.00495032)
(-0.0138767,-0.0105014)
(0.0131225,-0.00414858)
(0.01639,-0.000648851)
(-0.00388024,0.00817038)
(-0.00675144,-0.0132524)
(0.0133489,-0.00116502)
(0.00270663,0.00337026)
(-0.0116088,0.0122127)
(-0.000997588,0.00811603)
(-0.00668067,-0.00428044)
(-0.0143857,0.000960898)
(0.0135344,-0.0070988)
(0.022249,-0.00944442)
(0.0111045,0.00981954)
(0.0012837,-0.00935856)
(0.0168578,-0.0106945)
(0.0163505,0.00764824)
(0.0361727,0.0335474)
(0.00374312,0.00176391)
(-0.00339639,0.00140523)
(-0.0004522,-0.0162298)
(-0.0231142,0.0141536)
(0.0109697,6.41346e-05)
(-0.0102087,-0.0137051)
(0.000264011,0.00270106)
(-0.0324544,-0.00113446)
(-0.00357373,-0.000856331)
(0.0105028,-0.00492465)
(-0.0249416,-0.00808383)
(-0.00568464,-0.00940664)
(0.0012546,-0.025823)
(-0.00582861,-0.0109406)
(-0.0134663,-0.00390205)
(-0.00252966,0.0159774)
(0.00111373,-0.0152043)
(-0.0185352,-0.0367836)
(0.0176955,-0.0297929)
(-0.00288838,0.0163371)
(-0.0217577,0.0453523)
(0.0157734,0.00777676)
(-0.0102926,-0.0103958)
(-0.0125194,-0.0149227)
(0.00928691,-0.0247103)
(-0.00510106,0.014885)
(-0.00127464,-0.014607)
(-0.021784,-0.0075786)
(0.0130936,0.00440467)
(-0.04424,-0.00508882)
(-0.0433982,0.000967591)
(-0.0302087,-0.0199793)
(-0.0119381,-0.00734985)
(-0.00285055,0.0110743)
(0.0222021,-0.0010621)
(0.0100935,-0.000181403)
(-0.0205305,-0.015444)
(-0.0133636,-0.00753483)
(-0.0140233,0.0024461)
(0.000574659,0.0171058)
(-0.00881934,0.00961234)
(-0.031849,0.0116568)
(-0.00917422,0.022917)
(-0.0132681,0.00581671)
(-0.0350118,-0.00981225)
(-0.0228064,-0.0258001)
(-0.0124255,-0.00913535)
(0.0172239,0.0165386)
(-0.0300405,-0.00518353)
(-0.0192949,0.00178237)
(-0.0280232,-0.00256794)
(0.0272795,0.00538287)
(0.00458281,0.0216001)
(-0.0194802,0.0139892)
(0.0426403,0.0270983)
(-0.0124773,0.00952667)
(-0.0110023,-0.0266788)
(0.0141824,0.00513878)
(0.0353922,0.0100835)
(-0.0162164,0.0172449)
(-0.0116858,-0.00590267)
(0.00511991,-0.015531)
(-0.0145542,0.00104531)
(0.03284,-0.0147111)
(-0.00494868,0.000619759)
(0.0260323,-0.00832413)
(-0.0118117,-0.00377879)
(0.0260753,0.0214187)
(0.00381827,-0.0161998)
(-0.00406097,-0.0132456)
(-0.00175263,0.00285105)
(-0.00224147,0.00139213)
(0.00604054,-0.00115114)
(0.0146053,0.00839038)
(-0.0131913,0.0257464)
(0.00590975,0.0135146)
(-0.0444928,-0.0129912)
(0.00698512,-0.0270686)
(-0.00377819,0.00100937)
(-0.0132558,0.000304666)
(1.7499e-05,-0.0133824)
(-0.0310519,0.0164042)
(0.0150407,-0.00932214)
(-0.00312385,-0.00598111)
(0.0156678,-0.00270631)
(0.00886783,-0.00511104)
(0.00695795,0.00446966)
(0.00392496,-0.000380923)
(-0.0102892,0.00756499)
(0.0129924,-0.0059029)
(0.00256223,-0.0151634)
(-0.010241,-0.00896244)
(0.00606847,-0.00618452)
(0.0130415,-0.0324317)
(0.0075181,0.00788126)
(-0.0478572,0.0182396)
(-0.0195013,-0.0223471)
(0.00197169,-0.00898294)
(0.0289683,0.00890397)
(0.00867828,0.0113058)
(0.0112608,-0.0207155)
(-0.00181367,0.0108795)
(0.0109808,0.00261692)
(0.00432738,0.00152471)
(-0.0169843,-0.00348124)
(0.0192595,-0.000631251)
(0.0197458,0.000660425)
(-0.0039304,-0.0130454)
(-0.00545568,0.000148039)
(0.00500231,0.0074537)
(-0.0137282,-0.0031493)
(0.00304763,-0.00237548)
(-0.0146571,0.0108942)
(0.00500582,0.00679813)
(0.000440918,0.000125632)
(0.0268709,-0.00157307)
(0.00549855,0.00740933)
(0.00451814,-0.0144098)
(-0.00124907,-0.0197907)
(0.0246616,-0.018032)
(0.000816829,-0.0055069)
(0.013243,-0.00472757)
(0.00515114,0.00108863)
(-0.000211766,-0.0120734)
(0.018934,0.0138964)
(-0.0111883,0.00231088)
(-0.00151235,-0.0176642)
(0.0131948,0.00501341)
(-0.0129422,0.0250003)
(-0.00926335,-0.0105864)
(0.00317685,-0.0149598)
(-0.00325243,-0.0038623)
(-0.00822598,-0.0133657)
(0.00940305,-0.0015243)
(-0.0189871,0.00643404)
(-0.000641098,-0.0105649)
(-0.0260756,-0.000709884)
(0.00295145,-0.0162758)
(-0.0148753,0.00887925)
(0.02336,0.00446715)
(0.0151609,-0.00726909)
(0.0205892,-0.00423578)
(-0.00125488,-0.00316643)
(0.0365827,0.00157821)
(0.00012924,0.00131286)
(0.0237399,0.00369997)
(-0.0065874,0.0164073)
(-0.00847425,-0.00806975)
(-0.00820201,-0.0112873)
(0.0132752,0.0185125)
(0.00146903,-0.00328497)
(-8.49965e-05,0.010172)
(0.0193804,0.00222412)
(-0.00513879,0.012141)
(0.00379241,0.0254203)
(0.0033837,0.00328659)
(0.0120262,-0.0082459)
(0.00506745,0.0282746)
(-0.00429715,-0.00348676)
(-0.00773097,-0.00364032)
(0.00139946,-0.00940929)
(-0.011812,0.0137047)
(-0.0155382,-0.0117721)
(0.00497502,-0.0071715)
(0.00686572,-0.00929708)
(0.00394724,0.00881992)
(0.00483424,0.00566042)
(0.00302622,0.00970599)
(0.0140481,0.0126769)
(-0.0188443,-0.00616639)
(0.0158006,-0.0046815)
(0.0132707,0.0134094)
(-0.00660918,-0.0136522)
(0.00659692,0.0199804)
(0.00347613,-0.000286977)
(0.0170517,-0.00567739)
(0.00163946,-0.00254185)
(-0.0060426,-0.00207211)
(0.00801837,-0.00379246)
(0.017888,-0.00357661)
(-0.0289616,0.00314239)
(-0.0194713,-0.00830325)
(-0.02015,-0.00192612)
(0.00960218,-0.00829635)
(0.00673025,0.0138087)
(-0.0166927,0.0132558)
(-0.00085111,-0.0178848)
(-0.00381124,-0.00019132)
(-0.00809984,0.00628337)
(-0.0279167,-0.00852764)
(0.0369582,-0.0010938)
(0.0276169,-0.00954547)
(0.00793721,0.00638592)
(0.00351323,0.00640699)
(0.000255156,-0.00412329)
(-0.0231854,-0.0186116)
(-0.0192704,-0.0111181)
(-0.0059482,-0.0122243)
(-0.00294948,-0.000288684)
(-0.00917785,-0.00194683)
(0.0331221,-0.00293125)
(-0.0200463,-0.0136294)
(0.0212318,0.0171443)
(-0.00951503,-0.00763837)
(0.0244065,-0.0048148)
(-0.00989605,-0.00374115)
(-0.0234259,-0.0012213)
(-0.00989844,-0.00900848)
(0.00745713,-0.000530234)
(-0.00655646,0.0140249)
(-0.0124337,-0.00417742)
(-0.0245148,-0.00297911)
(-0.00595145,0.00852206)
(-0.00283757,-0.00452238)
(0.0162223,-0.00535161)
(-0.0126887,0.0134654)
(0.00363387,-0.00444191)
(0.0124827,-0.0136559)
(0.00532698,-0.00482867)
(-0.0267526,-0.00360269)
(-0.0174042,-0.00286886)
(0.0122272,0.0011351)
(0.0408812,-0.0188461)
(-0.00782622,0.000277522)
(0.000768647,0.00385807)
(0.0134666,-0.0128177)
(0.00990005,-0.00132264)
(-0.0353466,-0.000610656)
(-0.00152202,-0.000134745)
(0.0100207,-0.0108868)
(-0.00209656,-0.00822638)
(-0.026593,0.00425432)
(-0.0166216,0.00332932)
(-0.0209314,0.0121365)
(-0.00603974,-0.00328659)
(0.0265257,0.000568934)
(-0.0217738,-0.0227558)
(0.0274982,-0.00483638)
(-0.00908372,-0.00577226)
(0.00806395,0.0107806)
(-0.011146,-0.0157357)
(-0.00812621,-0.0281846)
(0.0168032,0.0136012)
(0.00901445,-0.00122421)
(0.0183716,-0.0160833)
(0.0122435,0.0146357)
(0.00184112,-0.0166069)
(-0.0305801,0.0161469)
(0.0306953,-0.00472977)
(0.00176726,-0.00345105)
(-0.0346095,0.00586006)
(0.0317842,0.00157037)
(0.0203139,0.00140404)
(-0.00596632,0.0062571)
(0.0159118,0.0260173)
(-0.0269345,0.0151805)
(-0.0110672,-0.00252036)
(0.0222037,-0.0118662)
(0.00426707,-0.0028158)
(0.00100986,-0.00317088)
(-0.00546353,-0.012125)
(0.00936812,0.0169196)
(0.00482554,0.0214673)
(-0.00854164,0.00337689)
(-0.0108086,0.0108168)
(-0.0192541,-0.0173325)
(0.0114262,0.00939242)
(-0.000544652,-0.011164)
(0.0136722,0.00759841)
(-0.0132936,0.0167868)
(-0.0306013,-0.00804606)
(0.0103019,0.00644327)
(0.025008,-0.00223027)
(0.00513959,0.00396858)
(0.00551043,-0.0140889)
(0.00427808,0.01083)
(0.0244767,-0.0188563)
(0.0306765,-0.00941311)
(-0.00301274,-0.00148905)
(0.000491173,0.0119157)
(-0.00469172,-0.0258528)
(-0.0187423,0.00965196)
(0.0166283,0.00418401)
(0.00244416,0.0128933)
(-0.00153488,0.018956)
(0.0157165,0.0110881)
(-0.0144855,0.00455258)
(-0.012491,-0.00534286)
(-0.0122859,0.015981)
(0.0229435,0.00825808)
(0.0181641,0.0036888)
(0.0219312,0.00787505)
(0.0272967,-0.000982769)
(-0.00455115,-0.00237853)
(0.0141624,0.00507209)
(-0.00534085,0.0033441)
(-0.0247501,-0.000444441)
(0.0199447,-0.0065948)
(0.0207049,-0.00409981)
(0.0333379,-0.000935603)
(0.0101451,0.00485039)
(-0.00204718,-0.00049182)
(-0.0251849,0.0110214)
(-0.0197339,-0.00571734)
(-0.00607659,0.00472387)
(-0.00526375,0.0104174)
(-0.0074958,-0.000419531)
(0.00214431,0.00171791)
(0.0186044,0.0312459)
(-0.00105476,-0.00551002)
(-0.01854,0.00651157)
(-0.00908551,-0.013528)
(0.0144674,0.00704418)
(0.020976,0.0140319)
(-0.0123008,-0.0158535)
(0.00405336,0.00194381)
(0.00840914,0.00655542)
(0.00406028,-0.0196549)
(0.00245215,-0.00674879)
(-0.00673063,-0.00342279)
(0.0280788,-0.000883551)
(-0.0180489,-0.0126908)
(0.0342695,-0.00214108)
(-0.0170783,-0.00203782)
(-0.0261016,-0.00801638)
(-0.00554792,0.0230519)
(-0.000914793,0.000879463)
(-0.00340288,0.00124952)
(-1.51171e-05,-0.00203299)
(0.0257145,-0.00748151)
(3.95621e-05,0.000686389)
(-0.0118592,-0.00934277)
(-0.0136415,0.000456596)
(-0.0185198,-0.0101195)
(0.0114625,-0.0155557)
(0.027432,-0.0136089)
(-0.0153399,0.0101207)
(0.000391878,-0.0134981)
(0.00689752,-0.00579722)
(-0.00837283,0.0178954)
(-0.00951341,0.0150531)
(-0.00445052,0.00658276)
(0.0201273,-0.0165743)
(0.0236649,-0.0174102)
(0.00552466,0.010648)
(0.0118693,-0.00990065)
(0.0158762,-0.00298924)
(-0.0191959,0.0033794)
(-0.0199698,0.000393841)
(-0.0221916,0.00408606)
(0.0316941,-0.00377761)
(-0.0280099,0.0228161)
(0.00387275,0.00439832)
(-0.0296042,0.0136624)
(-0.0317485,0.000178189)
(-0.0306849,-0.0100965)
(0.00378352,0.0109502)
(0.00187208,-0.00267688)
(-0.00925513,0.00305704)
(7.17506e-05,0.0243337)
(-0.00764548,0.00071156)
(0.00619009,-0.0110545)
(-0.00113042,-0.0112544)
(0.00712934,0.00681178)
(0.0110617,-0.00244531)
(0.00689928,0.00446026)
(0.0400318,-0.000637274)
(-0.0010778,0.00810439)
(-0.00665929,-6.85819e-05)
(-0.0348752,0.0183637)
(0.0159978,0.00607001)
(0.0197137,0.00286498)
(0.0168455,0.00980038)
(0.020167,0.00243489)
(0.0126105,0.00940301)
(-0.0240699,-0.0059914)
(-0.00196301,0.000274542)
(-0.00761692,-0.0051117)
(-0.00622228,-0.000813455)
(0.0122386,0.00180237)
(-0.0166736,0.000780324)
(-0.0225389,0.0114843)
(0.0071891,-0.0044539)
(-0.00731138,-0.00669612)
(0.0133923,-0.00629502)
(-0.0279351,0.0144009)
(0.000866939,-0.00445608)
(-0.0108034,0.0117283)
(0.00893141,0.00711675)
(-0.0335682,0.000735666)
(0.0102358,0.00597449)
(-0.015004,0.00294665)
(0.00864848,0.0136722)
(-0.00651346,-0.00593946)
(-0.0130666,0.016199)
(0.00465227,-0.0156105)
(0.0148806,0.00602616)
(0.0112694,-0.00140712)
(-0.0065641,0.00877492)
(0.00759865,-0.00897683)
(-0.0113467,-0.00396333)
(0.027626,-0.00253462)
(0.0163667,0.00124178)
(0.00166639,0.00170163)
(-0.00799221,-0.0066309)
(-0.0379648,-0.00822685)
(-0.00631543,-0.00325206)
(0.0241654,-0.0111283)
(-0.0311508,0.00684981)
(0.00350466,0.00876159)
(-0.02257,0.0150806)
(0.0322,0.00116061)
(0.0051324,0.0154695)
(-0.00672301,-0.00438327)
(-0.00995709,0.0105543)
(-0.019882,0.0208179)
(0.00828056,-0.00595699)
(0.00828419,0.00268819)
(0.0039609,0.00360096)
(-0.0108828,-0.00920397)
(0.0366357,-0.0100988)
(0.0103849,0.00854924)
(-0.0277669,-0.00359907)
(0.0120378,0.0162495)
(0.00939843,-0.00593174)
(-0.0239343,0.00542446)
(0.0108328,-0.0157737)
(0.0219677,-0.00352373)
(0.00663354,0.000816981)
(0.000587965,-0.00248447)
(-0.00303429,0.0354306)
(-0.00464454,-0.0116674)
(-0.00582505,-0.00969826)
(0.00809531,-0.00373909)
(0.0115303,-0.00222173)
(0.0192186,0.0189327)
(0.0268071,0.000267393)
(-0.0117077,-0.0201544)
(0.00967214,0.0149689)
(0.0165144,-0.0172819)
(0.0274264,-0.0107756)
(0.00575697,0.00733547)
(-0.00688419,-0.00123966)
(-0.00834003,0.0165371)
(-0.000695241,-0.00298175)
(0.0045734,-0.00465459)
(-0.0308356,0.00519895)
(0.00488467,0.00481976)
(0.0193541,0.00182806)
(0.00378855,0.000205476)
(-0.00295089,-0.00168105)
(0.00585479,-6.35066e-05)
(-0.013565,-0.014174)
(-9.80356e-05,0.00759574)
(-0.0101625,0.00489487)
(0.00489676,0.000537704)
(0.00736216,0.00685554)
(-0.0127488,0.00428325)
(0.0167095,0.00080426)
(-0.00335175,0.00539208)
(0.00220174,-0.000177751)
(0.000310717,0.00533061)
(-0.0207437,-0.00372022)
(-0.00965293,0.00671175)
(0.0206405,0.00122236)
(-0.024692,0.00672843)
(-0.0171922,-0.00613885)
(0.0264293,0.00935344)
(0.0049854,0.00841586)
(-0.00560175,0.00310076)
(0.0145701,0.0088457)
(0.0144246,-0.00860356)
(0.0113721,-0.0180759)
(0.00547188,-0.00445562)
(0.0339803,0.00531082)
(-0.0105371,0.00498489)
(0.00844459,0.011874)
(-0.0207077,-0.00317126)
(0.0110222,0.00193984)
(-0.0013406,0.00627867)
(0.0143193,-0.00642695)
(-0.0197359,0.0172992)
(0.00558332,-0.00964783)
(-0.0164491,-0.0031281)
(0.0026463,-0.00684875)
(0.0144173,-0.00811548)
(-0.00940568,0.00499985)
(0.00260848,-0.00506009)
(-0.00503955,0.00204008)
(0.0387381,-0.00376041)
(0.0100049,-0.000867235)
(0.000757209,-0.00413)
(-0.00906084,0.0134827)
(0.00401559,0.0161328)
(-0.0237765,-0.014689)
(-0.0165389,-0.00468224)
(-0.00647933,0.0107597)
(0.00656325,-0.0155408)
(-0.00299487,-0.00261444)
(0.0073657,0.00488529)
(0.00883364,-0.0145948)
(0.00793006,0.000264369)
(-0.0130083,-0.00979889)
(0.00748355,0.00106117)
(-0.00126075,-0.00147647)
(0.0256626,-0.000112681)
(0.0202775,-0.00723975)
(-0.00689329,0.00676017)
(0.0185105,-0.0114131)
(-0.00838585,-0.000121455)
(0.00853963,0.0162573)
(0.0142804,0.00523007)
(-0.0108637,-0.00715241)
(0.00421019,0.00623257)
(0.0253145,-0.00568779)
(0.0257307,-0.0178004)
(0.0410359,-0.00429014)
(0.00247256,-0.00181449)
(0.0180426,-0.00401855)
(0.00863463,0.00745289)
(0.000987355,-0.00413492)
(-0.0037201,-0.00363037)
(0.00500009,-0.0108841)
(0.0156741,0.00124528)
(0.0266926,-0.0153442)
(0.00467966,0.00119331)
(0.00695995,0.00778227)
(0.0132274,0.00215734)
(-0.0209783,-0.00301843)
(0.000967696,0.00550855)
(0.00531167,0.0261389)
(-0.0108235,0.0110619)
(-0.00908238,0.00443098)
(0.019192,-0.00430429)
(-0.0175224,-0.0101839)
(-0.0339103,-0.0112376)
(-0.00753488,-0.00324651)
(0.00462036,0.0022457)
(0.00593235,-0.00606089)
(-0.0132408,0.0112213)
(-0.00978382,-0.0115576)
(-0.0203745,0.005783)
(-0.0157138,-0.00192978)
(0.00140278,-0.016977)
(0.00924064,-0.010793)
(-0.0024303,-0.00585809)
(-0.00427559,0.016692)
