(-0.000429063,-0.00145103)
(-0.00129124,-0.000713545)
(-0.001012,-0.0077476)
(0.00516255,-0.00414604)
(-0.00173476,-0.00941523)
(0.00629036,-0.0124109)
(-0.000290875,-0.0104222)
(0.0042924,-0.0121106)
(-0.000376035,-0.00633964)
(0.00760743,-0.00830937)
(-0.0010539,-0.0024434)
(0.00450005,-0.00600901)
(-0.00295119,-0.0043375)
(0.00273179,-0.00994034)
(-0.00397903,-0.00490145)
(0.00087705,-0.00825701)
(-0.00127244,-0.00323741)
(-0.00206616,-0.00223458)
(0.00151419,0.00169048)
(-0.00362776,-0.00446516)
(0.00196041,-0.00241598)
(-0.00127208,-0.00152085)
(0.0066425,-0.0115511)
(0.00595703,-0.0081919)
(0.00673444,-0.0110452)
(0.00865707,-0.0148424)
(0.00375707,-0.01324)
(0.0108782,-0.0125012)
(0.0026924,-0.0105679)
(0.00716365,-0.0149051)
(-0.00111408,-0.00705255)
(0.0052638,-0.0126851)
(-0.0062834,-0.00557831)
(0.00613028,-0.0123973)
(-0.00860225,-0.00868768)
(0.00206182,-0.00756459)
(-0.00242523,-0.00568318)
(-0.00306032,-0.00129996)
(0.00158656,0.000823844)
(-0.00383162,-0.00262383)
(0.00529994,-0.00443685)
(0.00252536,0.00149941)
(0.0115853,-0.00873276)
(0.00702608,-0.00578459)
(0.00981773,-0.010814)
(0.0139194,-0.0128312)
(0.00429461,-0.0056668)
(0.0150994,-0.0101716)
(-0.0028169,-0.00954704)
(0.00988597,-0.00361892)
(-0.00355761,-0.00965614)
(0.00558663,-0.00946359)
(-0.00323305,-0.0102546)
(0.00353234,-0.00893442)
(-0.0048059,-0.0137161)
(0.00152304,-0.010603)
(-0.00608831,-0.00390344)
(-0.000877311,-0.00555086)
(-0.00467192,0.00376794)
(0.000587059,0.00159693)
(0.00245667,-0.00675036)
(0.00215035,0.00164328)
(0.00602862,-0.00996714)
(0.00894491,-0.00708276)
(0.00716644,-0.00768245)
(0.0145114,-0.00888932)
(0.00373396,-0.00516044)
(0.0115175,-0.00593645)
(-0.00380709,-0.00919552)
(0.00838743,-0.00333073)
(-0.00226438,-0.00514403)
(0.00229403,-0.00990643)
(-0.00400515,-0.0090806)
(0.00245581,-0.00982979)
(-0.00426365,-0.00759664)
(0.0061938,-0.00824578)
(-0.00983577,-0.000858684)
(0.00198838,-0.00237882)
(-0.00228213,0.000624838)
(0.00113477,-7.75786e-05)
(0.00438774,-0.00563935)
(0.00283345,9.01895e-05)
(-0.00298164,-0.00358258)
(0.00950776,0.000269387)
(0.00270717,-0.00637366)
(0.0112098,0.00230568)
(-0.00131077,-0.00364248)
(0.00741014,0.000451066)
(-0.00275823,-0.00682261)
(-0.00333644,0.00051108)
(-0.00881706,-0.00162942)
(0.00034033,0.00189428)
(-0.00731597,-0.00560188)
(-0.00312591,-0.00502089)
(-0.00246597,-0.00333317)
(-0.000758224,-0.00443748)
(-0.00827483,-0.000262646)
(-0.00279408,-0.000360307)
(-0.00409749,0.00583048)
(-0.00382111,0.00225195)
(0.000550018,-0.000996076)
(0.000265914,0.00122918)
(-0.000932746,-0.00118646)
(0.0105254,0.00421287)
(-0.00337198,0.00549188)
(0.00636512,-0.00016346)
(-0.00591191,0.00424244)
(0.00132139,0.000350933)
(-0.00818872,-0.00137867)
(-0.00536869,0.00139009)
(-0.0110297,-0.00711305)
(-0.00984849,-0.00417631)
(-0.0052491,-0.00513491)
(-0.00355877,-0.0070619)
(-0.000512906,-0.00792157)
(-0.00627307,-0.00742028)
(-0.000299613,0.00284792)
(-0.00739812,0.00122127)
(0.000332514,0.005519)
(-0.00267695,0.00454272)
(0.00178527,0.00112582)
(0.001269,0.00403224)
(-0.000393595,0.00620542)
(0.00466727,0.00582895)
(-0.00191913,-0.00134493)
(0.00713744,0.00406659)
(-0.00645282,0.00366665)
(-0.00221931,0.00253713)
(-0.00769631,-0.00254454)
(-0.00915687,0.000954077)
(-0.0096749,-0.00568396)
(-0.00580107,-0.000334179)
(-0.00107131,-0.00309737)
(-0.0115839,-0.0046048)
(0.00539752,-0.00564103)
(-0.00936654,-0.00484906)
(0.00495134,0.0033478)
(-0.00654004,-0.000390827)
(0.000714108,0.00202263)
(-0.00143924,0.00274487)
(-0.00478917,0.00258629)
(0.000376099,0.0084383)
(-0.00443105,-0.00132706)
(0.00909496,0.0114703)
(-0.00806267,-0.00432362)
(0.00637033,0.00581101)
(-0.0121566,-0.00181883)
(0.00691807,-4.85164e-05)
(-0.0143111,-0.000791432)
(0.000667955,-0.00178643)
(-0.00926523,-0.00585243)
(-0.00317714,0.00411152)
(-0.00415529,-0.00499724)
(-0.00587559,0.00418602)
(0.00141389,-0.00290872)
(-0.00666486,0.000855805)
(0.00148989,0.00392815)
(-0.00189237,0.00477696)
(0.0024254,0.00778268)
(0.00107614,0.00360106)
(-0.00466572,0.00253476)
(0.00573402,0.00879301)
(-0.00416009,-0.000845962)
(0.00525148,0.01035)
(-0.00576065,-0.00270141)
(0.00569352,0.00684973)
(-0.00721626,-0.00395591)
(0.00405335,0.00106313)
(-0.010163,-0.00254256)
(0.00170455,-0.00145742)
(-0.00560528,0.00105705)
(0.00841038,0.00392204)
(-0.00651338,-0.00142012)
(0.00120149,0.00767004)
(-0.00367125,0.00967907)
(-0.000204369,0.0040798)
(-0.000238013,0.00942212)
(0.00714358,0.0100119)
(-0.00574742,0.0087156)
(0.00424664,0.00484959)
(-0.00174641,0.00103566)
(-0.00087689,0.00342046)
(-0.00134138,0.00131339)
(0.00483121,0.00459314)
(-0.00418412,-0.00308573)
(0.00223723,0.00601895)
(-0.00407489,0.00318514)
(0.000300159,0.00109963)
(-0.00470322,-8.16451e-05)
(0.00301862,0.00079484)
(-0.0037711,-0.00241938)
(0.00480372,0.00388229)
(-0.0057614,0.00571264)
(-0.000780573,0.00474848)
(-0.00957105,0.0116112)
(0.00307269,0.00140878)
(-0.00403904,0.00962627)
(0.00465656,0.0027019)
(-0.00436304,0.00500358)
(0.00110369,0.00296481)
(-0.00542808,-0.00310073)
(0.0044073,-0.0049525)
(-0.003186,-0.00667501)
(0.00912369,-0.013682)
(-0.00110953,-0.0145491)
(0.0100662,-0.0131998)
(-0.000977876,-0.0149707)
(0.0145727,-0.00965847)
(0.000971041,-0.0107665)
(0.00709253,-0.01217)
(0.00207052,-0.0058893)
(0.00321155,-0.0102212)
(0.00334135,-0.00647195)
(0.000951874,-0.00336014)
(-0.00579466,-0.00445577)
(0.00113592,-0.00695403)
(-0.00470352,-0.00100843)
(0.000511208,0.000539712)
(-0.00239311,0.00214439)
(-0.00357999,-0.00404254)
(0.00139417,-0.00412852)
(0.00376136,-0.00937562)
(0.00461213,-0.00990263)
(0.00844491,-0.0178326)
(0.00501074,-0.0136144)
(0.0174384,-0.0190603)
(0.00387349,-0.0174101)
(0.0201257,-0.0160388)
(0.00208425,-0.0191112)
(0.0118803,-0.00836392)
(0.000995418,-0.0120203)
(0.00879926,-0.0108827)
(-0.00425708,-0.0126306)
(0.00373075,-0.0133685)
(-0.00763588,-0.0103334)
(0.00372269,-0.00697845)
(-0.0106897,-0.00565227)
(-0.00160962,-0.0030404)
(-0.000720698,0.0025661)
(-0.00060614,0.0051642)
(0.00420234,-0.00739319)
(0.00259246,-0.00824924)
(0.00898105,-0.011989)
(0.0132565,-0.0145387)
(0.00235959,-0.011599)
(0.0206461,-0.0213516)
(0.00278075,-0.0148012)
(0.0187543,-0.0178134)
(-0.00429712,-0.0198053)
(0.0161932,-0.0146218)
(-0.00508267,-0.0164124)
(0.00989479,-0.017475)
(-0.00449531,-0.0111787)
(0.00623626,-0.012428)
(-0.0100065,-0.0112879)
(0.0018517,-0.0137268)
(-0.0131642,-0.00146167)
(0.00261371,-0.00342234)
(-0.00279469,0.0034353)
(-0.00171421,0.000497958)
(0.00488124,-0.0123834)
(0.00771662,-0.00638558)
(0.00113947,-0.00753163)
(0.0188095,-0.0102827)
(-0.00425667,-0.0112819)
(0.0176661,-0.0163923)
(0.000313033,-0.0140688)
(0.02221,-0.0127124)
(-0.00456378,-0.016188)
(0.0112269,-0.0105932)
(-0.00740458,-0.0144226)
(0.0080361,-0.0122171)
(-0.00236676,-0.0119085)
(0.00532379,-0.0185103)
(-0.00947612,-0.0131218)
(0.00904536,-0.0114278)
(-0.0167893,-0.00345318)
(0.00468504,-0.00447885)
(-0.0117295,0.00714634)
(-0.00304185,0.000759677)
(0.00396427,-0.00580244)
(0.0113927,-0.00200854)
(-0.00419281,-0.00979486)
(0.0170579,-0.00166684)
(-0.00418349,-0.00835349)
(0.0214168,0.00193655)
(-0.00595313,-0.00915564)
(0.0066427,0.00175274)
(-0.00285119,-0.00695495)
(0.0055359,0.00309769)
(-0.0164074,-0.00618216)
(-0.00253191,-0.00963031)
(-0.011428,-0.00553615)
(-0.00365619,-0.00674863)
(-0.00668069,-0.00728853)
(0.00230797,-0.0105434)
(-0.00944292,-0.000792623)
(0.00101326,-0.000984238)
(-0.0102272,0.00901658)
(-0.000940431,0.00775864)
(-0.00451672,-0.00330211)
(0.00926128,0.0017245)
(-0.00601927,-0.0016635)
(0.0164811,0.00107229)
(-0.0131716,-0.00465583)
(0.0116737,0.0029336)
(-0.00508423,-0.00247766)
(0.00276871,0.00497118)
(-0.0126096,-0.0118037)
(-0.0155028,0.00124924)
(-0.0147332,-0.00689256)
(-0.0114805,-0.00198841)
(-0.0114723,-0.00483503)
(-0.0133235,-0.0142266)
(-0.00198233,-0.00716226)
(-0.0090786,-0.008145)
(-0.00325681,-8.89172e-05)
(-0.00722544,0.00164207)
(-0.00611119,0.00457831)
(-0.00558326,0.0108827)
(0.000329196,0.00413178)
(0.00315612,0.0052418)
(-0.00450199,0.000155425)
(0.0104709,0.00805945)
(-0.00798122,0.00364435)
(0.0111955,0.00781106)
(-0.0119374,-6.72285e-05)
(0.000116403,0.00400424)
(-0.0114871,0.00202928)
(-0.0145597,0.00489222)
(-0.0181023,-0.00508867)
(-0.020349,-0.00581056)
(-0.00952502,-0.00732645)
(-0.0149663,-0.00130086)
(-0.00120048,-0.00659822)
(-0.018984,-0.00585342)
(0.00367263,0.00248556)
(-0.013043,0.003221)
(-0.000378502,0.00305335)
(-0.0076864,0.00737189)
(-0.00400584,0.00309183)
(7.79243e-05,0.00849461)
(-0.00320037,0.000924375)
(0.0112457,0.00892373)
(-0.0117866,0.00113858)
(0.0153066,0.00718531)
(-0.0177466,0.0020985)
(0.00310465,0.000869845)
(-0.0110261,0.00515095)
(-0.0108503,-0.00426758)
(-0.0169832,-0.00544514)
(-0.00965774,-0.000330643)
(-0.0058943,-0.00561934)
(-0.0169433,0.00334333)
(0.000381127,-0.00928382)
(-0.0155114,8.09993e-05)
(0.00060241,0.00405711)
(-0.0126279,0.00353668)
(-0.0031904,0.00818867)
(-0.00301097,0.00576259)
(-0.00767042,-0.000627579)
(0.0044734,0.00847675)
(-0.00675642,0.00113147)
(0.0108816,0.0147961)
(-0.0150152,-0.00101396)
(0.00690767,0.0103594)
(-0.013,-0.000913821)
(0.00181814,-0.00168084)
(-0.014868,0.00383028)
(-0.00429292,-0.00290645)
(-0.0111065,-0.00513212)
(-0.00771926,-0.00059956)
(-0.00793119,-0.00500316)
(-0.00364011,0.00394361)
(-0.00833688,0.00433227)
(-0.00726377,0.00273897)
(-0.00868449,0.0074726)
(-0.00849764,0.0045405)
(-0.00322829,0.0115086)
(-0.00165699,0.00311339)
(-0.00427778,0.00250109)
(0.00355627,0.00594029)
(-0.00597538,-0.00180428)
(0.00282777,0.0102165)
(-0.0104481,-0.000234362)
(0.0028157,0.0112888)
(-0.00638572,0.000110845)
(0.00119332,0.00217105)
(-0.00610489,0.00432968)
(-0.00454792,-0.00105468)
(-0.00745146,0.00203618)
(0.00152767,0.00358352)
(-0.00227233,0.000569987)
(-0.000371268,0.00664744)
(-0.0115899,0.010176)
(-0.00448434,0.00293308)
(-0.00540451,0.0131658)
(0.00102726,0.00446457)
(-0.000682655,0.00575413)
(0.00352876,0.00259508)
(-0.00360166,-0.00277488)
(0.00833642,-0.003606)
(-0.00089138,-0.00788186)
(0.00882823,-0.00664554)
(0.00642821,-0.0132092)
(0.0111439,-0.00691642)
(0.00153725,-0.0185881)
(0.00864636,-0.00856973)
(0.00297829,-0.0146156)
(0.00577809,-0.00379674)
(0.00341628,-0.00680203)
(-3.53343e-05,-0.0061657)
(-0.000842062,-0.00772329)
(-0.00408344,-0.00861705)
(-0.00282726,-0.00343631)
(0.00117552,0.00139791)
(-0.00355451,0.00104518)
(0.00233059,0.00247867)
(-0.000314453,0.00390667)
(-0.000693623,0.00422656)
(-0.000434169,-0.00369792)
(0.005106,-0.00890704)
(0.00375138,-0.0122327)
(0.0203095,-0.00757734)
(0.00125022,-0.0141861)
(0.0187578,-0.0131211)
(0.00608874,-0.0172749)
(0.0174072,-0.0110115)
(0.00349462,-0.0214302)
(0.011652,-0.0105415)
(0.00375307,-0.0241445)
(0.00322771,-0.0150112)
(-0.000691583,-0.0152059)
(0.00461839,-0.0111768)
(-0.00762776,-0.0116339)
(0.000803636,-0.0078447)
(-0.00712014,0.000661416)
(0.00373228,0.00568519)
(-0.00459105,0.00768146)
(-0.00129387,0.00441118)
(0.00758295,-0.010116)
(0.00912611,-0.00416849)
(0.00586985,-0.0153747)
(0.0165172,-0.00675978)
(0.00554515,-0.0114699)
(0.0170344,-0.0197676)
(0.00318412,-0.0193795)
(0.0236146,-0.0168599)
(0.00201963,-0.0300387)
(0.0191413,-0.0192703)
(-0.00608735,-0.0301915)
(0.0136327,-0.0211682)
(-0.00442016,-0.0223407)
(0.000931015,-0.0196143)
(-0.00794937,-0.0155534)
(0.00606811,-0.00991744)
(-0.0139481,-0.000113304)
(0.00113954,-0.00447916)
(-0.00600097,0.00863308)
(-0.00176695,0.000596924)
(0.00900619,-0.00371939)
(0.0110131,-0.00280364)
(0.00253241,-0.0132202)
(0.0218709,-0.00877857)
(0.00867911,-0.0176217)
(0.0357755,-0.00920165)
(0.0140599,-0.0192249)
(0.027065,-0.0223047)
(0.0146969,-0.0272226)
(0.0330884,-0.0238015)
(-0.00639775,-0.0226285)
(0.0117836,-0.0369762)
(-0.0138328,-0.0144675)
(0.00510904,-0.0230736)
(-0.0122577,-0.0143062)
(0.00386718,-0.00697141)
(-0.0120255,-0.00507262)
(0.00679609,-0.00175447)
(-0.0109019,0.00540128)
(0.00205561,0.00180787)
(0.0035991,-0.00235475)
(0.0157676,0.000117252)
(-0.00423206,-0.00664439)
(0.0315984,-0.0011084)
(0.00339783,-0.00660129)
(0.027023,-0.00591813)
(0.0122911,-0.0120045)
(0.0273792,0.00125917)
(0.0152437,-0.0163825)
(0.0268023,-0.00167068)
(-0.000594125,0.00210248)
(0.0111063,-0.0224251)
(-0.016053,-0.0120169)
(-0.00102462,-0.0256707)
(-0.0170003,-0.0167282)
(0.000220095,-0.00982834)
(-0.014644,-0.00687435)
(0.000341877,0.00393753)
(-0.0105315,-0.00332172)
(0.00173539,0.00346527)
(-0.0032833,0.000106991)
(0.00784327,0.00359792)
(-0.0100319,-0.0085571)
(0.0180456,0.000551064)
(-0.00617733,-0.0115185)
(0.024878,0.00354792)
(-0.00812015,-0.0153715)
(0.00640317,0.0120948)
(-0.0174802,-0.0120596)
(-0.0160907,0.0211598)
(-0.0201239,-0.0083134)
(-0.0406123,-2.0239e-05)
(-0.00739542,-0.015219)
(-0.02536,-0.0233815)
(-0.00876762,-0.01406)
(-0.0119472,-0.0163712)
(-0.0112116,-0.00892414)
(-0.00930328,0.000412188)
(-0.00729531,0.00123032)
(-0.00577084,0.00351107)
(-0.00134726,0.00480437)
(0.00570927,0.00182883)
(-0.0095288,0.00263295)
(0.0161651,0.00472442)
(-0.0128396,0.000815586)
(0.0126967,0.00687851)
(-0.0173453,0.000613939)
(-0.00039069,0.00289864)
(-0.0304152,-0.00323722)
(-0.0191848,-0.00386116)
(-0.025606,-0.00940408)
(-0.0264683,-0.00765396)
(-0.0144979,-0.0110071)
(-0.0216969,-0.0131945)
(-0.00908419,-0.0171858)
(-0.0213905,-0.00495175)
(-0.00928191,-0.00366174)
(-0.0139487,-0.00267981)
(-0.00760933,-0.000917855)
(-0.00836508,-0.000296047)
(-0.00543861,0.00752108)
(0.00167483,0.00275008)
(-0.00420698,0.00531773)
(0.0113672,0.0089807)
(-0.0150364,0.00474598)
(0.0130841,0.00688936)
(-0.0229743,0.00588857)
(0.00224281,-0.000154675)
(-0.0271841,0.0052274)
(-0.0143592,-0.00920748)
(-0.0269243,-0.000653835)
(-0.0145837,-0.005047)
(-0.0214075,-0.00883454)
(-0.0220535,-0.00226439)
(-0.0113904,-0.00510163)
(-0.0189742,-0.00250325)
(-0.00486822,-0.0062736)
(-0.0147374,-0.000217489)
(-0.00580094,0.00308656)
(-0.0068581,0.00306796)
(-0.00515411,0.00366151)
(0.00312092,0.00346341)
(-0.0101138,0.00512193)
(0.00395366,0.00524412)
(-0.014523,0.00269184)
(0.0065638,0.00852327)
(-0.0182187,0.00361285)
(-0.00279536,-0.00390405)
(-0.0167439,0.00642853)
(-0.00479862,-0.00467807)
(-0.016892,0.00110132)
(-0.00771477,-0.00133893)
(-0.0140064,0.000613039)
(-0.0070165,0.00141409)
(-0.0117132,0.000437495)
(-0.0116441,0.000872099)
(-0.00920756,0.0066354)
(-0.0118703,0.00279587)
(-0.00533122,0.0100053)
(-0.00190652,-0.00160202)
(-0.00446284,-0.00485238)
(0.0020346,0.00350304)
(-0.00788819,0.00167435)
(0.00247388,0.0089874)
(-0.0119255,0.000539225)
(-0.000307908,0.00834159)
(-0.00945866,0.000832374)
(0.00263631,0.00318629)
(-0.00625039,0.00619576)
(-0.00611428,-0.00303012)
(-0.00656889,0.000803198)
(0.000603489,-0.00203731)
(-0.0103004,-0.000825975)
(0.00165899,0.00129354)
(-0.00956295,0.00563235)
(-0.00246121,0.00109876)
(-0.00916458,0.00751977)
(-0.00556122,-0.00336971)
(-0.00622956,0.00771658)
(0.00118393,0.000475902)
(-0.00370857,0.00241506)
(0.0047211,0.00405856)
(0.00407197,-0.00504437)
(0.0137419,0.00432866)
(0.0103641,-0.00817905)
(0.00856867,0.00336722)
(0.00847487,-0.00646998)
(0.00382325,-0.000743609)
(0.00702471,-0.0074648)
(0.0017143,-0.00328483)
(0.00372462,-0.00688851)
(-0.00123257,-0.00927438)
(0.00290983,-0.00629952)
(0.00193857,-0.00361646)
(-0.00199948,-0.00754483)
(-0.00150924,-0.000830032)
(-0.0055289,0.00389893)
(0.00292193,0.00522014)
(-0.00160912,0.00267603)
(-0.00119304,0.00613165)
(0.00629431,-0.000446541)
(0.0125801,-0.000761146)
(0.00747303,-0.00531719)
(0.0167504,0.00168749)
(0.0160785,-0.0100267)
(0.013374,-0.00446701)
(0.0126071,-0.0150713)
(0.0128472,-0.00648792)
(0.0106208,-0.0177925)
(0.00585157,-0.00369252)
(0.00502965,-0.0167408)
(0.00756535,-0.0142642)
(0.0021436,-0.0200416)
(-0.00289004,-0.00775617)
(-0.00249426,-0.00876124)
(0.00302837,0.00302328)
(-0.0103702,-0.00300529)
(0.00103695,0.00230975)
(-0.00151523,0.00516372)
(-0.00106063,0.00546634)
(0.00868084,-0.00554797)
(0.0104017,0.00232948)
(0.0153575,-0.00909823)
(0.017149,-0.00195834)
(0.0169479,-0.0161817)
(0.020683,-0.00746397)
(0.0226734,-0.0300225)
(0.0224023,-0.0159185)
(0.0159877,-0.0429033)
(0.028883,-0.0301782)
(0.00284641,-0.0324554)
(0.0210193,-0.0295612)
(-0.00749754,-0.0212072)
(0.0110529,-0.00587123)
(-0.00279573,-0.0145023)
(-0.00080381,0.00232655)
(-0.0133352,-0.00711673)
(0.00326978,0.00455207)
(-0.00706981,0.00462042)
(-0.0065321,-0.000159158)
(0.00992095,-0.0059271)
(0.015505,-0.00233216)
(0.00981609,-0.0119653)
(0.0288606,-0.00224702)
(0.0205812,-0.0191254)
(0.0316602,-0.0118425)
(0.0459865,-0.0488991)
(0.0394566,-0.0323681)
(0.0644454,-0.0605707)
(0.0688611,-0.0616885)
(0.00764076,-0.00753582)
(0.0540865,-0.08157)
(-0.0110188,-0.0104851)
(0.0143952,-0.0323336)
(-0.0126347,-0.00727545)
(-0.00308581,-0.00195412)
(-0.0177154,-0.00704337)
(-0.000953098,0.00747082)
(-0.0107018,-0.00332963)
(-0.000785969,0.00420655)
(0.00142812,-0.00456433)
(0.0178435,0.00061922)
(0.0033275,-0.00661043)
(0.0293579,-0.000685046)
(0.019464,-0.0200697)
(0.0357844,-0.00248232)
(0.0625835,-0.0528416)
(0.0697651,0.0140991)
(0.0888209,-0.00375602)
(0.11745,0.00623844)
(0.036057,0.0606092)
(0.0105914,-0.0623795)
(-0.00781563,0.00438778)
(-0.000512712,-0.0594026)
(-0.00883016,-0.0128664)
(-0.00920141,-0.0109062)
(-0.0230975,-0.00983935)
(-0.00272636,0.00782757)
(-0.015585,-0.00154834)
(-0.00389358,0.00529833)
(-0.00200421,-0.00265838)
(0.0127596,0.000550213)
(-0.0073357,-0.0019808)
(0.0254693,0.00791983)
(-0.000972019,-0.0115211)
(0.0250635,0.0165083)
(-0.0290858,-0.000687008)
(0.0295823,0.0422685)
(-0.0455327,0.0343703)
(-0.0274959,0.0960721)
(-0.0396397,0.0349787)
(-0.149079,0.0317373)
(0.00645592,-0.00888061)
(-0.0862888,-0.0452193)
(-0.00134765,-0.0148538)
(-0.0307353,-0.0243263)
(-0.0112209,-0.0119308)
(-0.014923,0.0010853)
(-0.0143104,-0.000927041)
(-0.00720591,0.00636489)
(-0.00642386,0.00594944)
(0.00833156,-0.00270817)
(-0.00844003,0.00181572)
(0.0136821,0.00564492)
(-0.0156053,0.00579768)
(0.0145446,0.00405776)
(-0.0322981,0.007866)
(0.00538332,0.012776)
(-0.0570425,0.0206353)
(-0.0307798,0.0277292)
(-0.0207457,-0.0156748)
(-0.0821227,0.0234087)
(-0.00308187,-0.0252554)
(-0.0531999,-0.0122536)
(-0.00974736,-0.0202111)
(-0.028515,-0.0132798)
(-0.0127739,-0.00294186)
(-0.0176953,-0.00359747)
(-0.00834417,0.00391452)
(-0.0113566,-0.000494627)
(-0.00478116,0.00789823)
(0.00429344,-0.0044484)
(-0.010501,0.0110424)
(0.0137248,0.00420083)
(-0.0210392,0.0132854)
(0.00618103,0.00151407)
(-0.0375875,0.020348)
(-0.00153407,-0.00408005)
(-0.0404685,0.0160245)
(-0.0153143,-0.00955717)
(-0.0294058,-0.00549996)
(-0.0203629,-0.00532582)
(-0.0228922,-0.0149657)
(-0.0262695,-0.00262989)
(-0.0152318,-0.00934869)
(-0.0227851,-0.00475445)
(-0.0123432,4.19698e-05)
(-0.02029,0.00226213)
(-0.00596988,-0.003155)
(-0.0068597,0.00417895)
(-0.00975193,0.000660402)
(0.00101126,-0.00386737)
(-0.0113727,0.00728683)
(0.00452077,-0.000916844)
(-0.0182339,0.00772048)
(0.0063264,0.0015574)
(-0.0294705,0.0108652)
(-0.00428918,-0.000887332)
(-0.0258723,0.0106207)
(-0.00828093,-0.00717988)
(-0.0224529,0.00183275)
(-0.00758497,-0.00293117)
(-0.0196532,-0.0046019)
(-0.00825905,0.00264707)
(-0.0142311,0.0018793)
(-0.0140814,0.00334403)
(-0.00981104,-5.75007e-05)
(-0.0111877,-0.00362201)
(-0.00139679,0.00828664)
(-0.00266667,-0.000933882)
(-0.00546988,-0.00225985)
(-0.000200123,0.000204644)
(-0.00668113,0.000906928)
(0.000621038,0.00384072)
(-0.0118628,0.000490528)
(0.00354403,5.04934e-05)
(-0.0115479,-0.000754039)
(0.0018119,-0.000478929)
(-0.0125613,0.00304185)
(-0.000637724,-0.00390231)
(-0.0106401,-0.00339852)
(-0.000686004,-0.00458615)
(-0.00705943,-0.00143904)
(-0.00292819,0.0027598)
(-0.0067563,3.47786e-05)
(-0.00421811,0.00403791)
(-0.010827,0.00042638)
(-0.00347168,0.00167338)
(-0.00139057,0.00591929)
(0.00096949,-0.00246498)
(0.00116917,-0.00197822)
(0.00520588,0.00407327)
(0.0114592,0.001331)
(0.0115607,0.00963333)
(0.014684,0.000469719)
(0.00906293,0.004299)
(0.00801147,0.00241923)
(0.00121855,-0.00150347)
(0.00873741,0.000854385)
(-0.00768354,0.000179829)
(0.0073619,0.000592104)
(-0.00716085,-0.00427488)
(0.00334102,-0.00126151)
(-0.00539647,-0.00133282)
(-0.00156933,-0.00138074)
(-0.00143224,4.43309e-05)
(-0.00256198,0.00258103)
(-0.000449716,0.005646)
(0.00132699,0.00514388)
(0.00115282,0.00664753)
(0.0071335,0.000937533)
(0.0103267,0.00831509)
(0.0194967,0.00123885)
(0.0138813,0.0110251)
(0.0195895,-0.00391502)
(0.00796971,0.0053327)
(0.0186819,-0.00546026)
(0.00206616,0.000876184)
(0.015023,-0.00379046)
(-0.00019414,-0.0078209)
(0.00938503,-0.00421602)
(0.00206102,-0.0106654)
(0.0045731,-0.00592201)
(-0.00039099,0.00170764)
(-0.00422983,-0.00628329)
(-0.00281574,0.000532025)
(-0.00787648,-0.00172958)
(-0.00377214,0.0072057)
(0.000904157,0.00285639)
(-0.00195481,0.00718929)
(0.0110724,-0.00108269)
(0.0132261,0.00641766)
(0.0207591,-0.00299055)
(0.0149775,0.00605586)
(0.0280511,-0.014232)
(0.00606705,0.00235112)
(0.0338131,-0.0250066)
(0.00262669,-0.0156388)
(0.029375,-0.0205671)
(0.0104971,-0.0258674)
(-0.00699581,-0.00505989)
(0.0212249,-0.0295219)
(-0.00732419,-0.00531047)
(0.0147106,-0.00350302)
(-0.00686479,-0.00586148)
(-0.00133926,0.0103015)
(-0.00561985,-0.0109578)
(-0.00282475,0.00404244)
(-0.00127797,-0.00130828)
(-0.00774896,0.00683362)
(0.00677904,-0.00399899)
(0.0123854,0.00275002)
(0.0142945,-0.00917513)
(0.0185873,0.00163369)
(0.0263894,-0.0308696)
(0.0110904,-0.00672291)
(0.068267,-0.0718569)
(0.0188777,-0.0239697)
(0.0745119,-0.110773)
(0.0431664,-0.0854416)
(-0.0455534,0.00129492)
(0.0550328,-0.116685)
(-0.0318587,0.0146199)
(0.0479583,-0.0352843)
(-0.0104626,-0.00600425)
(0.0118603,0.00440168)
(-0.0105941,-0.00613201)
(-0.00613508,0.0133481)
(-0.00704697,-0.00406344)
(-0.00748357,0.00842075)
(0.00411935,-0.00182016)
(0.0177826,0.00548097)
(0.00151698,-0.0114097)
(0.0226033,0.0039238)
(0.013005,-0.0352185)
(0.0234348,0.0128605)
(0.0843766,-0.121233)
(0.0477312,0.0366651)
(-0.047372,0.0458442)
(-0.0444605,0.013784)
(0.00851856,-0.0173069)
(-0.0260788,0.0495151)
(-0.0141128,0.0158439)
(0.0297881,-0.0659284)
(-0.0105895,-0.00125547)
(0.0102132,-0.0155883)
(-0.0114329,-0.00730646)
(-0.00770616,0.0152695)
(-0.0106495,-0.000653336)
(-0.00876176,0.0129055)
(-0.00763842,0.00285293)
(0.0115332,0.00931203)
(-0.00692104,0.00128713)
(0.0190427,0.0111518)
(-0.0191789,0.00586936)
(0.0333118,0.0206694)
(-0.0666365,0.0224653)
(0.0514398,0.0531979)
(0.0386879,-0.0265125)
(-0.00683912,-0.036926)
(-0.0189224,0.0101941)
(0.0705429,0.00569403)
(0.0738952,-0.0202621)
(-0.0820812,-0.0952137)
(0.0148327,-0.00792186)
(-0.0306651,-0.0278129)
(-0.00748586,-0.0035826)
(-0.0187299,0.00375973)
(-0.00901418,0.00366402)
(-0.010311,0.0103388)
(-0.00153067,0.00526886)
(0.00813571,0.00149948)
(-0.0128536,0.00798343)
(0.00944937,-0.00187145)
(-0.0193049,0.0181167)
(0.011387,-0.00130533)
(-0.0588356,0.0670869)
(0.0275713,0.00361724)
(-0.0363874,0.0602301)
(0.0174472,0.000261704)
(0.0458582,-0.0689829)
(-0.0931587,0.0430071)
(0.0299294,-0.0474393)
(-0.0764439,-0.0131726)
(-0.00215017,-0.018604)
(-0.0377116,-0.000836478)
(-0.00925496,-0.00564907)
(-0.0204452,0.00429962)
(-0.0105048,0.00300537)
(-0.0136002,0.00424897)
(-0.00876633,0.0100609)
(0.00305164,-0.00363951)
(-0.0115002,0.013435)
(0.00754327,-0.00298847)
(-0.0283622,0.0188684)
(0.00679214,-0.000258948)
(-0.0342818,0.0352674)
(0.0020619,-0.00530061)
(-0.0316004,0.0346332)
(-0.000274215,-0.00605937)
(-0.00224453,-0.0157825)
(-0.0233062,0.0138631)
(-0.00972974,-0.0212458)
(-0.028468,0.0083173)
(-0.0135795,-0.0144811)
(-0.0260906,-0.00175061)
(-0.0102039,-0.00174581)
(-0.0186187,-0.00134964)
(-0.00616743,0.00192047)
(-0.0120609,0.00341542)
(-0.0074575,0.00176434)
(0.002348,-0.00606257)
(-0.0132188,0.0116525)
(0.00534936,-0.0065821)
(-0.0266605,0.0129639)
(0.00713105,0.000280774)
(-0.0295388,0.0158252)
(0.000497017,-0.00309303)
(-0.0217537,0.0172538)
(-0.000263639,-0.00711801)
(-0.0156839,-0.00283879)
(0.00128662,0.000962866)
(-0.0172401,-0.00855157)
(-0.0087922,0.00433524)
(-0.0143412,-0.00544602)
(-0.0127402,-0.00246773)
(-0.0127353,-0.000187804)
(-0.013321,0.000911827)
(-0.00300733,0.00188834)
(-0.0044228,4.27634e-05)
(-0.00284221,0.0012784)
(0.000941048,-0.000271441)
(-0.00837841,0.00232172)
(0.00109916,-0.00189969)
(-0.0107507,0.00366542)
(0.000711585,-0.00299884)
(-0.0150638,0.00544099)
(0.00225935,-0.00256452)
(-0.0126573,0.00291341)
(-0.00172546,-0.00476411)
(-0.0081461,-0.00394907)
(0.00327542,-0.00277228)
(-0.00895169,-0.00344408)
(0.000532717,0.00284707)
(-0.0110942,-0.00678621)
(-0.00317104,0.00103765)
(-0.0100552,-0.00554189)
(-0.00528293,-0.00105334)
(-0.00492596,-0.000301754)
(0.0024532,-0.000349544)
(0.00338354,-0.00398721)
(0.00326538,-0.00108888)
(0.00991338,0.0025811)
(0.0119884,0.0039035)
(0.0117559,-0.00143922)
(0.00446288,0.00209688)
(0.0067378,0.00493527)
(-0.00381382,0.000354224)
(0.00702382,0.0088887)
(-0.00949255,-0.000625742)
(0.00533072,0.001049)
(-0.00931807,0.000101097)
(0.00202294,0.000895963)
(-0.00330499,0.00559091)
(-0.000907806,0.00167729)
(-0.00505553,0.00504673)
(-0.000442263,0.00552289)
(-4.09624e-05,0.00715941)
(0.00507401,0.00600376)
(0.00176786,0.0019068)
(0.0134063,-0.00425681)
(0.00745886,0.0064881)
(0.019212,-0.00244897)
(0.00909116,0.00718427)
(0.0201419,-0.00153397)
(0.000308493,0.00501336)
(0.0203621,0.00964247)
(-0.00611924,0.000127091)
(0.0109474,0.0109739)
(-0.00789883,0.00397399)
(0.00489631,0.0120765)
(-0.00186678,0.0065518)
(-0.00369879,0.00466544)
(-0.00312071,0.00432629)
(-0.00712818,0.00170834)
(0.000877458,0.00492872)
(0.00239573,0.00335622)
(-0.00541993,0.00465234)
(0.00514923,0.00456415)
(-0.00482753,0.00406367)
(0.0139563,-0.0050225)
(0.0113727,0.00663291)
(0.021405,-0.00122739)
(0.00419751,0.007434)
(0.0313705,0.00329157)
(-0.00281686,0.00471397)
(0.0289277,-0.00229143)
(-0.0159971,0.00764205)
(0.0164877,0.00395715)
(-0.017741,0.0293952)
(-0.0226503,0.039984)
(-0.00489773,0.0340719)
(-0.021323,0.0172173)
(0.00872905,0.022987)
(-0.0101069,0.00163082)
(0.00427883,0.0107117)
(-0.00572571,-0.00152293)
(-0.00593854,0.00481928)
(0.00700836,0.000742693)
(-0.00662363,4.18313e-05)
(0.0124834,-0.00531828)
(0.0102509,0.00437978)
(0.0160382,-0.000686058)
(0.00254474,0.00193222)
(0.0320322,-0.011308)
(-0.0202893,0.00349475)
(0.05271,-0.032851)
(-0.0564641,0.012521)
(0.0354096,0.0022006)
(-0.0972933,0.0778867)
(-0.0945099,0.100907)
(-0.0317604,0.104465)
(-0.0608903,0.0476538)
(0.0234933,0.061083)
(-0.018938,0.0138878)
(0.012741,0.026064)
(-0.00588566,-0.00145037)
(0.00258312,0.0130441)
(0.000494379,-0.00169408)
(-0.00472902,0.00912606)
(-0.00215751,-0.00194255)
(0.00863956,0.0052814)
(0.00604247,6.96425e-05)
(0.00203874,0.00275251)
(0.0136947,-0.00497404)
(-0.0177348,-0.00508732)
(0.0563936,-0.0298999)
(-0.0931889,-0.000394949)
(-0.0293249,0.0013293)
(0.0593304,-0.00967184)
(0.0365902,-0.0267253)
(-0.00596532,-0.0601509)
(-0.0461712,0.030749)
(0.0815852,0.0897441)
(-0.0112535,0.000779155)
(0.0239313,0.028708)
(-0.0104186,-0.0017468)
(0.000757522,0.0180931)
(-0.00496592,0.00173724)
(-0.00242538,0.0156348)
(-0.00856586,-0.000693123)
(0.00444262,0.00410486)
(-0.00993817,0.0109996)
(-0.000808227,-0.000472233)
(-0.0130525,0.0268816)
(-0.00664587,-0.0111202)
(-0.0614205,0.109558)
(-0.0363064,-0.0476564)
(0.0237249,-0.0330937)
(-0.0154491,0.0551141)
(-0.0262447,0.0428556)
(-0.025626,-0.0206345)
(0.0603357,-0.0208468)
(0.0218277,0.0539031)
(0.00924283,-0.00525715)
(-0.000751553,0.0228924)
(-0.00166241,0.00217138)
(-0.00553633,0.0154367)
(-0.00588873,0.00418741)
(-0.0101806,0.0128126)
(-0.00734373,0.00256331)
(-0.000201581,0.0014431)
(-0.0139233,0.0140705)
(-0.00245789,-0.00689792)
(-0.0162239,0.0272055)
(0.00384972,-0.0165055)
(-0.0420599,0.076463)
(0.0232318,-0.0431736)
(0.013906,0.0592332)
(0.10053,-0.0550396)
(0.0924463,-0.0918572)
(0.0298977,0.0259842)
(0.03461,-0.0472555)
(-0.0177477,0.0238349)
(0.000482651,-0.0202191)
(-0.0152652,0.00434715)
(-0.0101788,-0.00266351)
(-0.00886567,0.00775698)
(-0.00936627,0.00432418)
(-0.00629824,0.0113247)
(-0.00378655,0.0101385)
(-0.00184524,-0.00334996)
(-0.0198423,0.0157154)
(-0.000890005,-0.00734086)
(-0.0259885,0.0274806)
(0.00149452,-0.010377)
(-0.0272206,0.0360227)
(0.0145282,-0.0198054)
(-0.0159305,0.0240326)
(0.028345,-0.0181105)
(0.00513248,-0.0169234)
(0.00424893,-0.00116685)
(-0.00850862,-0.0279345)
(-0.00763591,0.00946375)
(-0.0128068,-0.0169033)
(-0.0090819,0.00253808)
(-0.0123673,-0.0012691)
(-0.0102163,0.00511147)
(-0.00737404,0.00360946)
(-0.00840651,0.00813621)
(-0.00771842,0.00533895)
(0.00057064,-0.00494975)
(-0.0201627,0.0105244)
(0.000612251,-0.00881005)
(-0.0273372,0.0134904)
(0.000869504,-0.00288188)
(-0.0282913,0.0219807)
(0.00267059,-0.00511793)
(-0.0172049,0.0104129)
(0.0105006,-0.00168502)
(-0.00908493,-0.00451016)
(0.0052493,0.00798608)
(-0.0137081,-0.0166475)
(0.00256835,0.00591845)
(-0.0148847,-0.00946674)
(3.20344e-05,0.00416519)
(-0.0113977,-0.00410421)
(-0.00329552,0.00567887)
(-0.00604331,0.00234964)
(-0.000114473,0.00869742)
(-0.00105253,0.000225613)
(-0.00153846,-0.00422762)
(-0.00662535,0.00403883)
(-0.00164148,-0.00636845)
(-0.0179792,0.00638175)
(0.00170791,-0.00533834)
(-0.0177662,0.0037522)
(0.000174535,0.00121524)
(-0.0128995,0.00380086)
(0.00604267,-0.00102224)
(-0.00706359,-0.00678788)
(0.00579036,0.00298136)
(-0.0055952,-0.00706495)
(0.00682991,0.00321022)
(-0.0153616,-0.00759971)
(0.0018479,0.00347815)
(-0.0145734,-0.00363817)
(0.000146463,0.00645419)
(-0.00877842,-0.00254444)
(0.00332026,0.00155852)
(0.00358398,-0.000500473)
(0.00819899,-0.00100541)
(0.00811974,0.00388437)
(0.00542249,0.00690579)
(0.00926491,0.00373538)
(0.00590856,0.00332258)
(0.00745657,0.00455777)
(-0.00255849,0.00636366)
(0.00902762,0.00631635)
(-0.00657699,0.00559758)
(0.00908772,0.000409054)
(-0.00562597,0.00794842)
(0.00602359,0.00215596)
(-0.00860553,0.0116647)
(0.000358755,0.0052516)
(-0.00156215,0.0149158)
(0.00409762,0.00676386)
(0.00100601,0.00447619)
(0.00294561,0.00966067)
(0.00241336,0.00157396)
(0.0104459,-0.00301966)
(0.00512529,0.00701525)
(0.0191701,0.00348058)
(0.0075293,0.00852254)
(0.0152986,-0.00380435)
(-0.000833819,0.0110227)
(0.011874,0.00416127)
(-0.00456051,0.0107272)
(0.0082001,0.0126122)
(-0.00404974,0.00917105)
(0.0033056,0.0130282)
(-0.00650865,0.0108601)
(-0.000763334,0.0104443)
(-0.00762505,0.0174609)
(0.00071719,0.00476166)
(-0.00293322,0.0151218)
(-0.000799183,0.00390235)
(0.00306257,0.0109224)
(0.00747705,0.00472684)
(0.00354381,0.00482704)
(0.0164758,-0.00416321)
(0.00751992,0.0057027)
(0.021892,-0.00832102)
(0.00299731,0.00865226)
(0.0204121,-0.00319927)
(-0.00872012,0.0126875)
(0.0193965,0.0127784)
(-0.00819107,0.00833155)
(0.00673708,0.0214111)
(-0.0129601,0.0207953)
(-0.0107901,0.0238706)
(-0.00580357,0.0302831)
(-0.0186748,0.024802)
(-0.00637539,0.0202612)
(-0.00812321,0.0155531)
(0.000798476,0.0187856)
(0.00407256,0.00541966)
(0.00268928,0.00767715)
(0.00293386,0.00712266)
(-0.00185811,0.006433)
(0.0102317,-0.00799985)
(0.00653887,0.00103915)
(0.0165904,-0.00328424)
(-0.00248979,0.00644202)
(0.0266533,0.00622006)
(-0.0121777,0.00469823)
(0.0266846,0.00565702)
(-0.0372984,0.0127478)
(0.025476,0.0268602)
(-0.0603554,0.047485)
(-0.024521,0.0485903)
(-0.0283226,0.0939747)
(-0.0337553,0.0265994)
(-0.0117123,0.0508724)
(-0.013452,0.0188116)
(-0.00622124,0.0225209)
(-0.000263841,0.0129627)
(0.000995077,0.0175777)
(0.000513849,0.013007)
(0.00014849,0.00949659)
(0.00347048,0.0041566)
(0.00555357,0.00321091)
(0.00679399,0.00715691)
(0.00153816,-0.00291272)
(0.0118483,0.00768296)
(-0.0141348,-0.00257656)
(0.026992,0.0240268)
(-0.0531188,-0.0278251)
(0.0373359,0.0335575)
(-0.0802074,-0.024286)
(-0.013409,-0.00307683)
(-0.0255584,0.100984)
(-0.0294486,0.0053776)
(0.00891881,0.0786898)
(-0.0122044,0.00578416)
(-0.00263912,0.0297796)
(-0.0016628,0.00956559)
(0.000619528,0.0244393)
(-0.00134496,0.00912404)
(-0.00145899,0.0212388)
(-0.00732744,0.00562628)
(0.00043844,-0.00414396)
(-0.0118279,0.00842561)
(-0.00191265,-0.00816223)
(-0.0106249,0.0233659)
(-0.00266466,-0.0140187)
(-0.0273386,0.0470047)
(-0.0114173,-0.0702142)
(-0.02215,-0.000472872)
(0.0171318,-0.141393)
(-0.0252429,-0.0775831)
(0.0591476,0.0191527)
(-0.00379972,-0.0224147)
(0.0306378,0.0608609)
(-0.00207734,-0.00357422)
(-0.000923862,0.0240957)
(0.00159103,0.0115828)
(-0.00852922,0.0150425)
(0.00168859,0.00746168)
(-0.00480018,0.0116141)
(-0.0039343,0.00100844)
(-0.00349569,0.00109462)
(-0.0194459,0.00732024)
(-0.0101097,-0.0134104)
(-0.021767,0.0240492)
(0.00232488,-0.0209787)
(-0.0277519,0.0382034)
(0.0157385,-0.0383846)
(-0.0143315,0.00905459)
(0.050188,-0.0641233)
(0.0148706,-0.048065)
(0.0386998,-0.00488077)
(0.00502524,-0.02296)
(0.00985472,0.0182742)
(-0.00768973,-0.0129991)
(-0.00268639,0.0101324)
(-0.00179305,0.0131254)
(-0.0108583,0.0134097)
(-0.00374947,0.00730959)
(-0.0109955,0.00906223)
(-0.00476131,0.00549988)
(-0.00628575,-0.00289573)
(-0.0184186,0.00962853)
(-0.00406852,-0.0102496)
(-0.0280631,0.0171671)
(-0.00204857,-0.0091097)
(-0.025004,0.0250878)
(0.0185399,-0.0163381)
(-0.0196351,0.00814439)
(0.0246918,-0.0224694)
(-0.00279958,-0.0115249)
(0.0195117,0.00240087)
(-0.010623,-0.0204513)
(0.00668445,0.00388533)
(-0.0101844,-0.00857527)
(-0.00360703,0.01073)
(-0.00778465,0.00101611)
(-0.0101124,0.0159132)
(-0.00217015,0.00716532)
(-0.00572231,0.0109978)
(-0.00770841,-0.000287059)
(-0.00644884,-0.00355748)
(-0.0128598,0.00591082)
(0.00058658,-0.010573)
(-0.0223092,0.014109)
(0.0052861,-0.00462057)
(-0.0233842,0.0148928)
(0.00962819,-0.00804518)
(-0.0156838,0.0101165)
(0.019613,-0.00234993)
(-0.00757233,-0.00618985)
(0.0167108,0.00438356)
(-0.00572663,-0.0120788)
(0.00970143,0.00449572)
(-0.0126982,-0.00461752)
(-0.00364512,0.00838698)
(-0.014126,0.00307825)
(-0.000602592,0.0167851)
(-0.00834049,0.00294843)
(0.00196565,0.0081954)
(-0.00308264,-0.00286509)
(-0.00125198,-0.00521326)
(-0.00859908,-0.000273041)
(0.00130282,-0.00689239)
(-0.0157986,0.00408916)
(0.0046069,-0.00611001)
(-0.0169437,0.00794168)
(0.00777268,-0.00275943)
(-0.00994678,0.00487225)
(0.00948354,0.000124641)
(-0.00414139,-0.0019771)
(0.01235,0.00176274)
(-0.00454556,-0.00357529)
(0.00599985,0.000970756)
(-0.00962146,-0.00164237)
(0.000423062,0.0078112)
(-0.0150837,0.00522086)
(0.00329475,0.00662485)
(-0.00590707,0.000285441)
(0.00304837,0.00594519)
(-0.00018711,0.00311829)
(0.000499203,0.00502091)
(0.00835963,0.00576519)
(0.00445002,0.00353855)
(0.00613041,0.00189339)
(0.00136354,-0.000627569)
(0.00905486,0.00924396)
(-0.000610499,0.00124082)
(0.0107172,0.00908984)
(-0.00276448,0.00936279)
(0.00868751,-0.000505728)
(-0.00532349,0.0107218)
(0.00653836,0.00513565)
(-0.00370595,0.018173)
(-0.00229852,0.00589396)
(0.000868529,0.0102499)
(-0.00283667,0.00796124)
(0.0033685,0.00936682)
(0.00317146,0.00851128)
(0.00360196,0.00156515)
(0.00912988,-0.00151533)
(1.60282e-05,0.00459312)
(0.0100891,0.00103819)
(0.00253369,0.00727818)
(0.0139697,0.00741882)
(-4.13043e-05,0.00647724)
(0.00422933,0.0129074)
(-0.00321538,0.010189)
(0.00753949,0.0163383)
(0.000832123,0.00560649)
(0.00533615,0.0103203)
(-0.00295706,0.0141511)
(0.00151609,0.00627252)
(-0.00756778,0.0198268)
(-0.00292401,0.00605423)
(-0.000706292,0.0218476)
(0.00120734,0.00816765)
(0.00395492,0.014317)
(-0.000171746,0.00898955)
(0.00401883,0.00620846)
(0.0115226,-0.00579008)
(0.00608675,0.000699746)
(0.0190874,0.00452065)
(-0.00390537,0.00347773)
(0.0203909,0.00171645)
(-0.00592184,0.00436155)
(0.00712977,0.0151865)
(-0.000813792,0.0043494)
(0.000794353,0.0187862)
(-0.00570694,0.0082355)
(-0.00484293,0.0198925)
(0.00158173,0.0191782)
(-0.0143273,0.0137413)
(-0.00522892,0.020594)
(-0.00499506,0.0126703)
(-0.0020263,0.0169243)
(-0.00289536,0.00889439)
(-0.000595178,0.00929404)
(0.00378761,0.00993433)
(0.00123462,0.00439026)
(0.00451119,0.00175909)
(0.00343323,-0.00570039)
(0.0154417,-0.0026184)
(-0.00261184,-0.00333453)
(0.0174176,0.00392812)
(-0.0042736,0.00249535)
(0.0172528,0.0166854)
(-0.00907226,-0.00223004)
(0.00206474,0.0179081)
(-0.0155882,0.0173275)
(-0.0106035,0.0166637)
(-0.0121657,0.0339711)
(-0.0171088,0.0209304)
(-0.0139081,0.0302933)
(-0.00420599,0.0175923)
(-0.00649501,0.0305675)
(0.00112636,0.012164)
(0.00691126,0.0149622)
(-0.00152288,0.00823381)
(0.000701384,0.00633083)
(-0.000789617,0.00458362)
(-0.000269599,-0.00103105)
(-0.000996556,0.00310401)
(-0.00478485,-0.00885831)
(0.0128649,0.00780255)
(-0.00115483,-0.0042512)
(0.0100036,0.0189929)
(-0.00532845,-0.0025854)
(0.0124307,0.0143641)
(-0.0207967,0.000509504)
(0.00361507,0.00436831)
(-0.0102212,0.03812)
(-0.0121567,0.00601769)
(-0.0167365,0.0344)
(-0.00213016,0.0126884)
(-0.0106949,0.0268941)
(0.00482208,0.0132317)
(-0.00112373,0.0234731)
(-0.0029661,0.0121378)
(0.00721778,0.0175048)
(-0.00502978,0.00125136)
(-0.00637183,-0.0017829)
(-0.00838049,0.00458036)
(-0.0099485,-0.0124659)
(-0.00915744,0.0138745)
(-0.00191079,-0.0160249)
(-0.0145274,0.0240294)
(0.00490838,-0.0186497)
(-0.0129056,0.0115729)
(0.00913802,-0.0339955)
(-0.00672469,-0.0144829)
(0.0136888,0.0142989)
(-0.00160288,-0.00543298)
(-0.00621941,0.0243378)
(0.00752297,0.00723301)
(-0.00781655,0.0180943)
(0.00704045,0.0153068)
(0.00113346,0.0241756)
(0.00316146,0.0128704)
(-0.000902336,0.0101868)
(-0.00281805,-0.00177748)
(-0.00418886,-0.00471993)
(-0.0116593,0.00248716)
(-0.0056822,-0.0161911)
(-0.012246,0.0117087)
(-0.00517621,-0.017972)
(-0.0220921,0.0257369)
(0.0126453,-0.0236021)
(-0.0205425,0.00664508)
(0.016018,-0.0246811)
(-0.00225915,-0.00451201)
(0.0171433,0.00703461)
(-0.0027924,-0.00465671)
(0.000609441,0.00620693)
(0.00623618,0.00502751)
(-0.00131901,0.0152747)
(0.0064678,0.0135055)
(-0.0056203,0.0189259)
(0.00280574,0.0136251)
(-0.00144664,0.0133742)
(-0.00154308,7.40232e-05)
(-0.00737105,-0.00492012)
(-0.00691157,0.00614827)
(-0.00508546,-0.0161508)
(-0.0160714,0.0123824)
(-0.00468224,-0.0156088)
(-0.0182959,0.0114058)
(0.00504524,-0.017996)
(-0.0212299,0.00899875)
(0.0214518,-0.00617983)
(-0.00799243,-0.00305401)
(0.0121842,-0.000660774)
(-0.00513847,-0.0103185)
(0.00666609,0.00424929)
(-0.00243795,-0.00487924)
(-0.00655263,0.0152101)
(-0.000517473,0.00484805)
(-0.0075921,0.0185467)
(-0.00055281,0.00383552)
(-0.00280036,0.00909918)
(0.000242887,-0.00605993)
(-0.00530618,-0.00521016)
(-0.00800114,0.000717244)
(-0.000335046,-0.0134248)
(-0.0160037,0.00990798)
(0.00447812,-0.0100164)
(-0.0153426,0.00734334)
(0.00778474,-0.0110287)
(-0.0193335,0.00478327)
(0.0114638,-0.00642223)
(-0.00409945,0.002971)
(0.012994,0.00454736)
(-0.00453693,-0.000835398)
(0.00663734,0.00432531)
(-0.0070447,0.00194421)
(0.000142388,0.0155527)
(-0.00656157,0.00248624)
(-0.000462729,0.010188)
(-0.00625531,0.0104009)
(0.00315172,0.00963442)
(-0.000653579,-0.00355918)
(-0.00115468,-0.00176228)
(-0.00633678,-0.00262027)
(0.000186709,-0.00596013)
(-0.0115019,0.00615466)
(0.00682413,-0.00868921)
(-0.0148283,0.00521306)
(0.0074333,-0.00636838)
(-0.0116276,0.00625624)
(0.00810915,-0.00280865)
(-0.00164455,0.00277502)
(0.00537433,-0.00168354)
(-0.00212013,-0.000811509)
(0.000681831,-0.00120577)
(-0.00863899,-0.00340231)
(-0.000108373,0.00753673)
(-0.0111738,0.0036783)
(0.00274462,0.00446655)
(-0.00851243,0.00477944)
(0.00610541,0.00511909)
(0.00642099,0.00561211)
(-0.00176419,0.00102417)
(0.00687088,0.00538465)
(-0.00275376,0.00430958)
(0.00318266,0.0049931)
(0.00109757,0.00042999)
(0.00559667,0.00518329)
(-0.00212194,0.0061329)
(0.00760499,0.00375645)
(-0.0013733,0.0086941)
(0.0108924,0.00158991)
(0.0063564,0.0122798)
(0.00578022,0.00226052)
(0.000251649,0.0140538)
(0.00312,0.000366841)
(0.0044452,0.0092086)
(0.0010969,0.00530805)
(0.00652197,0.00612636)
(-0.000827914,0.00485906)
(0.00111622,-0.00214349)
(0.00729683,0.00142385)
(-0.000590881,0.00177144)
(0.0106238,0.000964402)
(-0.00277083,0.00665818)
(0.00738472,0.0092414)
(-0.00358987,0.00639554)
(0.0113282,0.0125753)
(-0.00476975,0.00225991)
(0.00650962,0.0124017)
(0.00255416,0.0141812)
(0.00924478,0.00653443)
(0.00334978,0.0134965)
(0.00339568,0.00490419)
(0.00213634,0.0173539)
(0.000233857,0.000983627)
(0.0035289,0.019496)
(-0.00463427,0.00501175)
(0.00465432,0.00966847)
(0.00145769,0.00513777)
(0.00464699,0.000563319)
(0.00537912,-0.00215945)
(-0.00329498,-0.0024711)
(0.0123931,-0.00116678)
(-0.00202562,0.00860016)
(0.0125693,0.0140119)
(-0.00631246,0.000655843)
(0.00700053,0.0165329)
(-0.00324044,0.00450191)
(0.00132476,0.0162699)
(-0.000559171,0.00517331)
(-0.00142121,0.0083768)
(0.00223974,0.0119854)
(-0.00493609,0.00941078)
(-0.000219515,0.0118583)
(-0.00296333,0.00536329)
(-0.00102355,0.0163514)
(0.00392772,0.00193174)
(0.00178763,0.00795772)
(-0.00165393,0.0017368)
(0.00240143,0.00500861)
(-0.000332313,0.000713418)
(0.00307517,-0.00112608)
(0.00367688,6.23912e-05)
(-0.00622638,-0.00125362)
(0.0114775,0.0065022)
(-0.0028604,-0.00296654)
(0.00677107,0.0126062)
(-0.000980276,-0.00414052)
(0.0023361,0.0134044)
(-0.0031601,0.000584018)
(0.00112824,0.0138614)
(8.39483e-05,0.0111881)
(-6.88705e-05,0.012093)
(-0.00394289,0.0140392)
(0.00188195,0.0121806)
(0.00195287,0.0146542)
(0.00282949,0.00457475)
(-0.00010487,0.00776341)
(-4.6018e-05,0.00565449)
(0.00221601,0.00410396)
(-0.00512849,0.0014389)
(-0.00156895,-0.0022664)
(-0.0014035,-0.00465624)
(-0.00652799,-0.00373446)
(-0.00149658,0.00145761)
(-0.00779383,-0.00780325)
(0.00613164,0.0128995)
(0.00306942,-0.00770801)
(0.00551747,0.0134309)
(-0.000677966,-0.00300099)
(0.00583302,0.010687)
(-0.0025048,0.00759711)
(0.00781751,0.00738241)
(-0.00870414,0.013882)
(0.0130027,0.0121374)
(-0.00196361,0.0160249)
(0.00672827,0.0119353)
(0.00360139,0.0125292)
(0.00404076,0.00757502)
(0.00623389,0.00860514)
(-0.0056165,0.00666846)
(-0.00328872,-0.0018455)
(-0.0087063,9.88466e-05)
(-0.00790998,-0.0103681)
(-0.00551742,0.0013922)
(-0.00139245,-0.013347)
(-0.00718769,0.0143042)
(0.000117038,-0.0183214)
(-0.00554478,0.00691526)
(0.00242019,-0.016375)
(0.0013641,0.00462142)
(-0.00113161,0.00038847)
(0.00767288,0.00779751)
(-0.0102754,0.00211777)
(0.0145382,0.0109941)
(-0.00111915,0.0124096)
(0.0122694,0.0105342)
(-0.000379165,0.0159736)
(0.00376805,0.00982057)
(-0.000233666,0.00477142)
(-0.00100495,-0.000697311)
(0.00237739,-0.00530054)
(-0.00835591,0.000821106)
(-0.00395987,-0.0176134)
(-0.0121552,0.00623878)
(-0.0122837,-0.0202842)
(-0.0082884,0.0110752)
(0.00239905,-0.0199708)
(-0.0152335,0.00397918)
(0.00819157,-0.0142793)
(-0.00507969,0.00314193)
(0.00658776,-0.000860628)
(-0.00151607,0.00162062)
(-0.00130777,-0.0012076)
(0.00991043,0.0138636)
(-0.00252819,0.0143042)
(0.00629461,0.0150271)
(0.000763393,0.0187252)
(0.00304255,0.011097)
(-0.00230604,0.0113726)
(-0.000609184,0.00117829)
(-0.000328266,-0.00628788)
(-0.00284164,0.000646128)
(-0.00157711,-0.0203416)
(-0.0120905,0.00737266)
(-0.00222541,-0.0200558)
(-0.013361,0.00571051)
(-0.00042012,-0.0177425)
(-0.0155639,0.00297947)
(0.00848386,-0.0136266)
(-0.0113238,0.00473057)
(0.00926617,-0.00261831)
(-0.00330808,0.00283068)
(0.000740094,0.00243101)
(0.00153441,0.0068065)
(-0.00391541,0.0130252)
(0.00269416,0.00536589)
(-0.00593546,0.0183852)
(0.00227811,0.0081108)
(0.000506186,0.0105765)
(0.00159034,0.00179867)
(0.000788612,-0.00849143)
(-0.000922201,0.00230827)
(-0.000547169,-0.00897878)
(-0.00856176,0.00746799)
(0.00388095,-0.013889)
(-0.0124526,0.00482402)
(0.00932292,-0.00945273)
(-0.0137562,0.00882739)
(0.00977439,-0.0062742)
(-0.00795804,0.00351279)
(0.0089048,0.00591744)
(-0.0032212,0.00566049)
(0.00636606,0.00442662)
(4.15302e-05,0.00326787)
(-0.00288939,0.0117939)
(-0.00172564,0.00640393)
(0.00343476,0.0111553)
(0.00153435,0.00450046)
(0.00628797,0.0112036)
(0.00240319,0.000698392)
(-0.00188693,-0.00318787)
(0.000924927,-2.00649e-05)
(-0.00306621,-0.00795468)
(-0.00515269,0.00447887)
(0.002173,-0.0063284)
(-0.0070352,0.00401879)
(0.00597541,-0.00657187)
(-0.0053336,0.00593011)
(0.00495061,-0.00567004)
(-0.00197372,0.00134861)
(0.00660034,-0.00688878)
(0.00185296,-0.00042119)
(0.00133775,-0.00121801)
(-0.000501107,-0.000765938)
(-0.00202092,0.00311233)
(-0.000786243,0.00307702)
(0.002189,0.00729429)
(0.00207647,0.00421072)
(0.00407272,0.00152682)
(0.00190166,0.00457085)
(-0.00423508,0.00114248)
(0.00149697,0.0046631)
(-0.00537976,-0.000674488)
(0.00592972,0.00548006)
(-0.00427186,0.00659754)
(0.00553935,0.00541417)
(-0.00479606,0.00940485)
(0.00504679,-0.00121966)
(0.00367592,0.00904379)
(0.00448505,-0.000653348)
(0.00366884,0.00852131)
(0.0060371,-0.00318033)
(0.000830072,0.00805325)
(0.00591781,0.000270951)
(0.00636455,0.00182239)
(-0.0025075,0.00130802)
(0.00159974,-0.000497146)
(-0.00112234,0.00177631)
(0.00306743,0.00090306)
(0.0054371,0.00519889)
(-0.00427688,-0.00190825)
(0.00686455,0.00623748)
(-0.00320275,0.00502188)
(0.00743745,0.00903385)
(-0.00228168,0.00359628)
(0.00188689,0.00599415)
(-0.00729209,0.00663829)
(0.00660999,0.00775997)
(0.000281313,0.0100345)
(0.00766574,0.00289155)
(0.00636476,0.0122432)
(0.00259311,0.00286581)
(0.00209165,0.0115781)
(0.00145848,-0.00355337)
(0.00116916,0.01105)
(0.00139508,-0.00303601)
(0.00376328,0.00321782)
(-0.000895542,0.000501626)
(0.00375339,0.000824307)
(0.00365372,0.00516022)
(0.00139531,-3.93389e-05)
(0.00747738,0.00306181)
(-0.00176282,0.00255762)
(0.00905095,0.010982)
(-0.00334089,0.00213416)
(0.00373274,0.0112602)
(-0.00110528,0.0024268)
(0.000644047,0.00436961)
(0.00538635,0.00680647)
(0.00393827,3.73128e-05)
(0.00358774,0.00249708)
(-0.00338316,-0.000907147)
(0.00338224,0.00817187)
(0.000767615,-0.000341233)
(0.000620185,0.0123486)
(-0.00169362,-0.00435999)
(0.00278525,0.0040908)
(0.0034643,-0.00317183)
(0.00390152,0.0036983)
(0.00119972,0.0031056)
(0.0018814,-0.00174041)
(0.00360394,-0.000804916)
(-0.000246055,0.00536577)
(0.0015558,0.00700196)
(-0.00388162,0.000234883)
(0.00731408,0.00524594)
(-0.000465154,-0.00167473)
(0.00130537,0.004699)
(0.00172946,0.00207219)
(-0.000218192,0.00336443)
(0.005319,0.000873901)
(0.00239989,0.000901931)
(-0.00222984,0.00639739)
(-0.00134365,-0.0011916)
(-0.00283516,0.0115993)
(-0.00175999,-0.00217648)
(0.0041098,0.00799876)
(0.00136929,0.00346372)
(0.00305253,0.00475908)
(-0.00158112,0.00524022)
(0.000243848,-0.00466842)
(-0.000830525,0.0025813)
(0.000643055,-0.00278471)
(0.00273071,0.00156768)
(-0.00165684,-0.00418752)
(0.00253819,0.00686062)
(-0.000359217,-0.00865735)
(0.00365231,0.00893984)
(0.00386238,-0.00389368)
(0.00459736,0.00693449)
(0.000208407,6.75148e-05)
(0.00657956,0.00651215)
(-0.00145036,0.00550911)
(0.00682493,0.00261306)
(0.00104922,0.00953129)
(0.00582441,-0.000935088)
(-0.000866135,0.00779814)
(0.00197638,0.00214421)
(0.00239106,0.0058374)
(-0.00772848,0.00559982)
(0.000326595,0.00206545)
(-0.00189922,0.0021977)
(-7.4466e-05,-0.00475817)
(-0.00362754,-0.000447294)
(-0.00550845,-0.00862439)
(0.00228627,0.00740477)
(-0.00149529,-0.012854)
(-0.00403121,0.00421055)
(-0.000355652,-0.00846634)
(0.00356451,0.00414002)
(0.00149236,-0.00587606)
(0.00473333,0.0069565)
(-0.000729157,0.00304183)
(0.0105172,0.00884649)
(-0.00308559,0.0120374)
(0.00608588,0.00377169)
(0.000497139,0.0135077)
(0.0051236,0.00561432)
(-0.00181952,0.00669931)
(-0.00631468,0.00758088)
(0.00185118,-0.00284086)
(-0.00195871,0.0043315)
(-0.00322838,-0.00826651)
(-0.00382505,0.00828331)
(-0.0078665,-0.0103777)
(-0.0087877,0.00449936)
(-0.00594045,-0.0101021)
(-0.00744396,0.00480937)
(0.00226769,-0.0101762)
(-0.00530368,0.00310835)
(0.0039814,-0.0043087)
(0.00511318,0.0103044)
(-0.00151365,0.00476688)
(0.00981731,0.00759046)
(-0.00408623,0.0115902)
(0.00852362,0.00814338)
(-0.000620629,0.0151539)
(0.00697076,0.0066327)
(0.00294653,0.00926036)
(-0.000857097,0.00125381)
(0.00107155,-0.00427253)
(0.00162601,0.00495107)
(-0.000473746,-0.011179)
(-0.00275705,0.00967946)
(-0.00362246,-0.00722303)
(-0.00985995,0.000554805)
(0.00135968,-0.00660473)
(-0.00921789,0.00567743)
(0.00467336,-0.00565351)
(-0.00766759,0.00516589)
(0.00437966,-0.00384796)
(-0.00361815,0.00616284)
(0.00711647,-0.000662333)
(0.00730657,0.00651588)
(-0.00316271,0.0108578)
(0.00866362,0.00793279)
(-0.00261555,0.0114947)
(0.00804142,0.00929475)
(-0.000935678,0.00438281)
(0.000350124,0.000866476)
(0.00206322,-0.00437879)
(0.000985842,0.00548887)
(-0.00340673,-0.00669967)
(-0.00209647,0.00886587)
(-0.00111355,-0.00397908)
(-0.0080418,0.0068611)
(0.00469846,-0.0058765)
(-0.00881191,0.00159813)
(0.00726519,-0.00492358)
(-0.0118923,0.00761842)
(0.00803066,-0.000967919)
(-0.000209808,0.00428809)
(0.00613016,9.77698e-05)
(0.00114168,0.00652177)
(0.000862656,0.00567704)
(0.00545654,0.00214704)
(0.0028554,0.00979163)
(0.00704402,0.006377)
(0.00529395,3.52557e-05)
(-0.00366727,-0.00221198)
(0.000206303,-0.00623759)
(0.00147156,0.00102634)
(-0.00435179,-0.00228549)
(-0.00199322,0.00335554)
(-0.00406757,-0.00862628)
(-0.00313341,0.00494864)
(0.0041163,-0.00678511)
(-0.00317828,0.00163125)
(0.00344872,-0.00723204)
(0.00161505,0.00381318)
(6.7062e-05,-0.00688307)
(0.000711519,-0.000314412)
(-6.00726e-05,-0.00719518)
(0.0044411,-0.0023475)
(0.00223086,-0.00185468)
(0.00493608,0.00275447)
(0.00276204,-0.000964594)
(0.00271756,0.00140465)
(0.00290688,-0.000149018)
