(-0.00359382,-0.000174527)
(0.0028885,-0.00376249)
(-0.0069625,-0.00247746)
(-0.00744604,-0.00375434)
(-0.00478721,-0.00186249)
(-0.00930522,0.00248809)
(-0.00765944,-0.00143656)
(-0.0117736,0.00203082)
(-0.000425518,0.000808254)
(-0.00894298,0.00238018)
(-0.00527598,0.00249888)
(-0.00236689,0.0047914)
(-0.0106893,0.00224607)
(-0.00605315,0.0039942)
(-0.00912207,0.00552848)
(-0.00259774,0.00847219)
(-0.00287246,0.00450735)
(-0.00212747,0.00351552)
(-0.00518145,0.00126401)
(0.00113326,0.00510446)
(-0.00214352,-0.00149553)
(-0.0012345,0.000715808)
(-0.00907836,-0.00236776)
(-0.00359031,0.00097975)
(-0.0137197,0.000439748)
(-0.00365182,-0.000933648)
(-0.0131373,0.00806209)
(-0.00911577,0.00124684)
(-0.0162481,0.000404633)
(-0.014158,0.00475973)
(-0.0088901,0.00490166)
(-0.0113214,3.94807e-05)
(-0.0136991,0.00105336)
(-0.0111393,0.00928322)
(-0.0157837,0.00490605)
(-0.00695171,0.00793956)
(-0.0115708,2.34276e-05)
(-0.00093404,0.0114306)
(-0.00200336,0.00620418)
(3.41424e-05,0.00457408)
(-0.00483418,-8.34806e-05)
(-0.00428824,0.00209745)
(-0.0109055,-0.0039925)
(-0.0126727,-0.00104117)
(-0.0179901,0.00507731)
(-0.00772948,0.00387405)
(-0.0208444,0.00767167)
(-0.0116191,0.00520146)
(-0.0163825,0.00917138)
(-0.0141314,0.00387053)
(-0.0191745,0.0124006)
(-0.0111855,0.00816282)
(-0.0184649,0.00473723)
(-0.00646923,0.000733909)
(-0.0157823,0.00257148)
(-0.00262101,0.00951472)
(-0.00507825,0.00273864)
(-0.00139464,0.007198)
(-0.000896879,-0.000641683)
(0.0021829,0.0105358)
(-0.00543912,-0.00435876)
(-0.00467153,-0.00469138)
(-0.00729045,5.99489e-05)
(-0.0194167,-0.00277007)
(-0.0121418,0.000518506)
(-0.0153876,0.00161893)
(-0.0159775,0.00620344)
(-0.0100455,0.00643981)
(-0.017328,0.00996315)
(-0.0122512,0.00390718)
(-0.0246577,0.00650774)
(-0.00269097,0.0109575)
(-0.0206328,0.00229465)
(-0.0081584,0.00548165)
(-0.0114045,-0.00124335)
(-0.00553778,0.00236137)
(-0.00195919,-0.000187384)
(0.0049542,0.00273667)
(0.00710947,-0.000383888)
(0.00490356,0.0019079)
(-0.010938,-0.000309935)
(-0.00762486,-0.00255115)
(-0.0055288,-0.00110006)
(-0.0202283,-0.00484891)
(-0.0111555,0.00252218)
(-0.0196083,0.00768355)
(-0.0117437,0.00354538)
(-0.0147725,0.00811256)
(-0.0101983,0.00217822)
(-0.00692607,0.0157117)
(-0.0167717,0.00507211)
(-0.00267844,0.0116476)
(-0.0178005,0.0014914)
(-0.00310003,-8.8878e-05)
(-0.00959242,-0.00758199)
(-0.00396621,0.00215927)
(0.00278716,-0.00291901)
(0.00443583,-0.00258655)
(0.00302551,-0.00704393)
(0.000611665,-0.00135329)
(-0.0106685,0.000257345)
(-0.00325352,-0.00230953)
(-0.00866895,0.00764498)
(-0.0103171,-0.000992844)
(-0.00754334,0.00443836)
(-0.0142731,0.00582333)
(-0.00491638,-0.00213745)
(-0.00466346,0.00896413)
(-0.00381429,0.00237642)
(0.00150624,0.0124635)
(-0.00795098,0.00251916)
(0.00155511,0.00909772)
(-0.00715019,0.00269578)
(0.00197038,0.00231491)
(-0.00754397,-0.00707481)
(-0.00484202,0.0053478)
(-6.57648e-05,-0.00491929)
(0.0021204,0.00251452)
(0.00491053,-0.00103539)
(-0.00519486,0.00309223)
(-0.0103159,0.000772249)
(0.0023251,0.00153792)
(-0.00774443,0.0085445)
(-0.00150146,-0.00337641)
(-0.00634781,0.0053204)
(-0.000291749,6.11027e-06)
(0.000705039,0.00667419)
(-0.00398133,0.000744299)
(-0.000542178,0.00345813)
(0.00412458,0.00832906)
(-0.00964723,0.00600277)
(0.002517,0.00665921)
(-0.0105886,-6.11918e-05)
(-0.001632,-0.00102045)
(-0.00991651,-0.00280266)
(-0.000766803,0.0047543)
(-0.00536839,-0.00512525)
(-0.00188101,0.00406493)
(-0.00389501,-0.00523842)
(-0.00139015,0.00113482)
(-0.00871305,-0.00535843)
(0.00540253,-0.00308941)
(-0.00442335,8.54932e-05)
(0.00305893,-0.00595938)
(0.000176831,0.00976196)
(0.00212364,-0.0119524)
(0.0020519,0.00343709)
(0.00504661,-0.00370923)
(0.00194504,0.0140795)
(0.00607242,-0.0047078)
(-0.0014642,0.0115532)
(0.00560449,-0.00491201)
(-0.00852562,0.00601349)
(0.00258436,-0.00202983)
(-0.0153498,0.00076851)
(-0.00121176,0.000417079)
(-0.0103257,-0.00264621)
(-0.00234983,-6.75224e-05)
(-0.00537904,-0.00157529)
(-0.00277273,0.000159903)
(-0.00263742,1.95066e-05)
(0.00790902,-0.000720773)
(0.000450225,-0.00146187)
(0.00633462,-0.00913899)
(0.000921679,0.00518096)
(0.00626393,-0.0100768)
(-0.00156036,0.0140296)
(0.00863202,-0.00953661)
(-0.00120948,0.0106818)
(0.00671087,-0.00859554)
(-0.00348057,0.00721878)
(0.00274654,-0.0134557)
(-0.00627298,0.00763855)
(0.000817562,-0.0102211)
(-0.00921674,0.0060675)
(0.000421458,-0.00445497)
(-0.00993302,0.00300849)
(-0.000835064,7.39531e-05)
(0.0022437,0.0015249)
(-0.00295101,0.00103921)
(-0.00259558,-0.00702132)
(0.00527926,0.00204555)
(-0.00348369,0.000784224)
(0.00437313,-0.00577908)
(0.00475676,0.00505097)
(0.00812821,-0.0072921)
(0.00070293,0.00346395)
(0.00985416,-0.00627709)
(-0.00240327,0.00540485)
(0.00552219,-0.00669122)
(-0.00360935,0.00154082)
(0.00441078,-0.0115415)
(-0.00650688,0.0070195)
(0.00369256,-0.0114048)
(-0.00792612,0.00252908)
(0.000776096,-0.00813438)
(-0.000378594,0.0078635)
(-0.00269968,-0.00412259)
(0.000598898,0.00364302)
(0.00480341,-0.00171862)
(-0.00628982,0.00317069)
(-0.00220392,-0.0025004)
(-0.0064664,0.00377331)
(-0.00731351,-0.00601604)
(-0.00694407,0.00284952)
(-0.00959144,-0.0103934)
(-0.00383234,0.00450702)
(-0.0036825,-0.00404244)
(-0.00961103,-0.00316746)
(-0.00824433,-0.00758993)
(-0.00555815,0.000822103)
(-0.00697717,0.000797431)
(-0.00895771,0.00146855)
(-0.005711,0.00588394)
(-0.00899851,0.00106991)
(-0.00164165,0.0103317)
(-0.0105398,0.00534317)
(-0.00319008,0.00954629)
(-0.0053101,0.005192)
(0.00506732,0.00672644)
(-0.00721506,-9.0769e-05)
(-0.00230652,0.00265541)
(-0.0185097,0.00438059)
(-0.00880149,-0.0079418)
(-0.0194226,0.00835189)
(-0.0031339,-0.00568853)
(-0.0217235,0.00769205)
(-0.0196682,-0.00257953)
(-0.0167111,0.00210879)
(-0.0149851,-0.00175121)
(-0.0115575,0.00312209)
(-0.017912,0.00245529)
(-0.0174227,0.00075217)
(-0.0213114,0.00360304)
(-0.0171434,0.000738361)
(-0.00734311,0.016142)
(-0.00111955,0.00559566)
(-0.00579451,0.015572)
(-0.00551869,-0.00303168)
(0.00117892,0.0123908)
(-0.00611891,0.000473337)
(-0.0125321,-0.00510774)
(-0.0190276,0.00594585)
(-0.016209,-0.00289332)
(-0.0245061,0.0109313)
(-0.0161156,-0.00362343)
(-0.0278643,0.00995689)
(-0.0183466,0.00423543)
(-0.0235606,0.0126407)
(-0.0203777,-0.0036998)
(-0.0280331,0.0106713)
(-0.018018,0.00458712)
(-0.0185139,0.00327183)
(-0.0225237,0.00570855)
(-0.0180236,0.0013126)
(-0.0162693,0.0109997)
(-0.00620645,-0.00190961)
(-0.00105077,0.0141469)
(-0.000153614,0.000886178)
(0.00450654,0.0155436)
(-0.00568634,-0.0020531)
(-0.0120461,-0.000956942)
(-0.0141109,-0.00456362)
(-0.0336139,-0.00514161)
(-0.0186417,0.00493072)
(-0.0255745,0.00792938)
(-0.0244744,0.00892428)
(-0.0236655,0.00293122)
(-0.0277651,0.0118344)
(-0.0168789,0.00563917)
(-0.031448,0.0163328)
(-0.0183536,0.0077375)
(-0.0363785,0.010746)
(-0.00968106,0.00512747)
(-0.0224963,-0.00731388)
(-0.0154502,0.0078764)
(-0.00395005,-0.0025985)
(-0.0010362,0.00946035)
(0.00633344,-0.00283712)
(0.00488721,0.00556179)
(-0.0103396,0.00145325)
(-0.0132041,-0.00601371)
(-0.0108319,0.00376601)
(-0.0235429,0.00461272)
(-0.00994373,0.005946)
(-0.0269865,0.00984683)
(-0.0142709,0.00654315)
(-0.0103214,0.0133583)
(-0.0176277,0.0213556)
(-0.0091385,0.0133739)
(-0.0230222,0.0161983)
(0.0016207,0.0120423)
(-0.0148118,0.00802465)
(-0.00414389,0.00283785)
(-0.0103809,-0.000925876)
(-0.00221164,0.0027966)
(-0.000342666,-0.0104252)
(-0.000823097,0.00465373)
(0.0103169,-0.00583869)
(0.00255437,0.00394313)
(-0.015824,7.8999e-05)
(-0.0060663,-0.00105749)
(-0.0099334,0.00850208)
(-0.0146688,0.00254737)
(-0.00575846,0.0083826)
(-0.011808,0.00615912)
(-0.0148921,0.00583845)
(-0.0167618,0.00315086)
(-0.00609658,0.00829392)
(0.00136438,0.0175004)
(-0.00935185,0.00740943)
(0.00521381,0.0107396)
(-0.00685208,0.00358532)
(0.00163838,0.0057489)
(-0.00200352,-0.0114049)
(-0.00764877,0.00870225)
(0.00306348,-0.00632655)
(0.00132472,0.0110899)
(0.00737981,-0.00677717)
(-0.00351224,0.00122863)
(-0.0155104,0.00314731)
(0.00548306,0.00302297)
(-0.0123453,0.00601178)
(0.00420328,-0.00450794)
(0.00137361,0.0164859)
(-0.00245071,-0.00232554)
(0.00627702,0.00854906)
(-0.000408084,-0.00266939)
(-0.00373885,0.0130915)
(0.00383257,0.00441011)
(-0.00426974,0.00830512)
(0.00360782,-0.00311295)
(-0.00587608,-0.00183539)
(0.00698469,-0.00132162)
(-0.0015149,-0.00744086)
(0.000721648,0.00225511)
(0.00696434,-0.00550722)
(0.0031935,0.0161182)
(0.00965551,-0.00247167)
(0.00206508,0.00505862)
(-0.00940081,-0.00243377)
(0.00457641,-0.00201838)
(-0.00267358,0.00131278)
(0.0124575,-0.0117333)
(0.00737422,0.0039052)
(0.00701581,-0.0131056)
(0.0150604,0.0189844)
(0.0022169,-0.0105241)
(0.0103237,0.0133991)
(0.00506733,-0.00732085)
(-0.00632283,0.0104759)
(0.0114189,-0.00532204)
(-0.0080462,0.00149657)
(0.00788791,-0.00627904)
(0.000163442,-0.00246659)
(0.00359096,0.00720589)
(0.000949472,-0.00511285)
(0.00926915,0.0103586)
(0.00485917,-0.00817603)
(0.00133539,0.00688689)
(-0.00698673,-0.00515704)
(0.00957455,-0.00234065)
(-0.000611003,-0.00346589)
(0.0130662,-0.01248)
(0.0155481,0.0106572)
(0.0108058,-0.0164684)
(0.00530883,0.00732207)
(0.00764137,-0.0078526)
(0.00622115,0.0167073)
(0.00381027,-0.0101806)
(0.00032761,0.00777924)
(0.00668522,-0.00947638)
(-0.00970927,0.0106381)
(0.00949105,-0.00473048)
(-0.00381417,0.00729517)
(0.000861644,-0.00193764)
(0.0015297,0.00537737)
(0.00526209,-0.000499694)
(0.00304316,-0.000416559)
(0.00481726,0.00898635)
(-0.00230009,0.000568693)
(0.0102932,-0.00378825)
(0.00535511,-0.000498744)
(0.0100655,-0.00713524)
(0.00319401,0.00170044)
(0.00809719,-0.00690557)
(0.000665875,0.0116994)
(0.00330225,-0.00924373)
(0.000738302,-0.000434659)
(0.00936156,-0.00558694)
(-0.00706644,0.00684463)
(0.0123774,-0.0125675)
(-0.00884687,0.00928297)
(0.00635004,-0.00956436)
(-0.00518381,0.0134053)
(0.00817593,-0.000130472)
(-0.00360769,0.00673703)
(0.00895678,0.00361451)
(0.00262455,0.00154286)
(0.0021212,-0.000166812)
(-0.00332306,0.0050142)
(-0.00235953,-0.00526032)
(-0.00990436,0.0047324)
(-0.00813494,-0.011196)
(-0.00771073,0.00884767)
(-0.00329582,-0.00843544)
(-0.0115137,0.00559909)
(-0.0072449,-0.0141155)
(-0.00435875,-0.00297433)
(-0.00180604,-0.0137734)
(-0.00234159,-0.00526414)
(-0.00245161,-0.00846322)
(-0.00653861,-0.00626589)
(-0.00511772,0.00938345)
(-0.00654909,-0.00449029)
(0.00055273,0.00868024)
(7.70872e-06,-0.00287522)
(0.000884261,0.0187476)
(-0.00136099,-0.00141982)
(0.002121,0.00674587)
(-0.0025769,0.00576375)
(-0.00367047,-0.00564011)
(-0.00978718,0.00726805)
(-0.000433348,-0.00422425)
(-0.0107747,0.0141811)
(-0.00605334,-0.00896177)
(-0.011933,0.00591773)
(-0.00872597,-0.00573388)
(-0.0106524,0.00302265)
(-0.0194077,-0.0136948)
(-0.0111447,-0.00548834)
(-0.0176882,-0.00589983)
(-0.00932426,-0.00622279)
(-0.0226112,0.00201572)
(-0.0092328,-0.00651927)
(-0.013154,0.0151323)
(-0.00360313,-0.0116036)
(0.00303712,0.0134007)
(0.00401784,-0.00132213)
(0.00263364,0.0116413)
(-0.000584564,0.00801879)
(-0.0109507,0.001758)
(-0.0134618,0.0119804)
(-0.0147514,-0.0033154)
(-0.0172917,0.0153404)
(-0.0127295,0.00527423)
(-0.0215186,0.00658397)
(-0.0166329,-0.00795361)
(-0.0194655,0.00775226)
(-0.0232676,-0.0130786)
(-0.0210764,-0.00181892)
(-0.0159756,-0.00332375)
(-0.0184588,-0.00151557)
(-0.0168442,0.00279835)
(-0.0135554,-0.00642401)
(-0.0173676,0.00704943)
(-0.00300755,-0.00764988)
(-0.00583449,0.0182805)
(0.00335442,-0.0087139)
(0.00739817,0.00940059)
(-0.000659457,0.00158417)
(-0.0188412,0.00328902)
(-0.0140701,0.00630291)
(-0.0227743,0.00785447)
(-0.0221664,0.00879463)
(-0.0240683,0.0150418)
(-0.027256,0.0146776)
(-0.0205078,0.00136473)
(-0.0154303,0.020812)
(-0.0112687,-0.0122862)
(-0.027424,0.011154)
(-0.0088787,-0.00356451)
(-0.0166949,-0.000122471)
(-0.00941116,0.00524276)
(-0.0166249,-0.00484444)
(-0.00907237,0.007638)
(-0.00285616,-0.00611428)
(-0.00900314,0.00420024)
(0.00982404,-0.00303181)
(0.00260077,0.0115905)
(-0.00611729,0.0066183)
(-0.0127059,0.00366789)
(-0.00341978,0.0112038)
(-0.0279559,0.00921305)
(-0.0109926,0.0140653)
(-0.0186832,0.0195422)
(-0.00708411,0.0133351)
(-0.0186158,-0.00141697)
(-0.0160673,0.00824913)
(0.00694069,0.00464512)
(-0.00695698,0.016029)
(0.00840596,-0.00597834)
(-0.00833655,0.0186572)
(-0.00221688,0.00602084)
(0.00528731,-0.00200867)
(-0.0159599,0.00530035)
(0.00870069,-0.00459292)
(-3.91541e-05,0.0108793)
(0.0167895,-0.00261479)
(0.000556417,0.00330463)
(-0.00889123,0.0076031)
(-0.0129229,0.00325269)
(-0.011486,0.0201479)
(-0.0104128,0.00380369)
(-0.00754759,0.0137653)
(-0.0138869,-0.000828598)
(-0.00721466,0.00710488)
(-0.0142494,0.00726043)
(-0.0157581,0.0214898)
(-0.024334,0.0315883)
(-0.00247455,0.000120376)
(-0.0141529,0.0174599)
(0.0072395,-0.00210267)
(0.00126151,0.018062)
(0.0112542,-0.00233084)
(-0.00640392,0.0121838)
(0.0161961,-0.00996779)
(-0.00383728,0.0151097)
(0.0162526,-0.00505291)
(0.00176272,0.00672224)
(-0.0143892,0.00406963)
(-0.0057102,0.00159849)
(-0.00499286,0.0165357)
(-0.00452812,-0.00107924)
(0.00480749,0.0222965)
(-0.00319312,-0.00636994)
(-0.00366788,0.0226653)
(-0.0127927,-0.0129008)
(-0.0111803,0.0167757)
(-0.00561936,0.00344661)
(-0.0103761,0.00902247)
(-0.000503241,-0.0072783)
(0.00553417,0.00470136)
(0.00770836,-0.00720399)
(0.0100432,-0.0102044)
(0.00390983,0.00497871)
(0.0213271,-0.00151867)
(0.00255129,0.012771)
(0.0123853,-0.00144032)
(0.000500961,0.0114979)
(-0.0080565,-0.00209683)
(-0.00239271,-0.00148831)
(0.00253016,0.00607973)
(0.00173087,-0.00497113)
(0.0240855,0.0139194)
(-0.0037017,-0.0133423)
(0.0219682,0.0249616)
(-0.0117212,-0.0179747)
(0.00253859,0.0211509)
(-0.00235822,-0.00586552)
(-0.000274893,0.0137347)
(0.00404634,-0.0162404)
(-0.00364526,-0.0047439)
(0.0177273,-0.00725122)
(0.0125389,0.00166269)
(0.0108809,0.000919111)
(0.0136763,0.00262366)
(0.00835853,0.0154044)
(0.0132256,0.00175772)
(0.00339156,0.0123493)
(0.000158214,-0.00541427)
(0.00250883,-0.00182919)
(0.00596989,0.00138587)
(0.000272999,-0.00715196)
(0.0129623,0.00283764)
(0.00185381,-0.0084986)
(0.0184109,0.0147896)
(-0.00886928,-0.0128304)
(0.0120278,0.011162)
(-0.00299361,-0.00985052)
(-0.00277937,0.00264396)
(0.011717,-0.0118631)
(0.00411662,0.00845473)
(0.0127431,-0.00906372)
(0.00932993,0.0151609)
(0.0119771,0.00355287)
(0.0111772,0.00744303)
(0.0100405,0.00869201)
(0.00961428,0.00432807)
(0.00589249,0.010554)
(0.00246483,-0.000756765)
(0.00283585,-0.00401459)
(0.00615734,-0.00499002)
(0.00557465,-0.00843448)
(0.0102125,0.00428183)
(0.00486048,-0.0106991)
(0.00593886,0.0053495)
(0.00122846,0.000348379)
(0.00154778,0.00394541)
(0.00219142,-0.0071818)
(-0.000111653,0.00299047)
(0.00745915,-0.00818301)
(-0.00325683,0.0139593)
(0.00783908,-0.0094565)
(0.00652483,0.0109604)
(0.00708849,-0.0022691)
(0.00876541,0.00923768)
(0.00764127,0.00548583)
(0.00864797,-0.00379239)
(0.00474829,0.0065642)
(-0.00486528,0.0014356)
(-0.00245235,-0.00871438)
(-0.00606267,0.00253011)
(0.00206746,-0.0118774)
(0.00216137,0.00220507)
(0.000529003,-0.0143873)
(0.000113585,-0.00181084)
(0.00320251,-0.0091157)
(-0.00143743,-0.00842931)
(-0.00224718,-0.0155795)
(0.000917346,-0.00914591)
(-0.0015726,-0.00378243)
(-0.000516344,-0.0111549)
(-0.00393614,0.00434482)
(-0.00901264,-0.0117942)
(0.00328984,0.0112885)
(0.000675505,-0.00818462)
(0.00108013,0.00896481)
(-0.00178959,-0.00253554)
(0.00453644,0.00550347)
(-0.00261535,0.00904353)
(0.000947567,0.000227627)
(-0.00772879,0.00615126)
(-0.00395532,-0.00973808)
(-0.010577,0.000117099)
(0.000159469,0.00200735)
(-0.0111306,-0.00565253)
(-0.00218079,-0.0127431)
(-0.00511251,-0.0101846)
(-0.00942004,-0.0224569)
(-0.00742194,-0.0154461)
(-0.00618714,-0.00897285)
(-0.00601452,-0.0152874)
(-0.00489642,0.00817505)
(-0.00917991,-0.00825408)
(-0.00181359,0.00954782)
(0.00178676,-0.0132608)
(0.00159814,0.0199713)
(-0.00616908,-0.0125461)
(0.00613833,0.00910202)
(0.000346803,0.00532868)
(-0.00804886,-0.000390206)
(-0.0105435,0.00807896)
(-0.0113025,0.00343451)
(-0.0180979,-0.00253569)
(-0.00492832,0.00829371)
(-0.0235225,0.002918)
(-0.00814806,-0.00483338)
(-0.0080326,-0.0105398)
(-0.00235728,-0.020319)
(-0.0110689,-0.0257351)
(-0.000192306,-0.011566)
(-0.00761025,-0.0215333)
(0.00802839,0.0131496)
(-0.0026417,-0.0142522)
(0.00576539,0.0134145)
(-0.000104256,-0.00821705)
(0.00521054,0.012883)
(0.00327256,-0.00877652)
(0.00776317,0.0116148)
(0.00279251,0.0102994)
(-0.0140356,0.00489102)
(-0.0112234,0.00366617)
(-0.017014,0.0117571)
(-0.0239731,0.00794756)
(-0.0109053,0.0254529)
(-0.00906877,0.00289859)
(0.0066816,-0.00340767)
(0.0247115,0.00308443)
(0.0389787,-0.0220011)
(0.00492883,-0.0327943)
(0.0586932,-0.0181738)
(0.00235289,-0.0132309)
(0.0119662,0.00519697)
(0.00773577,-0.0129903)
(0.00142223,0.00583927)
(0.00818091,-0.0098792)
(0.00209461,0.013503)
(0.00631059,-0.00359972)
(0.00415194,0.0025093)
(0.000363151,0.00812387)
(-0.0136025,0.00596764)
(-0.00510958,0.0103049)
(-0.0120448,0.0195599)
(0.00281895,0.00518932)
(-0.0090575,0.00929092)
(0.0186179,-0.02237)
(0.0365566,-0.0361722)
(-0.00143841,-0.038315)
(0.0859134,-0.0176238)
(0.0269165,-0.0114672)
(0.0534481,-0.0894159)
(0.0233654,0.0451609)
(-0.0057385,0.00728398)
(0.0292786,0.0131839)
(-0.0019482,0.00352559)
(0.0244219,-0.00286552)
(0.000180912,0.00162026)
(0.0189355,-0.00377486)
(0.00511465,0.00457907)
(-0.00381843,0.00830503)
(-0.00950538,0.00461149)
(0.00434486,0.00844498)
(-0.0112551,-0.00252994)
(0.00125825,-0.000818337)
(-0.00445919,-0.000550732)
(0.0259628,-0.0112876)
(-0.0229422,-0.0141953)
(-0.0425176,-0.00402107)
(-0.049263,0.088587)
(0.0313189,-0.0098181)
(-0.0826832,0.0225282)
(0.0144233,-0.0099056)
(-0.0118846,0.0142771)
(0.0288537,-0.00141195)
(-0.00278302,0.00950702)
(0.0301244,0.0027207)
(0.00131094,0.015092)
(0.020802,0.00100999)
(-0.000471298,0.00594786)
(-0.00183738,0.00936734)
(-0.0093921,0.00418919)
(0.006523,0.0176712)
(-0.00816706,0.00695375)
(0.00347543,0.0290546)
(-0.0140803,-0.0114075)
(-0.0175211,0.0180289)
(-0.0152868,-0.0175854)
(-0.07514,0.0067075)
(-0.0131821,-0.00409811)
(-0.0297347,0.0192618)
(-0.00869156,-0.0227172)
(0.0133112,0.00328979)
(0.022018,-0.00838087)
(0.0281558,0.00439214)
(0.00942969,-0.00305035)
(0.0268687,-0.00681812)
(0.00545734,0.00849328)
(0.0200569,-0.000223645)
(0.00338911,0.00515001)
(0.00463175,0.000880168)
(-0.012055,0.0020269)
(0.00923654,0.0137451)
(-0.0148299,0.000517756)
(0.0158713,0.0227056)
(-0.0161248,-0.00510385)
(0.00443772,0.0426883)
(-0.0185367,-0.0251618)
(-0.013412,0.0295608)
(-0.0115659,-0.0219375)
(-0.0140919,0.0198404)
(0.00574584,-0.0259765)
(0.000630893,0.0069674)
(0.0121416,-0.0208626)
(0.014657,-0.000365391)
(0.0164214,-0.00543211)
(0.0225905,-0.000441904)
(0.0170452,0.00814019)
(0.0106739,0.00106271)
(0.00141336,0.00976961)
(0.000271439,0.00433011)
(-0.00311042,0.00506668)
(0.00674639,0.00496496)
(-0.00540082,0.00208745)
(0.011906,0.0106835)
(-0.0152895,-0.00711358)
(0.014308,0.0203752)
(-0.0139996,-0.00957898)
(-0.00106988,0.0223828)
(-0.00488893,-0.0130303)
(0.00309086,0.00923642)
(0.00527498,-0.0178018)
(-0.00288497,0.00648048)
(0.0138682,-0.0112417)
(0.0201163,0.00942485)
(0.0179045,-0.000971281)
(0.0186087,0.00767661)
(0.00928823,0.00974128)
(0.0153858,0.0023423)
(0.00432837,0.0139295)
(0.00729756,-0.00141678)
(0.00394642,-0.00141025)
(0.00602428,0.00254833)
(0.00310296,-0.00146875)
(0.00228914,0.00531068)
(-0.00149989,-0.00334442)
(0.00379254,0.0086277)
(-0.00380119,-0.00903794)
(-0.00272281,0.004679)
(-0.000501391,-0.011206)
(-0.00346629,0.00378082)
(0.00470007,-0.00920926)
(0.00604259,0.0049987)
(0.0078316,-0.00526247)
(0.00870147,0.0121137)
(0.00944911,0.00165377)
(0.016594,0.00520657)
(0.00595376,0.00667423)
(0.010225,0.0015461)
(0.00390456,0.0078779)
(-0.00635539,-0.00355256)
(-0.00158733,-0.00326708)
(-0.0095611,-0.00331731)
(-0.00650714,-0.00732189)
(-0.00200551,-0.00690521)
(-0.000192706,-0.00497552)
(-0.000841983,-0.00609414)
(-0.000794852,-0.00325572)
(2.64371e-05,-0.0123726)
(0.0097052,-0.00421751)
(-0.0049743,-0.0155744)
(0.00608223,-0.000963022)
(-0.0069805,-0.0128496)
(0.00629774,0.00822895)
(-0.0111751,-0.00978489)
(0.00392755,0.0101759)
(-0.00445921,-0.00880539)
(0.00549734,0.0101304)
(-0.0049676,-0.0068514)
(0.00419145,0.000301925)
(-0.0116741,-0.00035196)
(-0.00843338,-0.00566566)
(-0.0129462,-0.00277866)
(-0.00356164,0.0012622)
(-0.00901636,-0.010637)
(0.00221208,0.00984853)
(-0.00809938,-0.0111677)
(0.00405094,0.000763829)
(0.00146268,-0.0164921)
(0.00640699,-0.011275)
(-0.00323159,-0.0235773)
(0.0140152,-0.00312979)
(-0.0100472,-0.015902)
(0.0068509,0.00893171)
(-0.0121977,-0.0130597)
(0.00653505,0.0163215)
(-0.0136413,-0.0136913)
(0.0104563,0.0129092)
(-0.0077193,-0.0121863)
(0.00496248,0.00249923)
(-0.00357241,0.00565442)
(-0.00731245,0.0031358)
(-0.0164187,-0.000218673)
(-0.0107016,0.0118025)
(-0.0204333,0.000615631)
(0.00238478,0.0333971)
(-0.0128478,-0.0028019)
(0.00941555,0.0150673)
(0.0294077,-0.00166406)
(0.0189211,-0.00631817)
(0.000873299,-0.0447939)
(0.0298188,-0.00174669)
(0.00310727,-0.0298804)
(0.0193281,0.0152772)
(-0.00580817,-0.0188159)
(0.0166504,0.0174371)
(-0.00923189,-0.0140798)
(0.0156273,0.0172887)
(-0.00376557,-0.00846266)
(0.0148002,0.00490616)
(-0.00730759,0.00503547)
(-0.00781656,0.0100656)
(-0.0135957,0.0109232)
(-0.00359683,0.0283995)
(-0.0171828,0.0111486)
(0.00268464,0.0365069)
(0.0372139,0.0197686)
(0.041825,0.00382983)
(0.118118,0.0783331)
(0.0530707,0.00164561)
(0.00590841,-0.112669)
(0.0952789,0.0141207)
(0.0160913,-0.0139098)
(0.0184015,0.0327431)
(0.0135741,-0.0105796)
(0.0212407,0.0132834)
(0.00965427,-0.0170626)
(0.011984,0.00352421)
(0.00477048,-0.0101294)
(0.00851161,0.00701615)
(-0.000373795,0.0120566)
(-0.00203385,0.00814734)
(0.00367402,0.0136794)
(-0.0116876,0.010264)
(0.0145806,-0.011373)
(0.0131019,-0.00582217)
(0.0810492,-0.0441003)
(0.0492107,-0.0741208)
(-0.0389482,0.00478518)
(-0.0253698,0.00969846)
(-0.0115071,-0.0025062)
(-0.015067,0.00938132)
(0.0247451,0.112147)
(-0.0725156,0.081215)
(0.0295631,0.0237091)
(-0.0142015,0.010387)
(0.0230394,0.000215192)
(0.0133786,0.00148361)
(0.0133104,-0.00743176)
(0.00694521,-0.00315425)
(0.0125649,0.0112728)
(-0.00911409,0.00143614)
(0.0107865,0.00460374)
(-0.00658243,-0.00330989)
(0.0357162,-0.0180466)
(-0.00445939,-0.0239679)
(0.14084,-0.0850279)
(-0.0131876,-0.0607665)
(0.0163375,0.0243899)
(0.00112037,0.015347)
(0.00161725,-0.00207608)
(1.03063e-05,-0.0111968)
(-0.0298059,-0.0635076)
(0.004726,0.0449476)
(0.0174796,-0.00800733)
(0.00632354,0.00368061)
(0.0295533,-0.00514012)
(0.0102004,0.00161688)
(0.0193399,-0.00165492)
(0.00701844,0.00260232)
(0.0098113,0.00273767)
(-0.0126882,0.00609037)
(0.0158275,0.0111353)
(-0.021079,0.0027598)
(0.00422662,0.00902616)
(-0.0148611,-0.012639)
(-0.00662315,-0.0230429)
(-0.00130058,-0.0542715)
(-0.16061,-0.0468378)
(0.0834907,-0.0772243)
(-0.0352373,0.0770816)
(0.0475744,-0.0321656)
(0.00502401,0.000117878)
(0.0353253,-0.0275803)
(0.0309176,-0.00720222)
(0.0320835,-0.0194523)
(0.0292011,-0.00322148)
(0.013217,-0.00162949)
(0.0181848,-0.00376535)
(0.00147469,0.00174681)
(0.00974462,0.00848889)
(-0.0130155,0.0054853)
(0.0115766,0.0132518)
(-0.0198813,0.00381398)
(0.0118037,0.0278693)
(-0.021376,-0.00640449)
(-0.00669345,0.0299152)
(-0.0225692,-0.022329)
(-0.0423723,0.00990263)
(0.014529,-0.0363588)
(-0.0171475,0.0256262)
(0.0112911,-0.0345363)
(0.00595315,0.00129558)
(0.0272229,-0.0308798)
(0.0160166,-0.0012851)
(0.0113634,-0.018161)
(0.0165441,-0.00202344)
(0.00605865,-0.00416177)
(0.0174091,0.00327367)
(0.00814606,0.00460719)
(0.00146894,0.00268901)
(-0.010111,0.00114328)
(0.00771141,0.0179521)
(-0.0112234,0.0051909)
(0.00897818,0.0223097)
(-0.0154353,-0.00187946)
(0.00387532,0.0244041)
(-0.019088,-0.0124625)
(-0.00425869,0.0120954)
(-0.0153704,-0.0189152)
(-0.00602541,0.0157746)
(0.00588874,-0.023654)
(0.00591765,0.00692739)
(0.00829567,-0.0233258)
(0.0125788,0.00470951)
(0.00868748,-0.0138355)
(0.0231414,0.00481668)
(0.00573369,0.00800265)
(0.00725768,0.00548293)
(0.00112089,0.00538933)
(0.00488048,0.0073313)
(-0.00246069,0.00396754)
(0.00122164,0.0100086)
(-0.00435372,0.00439581)
(0.000254057,0.0109877)
(-0.00454685,-0.00298728)
(0.00199705,0.00974552)
(-0.00528809,-0.00628636)
(-0.00483131,0.0104642)
(-0.00485873,-0.0121673)
(-0.00513934,0.000948489)
(-0.00555756,-0.014381)
(0.000157152,0.0060277)
(-0.00106096,-0.0101385)
(0.0105828,0.00703818)
(0.000627256,-0.00398072)
(0.0115355,0.00451539)
(0.000649458,0.00176736)
(0.0078159,0.00510801)
(-0.00263651,0.00709864)
(-0.00466271,-0.00517403)
(-0.00439769,-0.00438131)
(-0.00513012,-0.0102097)
(-0.000902993,0.000603688)
(0.00478183,-0.0118196)
(0.000849507,-0.00267534)
(-0.000790477,-0.00868282)
(0.00784038,0.00872726)
(0.00563727,-0.00835742)
(0.00213447,0.00108103)
(-0.00730329,-0.0115667)
(0.0107591,0.00787918)
(-0.0130765,-0.00804062)
(0.00628883,0.00340146)
(-0.0089956,-0.00540364)
(0.00667156,0.00787524)
(-0.00954152,-0.00982585)
(0.00831309,0.00539433)
(-0.00309346,-0.00188636)
(0.00439728,0.00110374)
(-0.0108767,-0.000558443)
(-0.000711542,-0.00029665)
(-0.00375328,-0.00535194)
(-0.00487565,0.00734139)
(0.00152868,-0.0109217)
(0.0029268,0.0259342)
(0.00372615,-0.00851033)
(0.00527764,0.00918872)
(0.00285476,-0.00987096)
(0.0082982,0.00170018)
(-0.00237479,-0.0182126)
(0.00698227,0.00132369)
(-0.00826172,-0.0109293)
(0.0106399,0.00509993)
(-0.0164453,-0.00577472)
(0.00869187,0.00656304)
(-0.0121135,-0.014737)
(0.0103603,0.00273437)
(-0.0135719,-0.0105773)
(0.00992159,-0.00912232)
(-0.00608341,0.00613349)
(-0.00263405,0.00593613)
(-0.00855985,0.00414429)
(0.000194666,0.0218752)
(-0.0164585,0.000111624)
(0.00178716,0.037497)
(-0.0154889,0.0034024)
(0.00288024,0.0222078)
(0.00205837,0.0244133)
(-0.00671942,-0.005295)
(-0.0180306,-0.0251351)
(-0.00689408,0.0125334)
(-0.00891974,-0.0207662)
(0.0063908,0.0146778)
(-0.00699595,-0.0136087)
(0.012311,0.0116489)
(-0.00162438,-0.0124371)
(0.014398,0.00398453)
(-0.0030733,-0.0123661)
(0.0122423,-0.00324918)
(-0.00622602,0.0110059)
(-2.03279e-05,0.00839724)
(-0.0231261,0.0077509)
(-0.00213462,0.0260916)
(-0.0287459,0.0165769)
(0.00478244,0.0420391)
(-0.0388781,0.0554907)
(0.00885429,0.0264047)
(0.0470259,0.158826)
(-0.0851568,-0.0459871)
(-0.0878943,-0.0399453)
(-0.0890527,0.00966005)
(-0.0268087,-0.000599537)
(-0.0189849,0.0219514)
(0.0010054,-0.00497363)
(0.0060873,0.00733015)
(0.00733802,-0.0112562)
(0.017695,-0.000152639)
(0.00717307,-0.00498089)
(0.00989075,-0.000844659)
(0.000173535,0.0137435)
(-0.000696598,-6.48233e-06)
(-0.00613482,0.0135051)
(0.000810107,0.0178047)
(-0.0355969,0.017578)
(0.00492054,0.0192109)
(-0.115344,0.0260993)
(0.0544811,0.0457198)
(0.00966231,-0.0218094)
(-0.014428,0.0206663)
(0.00512858,-0.00877063)
(0.0406621,-0.0241767)
(-0.00980578,0.0654107)
(-0.0166943,-0.0360584)
(0.0101123,0.0237525)
(0.00372395,-0.0192855)
(0.0153804,-0.00179719)
(0.0105646,-0.00687672)
(0.00786906,-0.00636725)
(0.0143013,-0.00724886)
(0.0102595,0.0114084)
(-0.00892784,0.000344452)
(0.0058489,0.0133027)
(-0.0154245,-0.00333958)
(-0.0140462,0.0138728)
(-0.00854944,0.0075336)
(-0.0620681,0.0438313)
(-0.0461985,0.0712778)
(0.0185218,0.00583416)
(-0.00313551,-0.01731)
(-0.0114766,0.0118675)
(0.00988298,-0.0127679)
(-0.0412873,-0.10486)
(0.0135496,-0.109358)
(0.0121712,-0.0251622)
(0.00952113,-0.0346035)
(0.0184303,-0.00348258)
(0.0155962,-0.0147622)
(0.0115938,0.000375654)
(0.00890659,-0.00578026)
(0.0131099,0.00744361)
(-0.014268,0.0050264)
(0.0170201,0.0098557)
(-0.019926,0.00844833)
(0.000299827,0.025452)
(-0.0247975,0.00420646)
(-0.0102309,0.0117519)
(-0.0431828,0.021592)
(0.0396262,-0.0949767)
(0.0154816,0.10229)
(0.126158,-0.0259474)
(-0.0670414,0.163535)
(0.0464558,-0.0435666)
(-0.00843366,-0.0148251)
(0.0259741,-0.0143093)
(0.00906096,-0.0284458)
(0.0145788,-0.00331885)
(0.0127258,-0.0166155)
(0.00985235,-0.000406305)
(0.0135739,-0.00711186)
(0.0108663,0.00518696)
(-0.0117802,0.00649137)
(0.0224478,0.0181306)
(-0.0228922,0.0102042)
(0.0147837,0.0248963)
(-0.0312647,0.00535113)
(-0.000414321,0.0270374)
(-0.0321019,-0.00190663)
(0.0105204,-0.0114758)
(-0.0317431,0.00769248)
(0.0297105,-0.000186011)
(-0.0132195,0.0171561)
(0.0195906,-0.0107539)
(0.00170214,-0.0234135)
(0.00430084,-0.00111755)
(0.0119096,-0.0293079)
(0.00252135,0.00436276)
(0.0127088,-0.00992881)
(0.00484836,0.00121819)
(0.00903283,-0.00613384)
(0.00951177,0.00887272)
(-0.00948362,0.00951641)
(0.018152,0.0119769)
(-0.0175044,0.0137853)
(0.0207867,0.0209202)
(-0.0208872,0.00213466)
(0.0186205,0.0196083)
(-0.0294911,-0.00544793)
(-0.0023454,0.00695899)
(-0.0136756,-0.00712301)
(0.00458009,0.00187813)
(-0.00789526,-0.0147651)
(-0.00103567,0.0116041)
(0.00335107,-0.0219778)
(0.0073588,0.00574655)
(-0.000284417,-0.0160599)
(0.00104107,0.00761387)
(0.00174387,-0.00349702)
(0.00796881,0.00693959)
(-0.000651198,0.00054589)
(0.00354179,0.00455308)
(-0.00322734,0.00290076)
(0.0115091,0.0117518)
(-0.00584211,0.00229546)
(0.0132841,0.0136881)
(-0.0114195,-0.00200489)
(0.00734405,0.0122196)
(-0.0165577,-0.00587461)
(-0.00364273,0.00914695)
(-0.0117996,-0.00683412)
(-0.00548414,0.00584357)
(-0.00332744,-0.00900575)
(-0.00033505,0.00106086)
(-0.00575474,-0.0101127)
(0.00190479,0.0116299)
(-0.00371334,-0.00653515)
(0.0061831,0.00686324)
(-0.000516034,-0.00358894)
(0.00273664,0.0122913)
(-0.00578481,-0.00195347)
(0.00322304,-0.00346471)
(-0.00827007,0.00167988)
(0.00492327,-0.00935334)
(-0.00748247,-0.00475359)
(0.00562341,-0.00945745)
(0.00130981,0.00408215)
(0.00833776,-0.00765325)
(0.00452112,0.00913624)
(-0.00280063,-0.00968647)
(0.0104664,0.00853381)
(-0.0132097,-0.0131257)
(0.00727723,0.00746202)
(-0.0194421,-0.00882394)
(0.0116661,0.00138306)
(-0.0148897,-0.0043153)
(0.00901456,0.00220713)
(-0.00750845,-0.00669911)
(-0.000513155,-0.00189581)
(-0.0102586,-0.00487888)
(0.00477529,-0.0035442)
(-0.000273548,-0.00504888)
(-0.0122921,0.0021721)
(0.00274041,-0.0114808)
(-0.00619054,0.00844032)
(0.00780198,-0.0103678)
(-0.00138164,0.0107642)
(0.00713338,-0.00512805)
(0.00858595,0.0220023)
(0.00265544,-0.005302)
(0.0100869,0.0107723)
(-0.00815412,-0.0113688)
(0.0213758,0.00819527)
(-0.0108234,-0.0096999)
(0.0211165,-0.00203472)
(-0.018314,-0.00798085)
(0.0163356,-0.00446905)
(-0.019264,-0.009314)
(0.0146002,-0.00814317)
(-0.00520792,-0.0106147)
(0.00886899,-0.0073015)
(-0.00694085,-0.00338961)
(2.77418e-05,0.00365949)
(-0.00565582,-0.00916439)
(-0.00590177,0.0119964)
(0.00851732,-0.00397548)
(0.00204967,0.0271661)
(0.00407589,0.00188042)
(0.00836458,0.0277765)
(0.0122168,0.000367949)
(0.00361203,0.0137554)
(-0.000301632,-0.0171051)
(0.0142665,0.0148771)
(-0.00963351,-0.0120196)
(0.0221163,0.00663751)
(-0.00770648,-0.00577261)
(0.0240209,-0.00623541)
(-0.00648059,-0.0142464)
(0.0214468,-0.00837583)
(-0.0080186,-0.0107326)
(0.0156348,-0.0147254)
(-0.00470893,-0.000192836)
(0.000645613,0.00663693)
(-0.00504879,-0.001718)
(0.00215416,0.018886)
(-0.0124718,0.00772266)
(0.00339414,0.0235108)
(-0.0119681,0.0187334)
(0.0142024,0.0159046)
(0.0236515,0.0197926)
(-0.00724493,-0.0125023)
(-0.0070425,-0.00533946)
(-0.0376403,0.0487705)
(-0.0139164,-0.00214433)
(0.00438188,0.00982969)
(-0.00599916,-0.000803197)
(0.0196438,-0.0086675)
(0.0105292,-0.00290455)
(0.0216406,-0.0168655)
(0.00789251,-0.00809846)
(0.0149034,-0.0126668)
(0.00237637,0.00267417)
(0.00295396,0.00183303)
(-0.00445724,0.00821258)
(-0.00826821,0.00629863)
(-0.0163596,0.0129731)
(9.75242e-05,0.00223773)
(-0.039224,0.0129634)
(0.027812,-0.0222184)
(0.0473288,-0.0671305)
(0.0313561,-0.0845034)
(0.0454173,0.0442255)
(-0.0708329,0.0965207)
(-0.00423974,0.0439331)
(-0.0280733,0.000103507)
(-0.00876038,0.0164542)
(0.00937749,-0.0225906)
(0.00748522,0.00110756)
(0.0204724,-0.0193197)
(0.00946655,-0.001607)
(0.011094,-0.0119844)
(0.00446057,0.00136611)
(-0.00609402,-0.00167088)
(0.0130616,0.0150308)
(-0.012076,-0.00354266)
(-0.00907552,0.0275439)
(-0.0143241,-0.0133811)
(-0.0598679,0.0267229)
(0.0205395,-0.0215971)
(-0.0913468,-0.0461875)
(0.0623703,-0.084467)
(-0.0339686,0.0615968)
(0.00411732,0.0791258)
(-0.00782579,0.00498805)
(-0.00257257,-0.0255121)
(0.00661347,-0.000468188)
(0.0105008,-0.0371868)
(0.00807698,-0.00576286)
(0.0183081,-0.0266148)
(0.0111904,-0.0032553)
(0.0173317,-0.0083311)
(0.00939657,-0.0015717)
(-0.00676331,0.00488585)
(0.0241479,0.0118575)
(-0.0180219,0.0134795)
(0.010786,0.0203064)
(-0.0304292,-0.00955044)
(-0.00580952,0.0298224)
(-0.0297621,-0.0126682)
(-0.01298,-0.0237433)
(-0.0166217,-0.00114411)
(0.0288251,-0.000442096)
(-0.0290889,0.0442572)
(0.0225296,-0.0151649)
(-0.00544616,-0.028367)
(0.0109278,-0.00686184)
(0.00980958,-0.030914)
(0.00225334,-0.00242454)
(0.0148602,-0.0189335)
(0.00766262,-0.00320258)
(0.00850836,-0.00953556)
(0.00715989,-0.00224141)
(-0.0148845,0.00771558)
(0.0221394,0.00321039)
(-0.0287692,0.00941271)
(0.0229295,0.0233771)
(-0.0337139,0.00105557)
(0.0102227,0.0270598)
(-0.0436368,-0.0144634)
(0.00553675,0.00985587)
(-0.0325261,-0.0104112)
(0.0107517,-3.10913e-05)
(-0.0197338,-0.0137763)
(0.00711906,0.00381338)
(-0.000174737,-0.0310116)
(-0.00646806,0.00382585)
(-0.00302847,-0.025952)
(-0.00587831,0.00308596)
(0.005788,-0.0146663)
(0.00260794,0.00790073)
(0.00763376,-0.0103803)
(0.0134446,-0.00120954)
(-0.0117645,0.0089591)
(0.0210971,0.00554934)
(-0.0240581,0.00812954)
(0.0295024,0.0135679)
(-0.0381647,0.00121952)
(0.0198909,0.0181664)
(-0.0381001,-0.0133949)
(0.00748847,0.00698592)
(-0.0330022,-0.0176705)
(0.00451772,0.0100322)
(-0.0121548,-0.0220623)
(-0.000515382,0.012011)
(-0.00507452,-0.0242525)
(-0.00651413,0.0124342)
(0.00118294,-0.0155126)
(-0.00176785,0.0129097)
(0.00248538,-0.00687406)
(0.00477715,0.0121474)
(5.42867e-05,-0.00436558)
(0.0101794,-0.000988579)
(-0.00320515,0.00761997)
(0.0160962,0.00453637)
(-0.019321,0.00551141)
(0.0153734,0.00601794)
(-0.0218392,-0.0112196)
(0.0130445,0.00933611)
(-0.0231852,-0.00586436)
(-0.00148353,0.0062826)
(-0.0163628,-0.00900321)
(0.000743545,0.00161448)
(-0.00664019,-0.0109796)
(-0.00165608,0.0100269)
(-0.00331072,-0.0104526)
(-0.00101415,0.012799)
(-4.63042e-05,-0.00449818)
(-0.000990791,0.0128254)
(0.000345308,-0.00563108)
(0.00109343,0.00785668)
(-0.00445979,-0.00448627)
(0.00840218,-0.00271739)
(-0.00478145,-0.00154633)
(0.00709892,-0.00913454)
(0.000482501,0.000757858)
(0.00383953,-0.00575665)
(-0.00108234,0.0026413)
(0.00140415,-0.00460353)
(0.00202912,0.0108252)
(-0.000793564,-0.00861023)
(0.00482469,0.0140031)
(-0.0121971,-0.0103871)
(0.00437932,0.00985028)
(-0.0106606,-0.00434425)
(0.010777,-0.00183952)
(-0.0102419,-0.00362395)
(0.00966736,-0.00561059)
(-0.0142456,-0.000876107)
(0.0119626,-0.0111438)
(-0.00733745,-0.00393656)
(0.00102619,-0.00587508)
(0.00527783,-0.0080501)
(-0.00515089,0.00501106)
(0.0102371,-0.0119416)
(-0.00814256,0.00462937)
(0.0105726,-0.0185884)
(-0.00105877,0.0130843)
(0.0124651,-0.016736)
(0.00226047,0.0163658)
(0.00283013,-0.0131368)
(0.00399402,0.0176863)
(-0.00498529,-0.0156667)
(0.0151583,0.010962)
(-0.0130992,-0.0105281)
(0.0197095,-0.000390748)
(-0.0132693,-0.00569316)
(0.0177526,-0.00908828)
(-0.00733747,-0.00791983)
(0.013636,-0.00987235)
(-0.0141147,-0.00988028)
(0.0132527,-0.0175448)
(0.00521577,-0.00491721)
(-0.00640173,0.00791023)
(0.00124867,-0.0203683)
(-0.00569627,0.00405727)
(0.00468847,-0.0227733)
(0.00174065,0.0114235)
(0.013115,-0.0121074)
(0.0113805,0.0195362)
(0.00968744,-0.0179652)
(0.0151817,0.0223068)
(0.00415482,-0.0186133)
(0.0196504,0.0146346)
(-0.00284319,-0.0112614)
(0.0251181,0.00820471)
(-0.00707175,-0.00901844)
(0.0248113,-0.00713201)
(-0.00460376,-0.00773511)
(0.0254131,-0.0178302)
(-5.83462e-05,-0.0078346)
(0.0117698,-0.0135768)
(0.000426722,-0.00503339)
(-0.0108686,0.003091)
(-0.00603413,-0.0182763)
(-0.00258136,0.00994789)
(-0.00023007,-0.0145517)
(0.00544991,0.0118282)
(0.00147452,-0.0110597)
(0.0156415,0.00171691)
(0.0157679,-0.0119876)
(0.0129752,0.00814373)
(0.00432461,-0.0161265)
(0.0117212,0.0160248)
(-0.00764844,-0.00282265)
(0.0222453,0.00565927)
(-0.00267426,0.00681834)
(0.0267368,-0.0136753)
(0.00514147,0.000914927)
(0.0167502,-0.0167896)
(0.00909994,0.000725384)
(0.010034,-0.0122818)
(0.00523041,-0.00429626)
(-0.00716124,0.00311966)
(0.00868832,-0.00620075)
(-0.00640052,0.00587421)
(0.000905208,-0.00654056)
(-0.00506013,-0.0119224)
(0.000765377,-0.00332492)
(0.0153346,-0.0182265)
(0.0152241,-0.0208752)
(0.00879901,-0.012305)
(0.0100273,0.0055385)
(-0.0104718,0.026204)
(-0.0124147,0.0144558)
(0.0116421,-0.00251286)
(-0.00561486,0.00907096)
(0.0256334,-0.0197723)
(0.00826026,0.00390051)
(0.0187751,-0.0194038)
(0.0126977,-0.00396795)
(0.0144169,-0.0120063)
(0.010572,0.00470749)
(-0.00615142,0.00265792)
(0.01675,-0.00141546)
(-0.0122252,0.000911641)
(0.0170084,0.00822751)
(-0.010851,-0.0133825)
(0.000181748,0.0199073)
(0.00108079,-0.0265668)
(-0.0102206,0.00526668)
(0.0188858,-0.0282811)
(-0.00244043,0.0224842)
(-0.00898005,0.0149131)
(-0.00131434,0.002701)
(0.0040464,-0.0193075)
(-0.00192549,0.00524778)
(0.0154175,-0.0284405)
(0.00517672,-0.00281573)
(0.0240355,-0.0249701)
(0.0103673,-0.00165785)
(0.0112549,-0.00988007)
(0.0103824,-0.0103164)
(-0.00474548,0.00863522)
(0.0170918,-0.00123521)
(-0.0107501,0.0135683)
(0.0152028,0.0156681)
(-0.0229619,-0.00285711)
(0.0128355,0.0233146)
(-0.0196272,-0.0235244)
(0.00978877,0.0145712)
(-0.017417,-0.0214256)
(0.0118099,0.00825864)
(-0.0127663,-0.0176041)
(0.00781137,0.00758167)
(-0.00750119,-0.0246807)
(-0.00342628,0.00577679)
(0.00262406,-0.021441)
(0.00146908,-0.00402207)
(0.012527,-0.0171297)
(0.0100951,-0.00521245)
(0.0103501,-0.0105606)
(0.0118517,-0.0136751)
(-0.0156521,0.0106893)
(0.0134562,-0.0132461)
(-0.0216983,0.0121781)
(0.0216716,0.0045461)
(-0.0417385,0.00550443)
(0.0154496,0.025615)
(-0.0497627,-0.0148672)
(0.0103549,0.0208715)
(-0.0408752,-0.0270013)
(0.0103219,0.0204178)
(-0.0254106,-0.0186412)
(-0.004668,0.0128565)
(-0.0136017,-0.026502)
(-0.0138966,0.00848519)
(0.000336239,-0.0165278)
(-0.00555334,0.00884047)
(0.00870325,-0.0136728)
(0.000345966,0.00415559)
(0.00326038,-0.0109535)
(0.0117817,-0.0138843)
(-0.0149529,0.00887425)
(0.0182606,-0.00689148)
(-0.0244118,0.00979278)
(0.0163298,-0.000858863)
(-0.0420023,-0.00177639)
(0.01426,0.0134052)
(-0.0543331,-0.0110357)
(0.00572652,0.0148947)
(-0.0344006,-0.0182824)
(0.00485394,0.0173549)
(-0.0130845,-0.0212058)
(-0.00336369,0.01832)
(-0.00323295,-0.0159557)
(-0.00406176,0.0210461)
(0.00453541,-0.0066057)
(-0.00251322,0.0169844)
(0.000489343,-0.0123276)
(0.00115121,0.0031332)
(-0.000282668,-0.00699705)
(0.00907885,-0.0041294)
(0.000928418,0.000679946)
(0.0145444,-0.00802815)
(-0.0137534,0.0015555)
(0.0108611,0.00302962)
(-0.0301709,-0.00195493)
(0.00761236,0.00780838)
(-0.0309268,-0.0103628)
(0.00526316,0.00994984)
(-0.0222749,-0.0132904)
(0.000393046,0.00965114)
(-0.00584921,-0.00975705)
(-0.00384177,0.0149662)
(0.00441704,-0.00825881)
(-0.00105757,0.0146828)
(0.000707052,-0.00199431)
(0.00546751,0.0131309)
(0.00418573,-0.000481915)
(0.00031633,0.010045)
(0.00388367,-0.00755947)
(0.0072472,-0.00789556)
(-0.00354091,0.00509424)
(0.00804398,-0.006273)
(0.00169418,0.00500485)
(0.00579325,-0.00531323)
(0.00301022,0.014975)
(0.00784855,-0.00469895)
(0.00179582,0.0123093)
(0.000314054,-0.0055498)
(0.00484594,0.0147656)
(-0.0100889,-0.00897153)
(0.00738649,0.000656697)
(-0.0130868,-0.00141749)
(0.0108964,-0.00264495)
(-0.0101973,-0.00382177)
(0.00948299,-0.00526024)
(-0.0141405,0.000468822)
(0.00424785,-0.00441005)
(-0.0107276,-0.00417041)
(0.00285574,0.000914473)
(0.00546946,-0.000936663)
(-0.00447287,0.00234118)
(0.00452493,-0.00940006)
(-0.00313281,0.0100317)
(0.00872407,-0.0154134)
(-0.00161935,0.011213)
(0.0151259,-0.014926)
(0.0023339,0.0184878)
(0.00833072,-0.0169548)
(0.00156712,0.0199591)
(-0.00101221,-0.0132777)
(0.00885203,0.0145341)
(-0.000285926,-0.00882906)
(0.00470135,-0.00254613)
(-0.00565617,0.000202228)
(0.0133062,-0.00683138)
(-0.0148166,-0.0039497)
(0.0176699,-0.0184165)
(-0.00523738,7.44969e-05)
(0.00433489,-0.00602546)
(0.00251656,-0.00979505)
(-0.00742626,0.00375758)
(-0.00108102,-0.0108425)
(-0.00857911,0.00250238)
(0.0112783,-0.0224255)
(-0.00220524,0.00955764)
(0.0125628,-0.0256828)
(0.00302365,0.0128308)
(0.012439,-0.0250867)
(-0.0010985,0.0186176)
(0.00275722,-0.0196211)
(0.00630585,0.0158746)
(-0.00198824,-0.0110831)
(0.00354666,0.00300123)
(0.000376267,-0.0048541)
(0.00977607,-0.00484686)
(-0.00333817,0.00152474)
(0.0117924,-0.0131354)
(-0.0080548,-0.000192487)
(0.0123312,-0.0139205)
(0.00212055,-0.010743)
(-0.014562,-0.00242481)
(0.00329492,-0.0142723)
(-0.016225,-0.00244072)
(-0.000759864,-0.0227764)
(-0.00568767,-0.000437025)
(0.010281,-0.0250456)
(0.00839391,0.00485279)
(0.014657,-0.0275105)
(0.00260568,0.012203)
(-0.000374001,-0.0194477)
(0.00846399,0.0139272)
(-0.00758604,-0.00590501)
(0.0129225,0.00236025)
(-0.00414684,0.00392674)
(0.010766,-0.00362315)
(0.000106913,-0.00012143)
(0.0119419,-0.0154143)
(0.00187325,0.00531104)
(0.00762379,-0.014354)
(0.0122771,-0.000951003)
(-0.00941327,-0.000716705)
(0.00826031,-0.0129526)
(-0.0072467,0.00293064)
(0.00891178,-0.0116545)
(0.00133452,0.00336517)
(0.0105279,-0.0180065)
(-0.00129786,-0.0103501)
(0.0162604,-0.0139958)
(0.00373272,0.00348177)
(0.00141547,-0.00670752)
(-2.91262e-05,0.0116908)
(-0.00939247,-0.0013632)
(0.00864176,0.00543748)
(-0.00815304,0.00451893)
(0.0133316,-0.0122523)
(0.00389944,0.00337433)
(0.0168595,-0.0182642)
(0.00348037,0.00099815)
(0.00657572,-0.0134498)
(0.0147164,-0.00315957)
(-0.00110378,0.00580602)
(0.0239798,-0.00127393)
(0.000654546,0.00948722)
(0.0160656,-0.00552126)
(-0.00364478,-0.000578202)
(0.0196475,-0.000152654)
(0.00368842,-0.012452)
(0.0196242,0.000470643)
(0.00456039,-0.00922399)
(0.00972585,0.00520391)
(0.000442773,-0.00127546)
(-0.00187572,0.00646933)
(0.00433493,-0.00553681)
(-0.00120877,0.0103668)
(0.0130435,-0.0093107)
(-0.000840764,0.000186917)
(0.0182479,-0.0100237)
(0.00590833,-0.00209716)
(0.00985045,-0.00637554)
(0.00751862,-0.00807691)
(-0.00384018,0.0109454)
(0.0129898,-0.00804308)
(-0.00278302,0.0239652)
(0.0188646,-0.00464397)
(-0.00857829,0.0138544)
(0.0169501,0.00768251)
(-0.0116547,-0.0032513)
(0.0210121,0.0166146)
(-0.0061406,-0.0135083)
(0.0104169,0.0172127)
(-0.00938002,-0.00960628)
(0.00361629,0.0142891)
(-0.00328759,-0.00558071)
(-0.00812247,0.00902559)
(0.00931281,-0.00650532)
(0.00319246,0.0023278)
(0.0142374,-0.00767475)
(-0.00116869,-0.00358961)
(0.00789149,-0.00219901)
(0.0151938,-0.0123762)
(-0.006812,0.0100598)
(0.0164179,-0.0156484)
(-0.0156572,0.017007)
(0.0116647,-0.0059295)
(-0.0222243,0.0124465)
(0.013217,0.0108544)
(-0.0308063,-0.000315777)
(0.0014765,0.0240974)
(-0.0238615,-0.00777397)
(0.0064617,0.0262021)
(-0.01554,-0.012523)
(-0.0100113,0.0152431)
(-0.00639727,-0.0112808)
(-0.00821373,0.0184958)
(0.00172758,-0.0129519)
(-0.0151651,0.00976908)
(0.00310807,-0.0151505)
(-0.000162945,-0.00260501)
(-0.00312898,-0.00977511)
(0.0115354,-0.0123056)
(-0.00502551,2.83553e-05)
(0.0210082,-0.0135554)
(-0.0132628,0.00597206)
(0.0163792,-0.00455049)
(-0.0321439,0.000915589)
(0.00670875,0.00709391)
(-0.0348787,-0.00557279)
(0.00566168,0.0184263)
(-0.0226619,-0.0130844)
(-0.00388883,0.0251551)
(-0.00587965,-0.0176342)
(-0.00810448,0.0231588)
(-0.0012131,-0.0180866)
(-0.00483201,0.0185462)
(0.00845103,-0.0116386)
(-0.00455219,0.0090005)
(-0.001464,-0.0117554)
(-0.00249707,0.00948536)
(-0.00744749,-0.0122145)
(0.0104959,-0.00716262)
(0.000447703,-0.0013348)
(0.0103601,-0.0118937)
(-0.00538627,0.00311924)
(0.00900525,-0.0081223)
(-0.0141459,-0.00318709)
(0.00455201,0.00741662)
(-0.0178017,-0.00790625)
(0.00468128,0.0133207)
(-0.0111919,-0.0126818)
(-0.00263118,0.0127298)
(-0.00610722,-0.00961092)
(-0.00208009,0.015027)
(0.00414816,-0.0117175)
(0.00114364,0.0117434)
(0.00011617,0.00360962)
(-0.00101102,0.00853344)
(0.00400408,-0.00465002)
(-0.00423876,0.00517986)
(-0.0034027,-0.00724557)
(0.00581195,-0.000905035)
(0.000687151,0.00562733)
(0.00274318,-0.00368603)
(0.00348008,0.0104507)
(0.00177363,-0.00311916)
(0.00489331,0.00964716)
(0.00303581,-0.00104637)
(0.00376733,0.012748)
(-0.00219412,-0.00296555)
(0.00211154,0.00373317)
(-0.00659646,-0.0056502)
(0.00584745,0.00129543)
(-0.00295852,-0.00134947)
(0.00342934,-0.00339541)
(-0.00621307,-0.0024835)
(0.000454964,-0.000569279)
(-0.00235466,-8.80076e-05)
(-0.000582576,-0.000713999)
(-0.00237555,0.00255639)
(0.00247061,-0.00549696)
(0.00365393,-0.00859058)
(-0.00465064,0.00753698)
(8.96899e-05,-0.00848956)
(0.00228524,0.00857757)
(0.00557149,-0.00480637)
(0.0061797,0.0127191)
(0.0079828,-0.0111203)
(-0.000218809,0.00822906)
(0.00333366,-0.0122023)
(-0.000283641,0.0114046)
(0.00230678,-0.0121182)
(0.0039214,0.00278315)
(0.000142002,-0.00683045)
(0.00354932,-0.000180425)
(0.000568158,-0.00151333)
(0.00782312,-0.00376063)
(-0.00424579,0.0024586)
(0.00219356,-0.00182867)
(-0.0033991,0.000456568)
(-0.00101569,-0.00443102)
(0.00306475,-0.00698531)
(-0.00579845,0.00400138)
(-0.000971727,-0.0123392)
(-0.0075096,0.00573119)
(0.00407508,-0.013877)
(-0.0057011,0.00140511)
(0.014721,-0.020634)
(-0.000942174,0.0104124)
(0.00790177,-0.0199757)
(-0.00575446,0.0106508)
(-0.0037144,-0.0122778)
(-0.0036251,0.0140348)
(0.000885682,-0.00796393)
(-0.00769693,0.00061277)
(0.00214092,0.000125607)
(0.00776178,0.000714763)
(-0.00450634,0.00275718)
(0.0101109,-0.0100244)
(-0.00433988,0.0024886)
(0.00639626,-0.00803799)
(0.00039995,-0.00919634)
(-0.012599,-0.00351273)
(0.00301898,-0.0123671)
(-0.0121636,-0.00105487)
(0.00117139,-0.0154204)
(-0.00886674,-0.00293594)
(0.0054389,-0.0171693)
(-0.00338577,-0.000494907)
(0.00758099,-0.0163114)
(-0.00221167,0.00941176)
(-0.00221661,-0.0104012)
(-0.00293291,0.00740296)
(-0.0104927,-0.0034484)
(-0.000539991,0.00856553)
(-0.00359885,-0.00187548)
(0.00611075,-0.00182782)
(-0.00306068,0.00413747)
(0.01159,-0.00467714)
(-0.00155009,0.000907748)
(0.00071331,-0.00580381)
(0.00732225,-0.00634244)
(-0.0108804,0.00127433)
(0.00924044,-0.00952079)
(-0.00500238,-0.000480325)
(0.00641085,-0.0131681)
(-0.00248783,-0.00248775)
(0.00898465,-0.0152131)
(-0.00249105,0.00265893)
(0.00901154,-0.0105238)
(-0.00215383,0.00177502)
(-0.00212456,-0.0039571)
(0.00378063,0.00898165)
(-0.0143066,-0.000859348)
(0.00359546,0.00614442)
(-0.0027691,0.00522053)
(0.00646595,0.00164284)
(-0.00161239,-0.00290596)
(0.007343,-0.00490231)
(0.00214098,0.00203273)
(0.00442794,-0.00398628)
(0.0113932,-0.00141372)
(-0.00318897,0.002902)
(0.0140637,-0.00624353)
(-0.00337915,0.010378)
(0.0114254,-0.00478004)
(-0.00203168,0.0102074)
(0.0104603,-0.00982993)
(-0.00356038,-0.00389395)
(0.01078,0.00645102)
(0.00207892,-0.00280201)
(0.00468078,0.00971466)
(0.00454366,0.00140897)
(-0.00355902,0.010088)
(0.00620801,0.00322358)
(-0.00941721,0.00439362)
(0.00301771,-0.00283213)
(-0.00145779,0.00630465)
(0.00738955,-0.00715327)
(0.000942662,-0.000683194)
(0.00382544,-0.00141893)
(0.011184,-0.00453244)
(-0.00381729,0.0105254)
(0.00654548,-0.010949)
(0.00117092,0.0186731)
(0.00818651,-0.0117787)
(-0.000778232,0.0090008)
(0.0112124,0.000979943)
(-0.00405067,0.00405337)
(0.00518969,0.00572032)
(-0.00119798,-0.00931992)
(0.00426205,0.0148102)
(-0.000397265,-0.00576174)
(-0.00541694,0.0086961)
(0.00464292,-0.00714731)
(-0.00584974,0.00634128)
(0.00451566,-0.000495114)
(-0.0110398,0.00411263)
(0.00107203,-0.000134091)
(-0.00324561,-0.00322011)
(0.000367783,-0.00300823)
(0.00319425,-0.0119463)
(-0.00872036,0.008627)
(0.00943334,-0.0139377)
(-0.00765735,0.0110289)
(0.00873777,-0.0141935)
(-0.0129263,0.00870353)
(0.00164524,0.00282115)
(-0.0112807,-0.000842412)
(0.00160897,0.0157306)
(-0.00667306,-0.00372943)
(-0.00303431,0.0165991)
(-0.000413691,-0.0074633)
(-0.0039136,0.00809573)
(-0.0034642,-0.00821631)
(-0.0130209,0.00614783)
(-0.00193811,-0.0100466)
(-0.0127831,0.00356192)
(-0.00501021,-0.00610783)
(-0.00645332,-0.00289439)
(-0.0115956,-0.0031803)
(0.00922704,-0.0132796)
(-0.00372879,0.00625704)
(0.0139056,-0.0211485)
(-0.00144192,0.0045879)
(0.0114184,-0.0127622)
(-0.0121434,-0.000510708)
(0.00216928,-0.000279345)
(-0.0141436,-0.00274522)
(0.0047819,0.0134408)
(-0.00890692,-0.0118977)
(-0.000867153,0.0119674)
(-0.00616666,-0.00861919)
(-0.00450593,0.00934809)
(-0.00276804,-0.0160412)
(-0.00581332,0.00514213)
(-0.000944944,-0.00159589)
(-0.00696471,-0.000598078)
(-0.0101189,-0.0117714)
(-0.00877228,-0.00263373)
(-0.00802837,-0.00740114)
(0.00480501,-0.00930612)
(-0.00175655,-0.00446993)
(0.00746892,-0.0106865)
(-0.00128923,0.0039068)
(-0.00165132,-0.00700887)
(-0.00290123,0.00086723)
(0.00399255,-0.00191439)
(-0.00717965,-0.00393436)
(-0.00115435,0.00618571)
(-0.00358506,-0.00591543)
(0.00183044,0.00596924)
(0.0036945,-0.0115642)
(-0.0066228,-0.000175243)
(0.0025031,-0.00024149)
(-0.00177015,0.0014283)
(0.000249674,-0.00132377)
(-0.00378423,0.00423229)
(1.7352e-05,-0.00490066)
(-0.00348428,0.00295989)
(0.00183128,-0.00869013)
