(0.00317834,-0.0059953)
(0.00472753,0.00473056)
(0.0102211,-0.00256834)
(-0.0034848,0.00269794)
(0.00756287,0.000856675)
(0.0144723,0.00563375)
(-0.00817766,0.00645337)
(0.0113914,0.00260848)
(-0.011125,0.00251107)
(-0.0164304,0.00727812)
(-0.00278237,0.00344357)
(-0.00772202,0.00502069)
(-0.015452,-0.00132938)
(-0.00919033,0.00358909)
(-0.000280368,0.0145637)
(-0.00589533,-0.00713506)
(-0.0110646,0.00707995)
(0.00985878,4.48911e-05)
(-0.00899067,-0.00718847)
(0.00427333,0.00391673)
(-0.0126086,0.000961399)
(-0.00999555,0.0026434)
(0.00133325,0.00503769)
(-0.00574893,0.0056071)
(0.00175873,0.00339467)
(-0.00986,0.00419532)
(0.00523591,0.000957268)
(0.00465202,0.0058069)
(0.00898244,0.00601631)
(0.00381415,0.000191846)
(0.0217285,-0.000971154)
(0.0055648,0.00196919)
(0.00289605,0.0149292)
(-0.00714619,-0.00766934)
(0.00715594,-0.00467261)
(-0.0154031,0.00590585)
(-0.00772171,0.00602977)
(0.00673661,-0.00157776)
(-0.00807336,-0.000224828)
(0.00364719,0.00100416)
(-0.00212319,-0.00124145)
(0.0100377,0.00802046)
(0.00655213,0.00796556)
(-0.00981607,0.00367607)
(-0.00854741,-0.00520532)
(-0.00467199,-0.00138202)
(0.00771373,0.00636484)
(0.00061748,0.00454402)
(-0.00624033,-0.00293535)
(0.00905687,-0.000166717)
(-0.000204202,-0.00414523)
(-0.0254385,0.00804453)
(-0.0212799,0.00898101)
(-0.00493293,0.00686597)
(-0.00549461,0.00750746)
(-0.00651137,0.0121894)
(-0.0100298,-0.00609143)
(-0.0180354,0.0174538)
(-0.0091702,-0.0028411)
(-0.0153187,0.00964376)
(0.00652245,-0.000568566)
(0.00831878,0.000203309)
(-0.00661278,-0.0039972)
(-0.00803121,0.00383408)
(0.00664732,-0.00429362)
(-0.0165238,0.00887539)
(-0.00960272,-0.0050044)
(-0.00306379,0.000515006)
(0.0124398,0.00232117)
(0.00142725,0.0044851)
(0.000460889,-0.00349032)
(-0.000837669,-0.00351401)
(-0.00293658,0.00419084)
(-0.00248395,0.000275984)
(-0.0183879,0.00523517)
(0.014387,0.0111463)
(-0.0235721,0.00416216)
(-0.0104073,0.00681601)
(-0.0064535,-0.00316254)
(0.00136142,-0.00174324)
(0.0109698,-0.000629623)
(0.00927845,-0.0100526)
(0.000790625,-0.00480515)
(-0.00586941,0.0152349)
(0.0151463,0.00102313)
(0.00385737,0.00803874)
(0.000557817,-0.0101413)
(-0.00380889,0.00495717)
(-0.0148204,0.00615349)
(-0.00229138,0.000816006)
(0.0145055,-0.00524825)
(0.00186466,0.0015956)
(0.00639959,-0.00545002)
(0.0303346,0.0116183)
(-0.00438831,0.000395695)
(0.0179318,-0.00160543)
(-0.00805188,-0.00543922)
(-0.0135313,0.00775894)
(0.0144025,-0.00224621)
(0.0197827,-0.00433931)
(-0.0128831,0.00733984)
(-0.00934141,-0.001476)
(0.00873305,-0.00212589)
(0.00806154,-0.00283074)
(0.0010277,-0.00153085)
(0.00349801,0.00472245)
(0.0108629,0.0154885)
(-0.00682262,-0.00145726)
(-0.00556963,0.000504865)
(0.00968383,0.00694579)
(-0.0146642,0.00286279)
(-0.00251269,0.000693251)
(0.00856588,-0.00502973)
(-0.0117246,0.00697999)
(-0.00443481,0.00245037)
(-0.00937935,0.00948879)
(-0.0114541,-0.000865421)
(-0.0128283,0.00481383)
(0.00650721,0.00276586)
(-0.0102395,0.00967242)
(0.00133462,-0.000414827)
(-0.0174351,-0.00457068)
(-0.000461635,-0.0033049)
(-0.00531367,0.00160947)
(0.000182386,0.00823938)
(0.00629383,-0.00486885)
(0.00749001,-0.00254282)
(-0.00311951,0.0110511)
(-0.00267247,0.0122188)
(-0.00444174,-0.00219226)
(0.0337392,0.00176043)
(-0.00218676,-0.00671137)
(-0.0117319,-0.005436)
(-0.00971719,-0.00238603)
(0.000709629,-0.000829949)
(-0.0067573,0.000218733)
(0.011272,0.0107798)
(-0.00447687,-0.00562407)
(0.0104755,0.00974274)
(0.00472524,0.00161394)
(-0.00461609,0.00612998)
(0.00645716,-0.00198112)
(-0.00745958,0.00651449)
(0.0184228,-0.0139594)
(-0.0077602,-0.00420346)
(0.0222781,-0.005649)
(0.000392568,0.0044333)
(0.00267459,-0.00471985)
(0.00496581,0.00638822)
(0.0014301,0.00486035)
(-0.0123838,-0.0035032)
(0.000676192,0.000762646)
(0.00626911,0.00483036)
(0.00525883,-0.00366939)
(-0.00938229,-0.000374183)
(-0.00534135,-0.0140325)
(-0.00312697,0.0083619)
(0.00220614,0.00596579)
(0.00183965,-0.000527919)
(0.00788274,-0.0106254)
(0.00137496,-0.00285976)
(-0.00253173,-0.000578144)
(0.0063494,-0.00339359)
(0.00395169,-0.00477843)
(0.00769262,0.00419269)
(-0.00144123,-0.00735378)
(-0.00166406,0.00728475)
(-0.00590379,-0.00383775)
(-0.00552015,-0.00808219)
(0.00954431,-0.0056999)
(0.00620929,0.00269715)
(0.00320435,0.00578354)
(-0.00977989,-0.00471003)
(-0.019293,-0.00686262)
(-0.0136859,0.00395409)
(-0.020195,-0.01018)
(0.00120328,-0.00252245)
(-0.0169841,0.00441872)
(-0.0134816,0.0117932)
(0.00570707,-0.00647499)
(-0.0106131,0.00917878)
(-0.0163579,-0.00807428)
(0.00704852,-0.00624988)
(0.00859533,-0.00600058)
(-0.00911993,0.00792062)
(0.0043125,0.00202216)
(-0.000893109,0.0051351)
(-0.00177169,0.00459156)
(-0.0114722,-0.000261742)
(0.00655913,0.0120427)
(-0.00599139,-0.00078392)
(0.0107565,-0.00242138)
(0.00412022,0.00656117)
(0.0153158,-0.0075817)
(0.0138157,-0.0091401)
(0.0152899,0.000547666)
(0.00966043,0.0060344)
(0.0339497,-0.00399946)
(-0.00675675,-0.00643111)
(0.0231663,-0.000320422)
(0.00656535,0.00363294)
(0.00190495,0.000779089)
(-0.00555345,0.00373924)
(0.0042649,0.00366859)
(0.00986217,-0.00344726)
(0.00175402,0.0106603)
(0.0150432,0.00966401)
(0.0122756,0.0189553)
(0.0126848,0.00974828)
(-0.0111129,0.00232563)
(0.00371652,0.000885437)
(0.00651709,0.0140825)
(-0.0239827,0.00086278)
(-0.0159751,-0.00482971)
(0.000785019,-0.00134537)
(-0.0156453,0.000146881)
(0.00402684,0.00209686)
(0.0189201,-0.00221617)
(-0.00434828,-0.00104604)
(0.00794949,0.00237992)
(-0.00830571,-0.000409242)
(0.00387882,0.008828)
(0.00318107,0.00559983)
(-0.00339959,0.00717715)
(0.00504921,0.00582889)
(-0.00681959,0.0106005)
(0.0128102,-0.00229949)
(-0.00481763,0.00274827)
(0.00035382,0.00225379)
(-0.00184243,0.00512805)
(-2.97721e-06,0.00680875)
(-0.00958247,0.00171906)
(-0.0118226,0.00531726)
(-0.00429851,-0.00278086)
(0.00929837,0.0055177)
(0.00793115,0.00494348)
(0.00360253,-0.00099768)
(0.0238639,-0.00139466)
(0.0146454,0.00432898)
(-0.00856738,0.00206737)
(0.0118732,0.0075542)
(-0.00119801,0.000209419)
(-0.00590399,0.0126377)
(-0.0101173,0.00445091)
(-0.0147276,0.0110911)
(-0.00651245,0.00427184)
(0.0102996,-0.00655433)
(-0.0211626,-0.00644123)
(0.0146008,-0.00205374)
(0.00775476,0.0136339)
(-0.00632412,0.00352997)
(0.00471738,0.00567048)
(0.0110827,-0.00163564)
(0.000164025,-0.00196556)
(-0.0160575,0.00851284)
(-0.00856407,0.00345416)
(-0.0216158,0.000949058)
(0.00252843,0.00928209)
(0.00732487,-0.00897453)
(0.00641262,-0.00900611)
(0.000981255,0.00905167)
(-0.000117582,-0.0105444)
(0.0106623,0.0128088)
(-0.0196262,-0.00505424)
(-0.00465716,-0.000757621)
(-0.00932691,-0.0142409)
(-0.00698846,-0.0177137)
(0.0165362,0.0142596)
(0.0059614,0.00851239)
(-0.0166838,-0.00219211)
(0.000539783,0.00422347)
(-0.00841891,-0.00947385)
(0.0160564,-0.00624585)
(0.00342085,0.000805517)
(0.0184631,0.00496487)
(0.00368569,-0.0116751)
(-0.0120755,0.00778169)
(-0.0124496,-0.0030612)
(-0.0108814,-0.00324932)
(-0.00472809,0.00580205)
(-0.000506692,-0.000245106)
(0.00688514,-0.00594096)
(-0.00490426,0.00424447)
(-0.0112187,-0.00764679)
(0.00240264,0.00214884)
(-0.00801158,0.00381902)
(0.0190522,0.0113704)
(-0.0307609,0.00967469)
(0.00995946,-0.0119936)
(0.00166431,0.00529191)
(0.019672,-0.00890784)
(0.00492849,0.00993919)
(-0.0240073,0.000152746)
(-0.0138596,0.0102789)
(-0.00609558,0.00250469)
(0.00785514,-0.000655519)
(0.0255953,0.00396699)
(0.0139234,-0.00332245)
(-0.00618757,-0.00191174)
(-0.00248212,-0.00349043)
(-0.00707423,-0.00430359)
(0.0165477,-0.00833779)
(0.0043827,0.00426498)
(0.00267946,0.00226524)
(0.0221297,0.0026922)
(0.0013969,-0.0182046)
(-0.0195941,0.00197237)
(-0.0227016,-0.00748674)
(-0.014709,0.00349632)
(-0.0028292,0.00105016)
(-0.00733068,0.0167965)
(-0.0114364,0.00902866)
(-0.0115178,-0.00621813)
(-0.0114428,0.00285332)
(-0.00629494,0.00280966)
(-0.00547607,0.00499374)
(0.00319107,-0.00537586)
(-0.0247268,0.00492058)
(0.00479807,0.00160701)
(0.015905,0.00310508)
(-0.00211112,0.00280497)
(-0.00858119,-0.00113974)
(0.00905414,0.00753958)
(0.00452134,-0.0116804)
(0.00136283,-0.00600839)
(-0.0145599,0.00612867)
(0.0058962,-4.99391e-05)
(-0.0282179,-0.00322201)
(0.0174334,0.0047501)
(0.00727188,0.00889601)
(-0.00418096,0.0010487)
(0.0173072,-0.00826612)
(-0.00730112,0.0115163)
(0.00816121,0.0115681)
(0.00650805,0.00401629)
(0.00786332,-0.0100628)
(-0.00500325,0.000661829)
(-0.00437581,-0.00454028)
(-0.00707379,0.00079665)
(0.00170759,0.0086436)
(0.00641433,0.00056851)
(-0.00352005,-0.00648811)
(-0.00520651,0.00214306)
(0.00375769,-0.00348344)
(-0.00317754,-0.00633011)
(0.00759433,-0.00419309)
(-0.00920667,-0.00197176)
(-0.00561519,0.00779334)
(0.00117031,-0.012778)
(-0.000839513,-0.0120529)
(-0.00172702,0.00486526)
(-0.000504365,0.00258444)
(-0.00653998,0.00174271)
(0.00293614,-0.00797684)
(0.00355061,0.00120655)
(0.0107005,-0.00960743)
(0.0126775,0.00408152)
(0.00676466,-0.00957162)
(0.0184514,0.00493784)
(-0.0137109,0.00728867)
(0.00921389,0.00368734)
(0.00177945,0.00286691)
(0.00310757,0.00224465)
(0.00913698,-0.00390189)
(-0.00715218,-0.0149402)
(-0.00112876,-0.0183703)
(0.0117522,-0.00628472)
(0.00242684,-0.0031962)
(-0.0122718,0.0116174)
(0.0122238,0.00183916)
(-0.018218,-0.00284226)
(0.00280978,-0.00929379)
(0.00202658,0.0100699)
(0.000540565,-0.0211694)
(-0.00296987,-0.00178803)
(0.00635377,-0.00419609)
(-0.0164766,0.000785612)
(-0.0187079,-0.00662544)
(-0.00704032,-0.00414268)
(-0.00797235,-0.00357235)
(-0.0122546,-0.00391612)
(0.00388594,-0.00107316)
(0.0082877,0.0105709)
(0.0058574,-0.00497293)
(0.00873137,0.00550691)
(-0.0155363,0.000342156)
(-0.0127771,0.00544339)
(-0.0024544,0.00182979)
(-0.00853608,-0.00324813)
(-0.00558356,-0.00196876)
(0.0154268,0.00446524)
(-0.0189264,0.00681565)
(0.00879155,-0.00770135)
(-0.00176674,-0.00544273)
(-0.00269585,0.00725937)
(0.000468198,-0.00558908)
(0.00408278,-0.0012134)
(0.0018073,0.00535674)
(-0.00306622,5.02579e-05)
(-0.00963635,-0.00426393)
(-0.000386413,-0.00770367)
(0.00359179,0.00173081)
(0.00126115,-0.00540997)
(-0.00300915,0.00733853)
(0.00529352,-0.00384801)
(0.0139282,0.00466717)
(0.0244868,-0.00125298)
(-0.00675751,-0.00306243)
(0.0158816,0.00541712)
(0.00337488,0.0148837)
(0.00572963,0.00393933)
(0.00376152,0.0119049)
(0.00299284,-0.00254219)
(-0.0171631,-0.0102703)
(0.00435656,-0.00195844)
(-0.0312465,0.000198509)
(-0.021183,-0.000448266)
(-0.0163317,-0.00297482)
(-0.000830481,-0.00246189)
(0.00740585,0.00035254)
(0.0279673,0.00447696)
(-0.00369985,0.0106667)
(-0.00188784,-0.0119642)
(-0.0015968,0.0214812)
(0.00059679,0.00313403)
(-0.00501483,0.00996746)
(0.0151771,-0.0154627)
(-0.00976739,-0.00207357)
(-0.00745991,0.00600893)
(0.00188711,0.0122798)
(-0.0245215,0.0104936)
(0.00910265,0.0187618)
(0.00217053,-0.002596)
(-0.00710591,-0.000700322)
(-0.00970171,0.0166781)
(-0.0100845,-0.00308054)
(-0.0206475,0.00478482)
(-5.8781e-05,-0.00174103)
(-0.00451077,0.000690816)
(0.01012,-0.00366967)
(-0.00660455,0.00328078)
(0.0049832,0.0158624)
(-0.00187241,0.0126139)
(0.00678308,0.00850127)
(-0.00909039,-0.0117319)
(-0.00490905,-0.01845)
(0.00418808,-0.014765)
(0.0215666,0.0242026)
(0.00368416,0.0144712)
(0.0146379,-0.00100445)
(0.00395825,0.0247591)
(0.00251869,0.00261107)
(0.0120377,-0.00281121)
(0.00322319,0.00266029)
(0.00304145,0.00383916)
(0.00173217,-0.0150709)
(-0.0250296,0.0107788)
(0.0150837,-0.0111214)
(-0.0137348,0.00735239)
(-0.00549994,-0.000779571)
(0.0123963,0.00207132)
(-0.00383318,-0.00530708)
(0.017021,0.00204158)
(-0.00697366,-0.00224611)
(-0.00482544,-0.0167155)
(0.0266931,0.0124252)
(0.00332991,0.0257956)
(0.0283921,-8.02883e-05)
(-0.00622289,0.00370664)
(-0.0136293,-0.00204103)
(-0.0254255,-0.0124477)
(-0.00823626,-0.0108023)
(-0.0287609,0.00816849)
(0.00405894,0.00411202)
(0.0199421,-0.000402859)
(0.0182313,0.00439217)
(-0.0037333,0.00471002)
(-0.00688024,-0.000409676)
(-0.0233469,-0.00274735)
(0.0152561,-0.00139315)
(-0.015653,0.00531986)
(-0.00255017,-0.000125679)
(0.0116921,-0.00746172)
(-0.0158064,-0.00230488)
(-0.016084,0.00435724)
(-0.0159329,0.00187101)
(0.0177496,0.00402756)
(-0.0256702,0.00270278)
(0.00937683,0.012331)
(0.00280613,0.000781533)
(-0.0264346,0.0204374)
(0.0174864,0.00732751)
(-0.00316599,0.0143127)
(-0.0145696,0.0122857)
(-0.015638,0.00455699)
(0.0154983,0.00687391)
(0.00931791,0.00122105)
(0.00119963,-0.00215611)
(-0.0246315,-0.00528167)
(-0.00383295,-0.000954817)
(0.017318,0.00184916)
(0.00543254,-0.00245149)
(0.00649917,-0.011687)
(0.0125581,-0.00843036)
(-0.0195326,0.00969197)
(-0.0153091,-0.0063654)
(-0.0127402,0.00168122)
(0.00742565,-0.0075205)
(0.00463263,0.0104454)
(-0.000391329,0.00544838)
(-0.00833756,-0.00915335)
(-0.00267307,-0.0128998)
(0.00254669,0.0119883)
(0.00975305,-0.0151074)
(-0.000248061,-0.0064363)
(-0.000190568,-0.00113509)
(0.0142463,0.0142362)
(-0.000657671,-0.000495737)
(-0.00859187,0.00502374)
(-0.00820098,0.00457025)
(0.00898978,0.00868297)
(0.0148294,-0.00275519)
(0.013305,-0.00069075)
(0.00773023,0.0151042)
(-0.00387228,0.00445512)
(-0.00348538,-0.00703584)
(0.0376894,0.011937)
(-0.024937,-0.0335896)
(0.0351586,-0.0177626)
(0.000222578,0.0198701)
(-0.01746,-0.00283151)
(0.00108099,0.0127559)
(-0.0140742,-0.00309432)
(-0.0251053,-0.0371245)
(-0.0120072,0.0287344)
(-0.00317346,0.00968292)
(-0.00550613,0.00398626)
(-0.00146442,-0.0146884)
(-0.0177886,-0.00401908)
(0.00618813,-0.00201018)
(0.00404158,0.00326601)
(0.014498,0.00433718)
(-0.0070242,0.0104042)
(0.00345041,0.000464822)
(0.000209009,-0.00772532)
(-0.00539683,0.0189639)
(0.0113536,-0.00464765)
(0.0097984,-0.00283545)
(0.0123774,-0.00565005)
(-0.00149173,0.00891766)
(-0.00675599,-0.000830068)
(0.00518218,-0.00830514)
(-0.012489,0.0180022)
(0.00268254,0.010745)
(-0.0161615,0.00459246)
(-0.0104455,0.00970175)
(0.00227445,-0.00479513)
(0.00537483,-0.0086036)
(-0.00702825,-0.00498449)
(0.00450543,-0.0124498)
(0.00115662,-0.00805208)
(0.0196731,0.00185775)
(0.00674111,0.000721529)
(0.0177105,-0.00752991)
(0.0113852,-0.00117567)
(0.0122432,0.00615403)
(0.00915137,-0.00484865)
(0.00346075,0.008661)
(0.00433551,-0.00164116)
(0.0286517,-0.00913684)
(-0.0113845,0.0128077)
(-0.00373711,-0.00605208)
(-0.00976382,-0.00170412)
(-0.00365302,0.00684083)
(-0.00427619,-0.00237177)
(0.00316808,-0.0132328)
(-0.0179913,0.0099808)
(0.00934801,-0.00946156)
(0.0163502,0.000181397)
(0.00598143,0.00414451)
(-0.00947778,0.00775382)
(-0.00912534,0.00217029)
(-0.0027902,0.00172926)
(0.0143107,0.0106219)
(0.0168341,0.00139507)
(-0.00561825,-0.00701322)
(-0.000167398,-0.00129473)
(0.00473105,0.0131177)
(-0.0130177,0.00723192)
(0.00542313,-0.00269782)
(-0.00549917,0.00218005)
(0.00426744,-0.000410592)
(0.00193232,0.000715304)
(-0.00523549,-0.00453067)
(-0.00764758,0.000777378)
(-0.0044203,0.00050148)
(-0.0161818,0.00326521)
(-0.0126949,-0.00327086)
(0.0108973,0.000985823)
(0.0053534,-0.00261759)
(0.0136832,0.00274791)
(0.0131951,-0.00245306)
(0.00337982,-0.0065749)
(0.0185514,0.00639312)
(0.00136014,0.000316356)
(-0.0123825,-0.00378771)
(-0.00450546,-0.0140323)
(-0.0116584,-0.00360802)
(0.0160691,0.00355377)
(0.00474936,-0.00128724)
(0.00247694,-0.00414113)
(0.0069348,0.00778264)
(0.0152839,-0.00433471)
(-0.00951956,0.004217)
(0.0176375,0.00110641)
(-0.0181203,0.00103187)
(-0.0118323,0.00044722)
(0.000197896,0.00363748)
(0.00643656,-0.00206497)
(0.0166555,-0.000295458)
(0.016626,-0.00469968)
(-0.0101714,0.00392157)
(0.000116922,-0.0077493)
(-0.00178626,0.00329121)
(-0.00253038,-0.0194659)
(0.003547,-0.000401666)
(-0.0126714,-0.0107426)
(0.00723356,0.0143368)
(0.0120634,-0.000855734)
(0.020719,0.00877087)
(0.00134111,-0.00271385)
(0.00272956,0.0109805)
(0.00763163,-0.00194855)
(-0.0033091,-0.00325132)
(-0.000167989,-0.00723248)
(-0.0112497,0.00372047)
(-0.00515754,0.00165422)
(-0.000553611,-0.00051029)
(0.00192761,0.00500307)
(0.0159961,-0.000349355)
(-0.0142302,0.00243457)
(-0.0108812,0.00543278)
(-0.0163018,-0.00789357)
(0.00391577,0.0051582)
(0.00988722,-0.0190047)
(0.00540793,0.0310173)
(0.0328644,0.0135012)
(0.00416993,0.00620268)
(0.0159245,-0.00198315)
(-0.0341626,0.00584167)
(-0.0126619,-0.0113894)
(-0.0225936,0.0051191)
(-0.00790104,-0.00148551)
(0.0134341,0.00575208)
(0.0092657,0.000816641)
(0.00599386,-0.00186352)
(0.000852761,0.000841534)
(-0.00367169,-0.00498967)
(-0.00234243,-5.941e-08)
(0.0126652,-0.000305454)
(-0.00852259,0.00067094)
(0.00405689,0.00346057)
(0.000135118,-0.00892975)
(0.0202165,0.00747757)
(0.00123447,0.00678055)
(0.0156007,0.0193838)
(0.0661325,0.0538093)
(-0.0862872,-0.0178044)
(0.0536829,-0.0402323)
(-0.0410311,0.0621452)
(-0.0197657,-0.0980912)
(0.0431159,0.0340809)
(-0.104881,-0.00539576)
(-0.0279236,0.00949834)
(-0.0163026,-0.00559218)
(0.00157986,0.0103982)
(0.0219589,-0.00768985)
(0.00984525,0.00504723)
(0.00310926,-0.00256815)
(0.00894363,-0.00300088)
(-0.00273927,0.0027074)
(-0.00991881,-0.00270872)
(0.0186823,-0.0101242)
(-0.0118123,0.00539678)
(0.0120261,0.0180335)
(-0.0325903,0.0235401)
(0.0624799,-0.0747687)
(-0.0579779,-0.00988916)
(-0.0104289,-0.0222641)
(0.00195979,0.0211087)
(0.00618518,0.0067402)
(0.00311732,0.0136652)
(0.0621252,0.0512821)
(-0.0252442,0.0219283)
(-0.0119612,0.0130396)
(0.0116415,0.0275592)
(0.00226938,-0.0091912)
(-0.00094114,0.00521624)
(0.00798472,0.00620412)
(0.0161793,0.0128652)
(0.00338814,-0.00233124)
(0.00276548,0.000700058)
(-0.000586626,0.00332436)
(-0.00518034,-0.0076833)
(-0.00327615,-0.00781824)
(0.012872,-0.00259073)
(-0.021481,-0.111652)
(0.172162,-0.00504509)
(-0.0097497,0.00111342)
(0.046414,-0.0155392)
(0.00292465,0.014174)
(0.0228215,-0.0211611)
(0.0857262,0.0363133)
(0.0952408,0.00877432)
(0.0135404,-0.0103865)
(-0.000230737,-0.0169336)
(-0.000217169,-0.00384618)
(-0.0190364,-0.000273404)
(0.00255896,0.0015039)
(0.0031099,0.00190268)
(-0.000803361,-0.00980371)
(0.0102623,0.00262667)
(-0.0152193,-0.0014347)
(-0.00189887,-0.0100505)
(0.0153402,0.0241022)
(-0.0162926,-0.0263467)
(0.0307424,-0.0444089)
(0.00200409,0.0271981)
(-0.0330064,0.00867671)
(0.00208627,0.056857)
(0.0228545,0.0367059)
(0.0394012,0.0344671)
(0.0527719,-0.0459213)
(-0.0690093,-0.0275624)
(-0.0108401,-0.0117905)
(-0.0172824,-0.0298833)
(-0.00611871,0.0135822)
(0.0151779,-0.00519937)
(0.00664311,-0.00483923)
(0.0166618,-0.00102881)
(0.014587,-0.00658292)
(-0.00238101,-0.00023288)
(-0.0194116,0.00599606)
(0.00172929,0.0140998)
(0.0019149,0.0198954)
(0.00333611,0.00357643)
(0.0331013,0.0118498)
(0.0219196,-0.0331827)
(0.0203556,-0.00594494)
(0.0205271,0.0151022)
(-0.00281943,0.00352571)
(0.0156544,0.00419377)
(-0.015822,-0.013552)
(-0.0198664,-0.0432367)
(-0.0150632,0.0117929)
(0.0120308,0.0034935)
(-0.0159695,-0.0105364)
(0.0083062,0.00173206)
(0.00727216,-0.0100454)
(0.000231309,0.00513946)
(-0.00823512,0.00511796)
(0.00505071,-0.0053617)
(0.0127918,-0.00765616)
(0.000700092,-0.00698827)
(-0.0194893,-0.00377801)
(0.00436736,0.0159323)
(0.00443485,0.00366777)
(0.0228594,-0.00873215)
(-0.00881841,0.00136037)
(-0.000609319,0.000579274)
(-0.0087829,-0.00929668)
(0.0114916,-0.0134046)
(-0.00634032,0.0128213)
(0.0218151,0.000956319)
(-0.0124889,0.000939283)
(0.010708,0.00639592)
(-0.0016557,-0.00536216)
(-0.000354663,-0.000629082)
(0.016344,-0.00649499)
(-0.016419,-0.00890277)
(-0.0112942,-0.0113422)
(-0.00211429,0.00479226)
(0.00922944,0.0137928)
(-0.000876733,-0.00123113)
(-4.64553e-05,0.00117708)
(-0.0153544,0.00419063)
(-0.0116022,0.00312139)
(0.00229017,0.0067864)
(-0.00801836,-0.000463422)
(0.0264755,0.0023016)
(0.00227812,0.00385197)
(-0.0188902,-0.00099389)
(-0.019791,0.00078032)
(0.00180582,0.00254034)
(0.00752142,0.000606994)
(0.00644196,0.00657308)
(0.000448694,0.00583791)
(-0.00448602,-0.00532035)
(0.0119099,0.00208232)
(-0.00358949,-0.000174715)
(0.0106297,0.00917993)
(0.0135408,-0.00496088)
(0.0128136,0.00108845)
(-0.00576354,-0.00972648)
(0.0178455,-0.00699906)
(-0.0218002,-0.00779658)
(0.0163014,-0.00646265)
(-0.00504643,-0.00646954)
(0.0091806,-0.00192636)
(-4.59162e-05,0.00165909)
(0.00701845,0.00135878)
(0.00306392,0.0021348)
(0.0054004,-0.00146866)
(-0.00347176,0.00148672)
(0.0109835,-0.00319254)
(-0.00272605,-0.00286172)
(0.00749011,0.00179029)
(0.0099242,0.00773115)
(-0.00914753,-0.00156451)
(0.013206,0.0022133)
(0.0195569,0.0034877)
(-0.00513029,-0.00313621)
(0.012392,-0.000631052)
(-0.0137924,0.00316191)
(0.000563272,0.00121162)
(-0.000322439,-0.00461451)
(0.012309,-0.00369831)
(0.00166533,-0.00121432)
(0.000325166,-0.00198209)
(-0.00720108,0.00647259)
(-0.0232977,-0.00768089)
(-0.00899759,0.0193905)
(0.00573455,0.00210926)
(-0.00308441,0.0147697)
(0.0137102,0.00789816)
(0.0214359,0.00367123)
(0.00287864,0.00258732)
(-0.00284403,0.00656864)
(-0.00489098,-0.00261271)
(-0.00661437,0.00522653)
(-0.00436883,0.00447626)
(0.00670479,0.00810428)
(-0.00966349,0.00807723)
(-0.0079085,0.00329664)
(0.0137849,-0.00764644)
(0.00126023,0.00413542)
(-0.0104708,0.0186617)
(-0.0242235,-0.0042731)
(0.00811715,0.0102792)
(-0.01273,0.00857287)
(-0.0171307,0.0003795)
(0.00242284,0.0322359)
(-0.0220049,-0.000562218)
(0.0140454,0.00138924)
(0.0130029,0.00204504)
(0.012597,0.0189368)
(-0.00641421,-0.00586522)
(-0.0250351,0.00265298)
(-0.0189756,-0.00498622)
(-0.0129216,0.00160199)
(0.012073,0.0122118)
(0.00325511,-0.00552063)
(0.0251822,-0.00433215)
(0.00804944,0.00460735)
(-0.0177027,0.0127586)
(0.0173538,-0.0129335)
(-0.0197034,0.0779452)
(-0.00748785,-0.0720253)
(0.0167602,-0.00610751)
(0.00684087,0.00577588)
(-0.00304768,-0.0110947)
(0.0106338,-0.00359658)
(-0.0413948,0.0552422)
(0.0279057,0.051769)
(-0.0120516,-0.0135239)
(0.0266324,-0.0230978)
(-0.0127458,0.00642364)
(0.00296454,0.00941449)
(0.00888784,0.0146389)
(0.000505327,0.00843565)
(-0.0043509,-0.00818692)
(-0.000674364,0.00739169)
(0.00368999,0.00534391)
(0.0372949,-0.00398262)
(-0.000208661,-0.0178266)
(0.0146546,0.00589852)
(-0.00909384,-0.0112224)
(-0.00867445,0.00893534)
(-0.0221576,0.0110603)
(-0.019756,-0.00062431)
(0.00130501,0.00766819)
(-0.0117098,0.00205109)
(0.0225827,-0.00209165)
(0.0147277,-0.0287044)
(-0.00197027,-0.00479793)
(0.0225603,0.0193441)
(0.0165378,-0.00387368)
(0.0125209,0.00359621)
(0.013603,-0.00336161)
(0.00534804,-0.00221346)
(-0.011121,0.00827863)
(-0.00205919,-0.00536236)
(0.00648401,-0.0063136)
(-0.00037742,-0.000965076)
(0.0134996,0.00288173)
(0.0147673,0.0131672)
(0.00598795,0.00867608)
(-0.00427654,0.00210998)
(0.0127335,0.0145355)
(0.0082432,-0.00115393)
(-0.00754084,-0.0042106)
(-0.0213044,-0.00348752)
(-0.0317879,0.0324616)
(0.0174685,0.0389295)
(-0.0116748,-0.0231791)
(-0.0103739,-0.00203748)
(0.008379,-0.00123653)
(0.00225517,0.00886161)
(0.0384389,0.00532737)
(0.00133679,0.00222518)
(0.00389006,-0.00416332)
(0.00295564,-0.002938)
(0.0327368,-0.00509825)
(0.0190823,-0.00733527)
(0.00605699,-0.0190113)
(-0.0168964,-0.0105414)
(-0.121546,0.00900925)
(-0.183908,0.0672592)
(-0.0283027,0.0276931)
(-0.0138925,-0.00947073)
(-0.00474892,-0.00725693)
(0.016183,-0.00393854)
(0.0465294,0.0953579)
(-0.0809063,0.0598264)
(0.0298188,-0.0237779)
(-0.0433128,-0.00821889)
(-0.00779115,-0.00180597)
(0.00887617,0.00618017)
(-0.00247588,-0.00193155)
(0.0262026,0.00208756)
(-0.00807923,-0.00868885)
(0.0225127,-0.00339015)
(-0.00797988,0.0136414)
(-0.00495145,0.00412273)
(0.0355361,-0.0050154)
(0.0452616,0.00556831)
(0.0132397,-0.00996228)
(-0.00530428,-0.0290811)
(0.00998594,0.00455801)
(-0.000682896,0.00191179)
(-0.00432655,-0.00266672)
(0.00495191,-0.0187332)
(0.0341539,-0.00403876)
(-0.0328165,-0.0049399)
(-0.010019,-0.00421634)
(0.0258097,-0.00372801)
(-2.98721e-05,0.00840951)
(0.0136007,0.00969979)
(-0.00292311,-0.00417464)
(0.00272565,-0.0033241)
(0.00146336,-0.0140355)
(0.00223308,-0.00172281)
(-0.0209876,0.000973793)
(-0.0111975,0.00234329)
(-0.00163267,-0.00491224)
(0.00340578,-0.00425987)
(0.0162018,0.00634214)
(0.0160182,0.00582881)
(-0.00693429,-0.00616107)
(-0.0116305,-0.01632)
(0.0129495,0.00656234)
(-0.001852,0.00173586)
(-0.00501957,0.00232106)
(0.0120797,-0.00606339)
(-0.00212395,-0.00310748)
(0.0055525,0.00368698)
(-0.0196972,-0.00346236)
(-0.0181856,0.000304664)
(0.00137272,0.00335885)
(-0.000527021,0.00107892)
(-0.00524136,0.00449742)
(0.000983666,0.00534211)
(-0.00867435,-0.00169842)
(-0.00544877,-0.00664413)
(-0.0238052,0.00869418)
(-0.00013623,0.0096307)
(8.41014e-05,0.00870324)
(-0.00399226,-0.00528469)
(0.00408718,-0.0076118)
(0.000993207,0.00939038)
(0.0176699,0.00254228)
(-0.0114218,-0.00123272)
(-0.0165473,0.00556108)
(0.00219146,0.00302488)
(0.000629988,0.00352193)
(0.0117348,-9.97649e-05)
(0.00778926,5.97522e-06)
(-0.010444,0.00336864)
(0.00173812,0.00502995)
(-0.00763459,0.000882551)
(-0.00791347,0.0113271)
(0.00883432,-0.00714917)
(-0.00191329,-0.00686603)
(-0.000663241,-0.00132639)
(0.0145681,0.00356714)
(-0.00169985,-0.0107751)
(0.0239809,-0.0162524)
(-0.00324511,-0.00249879)
(-0.014941,-0.00225215)
(0.0145188,0.0046153)
(-0.00509235,-0.000223195)
(0.00196056,0.000931457)
(-8.03544e-05,-0.00961514)
(0.00763278,0.0079642)
(-0.00243906,-0.0108991)
(-0.00650985,0.0073687)
(-0.0181978,0.000759314)
(0.0112285,-0.000254043)
(-0.0135375,-0.0123098)
(-0.0056359,-0.00097752)
(-0.00785403,-0.00417355)
(0.0198304,-0.00728449)
(0.00525991,0.00398735)
(0.00359013,-0.00733941)
(-0.00804486,-0.00657254)
(0.0209394,-0.00643998)
(-0.0163772,-1.82229e-05)
(0.00802835,0.00387561)
(-0.00673178,0.00588092)
(-0.018805,-0.0097448)
(-0.00874618,0.00640118)
(0.0059694,0.0126272)
(0.0100926,0.00788056)
(-0.0229294,0.00133632)
(-6.89098e-05,0.00274515)
(0.0131684,0.0183497)
(0.0172769,-0.00749144)
(0.0170144,-0.00159305)
(-0.00154615,-0.00989276)
(0.0147469,0.00841949)
(-0.00412153,0.00254798)
(0.00847165,-0.00371144)
(-0.00836877,0.00231291)
(-0.00226872,-0.00379077)
(-0.0147426,-0.00167263)
(-0.00147601,0.0121404)
(-0.00759269,-0.00751319)
(-0.0271417,0.0143337)
(0.00576772,-0.0144396)
(-0.014554,0.023748)
(0.0151981,0.00572885)
(0.0195427,0.0119651)
(0.00454855,-0.0111972)
(-0.0237282,-0.0363319)
(0.0276585,-0.00357947)
(-0.000916535,-0.00745446)
(0.000509211,0.011436)
(-0.00449672,0.0038384)
(0.00639256,0.00162242)
(-0.00381571,-0.00187953)
(-0.0126072,0.00500732)
(-0.00769284,-0.00649784)
(0.00128266,0.0063282)
(-0.000921776,-0.00553142)
(-0.0268793,-0.0274137)
(-0.0209224,0.0159321)
(0.0128043,-0.0424601)
(0.0633072,0.0209584)
(0.0255668,-0.0114647)
(0.0264652,-0.00237926)
(0.0110028,0.00881785)
(-0.000280054,0.0231728)
(0.0332449,-0.00377726)
(-0.0783381,0.0121095)
(0.025741,-0.00900931)
(-0.0345053,-0.0377691)
(0.0142026,0.00492675)
(0.00324164,-0.0115495)
(-0.0125183,0.00192563)
(0.0152913,0.00291166)
(0.00138226,-0.00292959)
(0.00609498,0.000843249)
(-0.00403828,-0.00894142)
(0.00560701,0.00905465)
(-0.00219362,0.0143808)
(-0.0155392,0.0140752)
(0.00909287,0.0036606)
(0.0457711,-0.0103472)
(0.0117039,0.00617789)
(-0.000695782,-0.00627931)
(0.021025,0.0206782)
(-0.0198411,-0.00820667)
(0.00425386,0.0112634)
(0.0213048,0.00192645)
(0.0124298,-0.00412444)
(-0.00507737,0.0167286)
(-0.0110796,-0.00708329)
(-0.00346072,0.00486419)
(0.0122588,0.00807375)
(0.0215967,0.00215553)
(0.00592953,-0.00408555)
(-6.90957e-05,0.00458038)
(-0.0148873,0.00244366)
(-0.0184412,0.00419815)
(-0.0107231,-0.0260429)
(0.0135636,-0.0046455)
(0.00753025,-0.0201888)
(-0.025155,-0.00911933)
(-0.00014469,0.0100577)
(0.00753917,0.0101905)
(-0.00269813,-0.00849035)
(0.00584485,0.000852447)
(0.00138201,0.00772108)
(-0.0206632,0.00878292)
(0.0171002,0.00658873)
(0.0156031,0.011407)
(-0.0195302,-0.000790295)
(-0.00710597,0.0183522)
(0.00571894,-0.00375779)
(-0.0170619,0.00462298)
(-0.00320981,-0.0178023)
(0.00136659,0.000509623)
(-0.00828262,-0.011612)
(0.00205363,-0.00701565)
(-0.0339284,0.00180341)
(0.0163119,-0.00368555)
(-0.0313441,0.129145)
(-0.0360574,-0.00792225)
(-0.00905821,0.0153153)
(-0.00774622,-0.00630113)
(-0.00808728,0.0118206)
(0.0106231,-0.00309816)
(-0.014456,0.0418867)
(0.00681635,0.0440642)
(-0.00861812,0.00367945)
(0.00444904,0.0300854)
(-0.0113126,0.0103493)
(0.0236392,0.0108912)
(0.0093578,0.0089586)
(-0.0061493,-0.00459163)
(-0.0110185,-0.00065103)
(-0.0157244,-0.00165514)
(-0.0192753,-0.0136023)
(0.00643055,-0.00384996)
(-0.0166463,-0.00390442)
(0.00166473,-0.00679099)
(-0.0275562,0.00932473)
(0.0153791,-0.00382363)
(0.0131975,-0.0190377)
(0.00380112,-0.00319428)
(0.013112,0.0157574)
(0.0123851,-0.000438206)
(-0.00230917,-0.00121531)
(0.00944547,0.0121058)
(-0.0177848,0.00738259)
(0.0107482,0.00395163)
(-0.0221633,0.00104701)
(0.00118407,-0.000231456)
(0.000393123,0.0112689)
(0.0070474,0.00379479)
(0.01447,0.00134548)
(0.00111378,0.00415876)
(-0.0154334,0.00583386)
(-0.0105058,-0.00226614)
(0.00605928,-0.0020481)
(-0.0120324,0.0120159)
(0.00245836,-0.0100303)
(-0.0137995,-0.0156401)
(-0.0158182,0.00409522)
(-0.0172277,8.59518e-05)
(0.0132196,-0.00639662)
(0.00209554,-0.0131956)
(0.00881102,0.00149719)
(0.0192615,0.00889425)
(-0.0350214,0.00307724)
(0.00564078,0.00690422)
(-0.00129965,-0.00135858)
(-0.00140464,0.00529113)
(-0.0126471,-0.00926434)
(0.0397039,0.000672729)
(-0.00512026,-0.00669676)
(0.0232795,0.00579645)
(-0.00410354,0.00316628)
(-0.0105496,-0.000205046)
(-0.0226153,0.00551075)
(0.0195542,-0.00156092)
(0.00714388,-0.00413582)
(0.00415255,0.0149731)
(-0.0109579,-0.0127488)
(-0.000543576,0.00536121)
(0.00504503,-0.00902806)
(0.0209844,0.00233593)
(0.00814902,0.0123844)
(-0.000270959,0.00356805)
(-0.0259559,-0.0112216)
(-0.0136605,-0.00517639)
(-0.0195081,0.00432714)
(-0.0078864,-0.000543617)
(0.0135865,0.00149675)
(0.00608894,-0.00968059)
(-0.000893954,0.00831993)
(0.000335828,0.00208001)
(0.0148921,0.000840682)
(0.00396907,0.00387966)
(0.00182386,-0.0207223)
(-0.011099,0.00787072)
(0.0142724,-0.00497816)
(0.0110988,0.00201629)
(0.00506607,-3.63674e-05)
(-0.00852978,-0.000270396)
(0.0154814,-0.000595083)
(0.029849,-0.00300562)
(0.0271378,-0.000479409)
(-0.00134639,-0.0110878)
(0.016034,-0.000917934)
(-0.00528993,-0.00355015)
(0.00336693,0.00281816)
(-0.00763828,-0.00661893)
(0.0113626,-0.0141464)
(-0.0149968,0.00360799)
(0.00283326,0.00206328)
(-0.00741173,0.000500646)
(0.00996816,-0.00959005)
(-0.0145274,0.00916619)
(-0.0280746,0.00247918)
(-0.0150607,0.00474707)
(-0.00522895,-0.00989377)
(-0.00998141,-0.0123061)
(-0.00162249,-0.00595986)
(-0.0128212,0.0140496)
(0.00347559,-0.0097512)
(-0.00943674,-0.00475166)
(0.00635564,-0.00451526)
(0.010155,-0.000636362)
(-0.00866803,-0.0140213)
(-0.00563954,-0.00541657)
(0.0112667,-0.00417049)
(0.0167092,0.00134059)
(0.00835223,0.00613255)
(0.0111381,-0.00395962)
(-0.0108527,0.00105392)
(-0.0179742,0.00102784)
(-0.00233739,-0.0106942)
(-0.0106262,-0.00419751)
(0.0166727,0.00677214)
(0.0298467,-0.0325726)
(0.0282911,-0.012913)
(-0.0254861,0.00993483)
(-0.0044827,0.00320157)
(0.0297906,-0.0130858)
(-0.0123167,-0.0138431)
(-0.0178374,0.00251275)
(-0.0145681,-0.00526504)
(0.00355838,0.0159993)
(-0.0416345,0.00615019)
(0.0265698,-0.004262)
(0.00782111,-0.00562905)
(0.00433369,-0.0172274)
(-0.000894442,-0.00290416)
(-0.00538266,0.00316086)
(0.0164992,-0.000749553)
(-0.0234188,-0.0106574)
(-0.00452394,-0.00258899)
(0.0155737,-0.0117853)
(0.0486434,0.00585898)
(-0.000293776,-0.00278185)
(-0.0527461,-0.0249191)
(-0.0918625,-0.00464324)
(-0.0573256,0.0289944)
(0.101468,-0.0781112)
(0.0581317,0.070277)
(-0.0754644,-0.136401)
(0.039647,0.0060549)
(-0.0916586,-0.0415519)
(-0.0130331,-0.00130483)
(0.0214887,0.0142197)
(-0.0154177,0.00147453)
(0.0136966,-0.00126006)
(-0.011563,0.00629255)
(-0.00596941,-0.00333903)
(-0.00558055,-0.00389891)
(-0.0172485,0.00569841)
(0.00264141,-0.0016148)
(0.0125538,0.000293227)
(-0.00968792,-0.00143009)
(-0.0506606,-0.00479251)
(-0.0967609,-0.0788048)
(-0.103484,0.0186724)
(-0.0076213,-0.00785434)
(-0.00363008,0.00684628)
(-0.00210537,-0.0059438)
(0.0123773,-0.0248788)
(0.0372888,0.00854736)
(-0.0759135,-0.116484)
(0.0130302,0.00619265)
(-0.00988999,0.0269925)
(0.00240679,0.0012004)
(-0.00533038,0.0035971)
(0.0152364,-0.00735107)
(-0.00185676,-0.000367078)
(0.00973788,-0.00124284)
(0.00320702,0.00853722)
(0.00260208,-0.011545)
(-0.00787387,0.00610538)
(-0.0111263,0.0217537)
(0.0220311,-0.0126974)
(0.074115,0.0214244)
(0.044366,-0.0220295)
(-0.00594268,0.0157183)
(-0.0313705,0.0162301)
(-0.00831277,0.00026117)
(-0.0396704,0.00177113)
(-0.111397,-0.0417237)
(0.0128307,-0.0747079)
(-0.00627611,-0.0165227)
(0.0430601,-0.010735)
(-0.0043906,-0.00139952)
(0.0059951,0.0123985)
(0.00874847,-0.00600178)
(-0.0169035,-0.00650374)
(0.0075328,-0.00485766)
(-0.00402305,0.00035853)
(0.00799335,-0.00658851)
(-0.0472004,0.00588989)
(-0.0295717,-0.0347949)
(0.0205432,0.014971)
(-0.0314981,0.049949)
(0.173697,-0.0367994)
(0.0948059,0.0872425)
(0.0182495,-0.0873648)
(-0.060477,0.0154477)
(-0.12843,-0.0909673)
(-0.0704626,-0.0238427)
(0.0549044,0.000720173)
(0.00832719,0.00808078)
(0.0189269,0.0141891)
(-0.00199992,0.00838319)
(0.015865,-0.000755861)
(-0.00585033,-0.00246597)
(-0.00219242,0.00988739)
(-0.00228099,-0.000980377)
(0.00974726,-0.0041654)
(-0.0158791,0.00455415)
(-0.0158852,0.00342065)
(-0.012975,0.00950388)
(-0.0483801,-0.000359585)
(-0.0222392,-0.0418743)
(0.0117411,0.0256283)
(0.0266893,0.000762333)
(0.0427515,-0.00758176)
(0.00509991,-0.00410197)
(0.0117881,-0.0114906)
(0.00236201,0.00530442)
(0.00492509,0.0123626)
(0.0135772,0.0159466)
(-0.0102992,-0.00956335)
(0.0124585,0.0041944)
(-0.00812881,0.000353372)
(0.00285457,-0.00371169)
(-0.00193057,-0.00675235)
(0.00602197,-0.0063282)
(-0.00446554,0.00336198)
(0.0176443,0.000634619)
(-0.00736405,0.00876553)
(-0.0019505,0.00767309)
(-0.00065524,-0.0124297)
(0.00111218,0.00109705)
(-0.0228823,-0.00138552)
(0.00377041,-0.0036043)
(-0.00937625,0.00101946)
(0.0134379,0.0153464)
(-0.00666329,0.00711326)
(0.0202303,0.0131697)
(-0.0125093,-0.000999883)
(-0.0175101,-0.00211767)
(-0.0257864,0.00633526)
(0.0202638,-0.0101078)
(0.0259349,-0.00643257)
(0.0227738,-0.000150911)
(0.00782137,-0.00401312)
(0.00640586,-0.00636262)
(0.0193254,0.00435714)
(-0.00658113,0.00284732)
(0.00286557,-0.00475062)
(0.00151069,-0.00499881)
(-0.00203421,0.00645506)
(-0.0156635,-0.00735225)
(0.00997333,0.00411319)
(-0.00484822,-0.00216205)
(-0.00503876,0.00152874)
(0.0249359,-0.00383539)
(-0.00199473,0.00645708)
(-0.00911884,-0.00201539)
(0.00605018,0.00042426)
(-0.000656629,5.47868e-05)
(-0.00811663,-0.0152188)
(0.00161297,-0.0119344)
(0.010725,-0.0101604)
(9.6374e-05,-0.00368071)
(-0.00114068,-0.00266353)
(0.0103041,0.000987519)
(0.00598683,0.00588882)
(-0.0177291,-0.00178645)
(0.0167324,0.00968537)
(0.0057834,0.00437416)
(0.00733706,-0.00478798)
(0.00514984,-0.0109587)
(-0.00936973,0.0067808)
(0.0026013,0.00796423)
(-0.00694307,-0.00519088)
(-0.0112293,0.00443758)
(0.00341478,-0.0110753)
(0.00358582,-0.0030419)
(0.000695218,0.00487034)
(0.0126635,0.0108145)
(-0.000876662,0.00532429)
(-0.0139129,-0.0143917)
(-0.00217313,-0.00487984)
(0.0105306,-0.000573308)
(-0.0149456,-0.00382197)
(-0.00632271,0.00977611)
(0.00186086,0.00524098)
(0.0168369,-0.000765476)
(-0.0122693,0.00058307)
(-0.00341731,-0.00765802)
(-0.00489032,0.00255715)
(-0.00626128,-0.0146203)
(-0.010531,0.00284163)
(-0.0148309,0.00771575)
(-0.0100145,0.003851)
(0.00698013,0.00296723)
(-0.00473782,-0.00811393)
(-0.0090121,-0.00382888)
(0.0100474,-0.00241441)
(0.023086,0.00621718)
(0.00814658,0.00791545)
(-0.0144547,0.00595021)
(0.0104336,0.0081251)
(-0.0135227,-0.00592301)
(0.00394744,0.000319391)
(0.00522986,-0.000697593)
(0.00153501,-0.00879415)
(-0.00949875,-0.00666116)
(-0.00791576,-0.00172142)
(-0.00688522,0.000912221)
(0.0239784,0.0091195)
(-0.00227731,0.0130584)
(0.017186,-0.0132213)
(0.00909452,0.00224418)
(-0.0157331,0.0226948)
(0.005291,0.00168997)
(0.00977543,0.0192451)
(0.00682891,0.00979301)
(0.0214614,-0.00392421)
(-0.00201103,-0.00519542)
(0.0058113,-0.00243985)
(0.0222213,-0.00155902)
(0.018037,0.0047764)
(-0.00381938,0.0257781)
(-0.0123384,0.0052037)
(0.00178043,0.00101108)
(-0.00935321,0.00112194)
(-0.0161115,0.00976504)
(0.00952693,0.00282276)
(-0.00277322,0.000773002)
(0.0418462,-0.0281262)
(0.0387865,-0.00330824)
(-0.00515415,0.0175945)
(0.00558894,-0.0103748)
(0.0307808,-0.000744336)
(-0.0175493,-0.000496068)
(-0.021026,0.00546317)
(-0.00612157,-0.00576662)
(0.008408,0.0402974)
(-0.0224927,-0.00194388)
(0.0235763,-0.00966046)
(0.0167715,0.00714782)
(0.00248806,0.00715554)
(-0.000820391,-0.00754506)
(0.011055,0.0118344)
(-0.000924832,-0.000593623)
(-3.10625e-05,-0.00211574)
(-0.00215462,-0.00573342)
(0.0106968,-0.0146897)
(0.0215996,0.0119805)
(0.0215483,0.00581993)
(0.0192723,-0.00261063)
(-0.026772,0.0111343)
(0.00621929,-0.00112093)
(-0.0100636,0.0237746)
(-0.0118458,-0.001169)
(-0.0273751,0.0250369)
(0.0245201,0.0110009)
(-0.0149711,0.00972888)
(0.00134201,0.00258133)
(-0.0214582,0.0215134)
(-0.00699006,-0.00751401)
(0.00892658,-0.00315116)
(-0.00320169,0.0116911)
(-0.0176009,-0.00107985)
(-0.00246265,0.00769607)
(-0.0138883,-0.00273159)
(0.00505638,-0.00202717)
(-0.00289469,0.00849045)
(-0.0173117,-0.00534519)
(0.00215985,8.059e-05)
(0.00450244,0.0123612)
(0.0412528,-0.00899261)
(0.000399637,-0.0135765)
(0.0117612,-0.000668489)
(0.00788574,-0.0121205)
(-0.00653068,0.0165008)
(0.0081779,-0.00896705)
(0.0433973,-0.0158369)
(0.0072538,0.00645703)
(0.0195728,0.00111195)
(0.00429212,0.00771785)
(-0.00967394,-0.00012299)
(0.0194876,-0.00736879)
(0.00667763,0.00128444)
(0.00488058,-0.000175471)
(0.00176364,-0.0049966)
(0.0217656,-0.00360647)
(-0.00366108,-0.00356026)
(-0.0176022,2.82912e-05)
(-0.0325574,0.00834428)
(-0.0189773,-0.0203468)
(0.0199207,0.037209)
(0.0274465,0.00580012)
(0.0511199,-0.00187307)
(-0.0111737,-0.00265651)
(-0.0132379,-0.00578871)
(0.00282388,-0.013154)
(0.0208647,0.0128419)
(0.0315708,0.0142227)
(-0.0270489,-0.00223798)
(-0.0174185,0.00210919)
(0.0155064,-0.00528911)
(-0.00143338,0.00121369)
(0.000443499,0.00327353)
(0.00345681,-0.00294382)
(-0.00249418,0.00170859)
(0.0243517,0.00742797)
(0.0113077,0.00383626)
(-0.00932729,0.000747969)
(-0.0291932,-0.00609586)
(-0.00967095,0.00475993)
(-0.0433752,-0.00908086)
(-0.00354572,-0.0123702)
(0.0210507,0.0140135)
(-0.00330331,-0.0103124)
(-0.0148848,0.00938515)
(-0.00604071,0.00884676)
(-0.00926148,-0.00321617)
(0.0263266,-0.00064847)
(-0.00330809,-0.00346527)
(0.0159553,-0.00282866)
(0.00701278,-0.000697873)
(-0.0108749,0.00494562)
(0.000181169,-0.00607267)
(0.00977234,-0.00132847)
(-0.00356493,-0.00213441)
(0.000994963,0.00434024)
(0.0139843,0.00573549)
(0.0239794,-0.00767125)
(0.00927313,-0.00182465)
(-0.00735112,-0.0143427)
(-0.00720908,-0.00934881)
(0.00437712,0.013762)
(-0.00087851,-0.0114619)
(0.0123818,-0.000497313)
(0.00427439,0.00060587)
(-0.00362101,0.00756192)
(-0.00803547,-0.0021103)
(0.00217224,-0.0034463)
(0.0225936,0.00103827)
(-0.000938929,0.02062)
(0.0204268,-0.00661265)
(-0.00269417,0.00550708)
(0.00437557,0.0110028)
(-0.00360048,-0.00624373)
(0.00923797,-0.0177041)
(-0.000100378,-0.00938587)
(-0.00206208,-0.00268264)
(0.00986583,-0.0016806)
(0.012778,0.0059815)
(0.00147692,-0.00634252)
(0.0129421,-0.00615298)
(-0.015051,-0.00141177)
(0.012057,-0.00225756)
(0.00838032,0.00251015)
(0.00782399,-0.00948886)
(0.022183,-0.00797434)
(-0.000311136,0.00393481)
(-0.0258454,-0.00473349)
(0.00988087,-0.00161253)
(-0.0142956,0.00353049)
(0.000195508,-0.00331468)
(-0.0165324,0.00109727)
(0.0183636,-0.00914729)
(0.00440258,-0.00266556)
(0.0078564,0.0131946)
(-0.0130797,-0.00172293)
(-0.00106543,-0.0129237)
(-0.0222613,-0.00177151)
(-0.0107823,-0.00989487)
(-0.0139271,-0.00457988)
(-0.00997133,-0.0074961)
(0.00156893,0.000116586)
(0.00787864,0.00201593)
(-0.00804739,0.000826703)
(-0.00964183,-0.000126598)
(-0.0221984,-0.00101505)
(0.000387061,-0.00033026)
(0.0194401,-0.002644)
(0.000406026,-0.00364643)
(-0.00761766,-0.00497155)
(0.000358434,0.00128812)
(0.00232886,-0.0101198)
(0.000407649,0.00221665)
(-0.00971435,-0.00657288)
(-4.99304e-05,-0.00119695)
(-0.00857063,-0.000713799)
(-0.00853216,-0.00179598)
(0.00298297,0.00794306)
(0.00281249,0.00892401)
(-0.0110916,0.00098977)
(0.0135961,0.00484695)
(-0.00404551,-0.00698893)
(-0.00805671,-0.00340988)
(-0.00868428,0.00133334)
(0.0202283,-0.000549461)
(0.022416,-0.00142005)
(-0.000780083,-0.00403107)
(0.0252438,0.00371265)
(-0.0195056,0.00993639)
(-0.0124525,-0.00316764)
(0.0307735,-0.00426448)
(-0.0188792,0.000723507)
(0.00969619,0.0119958)
(0.0179835,0.00022505)
(-0.00784025,-0.00166201)
(0.00682713,0.00160724)
(-0.00664353,0.00363988)
(-0.0124133,0.0115143)
(0.0129849,0.00832991)
(-0.026277,-0.0104735)
(0.0145488,0.0059498)
(-0.00176247,0.0175357)
(-0.0148499,0.00960114)
(0.0156287,0.0176588)
(-0.00669571,-0.00144135)
(0.0132797,0.00234793)
(-0.0137016,0.00135106)
(0.00479019,0.00166269)
(-0.0017235,0.00504286)
(-0.0152249,0.0120881)
(-0.00887675,0.0141847)
(0.00214462,-0.002905)
(0.00250016,-0.00419872)
(0.0232228,0.000100506)
(0.0177244,0.000456892)
(-0.00391464,-0.00334911)
(0.0193457,-0.0030928)
(-0.0153645,0.0063596)
(0.0042704,0.0121346)
(-0.0131841,-0.00327727)
(0.00130302,-0.00347977)
(-0.00567161,0.00221598)
(-0.0081474,0.0139768)
(-2.65966e-05,-0.00833675)
(0.0296879,0.00803484)
(-0.00652683,-0.00327067)
(0.00513127,-0.000433567)
(-0.0130159,-0.0065859)
(-0.00163468,-0.00296059)
(0.00669684,-0.0102756)
(0.00294862,0.00249956)
(-0.0151985,0.0157947)
(0.00467527,0.00975831)
(0.0105933,-0.00309507)
(0.00721375,-0.00176655)
(0.0223168,0.00992097)
(0.00832894,0.00665395)
(0.0157016,-0.0124334)
(0.0150221,-0.0128626)
(0.0173715,-0.00549618)
(-0.00324979,0.00973215)
(0.000226862,-0.0203065)
(0.0071482,0.00330769)
(-0.0137121,0.0082575)
(-0.00215456,0.0105441)
(-0.0147278,-0.0074306)
(0.00519925,0.00978838)
(0.011329,-0.0077805)
(-0.000371839,-0.000574353)
(0.0122954,-0.00304061)
(0.0146977,0.00438533)
(0.000599,-0.0168624)
(0.0292909,0.00862665)
(-0.0151703,-0.00201584)
(0.0222256,-0.00762064)
(-0.00109198,0.00479269)
(-0.00456703,0.000433963)
(0.00216602,-0.00245035)
(0.0150528,0.00870799)
(-0.00254467,-0.0074204)
(-0.00765169,-0.00521994)
(-0.0156222,-0.0107994)
(-0.0145554,0.0211785)
(0.0169371,-0.00779331)
(-0.00319259,-0.0061256)
(-0.00321396,0.00270155)
(0.0066889,0.00591387)
(0.0119495,-0.0161356)
(-0.015185,-0.0139238)
(-0.00875719,-0.0113314)
(-0.0076506,-0.00299451)
(-0.00911077,-0.00452185)
(0.00629994,0.00343776)
(-0.000511221,-0.00187543)
(0.000168763,-0.0036832)
(-0.00591036,-0.0107131)
(0.0106152,-0.00797739)
(0.00468434,0.00108784)
(-0.00187252,-0.00343584)
(-0.00863997,-9.49658e-05)
(-0.0071307,0.018307)
(-0.0107584,0.00523419)
(0.00663192,0.00374719)
(0.00340751,0.00028193)
(0.0140235,0.0183919)
(0.00899344,-0.00204998)
(-0.00918626,0.00108038)
(0.00602048,-0.0104437)
(-0.0153679,0.00619776)
(-0.00347622,-0.00385779)
(-0.0100597,-0.0118973)
(0.014665,-0.00167821)
(0.0188762,-0.00260422)
(-0.00562737,0.0033516)
(-0.0104039,-0.00649101)
(0.0221907,0.0104389)
(0.0134711,0.00718534)
(0.00232561,0.0160025)
(0.017573,0.00993199)
(0.00362475,0.00187837)
(-0.0217092,0.00110836)
(-0.0194439,-0.000199119)
(0.0181304,0.00895601)
(-0.0103265,0.00512191)
(0.00518153,0.00304549)
(0.00113141,-0.0016026)
(-0.0156995,0.00365036)
(-0.00571098,-0.0121386)
(0.0132115,-0.00128258)
(-0.0156503,0.00614951)
(-0.0132013,-0.00188612)
(-0.00367167,0.00247785)
(-0.00732261,0.00419719)
(0.0135042,-0.00499962)
(-0.019014,-0.00322741)
(-0.00429477,-0.0049313)
(-0.0151175,-0.00260217)
(0.00936536,-0.00866355)
(-0.00903963,0.00219739)
(0.0119963,-0.00773228)
(0.00470401,0.0101651)
(-0.0166963,0.00357213)
(0.0141518,-0.000246197)
(0.00938018,-0.00156929)
(0.00611103,0.00156483)
(-0.0019316,-0.00515559)
(0.00433024,0.0101315)
(-0.00945491,-0.000373239)
(0.00670931,0.0128868)
(0.012364,-0.00193512)
(0.0135798,0.000161655)
(-0.00104959,0.00895364)
(0.00389042,-0.00926338)
(-0.00652375,-0.00208801)
(-0.0149519,-0.0126279)
(0.012996,-0.00966847)
(-0.00312863,-0.0122654)
(0.0101835,-0.0138079)
(-0.0142101,-0.00292358)
(0.020241,-0.00808564)
(0.00874055,0.00963558)
(0.00223029,0.0030124)
(-0.00141717,-0.0104214)
(-0.0102564,0.00325372)
(0.0206014,0.0054407)
(-0.00570639,-0.0107703)
(0.00854394,-0.00742966)
(0.014668,-0.00870483)
(-0.0220929,-0.00234532)
(0.0131277,0.0111951)
(-0.00510349,-0.00796732)
(-0.0266527,0.00695398)
(0.0110354,-0.000481441)
(0.0039346,0.00488083)
(-0.0148703,0.00499353)
(-0.00589083,-0.00182745)
(-0.000685369,0.000829178)
(-0.0315815,-0.00109729)
(0.0169608,4.12793e-05)
(-0.00118101,-0.00682394)
(0.00836385,-0.0135487)
(-0.000461808,-0.00347415)
(0.00183461,-0.00552825)
(-0.00998403,-0.00310149)
(-0.00642699,-0.00980452)
(-0.0165957,0.00190211)
(0.00150876,0.000434631)
(0.00322748,0.00200243)
(-0.00622642,0.00348992)
(0.0129133,-0.001771)
(-0.00218879,-0.00121833)
(0.0127237,-8.97215e-05)
(0.00856386,0.00923486)
(0.0129457,-0.00151551)
(-0.0134068,0.00827013)
(-0.00731553,-0.00535104)
(-0.0186032,5.78401e-05)
(-0.00785902,0.00519367)
(0.0122256,-0.00758346)
(-0.00768599,-0.0017376)
(0.0115257,0.0033605)
(-0.0106124,-0.000166149)
(-0.0114947,-0.0027893)
(-0.00385931,0.00336862)
(-0.00346924,-0.00469122)
(-0.00179782,-0.00661006)
(0.00249284,-0.00246254)
(0.0115889,-0.00618909)
(0.00124313,0.00807314)
(-0.014529,0.00439159)
(0.0103878,0.0138705)
(0.0122748,0.00216287)
(0.0117289,0.00227304)
(0.00264636,-0.00249936)
(0.0196311,0.000394167)
(0.000588024,-0.0006672)
(0.000269765,-0.0039378)
(-0.00305185,-0.00571766)
(0.011284,0.00433584)
(-0.013734,0.00918812)
(0.00533129,-0.00457603)
(-0.000918007,0.00228532)
(-0.0052743,-0.00831365)
(-0.00649879,0.00242639)
(-0.0105928,-0.00657363)
(-0.00594706,0.00194193)
(0.0108537,0.00636157)
(-0.000316017,0.00540923)
(-0.0122454,0.00292907)
(-0.0125146,0.00280341)
(-0.00419873,-0.00952908)
(-0.00106089,-0.00272103)
(-0.000986044,0.00354542)
(-0.0102474,-0.00395315)
(0.0146012,-0.00618811)
(0.00170393,-0.00187176)
(0.00800083,0.00164277)
(-0.00624049,0.0159862)
(0.0125087,-0.00955584)
(0.00194453,-6.08672e-06)
(-0.0047785,-0.0103564)
(0.000795205,-0.00283323)
(-0.0223106,-0.00880844)
(-0.00320957,0.0134729)
(0.0103087,0.00190085)
(-0.00681512,-0.0108227)
(-0.00239781,-0.00529076)
(-0.020954,-0.0104396)
(-0.0139397,0.00905262)
(-0.0251474,-0.00523952)
(-0.00282166,-0.00159014)
(-0.0173572,-0.0106122)
(0.00143022,0.00153936)
(-0.000474251,0.00331197)
(-0.00746919,-0.0029951)
(0.0102718,0.0126914)
(-0.0109405,-0.00335227)
(0.00631707,0.00399594)
(0.0134688,-0.00187883)
(0.00722538,-0.0037188)
(0.0125113,-0.0052668)
(-0.00546185,0.0033264)
(-0.00137129,0.0102643)
(0.0158644,-0.0139908)
(-0.00691485,-0.0131239)
(0.00868568,0.00185848)
(0.000653429,0.0171922)
(0.0173234,-0.00879547)
(-0.00425022,-0.0131687)
(-0.00788104,-0.00837191)
(-0.00104304,0.00381483)
(-0.017687,0.00203158)
(-0.00993776,-0.00577992)
(-0.00549357,-0.00627531)
(-0.0043421,0.0019751)
(-0.00328031,-0.00222558)
(-0.0108884,-0.00540358)
(-0.00535915,0.0164434)
(0.0105082,0.000643537)
(-0.000170599,-0.00558211)
(0.0186375,-0.00960907)
(-0.0120278,-0.00592473)
(0.00417149,-0.00980761)
(0.0146232,0.00295332)
(-0.00286658,0.00487512)
(-3.30391e-07,-0.00935603)
(-0.00480093,-0.00545002)
(-0.000152767,-0.0031773)
(-0.00088839,0.00543145)
(-0.00693898,-0.00441855)
(-0.0169042,-0.00608986)
(0.00226183,-0.0110872)
(-0.00591077,0.0078828)
(-0.0019378,-0.00995223)
(0.00314472,-0.00466412)
(0.0177054,-0.00362505)
(-0.0207028,0.00522203)
(0.0127794,0.00314768)
(0.00931371,0.00226886)
(0.0111975,0.00690785)
(-0.00473932,-0.00047287)
(0.00413624,0.0103044)
(-0.00375611,0.00482094)
(-0.0106965,-0.00225427)
(0.00452277,-0.0012848)
(0.00542905,-0.00279868)
(-0.0101818,0.00398431)
(0.0024293,-0.0139267)
(0.0139778,-0.00526838)
(0.000688113,-0.00190331)
(-0.0119629,0.0042198)
(0.0221874,-0.00132638)
(0.00617828,0.00587211)
(0.0116279,-0.00473591)
(-0.0092036,0.00614395)
(0.00855536,0.00113849)
(-0.00659942,-0.000110733)
(0.00900145,0.00366035)
(-0.00491906,-0.00347327)
(0.00206866,-0.00811581)
(0.00313889,0.00899288)
(-0.00652245,0.0119081)
(0.00456313,-0.00315568)
(0.000477973,3.61514e-05)
(0.0161246,0.00376021)
(-0.00975892,-0.00459324)
(-0.019409,0.0103452)
(-0.00900574,0.0014106)
(0.00562533,0.00821429)
(-0.0051208,-0.00762926)
(0.0042015,0.00790237)
(0.0332728,-0.00054507)
(0.00488907,0.000380546)
(-0.00368933,-0.00609168)
(-0.00459281,0.0116139)
(0.00471733,0.00853341)
(0.00412788,-0.0106663)
(-0.00694407,-0.00236274)
(-0.0190144,-0.000855332)
(-0.000355892,0.00563258)
(-0.0234651,0.00413459)
(-0.0105334,-0.00335648)
(-0.00850521,0.0204249)
(0.00360133,0.00788096)
(0.00263811,0.0104479)
(0.0105334,-0.0104234)
(0.00127891,0.00468815)
(-0.00876183,-0.0065638)
(-0.00220753,0.00386706)
(0.0110768,0.0039762)
(0.00707971,0.00690569)
(0.0155094,0.000221296)
(-0.00212907,0.00135503)
(-0.00987471,-0.00649456)
(0.00455446,-0.00319803)
(-0.00546133,0.00117067)
(0.0108648,-0.00957594)
(0.00195852,-0.00603897)
(0.00106342,-0.00512115)
(0.00307145,-0.00408275)
(0.0157302,0.00197316)
(0.00119354,-0.0039014)
(0.00149419,0.00189317)
(0.0113859,-0.00501168)
(0.00711177,0.0097233)
(-0.0026927,0.000663614)
(0.0102266,0.00656003)
(-6.79189e-05,-0.00919496)
(-0.0106252,0.00147761)
(0.00497352,0.00663521)
(-0.010976,-0.00528334)
(0.0028497,0.000281398)
(-0.00391348,-0.0110772)
