(0.00558184,-0.00325926)
(0.00541142,0.00979232)
(0.00239826,-0.00910471)
(0.00566726,0.0133028)
(-0.00570011,0.00258981)
(0.00398895,0.0134578)
(-0.00801519,0.00548457)
(-0.00326958,0.0102818)
(-0.00536117,0.00744887)
(-0.00577232,-0.00224992)
(-0.00315668,0.00843559)
(-0.00343371,-0.0139304)
(-0.00179991,0.00319869)
(-0.0101606,-0.0151342)
(0.00639527,-0.00575647)
(-0.00565667,-0.00531772)
(0.00309069,0.00437475)
(-0.0100015,-0.00309572)
(-0.00258615,0.00497306)
(-0.00309327,-0.00906527)
(0.00636116,-0.00015716)
(0.00667106,0.0125253)
(0.000675887,-0.0085059)
(0.00592991,0.0131966)
(-0.0042946,0.00762155)
(-0.00596067,0.0209493)
(-8.93695e-05,0.0103096)
(-0.00661992,0.0129072)
(-0.00998277,0.0112395)
(-0.0113956,-0.00757934)
(-0.0110663,0.00506351)
(-0.00383404,-0.0173348)
(0.00134471,0.00219136)
(-0.00674187,-0.0173176)
(0.00431883,-0.000553042)
(0.00471146,-0.00440548)
(-0.0018128,-0.00675289)
(-0.0029489,0.00527343)
(-0.00312688,0.00587239)
(-0.00204681,0.00324137)
(-0.00423381,-0.00343103)
(0.0110288,0.00146003)
(-0.00503182,-0.00291681)
(-0.00922185,0.0105437)
(0.000375602,0.00968141)
(-0.0139082,0.0161367)
(0.00264894,0.0212188)
(-0.0143301,0.00648823)
(-0.00432226,0.00833611)
(-0.0172125,-0.00423023)
(-0.00724107,0.00790191)
(-0.00309348,-0.0128997)
(-0.000759058,0.00034235)
(-0.00889493,-0.00307877)
(0.00924754,-0.000197488)
(0.00065228,-0.00902298)
(-0.00998132,-0.0133539)
(-0.00130585,0.0071053)
(-0.0147223,-0.00874255)
(-0.00148198,0.00813714)
(-0.00653297,-0.00115285)
(0.00179121,0.00267903)
(-0.00468031,0.00912506)
(-0.0083133,0.0161708)
(-0.00788016,0.0190131)
(-0.0166932,0.0150193)
(-0.0032227,0.0215269)
(-0.00423816,0.00590265)
(0.010074,0.0174538)
(0.0020346,-0.000476715)
(-0.00129643,0.0168752)
(0.00334886,0.00456509)
(-0.00293236,0.00934149)
(-0.00703199,-0.00123331)
(-0.00336134,0.00748533)
(-0.00836001,0.00701653)
(-0.00584654,-0.0158075)
(-0.0142305,0.00849277)
(-0.00456769,-0.00987356)
(-0.0019513,0.00626896)
(-0.00232666,0.00566793)
(-0.00525644,0.00858475)
(-0.0080896,0.0182129)
(-0.0145286,0.00461412)
(-0.0159614,0.0172076)
(-0.00101585,0.00136272)
(-0.00428764,0.0165124)
(0.00825459,-0.000708777)
(-0.00285315,0.0149012)
(-0.000385059,0.00508786)
(0.000471957,0.0107425)
(-0.000969053,0.00564218)
(-0.00881713,0.0142482)
(-0.00533902,-0.00457556)
(-0.0133466,0.000608622)
(-0.00888524,-0.00541212)
(-0.0125003,0.00157692)
(-0.00919408,0.0079326)
(-0.00848989,-0.0161969)
(0.00176892,0.0130963)
(-0.000545565,-0.00167365)
(-0.014593,0.0193099)
(-0.00664886,0.0105014)
(-0.0122706,0.0197273)
(-0.0195734,0.00987229)
(-0.000927828,0.00829179)
(-0.00905026,0.0138555)
(0.00080852,0.00179696)
(-0.00686708,-0.00271759)
(0.00286898,0.0071959)
(-0.0119821,0.000332014)
(0.000780468,0.0076217)
(-0.0182551,0.00748418)
(0.00145533,-0.00209257)
(-0.0225601,0.0204255)
(0.00272047,-0.00508283)
(-0.0173359,0.000134008)
(0.00371864,0.00945005)
(-0.00486384,-0.00937296)
(0.00355621,0.0121174)
(-0.0101858,0.00114915)
(-0.0145989,0.022506)
(-0.00666903,0.00361054)
(-0.000560499,0.0259176)
(-0.0196636,0.0054039)
(-0.000357466,0.0151075)
(-0.0152109,-0.00185699)
(0.00453681,-0.00644349)
(-0.0139359,-0.0144528)
(0.00541711,-0.00211726)
(-0.0176754,-0.00976757)
(-0.00907758,0.00211902)
(-0.022848,0.0142505)
(-0.00656738,-0.00889295)
(-0.0205726,0.0170931)
(-0.00781465,-0.00933936)
(-0.0164352,0.00598447)
(-0.000614678,0.00572747)
(-0.00858618,-0.00913383)
(0.00258758,0.000796062)
(-0.0147961,0.00413995)
(-0.010602,0.0173028)
(-0.0119365,-0.00269337)
(-0.00892143,0.0244094)
(-0.00542224,-0.00302148)
(0.00484067,0.00712719)
(-0.00774883,-0.00870964)
(0.00316374,0.00210565)
(-0.0113607,-0.00923901)
(0.00752994,0.00238653)
(-0.0132468,-0.00407375)
(-0.000325855,-0.00387865)
(-0.0144531,0.00347534)
(-0.00916578,-0.0115977)
(-0.011545,0.00758002)
(-0.0109983,-0.0190898)
(-0.00499755,-0.0141472)
(0.000779289,-0.0152255)
(-0.00223227,-0.00609829)
(0.00333753,-0.00501345)
(-0.0111622,-0.00125334)
(-0.00715805,0.0142805)
(-0.0205828,-0.0134416)
(-0.00177221,0.018417)
(-0.016294,-0.0140465)
(0.00451319,0.0201675)
(-0.00914483,-0.000871731)
(0.00920086,0.0145823)
(-0.0114221,0.00297163)
(0.0128516,0.013099)
(-0.0167755,0.0045065)
(0.00546359,-0.00476465)
(-0.00724852,0.0171704)
(-0.000140514,-0.00831333)
(-0.00523248,-0.000386502)
(-0.00146364,-0.0223827)
(0.00170741,-0.00376719)
(4.00285e-05,-0.0116713)
(0.000467324,-0.00644536)
(0.00246463,-0.0169353)
(-0.0102156,-0.00666537)
(-0.00385458,0.00298148)
(-0.0146501,-0.0103992)
(-0.00149766,0.0184819)
(-0.00661572,-0.011504)
(0.00678067,0.012388)
(-0.00306922,-0.00296573)
(0.0107923,0.0200923)
(-0.00854647,0.00108543)
(0.00911022,0.0113074)
(-0.00603719,0.017346)
(0.0113162,0.00795852)
(9.92046e-05,0.0115382)
(0.00960906,0.0062085)
(0.0032402,0.0145912)
(0.00397166,0.00212848)
(0.0119922,0.000276213)
(0.00561749,-0.00608457)
(0.00655831,0.000163916)
(0.00821963,-0.00675331)
(0.00491246,-0.000541416)
(-0.00156163,0.0107094)
(0.0113092,0.000220073)
(0.00923329,0.0146758)
(-0.0057916,-4.51136e-05)
(-0.00362784,0.0211303)
(-0.0129585,0.00334099)
(0.000355597,0.0092428)
(-0.00943581,0.00428385)
(-0.00528015,-0.00657982)
(-0.00760414,0.00920639)
(-0.0132687,-0.0187666)
(-0.00609264,0.0079251)
(-0.019273,-0.0230035)
(-0.00663853,0.00393245)
(-0.00629276,-0.0115364)
(-0.00481523,0.00355159)
(-0.0101959,-0.00182382)
(-0.00057851,0.00661291)
(-0.00522436,0.00106899)
(0.00902465,-0.00457704)
(0.00559819,0.00671059)
(-0.00135007,0.0039238)
(-0.00171965,0.00668526)
(-0.00229246,0.00163093)
(-0.00438416,0.0199312)
(-0.00350272,0.00848867)
(-0.00976665,0.0194196)
(-0.00574257,0.00502113)
(-0.0159309,-0.014108)
(-0.00774329,0.0070731)
(-0.00906824,-0.0329152)
(-0.0096949,-0.00271485)
(-0.00988365,-0.0138238)
(-0.00470125,0.00499702)
(-0.000861135,-0.00928669)
(-0.0157073,-0.00760544)
(0.000754108,0.00630795)
(-0.0233101,6.6916e-05)
(-0.000866797,0.0103749)
(0.00712275,-0.00548081)
(0.000214018,-0.00279172)
(-0.000468813,-0.000478938)
(-0.0139925,5.02774e-05)
(-0.00829167,0.00833199)
(-0.0249662,0.00983893)
(0.00589759,0.0063706)
(-0.0281175,0.00821153)
(-0.00560002,0.0134433)
(-0.00539543,-0.0106937)
(-0.000645304,0.0097333)
(0.0012273,-0.0147248)
(-0.00289303,0.0106072)
(0.00133787,-0.0218165)
(-0.00587296,0.00676403)
(0.0015736,0.00241994)
(-0.0151865,-0.0225029)
(-0.0053606,0.000724567)
(-0.0260556,-0.00444438)
(0.00317623,0.00757066)
(0.00576593,0.00956752)
(-0.00832297,-0.00359254)
(-0.00907295,-0.00211489)
(-0.0252974,0.00644458)
(-0.00958657,0.00759339)
(-0.0320141,-0.00138119)
(0.0103905,0.0233876)
(-0.024099,0.00259673)
(0.0121645,0.0130273)
(0.00294214,-0.00245314)
(0.0117195,0.0364347)
(0.0162757,-0.00287346)
(0.0100811,0.0236139)
(0.0117316,-0.00597988)
(-0.00409656,0.0073178)
(-0.00666155,-0.00179138)
(-0.0167888,-0.00199984)
(-0.00912359,0.0110459)
(-0.0137707,-0.0120563)
(-0.00097754,0.00991802)
(-0.00317208,0.00647485)
(-0.0111663,-0.000231525)
(-0.0105656,0.00423847)
(-0.027532,0.0100619)
(-0.000571631,0.0119558)
(-0.0294609,-0.00892369)
(0.00149687,0.0217397)
(-0.0133739,-0.00983685)
(0.0125275,0.00972243)
(0.000472333,0.0160729)
(0.00778452,0.0263946)
(0.0126466,0.0168133)
(0.00694779,0.0243339)
(0.0163899,0.00480035)
(-0.0101114,0.031267)
(0.000948051,-0.00290599)
(-0.0128379,0.00078378)
(-0.00725286,0.0128791)
(-0.0134417,-0.00563568)
(-0.00410097,0.0204798)
(-0.000370568,0.00415261)
(-0.0188761,0.0245495)
(-0.00742432,-0.00650192)
(-0.017288,0.0254457)
(-0.0133558,-0.00746682)
(-0.0122436,0.0073445)
(-0.00214724,-0.00223861)
(-0.00544187,0.00161725)
(-0.00904568,-0.00916786)
(0.00967526,0.00401276)
(-0.00458183,-0.00669917)
(0.0170294,0.0117782)
(-0.00959888,0.0202703)
(0.0187785,-0.00538243)
(-0.0147753,0.0283336)
(0.0115487,0.000563222)
(-0.0210537,0.0267646)
(0.00946375,0.0203164)
(-0.0152345,0.00638233)
(0.00124376,0.0157644)
(-0.00755686,-0.00473913)
(-0.0189861,0.0352243)
(-0.0150439,-0.00328101)
(-0.012703,0.0390025)
(-0.0200299,-0.011679)
(-0.00883849,0.0190401)
(-0.0158471,-0.016349)
(0.00821634,0.00914226)
(-0.00744683,-0.0337517)
(0.0175939,0.0100069)
(-0.00543554,-0.0111305)
(0.0174296,0.0106026)
(0.00107857,0.0163519)
(0.000238083,-0.00421173)
(-0.0140764,0.0376437)
(0.00900021,-0.00332797)
(-0.00733749,0.0113579)
(0.00323397,0.0106328)
(-0.0080601,0.00237412)
(-0.00366636,0.0159232)
(-0.00867163,-0.00836117)
(-0.0116713,0.0318706)
(-0.0161662,-0.0164704)
(-0.0128454,0.0366448)
(-0.0150307,-0.0160887)
(-0.00107473,0.0202946)
(-0.00140642,-0.0157391)
(0.00756673,0.0127316)
(-0.00468952,-0.0209513)
(0.0168845,0.01532)
(-0.00357376,-0.00750172)
(0.00738253,0.00258026)
(-0.00854268,0.0164025)
(-0.00144772,-0.0140589)
(-0.00063124,0.0128395)
(-0.00667447,-0.00766124)
(0.00155966,0.0113452)
(-0.00157997,0.00421239)
(0.00277559,-0.00783019)
(0.00554912,7.53572e-06)
(-0.00163046,-0.0152305)
(-0.00870655,0.017174)
(-0.0167024,-0.0186154)
(-0.00829076,0.023816)
(-0.0208298,-0.0186206)
(0.00341372,0.0191213)
(-0.0126671,-0.00793073)
(0.00785328,0.0280298)
(-0.0138323,-0.00392969)
(0.00984946,0.0283885)
(-0.0205755,0.00249971)
(0.0176813,0.00854411)
(-0.0110424,0.017791)
(0.00478451,-0.0109255)
(-0.00214478,0.0226768)
(0.00183671,-0.00509849)
(0.00784482,-0.00225556)
(0.00700479,-0.0117873)
(0.0124422,-0.00535387)
(0.00476848,-0.00418104)
(-0.00350584,-0.0109233)
(-0.00936784,0.00909541)
(-0.0128325,-0.0249165)
(-0.00219042,0.00812768)
(-0.0125915,-0.0225289)
(0.00228161,0.00949208)
(-0.00548241,-0.00797243)
(0.00734172,0.0105268)
(-0.00504946,0.00308468)
(0.0147252,0.0219523)
(-0.00630188,0.0106254)
(0.0129655,0.0114312)
(0.000489315,0.0326485)
(0.0129445,0.00458136)
(0.00560758,0.0154077)
(0.00425634,0.000344888)
(0.0173862,0.00782538)
(0.00206664,0.00488023)
(0.0103663,-0.00424654)
(-0.00108434,-0.00805162)
(0.00394287,0.00457323)
(0.0019367,6.80416e-05)
(-0.000543084,0.0108283)
(-0.000353934,0.0105017)
(-0.00573812,-0.000960304)
(0.0111387,0.0131818)
(-0.0167338,0.00758302)
(0.0118048,0.0123745)
(0.00471368,0.00869604)
(0.00350321,-0.0103047)
(0.00710245,0.00443331)
(-0.00999482,-0.025148)
(0.00644804,0.00160898)
(-0.0147165,-0.0200927)
(0.00309951,0.00372985)
(-0.0104011,-0.00829456)
(-0.00925626,0.00298746)
(-0.00517546,0.00482177)
(-0.00124775,0.0133009)
(-0.000531396,0.00418221)
(-0.0010796,0.00775525)
(-0.00073293,-0.00743524)
(0.00407346,0.00517934)
(0.00504681,-0.0088073)
(-0.00735777,0.00760739)
(0.00968976,0.0125454)
(-0.00504997,0.001429)
(0.00925816,0.0099475)
(-0.00184503,0.00783081)
(0.00208334,-0.0249648)
(0.0114853,0.00548016)
(-0.00868834,-0.0260507)
(0.00608405,0.00932717)
(-0.00318713,-0.0280238)
(-0.00714742,-0.00195977)
(-0.000897278,-0.00689381)
(-0.0169944,-0.00157011)
(-0.0102281,0.00249189)
(-0.0181168,0.00221159)
(-0.0038287,-0.00178702)
(0.00339026,0.00630552)
(-0.00606915,-0.00330368)
(-0.0112281,0.00824968)
(-0.016357,0.00521892)
(-0.0146107,-0.00230528)
(-0.00692241,0.000223336)
(0.00232054,0.00819177)
(-0.00859379,0.000222947)
(0.0126269,0.00175589)
(0.00668567,-0.0158273)
(0.0128208,0.0103125)
(0.0155081,-0.0290734)
(0.0155606,0.0124546)
(0.0266216,-0.0249736)
(-0.0076647,0.010936)
(0.0060897,-0.0194521)
(-0.016793,-0.0122193)
(0.000698389,-0.00837057)
(-0.0174995,-0.00997391)
(-0.000571185,-0.00887444)
(-0.00334954,0.0155425)
(-0.016346,-0.00173713)
(-0.0142043,0.00788149)
(-0.0251365,-0.0102443)
(0.00148635,0.00586432)
(-0.0319032,-0.0119198)
(0.0169501,0.0115665)
(-0.0207465,-0.0174027)
(0.0284973,0.00782609)
(0.0031557,-0.00403451)
(0.0149608,0.0356743)
(0.0367177,-0.00196668)
(0.022632,0.0449045)
(0.0410614,-0.0284155)
(0.0139378,0.0320488)
(0.0143231,-0.0205843)
(-0.013629,-0.00674067)
(-0.00613234,-0.00944631)
(-0.0131711,-0.0093199)
(-0.000128026,0.00414703)
(-0.00354271,0.0183179)
(-0.0235133,0.0112273)
(-0.00238172,0.00338471)
(-0.0295283,0.00705771)
(0.00997753,-0.00393435)
(-0.0396506,-0.0110928)
(0.0191791,0.0056391)
(-0.0319694,0.00383709)
(0.0223799,0.0104015)
(0.00326905,0.0103493)
(0.00223257,-0.00239871)
(0.00738257,0.00713969)
(0.00358694,0.0311405)
(0.0265469,-0.00843362)
(0.00254701,0.0275824)
(0.00742189,-0.0149981)
(-0.00561907,0.0196749)
(-0.00357048,-0.00326472)
(-0.0144328,0.00502171)
(-0.0130437,0.00475377)
(-0.00286258,0.00675703)
(-0.0248444,0.0186577)
(-0.0114183,-0.00830768)
(-0.0279098,0.0288046)
(0.00581581,-0.0115035)
(-0.0203804,0.00646939)
(0.00335979,-0.00342929)
(-0.0081792,0.00290155)
(-0.0173688,0.0178955)
(0.0233727,-0.00122816)
(-0.0213164,-0.022783)
(0.0079699,0.00402976)
(0.00500545,0.0255112)
(0.0220653,-0.0222813)
(0.0002194,0.0322713)
(0.00811136,-0.0197691)
(-0.0170949,0.0109865)
(-0.00588883,0.0126575)
(-0.0157767,0.0130483)
(-0.00692948,0.0165058)
(-0.00526547,0.00259096)
(-0.0155115,0.0422622)
(-0.025091,-0.0220611)
(-0.0159815,0.0423004)
(-0.0203616,-0.0302904)
(0.00306249,0.0227632)
(-0.00447001,-0.0311872)
(0.0132105,0.00687896)
(-0.00268423,-0.0332318)
(0.0337043,0.00791227)
(0.00570218,-0.0234563)
(0.0219644,0.00641849)
(0.0151465,0.0136875)
(0.0165068,-0.0209239)
(0.0128069,0.0303178)
(0.0051257,0.00721632)
(-0.00776043,0.0146363)
(-0.00630268,0.0211707)
(-0.0116518,-0.000667538)
(-0.00900385,0.0231825)
(-0.00649701,-0.00866812)
(-0.00967502,0.03279)
(-0.0189701,-0.0192033)
(-0.00240086,0.032081)
(-0.0152964,-0.0196608)
(0.00240821,0.00430926)
(-0.000282654,-0.0304722)
(0.0132911,0.0161582)
(0.000851777,-0.0352062)
(0.0263519,0.0126939)
(0.0127307,-0.0187226)
(0.025382,0.00594494)
(0.031045,0.0113073)
(0.00420643,-0.00564669)
(0.0133158,0.0167475)
(-0.0081258,0.00084386)
(0.00394005,0.00556157)
(-0.00541658,0.0229351)
(-0.00729455,-0.00174809)
(0.00374041,0.0216034)
(-0.00457261,-0.015523)
(-0.00627901,0.0160787)
(-0.0140654,-0.0227379)
(-0.00270616,0.0239305)
(-0.0207996,-0.0296872)
(0.0114543,0.0139191)
(-0.0160226,-0.0195065)
(0.0136508,0.0082046)
(-0.0124447,-0.0223784)
(0.0247505,0.0287712)
(-0.00763778,-0.0124284)
(0.0178267,0.00823292)
(0.009675,0.0136374)
(0.0029861,0.000749694)
(0.0139169,0.0102803)
(-0.00138318,0.0139426)
(0.00867168,-0.00165129)
(-0.00253415,0.0167038)
(0.0107413,-0.00448315)
(0.00546888,0.00129583)
(-0.00425485,-0.0148276)
(-0.0120198,0.0070457)
(-0.013517,-0.0196724)
(-0.00587377,0.00670529)
(-0.0145477,-0.0272702)
(0.00399851,0.00518153)
(-0.00919676,-0.0159709)
(0.0170749,0.0068268)
(-0.0125292,-0.00864481)
(0.0113411,0.0127359)
(-0.0022915,0.00227303)
(0.015191,0.0158115)
(0.00839333,0.0194371)
(0.00604043,0.0107872)
(0.0145086,0.0264006)
(-0.00114672,0.00570591)
(0.0158729,0.000683675)
(0.00202931,0.000685223)
(0.0099936,-0.00541923)
(0.00772871,0.0011186)
(-0.00375857,0.00911795)
(0.00418378,-0.00514311)
(0.00251288,0.00731193)
(0.0021079,-0.00437622)
(-0.00187584,0.00349639)
(0.00481049,0.0129215)
(-0.00798659,0.000916257)
(0.0152175,0.00518321)
(0.00670916,-0.00472572)
(0.00724035,-0.0125216)
(0.0189829,-0.00416649)
(-0.00175496,-0.0124468)
(0.0148284,-0.00210034)
(-0.00756135,-0.0223999)
(-0.00136754,0.00471694)
(-0.00137989,-0.00993341)
(-0.0133383,0.00772013)
(-0.00666806,0.00746975)
(-0.00876813,0.00910175)
(-0.00978479,0.00655855)
(-0.000962223,0.00395183)
(-0.0015251,-0.0125975)
(0.00102376,0.0100572)
(0.0048957,-0.00986944)
(-0.0133387,0.00457831)
(0.0207363,-0.0046384)
(-0.01006,-0.000103739)
(0.014444,-0.0125912)
(0.0111296,-0.00303943)
(0.013267,-0.0373725)
(0.0326798,-0.00847892)
(0.00940199,-0.0393244)
(0.0256561,0.00266693)
(0.0102902,-0.0232147)
(0.00528761,0.00641209)
(-0.000792927,-0.0213281)
(-0.00701917,-0.0111958)
(-0.00972428,-0.0087798)
(-0.0148539,0.00813975)
(-0.00821411,0.0039252)
(-0.0065393,0.00781983)
(-0.00850456,-0.0104)
(-0.0227507,0.0108019)
(-0.00402525,-0.00892128)
(-0.0163218,0.00666009)
(0.00902186,-0.0204948)
(-0.00752577,0.00485116)
(0.00399277,-0.0265186)
(0.0159542,-0.0302754)
(0.0188996,-0.0259316)
(0.0269077,0.0081468)
(0.0355054,-0.0328317)
(0.038274,0.0159246)
(0.0503283,-0.0399889)
(0.0339846,0.0171229)
(0.0176695,-0.0253518)
(0.007611,-0.005828)
(-0.0101841,-0.0243287)
(0.000886425,-0.00903445)
(-0.00242591,-0.0126946)
(-0.0149169,0.0181885)
(-0.0167963,-0.00499724)
(-0.0104022,0.0209938)
(-0.0120834,-0.0147356)
(0.00351203,0.0113984)
(-0.00813703,-0.032573)
(0.0169966,-0.00926327)
(-0.00227534,-0.0147024)
(0.0119335,-0.0108196)
(0.00381713,0.00484745)
(0.0305329,0.00303649)
(0.0125942,-0.013739)
(0.0317949,0.0364737)
(0.0548017,-0.0366906)
(0.0413005,0.044892)
(0.0111849,-0.0278132)
(0.0242194,0.00181244)
(-0.00419743,-0.0221048)
(0.00844525,-0.00518215)
(-0.00869666,-0.00542471)
(-0.0168205,0.0172957)
(-0.0171433,0.00381697)
(-0.00577101,0.00940196)
(-0.0212846,-0.0031757)
(0.021118,0.0100519)
(-0.027472,-0.0176981)
(0.0200432,0.0207076)
(-0.0134956,-0.00429621)
(0.0146416,-0.00766036)
(0.0438627,-0.00554455)
(0.0261781,-0.122309)
(-0.0229647,0.0308037)
(-0.00429867,-0.0120098)
(0.0210031,-0.0298597)
(0.0234466,0.0283098)
(-0.0100343,-0.0229386)
(0.00559365,0.0130096)
(-0.0170151,-0.00278825)
(-0.00587936,0.00739367)
(-0.00847919,0.00449215)
(-0.00914651,0.00668336)
(-0.00720458,0.0167984)
(-0.00899296,0.00965061)
(-0.00534656,0.0132495)
(0.00969649,0.00212181)
(-0.00998051,-0.00671644)
(0.0161795,0.0408544)
(0.00543734,-0.0301527)
(-0.0196649,0.122569)
(0.032081,-0.0516875)
(-0.0322822,-0.0329233)
(-0.114668,-0.00860768)
(0.00300427,-0.0135801)
(-0.0248276,-0.00122382)
(0.0133817,0.00875291)
(-0.0242912,-0.0172674)
(-0.0106887,0.00678628)
(-0.0160947,0.00557036)
(-0.0135857,-0.00120339)
(-0.00970169,0.0145272)
(-0.000151349,0.00942863)
(-0.00951873,0.0264347)
(-0.0133615,-0.0109415)
(-0.0012756,0.0202558)
(-0.0103049,-0.0121262)
(0.00507916,0.000225339)
(0.00236682,0.00781203)
(0.0128642,-0.0101527)
(0.017141,0.0360731)
(0.022271,-0.0302688)
(0.0102426,-0.0197753)
(-0.00775429,-0.00501562)
(0.0327602,0.00431016)
(-0.00379819,-0.01503)
(0.0137695,0.00430764)
(-0.0207016,-0.00471377)
(-0.0102451,-0.00736152)
(-0.0230053,0.0146069)
(-0.0229641,-0.00177737)
(-0.0136782,0.0149874)
(0.00206467,-0.00560791)
(0.000129357,0.0245352)
(-0.0192336,-0.01887)
(-0.00155785,0.0116846)
(-0.0236889,-0.0276384)
(0.00580538,-0.00689857)
(-0.00508469,-0.0311779)
(0.0144839,-0.0118789)
(0.0149347,-0.0198179)
(0.0288315,-0.000522957)
(0.0174921,-0.0194004)
(0.0227061,0.0036852)
(0.0368014,0.00278844)
(0.00330426,-0.0113222)
(0.0279454,0.0098631)
(-0.0155506,0.0054805)
(-0.00169661,-0.000243652)
(-0.0123126,0.024346)
(-0.0108353,-0.00316473)
(-0.00333729,0.0141171)
(-0.0103944,-0.00747891)
(-0.00350101,0.0172633)
(-0.0151399,-0.0232627)
(0.00816889,0.0172958)
(-0.0289003,-0.0346799)
(0.0116976,-0.00314331)
(-0.0177184,-0.0384141)
(0.0220403,-0.00277047)
(-0.00626177,-0.0332081)
(0.0193665,0.00855504)
(0.0102137,-0.0249971)
(0.0197366,0.0107165)
(0.0165957,0.00222918)
(0.00775389,0.00200903)
(0.0192484,-0.00462732)
(-0.0083,0.0113028)
(0.0125076,-0.0126972)
(-0.00549699,0.0117867)
(0.00340004,-0.00797458)
(0.000692514,0.0127472)
(-0.0104799,-0.00442564)
(-0.00253534,0.00361096)
(-0.014702,-0.0281489)
(8.48672e-05,0.00282689)
(-0.0186508,-0.0306438)
(0.00942494,0.00255421)
(-0.0258285,-0.0320319)
(0.012626,-0.00335082)
(-0.0137745,-0.0257627)
(0.0119982,0.00185467)
(0.0020905,-0.00657327)
(0.0105004,0.00402201)
(0.00929089,-0.000123726)
(-0.000643416,0.0027571)
(0.019963,0.0014305)
(-0.000908453,0.00899274)
(0.0163761,-0.00985363)
(-0.0101244,0.00206895)
(0.00661054,-0.0190402)
(0.00248585,-0.00501239)
(-0.00747516,-0.00187213)
(-0.000408444,0.0013975)
(0.000165816,0.00492093)
(-0.00592888,0.00220289)
(0.00206672,-0.00834144)
(-0.000219183,0.0112767)
(0.00156544,-0.0114067)
(0.00448969,-0.000995926)
(0.0154154,-0.0138425)
(0.00555077,-0.0129055)
(0.0198175,-0.0214004)
(-0.0106045,-0.0230046)
(0.0156529,-0.0131729)
(-0.0123818,-0.0135959)
(-0.00276745,-0.00798842)
(-0.0211876,-0.0170318)
(-0.00497386,0.00404502)
(-0.0201104,-0.00850962)
(-0.00761047,0.0114416)
(-0.014048,0.00883054)
(-0.0119243,0.00192832)
(-0.00382232,-0.00775611)
(-0.0145806,0.00335154)
(-0.00112523,0.00490723)
(-0.0188307,-0.00144511)
(0.00949566,0.0086663)
(-0.0239151,-0.00489525)
(0.00808115,-0.0135033)
(0.0171207,-0.0319823)
(0.0116484,-0.0295252)
(0.0149064,-0.0130953)
(-0.00619244,-0.0275742)
(0.0277184,-0.0151095)
(-0.000922547,-0.0172837)
(0.0181388,0.00298989)
(-0.0136478,-0.0154648)
(0.00090534,-0.00543801)
(-0.0255922,-0.00875353)
(-0.0011479,0.00979042)
(-0.0150973,-0.00836585)
(-0.019028,0.0150313)
(-0.0125698,-0.00395414)
(-0.0239113,0.0206487)
(0.00459304,0.000783283)
(-0.0239864,0.011052)
(0.0151465,-0.0136421)
(-0.0163703,-0.0122232)
(0.0157038,-0.0247436)
(-0.00853551,-0.0159092)
(-0.000880242,-0.00812408)
(0.0160003,-0.000453321)
(0.00795338,-0.0215218)
(0.0355533,0.00727376)
(0.0145697,-0.0216648)
(0.0405718,0.0115909)
(0.0082705,-0.008739)
(0.0308347,0.00332777)
(-0.013169,-0.0240397)
(0.0111265,0.00616225)
(-0.0091633,-0.0250263)
(-0.0168359,0.02378)
(-0.00199262,-0.00392647)
(-0.0238645,0.0285648)
(0.00237643,-0.0192768)
(-0.00965525,0.0152802)
(0.00264475,-0.0247423)
(-0.00997487,-0.0231181)
(-0.00239845,0.00611506)
(-0.0616188,-0.00142487)
(-0.0175648,0.105664)
(-0.0359286,0.0879128)
(-0.0592352,0.011494)
(0.0140327,0.0400295)
(0.0206618,-0.0151286)
(0.0517541,0.0251827)
(-0.000709103,-0.0101229)
(0.0323777,0.00441973)
(-0.0198644,0.000195298)
(0.0141164,0.000284512)
(-0.00569067,0.000697085)
(-0.013121,0.0269273)
(-0.0109366,-0.0122751)
(-0.0111439,0.0149074)
(-0.00465662,-0.0197456)
(-0.00728177,0.000639521)
(-0.00529239,-0.00798266)
(-0.0121587,-0.0208864)
(0.0100347,0.0103235)
(0.00476236,0.0109494)
(0.00246204,-0.0185481)
(0.01009,0.00274958)
(0.00875798,-0.00384532)
(-0.0912359,-0.0117723)
(0.048189,0.0115995)
(0.00481408,-0.00460182)
(-0.0147713,0.00836298)
(0.0124864,0.000155132)
(-0.0303045,0.0211458)
(-0.00511198,0.00136212)
(-0.0205168,0.0082576)
(-0.0134785,0.0190466)
(0.0050094,-0.00560399)
(-0.0144587,0.0153412)
(0.0127826,-0.0107391)
(-0.00955971,-0.0124912)
(0.00262579,-0.014359)
(-0.004194,-0.0604996)
(-0.0251707,0.0328325)
(0.00377983,-0.0234922)
(-0.00101373,0.0155181)
(0.00533011,0.0132374)
(0.0152238,-0.0179339)
(-0.0393599,-0.00926764)
(0.0162277,0.0808758)
(-0.00341028,-0.00799211)
(-0.03505,0.0176603)
(-0.0138379,-0.0113342)
(-0.0436641,0.015309)
(-0.030507,-0.00224455)
(-0.0164712,0.0149068)
(-0.00367464,0.0118048)
(0.00630946,5.13957e-05)
(-0.00983223,0.0158795)
(0.0211953,-0.00359281)
(-0.0116539,0.0096591)
(0.0149986,-0.0133812)
(0.0155177,0.0173481)
(-0.00123596,-0.0349124)
(-0.00775875,0.0624296)
(-0.021894,-0.0515258)
(-0.031254,0.0415281)
(-0.0519229,0.0270211)
(0.00988636,-0.00285271)
(-0.00904077,0.0139647)
(0.0109467,-0.0236194)
(-0.0311823,-0.0094852)
(-0.0208146,-0.0186501)
(-0.0338559,0.00702488)
(-0.0248594,-0.00768188)
(-0.0213367,0.00753844)
(-0.00337274,0.00417011)
(0.00215575,0.00704521)
(-0.00635543,0.000932689)
(0.0197214,-0.00570978)
(-0.0132345,-0.0151192)
(0.0158686,-0.0174935)
(0.0082457,-0.0059858)
(0.0180493,-0.0106666)
(0.026305,-0.00372551)
(0.023307,0.00427728)
(0.0187583,-0.0162703)
(0.020183,0.00809455)
(0.0352584,-0.0160722)
(0.00917093,-0.00830906)
(0.0196735,-0.0117197)
(-0.0245225,-0.00657131)
(-0.00487754,-0.0101133)
(-0.0301395,0.00336752)
(-0.0180987,0.00328954)
(-0.0185011,0.00549571)
(-0.0129747,-0.00052156)
(0.000582071,-0.00479197)
(-0.023246,-0.0114345)
(-0.000816284,0.00251702)
(-0.0222859,-0.0221003)
(0.0139175,-0.00931826)
(-0.0110404,-0.0332471)
(0.0130328,-0.00585896)
(0.0057287,-0.0234153)
(0.0297933,0.000569555)
(0.00365807,-0.0264688)
(0.0252924,0.00424395)
(0.0196444,-0.013189)
(0.00390328,-0.00755217)
(0.0156596,-0.00390849)
(-0.0152395,-0.00950272)
(0.00195774,-0.00755611)
(-0.0197563,-0.000208102)
(-0.00010843,-0.0034355)
(-0.00677344,0.00216119)
(-0.00650847,-0.00260915)
(-0.000127497,-0.00601132)
(-0.0195498,-0.00921005)
(0.00383018,-0.00879343)
(-0.0155165,-0.0245243)
(0.0137741,0.000986648)
(-0.00737717,-0.029157)
(0.00989928,-0.00559397)
(-0.00156021,-0.0108945)
(0.0102453,-0.00311209)
(0.00263233,-0.018595)
(0.0164293,-0.0042026)
(0.00448307,-0.0082975)
(0.00609716,-0.00576019)
(0.0144404,-0.00572885)
(-0.0110095,0.0046076)
(0.011515,-0.0148146)
(-0.00706357,-0.00228615)
(0.000905949,-0.0134192)
(-0.00103579,-0.0015949)
(-0.00819811,-0.0022994)
(0.00689959,0.0132391)
(-0.00696994,-0.0136504)
(-0.00324467,0.0140816)
(0.0111587,-0.0138702)
(0.00605041,0.0111642)
(0.00313849,-0.0191691)
(0.00248559,0.0054015)
(0.011049,-0.0191064)
(-0.00816682,-0.00351496)
(0.00845118,-0.0159333)
(-0.0223627,0.00077473)
(0.01145,-0.0155853)
(-0.0291543,-0.00344034)
(0.0110064,-0.0021903)
(-0.0362217,-0.0113399)
(0.0074006,-0.00226778)
(-0.0272951,-0.00838292)
(0.005942,0.0129552)
(-0.013913,0.00252816)
(-0.0194873,-0.000557168)
(-0.00135027,0.0233305)
(-0.00388789,-0.00381384)
(0.0077404,0.0241141)
(-0.0102449,-0.0055537)
(0.0115597,0.018647)
(0.000531305,-0.0150833)
(-0.00247525,-0.00619455)
(0.0113542,-0.0265451)
(0.00618509,-0.0139869)
(0.0056656,-0.0356304)
(-0.0130474,-0.0163554)
(0.00675479,-0.0256261)
(-0.0266297,-0.00488029)
(0.0140651,-0.0138053)
(-0.0333593,-0.0125054)
(0.0148881,-0.00822545)
(-0.0349745,-0.0209207)
(0.00207701,0.00579989)
(-0.0149779,-0.0117502)
(-0.0164806,0.0204498)
(-0.00124027,0.0130209)
(-0.0179242,0.0183886)
(0.00527024,0.00903932)
(-0.0120218,0.0219948)
(0.00441526,-0.00441084)
(0.0151826,-0.00109261)
(0.019304,-0.0290575)
(0.0222685,-0.0289552)
(0.0225227,-0.0339052)
(-0.00882705,-0.0219447)
(-0.00515975,-0.0348435)
(0.0208056,-0.0185262)
(0.00552109,-0.014205)
(0.0325485,-0.00414278)
(-0.00494263,0.00226221)
(0.0255049,-0.00161864)
(-0.0203111,-0.0206048)
(0.0111335,0.00809606)
(-0.0149354,-0.0248592)
(-0.0127968,0.0193168)
(0.00209453,-0.00499784)
(-0.00370063,0.0334575)
(-0.000424209,-0.00478476)
(0.0192697,0.020284)
(0.00483728,-0.0170145)
(0.0193887,0.00318589)
(0.0167418,-0.02816)
(0.0267342,-0.0467994)
(0.0306304,0.042869)
(-0.0226043,0.00329692)
(-0.0404109,-0.0517794)
(0.00285759,-0.0122716)
(-0.0150349,-0.0368272)
(0.0379521,0.00913245)
(-0.00660667,-0.00626517)
(0.019632,0.0114109)
(-0.00546352,0.000636805)
(0.00286185,0.00866922)
(-0.008,-0.00642494)
(-0.0115656,0.020534)
(-0.00231937,-0.0053209)
(-0.000205174,0.0337631)
(-0.0110597,-0.00998082)
(-0.00252029,0.0277142)
(-0.0167902,-0.0233813)
(0.00570189,0.0268071)
(0.0120691,-0.023241)
(-0.00172073,-0.014195)
(-0.0255743,0.00442333)
(0.0132575,0.00852366)
(0.00970672,-0.00609167)
(-0.0118584,-0.0193285)
(0.00542099,-0.0298586)
(0.0113729,-0.0105468)
(-0.00910216,-0.0039487)
(0.00784602,-0.00781594)
(-0.034227,0.00941007)
(-0.0151503,0.00493142)
(-0.00704406,0.0118595)
(-0.0115794,0.022842)
(0.00655681,-0.00700624)
(-0.0125279,0.0243326)
(0.00809573,-0.00849219)
(-0.00253934,0.00111744)
(-0.00723707,-0.000864796)
(-0.0013431,-0.00480515)
(-0.0215483,0.0470339)
(0.0102152,0.0059608)
(0.0096856,0.00311698)
(0.00769153,-0.00480381)
(0.0134066,-0.00623356)
(0.04547,0.0397906)
(-0.00370456,0.0398223)
(0.00717744,0.00435753)
(-0.0145683,-0.00675366)
(-0.0140477,-0.00914751)
(-0.0276804,-0.0035641)
(-0.0245003,-0.00925502)
(-0.0235935,0.00888878)
(-0.00717968,0.030838)
(0.00551684,-0.00743675)
(-0.00103272,0.0310938)
(0.0128632,-0.00771715)
(-0.00869966,0.0243381)
(0.0139778,-0.00461167)
(0.0132049,0.0163665)
(-0.0157007,0.00784329)
(0.0106933,-0.0494635)
(-0.0104986,-0.00404452)
(-0.0762506,-0.0385105)
(0.0110959,0.0175455)
(0.02284,0.0110732)
(0.0305047,-0.00270237)
(0.00655684,0.0034577)
(-0.00399145,-0.0268337)
(-0.0167134,-0.0045128)
(-0.0340112,-0.0180949)
(-0.0211245,-0.0090859)
(-0.0264803,-0.00855123)
(-0.00346978,0.0105939)
(0.0046732,-0.005526)
(-0.00541433,0.0280486)
(0.00208083,-0.0087996)
(0.00232976,0.0191293)
(0.00755274,-0.0105662)
(0.0323501,0.00402138)
(0.0246516,0.0135875)
(0.0419074,-0.00889858)
(0.0352814,0.0271595)
(0.0160207,-0.00872154)
(0.0446747,0.0108564)
(0.0237096,-0.00577756)
(0.037815,-0.0186607)
(0.00463479,-0.00882502)
(-0.00836084,-0.0281888)
(-0.00161966,-0.0158354)
(-0.0287751,-0.0097771)
(-0.0145582,0.000664874)
(-0.0190915,-0.000702539)
(-0.0157603,0.0124936)
(-0.00151479,-0.0113059)
(-0.0174172,0.0138179)
(-0.00213568,-0.00527107)
(-0.00530537,0.0029495)
(0.00882528,-0.0021568)
(0.0194545,-0.00240068)
(0.0129141,0.00697933)
(0.0244854,-0.021575)
(0.0281723,0.0141487)
(0.013847,-0.0263115)
(0.0338367,0.00429096)
(0.0134426,-0.0209025)
(0.0189071,-0.0121325)
(0.0128222,-0.0179196)
(-0.00503403,-0.0125126)
(-0.00136922,-0.00670869)
(-0.0122528,-0.0117681)
(-0.00614465,-0.00992528)
(-0.012655,-0.00265027)
(-0.00942846,0.00934632)
(-0.00296403,-0.00692564)
(-0.0113788,0.0133978)
(-0.00354351,-0.00575896)
(-0.00399711,0.00259238)
(0.0161028,-0.00700596)
(0.00725045,-0.00723446)
(0.00720409,0.00406654)
(0.0163975,-0.0145458)
(0.00807866,-0.00671264)
(0.00393722,-0.0232732)
(0.0212962,0.00391238)
(0.00545889,-0.0167175)
(0.00390689,-0.00481673)
(0.00384277,-0.0128902)
(0.00552123,-0.00685624)
(0.00194138,-0.0155298)
(-0.00729243,-0.00119351)
(-0.00786989,-0.00852708)
(-0.00427731,-6.65258e-06)
(-0.0124561,-0.00389335)
(-0.00692925,0.0124564)
(0.00792321,-0.00372174)
(-0.00341673,0.0192477)
(0.016913,-0.0100365)
(-0.00107839,0.00868287)
(0.0152218,-0.0140088)
(-0.0112594,-0.00212066)
(0.00396254,-0.00928784)
(-0.0173121,0.00376969)
(-0.00223189,-0.02427)
(-0.026033,0.00892195)
(-0.00482962,-0.00830876)
(-0.0344292,0.00130168)
(0.00186079,-0.0066469)
(-0.0293056,-0.000708473)
(0.0159726,0.0103051)
(-0.0132421,-0.0106863)
(0.0148331,0.0129677)
(-0.0115048,-0.00713947)
(-0.00991792,0.00740993)
(-0.000274077,0.0114717)
(-0.00116392,0.00120818)
(-0.00227461,0.0289971)
(0.0103477,-0.00306588)
(-0.000170604,0.0172283)
(0.00213025,-0.000857769)
(-0.00723875,0.000348624)
(0.0071844,-0.0104658)
(-0.0126098,0.00215707)
(-0.0185687,-0.0346251)
(-0.0233965,0.000113822)
(-0.0145083,-0.0328957)
(-0.0252974,-0.000349319)
(-0.0116759,-0.0141803)
(-0.0320865,-0.0104652)
(-4.2014e-05,-0.00876586)
(-0.0322,-0.0248566)
(0.00313173,0.0138239)
(-0.0235871,-0.0167672)
(-0.00388715,0.0197093)
(-0.00203209,0.0146942)
(0.00304701,0.00937369)
(0.00531899,0.0172329)
(0.00646342,0.0174148)
(0.00864777,0.00793655)
(0.0210726,0.0115567)
(-0.00306191,-0.0058253)
(0.015388,-0.00414102)
(0.0112661,-0.0153837)
(-0.0207764,-0.0231727)
(0.00331607,-0.0110177)
(-0.00743078,-0.0307845)
(0.00167165,-0.00716184)
(-0.00634767,-0.00142474)
(-0.00540327,-0.00368537)
(0.0052658,0.00762562)
(-0.0115736,-0.0244407)
(0.00333559,0.0148721)
(-0.00935192,-0.0223202)
(0.000136356,0.0221045)
(-0.00021139,0.002147)
(0.0232403,0.0172948)
(2.15286e-05,0.00739044)
(0.0401786,0.0167455)
(-0.00852128,9.70418e-05)
(0.0459406,0.0111883)
(0.0165178,-0.0136915)
(0.0228235,0.00680193)
(0.050709,0.000748742)
(-0.0216303,-0.0213263)
(-0.00316842,0.000590194)
(-0.00664425,-0.0143997)
(0.0129296,-0.00593174)
(0.0124148,-0.00776127)
(0.00662979,-0.0058862)
(0.00628493,0.0122459)
(-0.00777624,-0.00330998)
(-0.00382744,0.0181017)
(-0.00497045,-0.000959902)
(0.00176045,0.0216978)
(6.62109e-05,-0.00458705)
(0.0121309,0.018314)
(-0.00157319,0.00240635)
(0.0258814,0.0142164)
(-0.0128784,0.0114976)
(0.0193996,0.0325365)
(0.0300018,-0.00537805)
(-0.00737073,0.0719498)
(0.118655,-0.0299124)
(-0.0484659,-0.0457665)
(-0.0175986,0.105215)
(0.0189241,0.000608601)
(0.00360558,0.00444896)
(0.0169331,0.0222789)
(0.00704057,-0.0023118)
(-0.00293524,0.00470656)
(-0.00818639,0.00432873)
(-0.00275317,0.0150583)
(-0.0101634,0.00600246)
(-0.020391,0.0132823)
(-0.00167762,-0.00292979)
(-0.00917926,0.0127975)
(0.0006775,0.0122097)
(-0.00238285,-0.00596225)
(-0.0234882,0.00859257)
(-0.0189212,0.00420952)
(-0.0324488,-0.0182422)
(-0.0479802,0.0280065)
(-0.0241041,-0.0805169)
(-0.00969679,-0.00534616)
(-0.149405,0.0451277)
(0.0251707,0.0382494)
(-0.0175369,-0.0085048)
(0.0224412,0.0375766)
(0.0055279,-0.0260222)
(-0.00460237,0.0269359)
(-0.0128356,-0.0085758)
(-0.0202362,0.0142942)
(-0.00724902,0.0017978)
(-0.00556645,0.0288556)
(-0.00104942,-0.00218066)
(-0.008584,0.0189739)
(0.00578061,0.00520468)
(-0.00491527,0.000726538)
(-0.00591976,0.00736175)
(0.00903611,-0.00994259)
(-0.00656813,0.0108238)
(-0.0103182,-0.00789354)
(0.0206704,-0.0172347)
(-0.00159044,-0.00520325)
(0.00126733,-0.0016573)
(0.0321177,0.0395052)
(0.0349942,-0.0411293)
(0.00262603,0.0337956)
(0.0208843,-0.0274223)
(-0.00371279,0.0210405)
(-0.000326045,-0.0158385)
(-0.0100047,0.0110745)
(-0.00602513,-0.00259902)
(-0.0115477,0.0267546)
(-0.00769398,0.00201627)
(-0.00471545,0.0201184)
(-0.0139421,-0.00625278)
(-0.00206728,0.00670313)
(0.0022144,-0.000275617)
(0.0335754,-0.00600095)
(0.0199795,0.0123991)
(0.0309968,-0.015996)
(0.0560666,0.0241614)
(0.0272807,-0.0170497)
(0.058764,0.00315559)
(0.0201099,0.012142)
(0.0662796,-0.013442)
(-0.00120122,0.00962609)
(0.0216441,-0.0174506)
(0.000550978,0.0149043)
(0.00321435,-0.008064)
(-0.00592817,-8.77966e-05)
(-0.0134849,-0.00210243)
(-0.0158159,0.0186106)
(-0.0109963,-0.000431254)
(-0.0195737,0.019186)
(-0.0226277,-0.000763687)
(-0.00533597,0.0123922)
(-0.0145221,-0.00536275)
(0.0148591,0.00459549)
(0.00911125,0.0138246)
(0.0260868,-0.0234365)
(0.0266055,0.0136283)
(0.0116762,-0.0287438)
(0.0320424,0.010924)
(0.014275,-0.0181729)
(0.0242018,-0.0109708)
(0.000485833,-0.000692357)
(0.0138581,-0.00523207)
(-0.00296834,-0.0090891)
(-0.00717453,-0.00186279)
(-0.00761097,-0.00291441)
(-0.00670503,-0.00387837)
(-0.0177231,0.0160943)
(-0.00667058,-0.00485589)
(-0.0126858,0.0140625)
(-0.0113383,-0.00941257)
(-0.0018868,0.0162242)
(-0.00504149,-0.000458103)
(0.0123911,0.0033095)
(-0.00110073,0.00505828)
(0.0131704,-0.00713913)
(0.00280874,0.00778802)
(0.00599437,-0.0142776)
(0.00671993,0.00336015)
(-0.000812244,-0.0131713)
(0.0124876,-0.00273974)
(0.00383647,-0.0154595)
(0.0119368,-0.00101607)
(-0.00262986,-0.0149636)
(0.00382913,0.000304879)
(-0.00176216,-0.0177947)
(-0.0027412,0.00667911)
(-0.00883028,-0.000596016)
(-0.00153697,0.00407906)
(-0.000610703,-0.00331242)
(-0.00349537,0.0118461)
(0.0182522,-0.00271354)
(-0.00748383,-0.000330979)
(0.0163111,-0.00471887)
(-0.0103719,0.00458892)
(0.00484705,-0.00354718)
(-0.0252537,0.00975532)
(-0.00206668,-0.00291937)
(-0.0209758,0.0160092)
(-0.0123359,-0.000447931)
(-0.0191948,0.00828115)
(-0.00622446,0.00623099)
(-0.0118633,0.00355459)
(0.00161886,0.0158857)
(0.000793428,-0.0079318)
(-0.000338563,0.0173595)
(-0.00214699,-0.0119618)
(-0.00574585,0.00420308)
(-0.00545353,0.00547054)
(0.0117203,0.00632174)
(-0.00943681,0.00626568)
(0.0236838,-0.004239)
(-0.00778945,0.0105557)
(0.0197211,0.00027095)
(-0.0297689,0.0124511)
(-0.000235607,0.00520246)
(-0.0312982,0.014442)
(-0.0133314,-0.00640761)
(-0.0188725,0.00663342)
(-0.0187868,-0.00446162)
(-0.010884,0.0112611)
(-0.018211,-2.86197e-05)
(-0.0187284,-0.00448052)
(-0.000551309,0.0107795)
(-0.0155231,-0.0172665)
(-0.00513036,0.0158998)
(-0.0107291,-0.0117669)
(0.00851887,0.0141107)
(-0.00267333,-0.00934728)
(0.0244013,0.00654806)
(-0.00922109,0.0145515)
(0.0245516,-0.00931724)
(-0.00753184,0.0141118)
(0.0288724,-0.00367631)
(-0.0205921,0.0047165)
(0.0213492,0.000333511)
(-0.00809984,0.00710138)
(-0.0202488,-0.00729598)
(-0.00949432,-0.0073546)
(-0.0155864,-0.00390593)
(0.0106449,-0.00259155)
(-0.0128625,0.00584268)
(-0.000903372,-0.00770006)
(-0.00123723,0.0116859)
(-0.0103328,-0.0300535)
(-0.00229908,0.0124664)
(-0.0090018,-0.0120917)
(0.0100354,0.00830399)
(-0.00541923,0.000111373)
(0.0285403,-0.000119578)
(0.00120438,0.00773569)
(0.0498883,-0.0102967)
(-0.0104455,0.0102588)
(0.048473,-0.015891)
(-0.0194195,-0.00766256)
(0.032539,-0.00906924)
(-0.0073187,-0.0119013)
(0.00097415,-0.0171493)
(0.0101723,-0.00622552)
(0.00474874,-0.0151835)
(0.0166063,-0.0221912)
(0.00790034,0.00413086)
(0.0216936,0.0021594)
(0.00441742,0.02225)
(0.0116821,-0.00650321)
(-0.006112,0.0233124)
(0.000983698,-0.00162107)
(-0.0033911,0.00730401)
(-0.00458295,0.00174537)
(0.0225296,-0.0069738)
(-0.0109544,0.0116297)
(0.0260257,-0.0174635)
(-0.016372,0.00496324)
(0.00645517,-0.0144677)
(-0.0115081,-0.000836539)
(0.0125553,-0.000674485)
(0.040767,0.0110015)
(0.0146605,-0.00690102)
(0.00227864,0.0259497)
(0.0188871,0.0127837)
(0.0297226,-0.000326125)
(0.0158596,0.0188829)
(0.0236494,-0.00403647)
(0.0117795,0.0216029)
(0.00829295,0.00817176)
(-0.00658362,0.0162855)
(0.00398134,0.0104101)
(-0.0113931,0.00276454)
(-0.012636,0.0157091)
(-0.0156115,-0.00597391)
(-0.00554707,0.025641)
(-0.0087601,-0.0304674)
(-0.0261907,0.0224148)
(-0.00945433,-0.0223274)
(-0.0322953,-0.00525692)
(-0.0190935,-0.000618528)
(0.0105666,-0.0282364)
(0.00947551,-0.00995524)
(-0.0206554,0.00306864)
(0.041463,0.0293008)
(0.0193753,-0.029934)
(0.024818,0.0523231)
(0.0194071,-0.00797783)
(0.00370107,0.0371904)
(0.0135136,-0.00333053)
(-0.00172782,0.0279608)
(-0.00170175,0.00505687)
(-0.0114525,0.0133198)
(-0.0120309,0.0109567)
(-0.0173054,-7.32813e-05)
(-0.0222831,0.0252222)
(-0.0138946,-0.0252345)
(-0.02182,0.00996467)
(-0.00144363,-0.0300321)
(-0.0154552,0.011681)
(-0.00106107,-0.0147957)
(0.0335662,0.00386742)
(0.0126773,-0.0209494)
(0.0294994,-0.00821254)
(0.0174963,0.0388734)
(0.0435065,-0.020972)
(0.00945397,0.0361157)
(0.0378842,-0.0183612)
(0.00287753,0.0414793)
(0.0192347,-0.0131797)
(0.00481323,0.0228264)
(0.00609411,-0.0134131)
(-0.00692128,0.00455013)
(-0.0157794,0.00663766)
(-0.0151592,0.0123823)
(-0.0332071,0.00466181)
(-0.0174667,0.00523257)
(-0.0360797,0.00412079)
(0.00537136,-0.00547328)
(-0.00793306,0.00883526)
(0.0157304,-0.0168658)
(0.0322114,0.013014)
(0.00718022,-0.0148394)
(0.0431251,0.00641232)
(0.0153186,0.0135007)
(0.0509259,-0.0220061)
(0.00213378,0.0183456)
(0.0350083,-0.014092)
(0.0105264,0.0187684)
(0.011597,-0.0122497)
(0.00336294,0.0108011)
(0.0023508,-0.00776236)
(-0.0120632,0.00840922)
(-0.0131259,-0.00233831)
(-0.0176542,0.00839374)
(-0.0249893,-0.00568387)
(-0.0149934,0.015251)
(-0.029746,0.000975748)
(0.000953273,0.0112273)
(-0.0167607,0.004549)
(0.00366925,-0.0065921)
(0.00722984,0.00658813)
(0.00587788,-0.00856005)
(0.0111951,-0.00389919)
(-0.00233314,-0.0064054)
(0.0152342,-0.00637677)
(0.00170746,0.00591375)
(0.0096239,-0.0122826)
(-0.00292265,-0.0012621)
(-0.00257597,-0.0189569)
(-0.0016599,-0.0169846)
(-0.0116915,-0.0157839)
(-0.0128781,0.0068886)
(-0.00110957,-0.00637033)
(-0.0136765,0.0195389)
(-0.0134588,-0.00780036)
(-0.00165137,0.0111562)
(-0.0126556,-0.00490494)
(0.00681429,0.00838127)
(-0.0056513,0.00507927)
(0.00315838,0.000680317)
(-0.00965399,0.0125915)
(-0.00305379,-0.00475168)
(-0.00130387,0.00925548)
(0.00184825,-0.00615219)
(-0.000990016,-0.0047168)
(0.00227748,-0.00671105)
(0.00598181,-0.000351619)
(-0.0113129,-0.0193835)
(-0.00651698,-0.0071322)
(-0.00981978,-0.00781217)
(-0.0030736,-0.0111614)
(-0.00743819,-0.00403943)
(-0.0144564,-0.00389142)
(0.00468402,-9.23294e-05)
(-0.0171871,0.000608188)
(0.0159647,-0.000217178)
(-0.0114678,0.00331148)
(0.0149849,0.00276372)
(-0.023819,0.0120931)
(0.00512212,0.00609365)
(-0.0233553,0.0161866)
(-0.00592345,0.00425846)
(-0.0156155,0.0148639)
(0.00119323,-0.00131921)
(-0.00499074,0.00978594)
(-0.00129446,0.00409097)
(-3.72609e-05,0.00840977)
(0.00270868,0.0192246)
(0.00230409,-0.00709647)
(0.00178991,0.0140163)
(0.00124267,-0.0117624)
(-0.0038388,0.00384928)
(-0.0116964,-0.00667614)
(0.012628,0.008105)
(-0.0200932,-0.00225786)
(0.0370655,0.00106231)
(-0.021809,-0.00180948)
(0.0269918,-0.000664831)
(-0.0262686,0.0127539)
(0.00622607,0.00809107)
(-0.0300688,0.0130415)
(-0.00325239,0.0101273)
(-0.01146,0.0150789)
(-0.0096908,-0.00768245)
(-0.00416582,0.00639471)
(-0.00837537,0.010558)
(0.00264648,-0.00028479)
(-0.0157625,0.0215392)
(-0.00774381,-0.0195173)
(-0.012586,0.0244407)
(0.000312614,-0.0136902)
(0.0105149,0.0117139)
(-0.0135914,-0.0149933)
(0.0228009,0.0104422)
(-0.00755808,-0.0191172)
(0.0373303,-0.0105864)
(-0.00964595,0.00309686)
(0.0255905,-0.00943641)
(-0.0290042,0.000931092)
(0.0155115,0.00333415)
(-0.0169804,0.000778832)
(-0.00355697,0.0140902)
(0.00505974,-0.000684009)
(-0.00859487,0.0064743)
(0.0158012,0.00144814)
(-0.00571959,0.0101074)
(0.012605,-0.0102322)
(-0.00575679,0.00824569)
(0.00282473,-0.0111787)
(-0.00994013,0.0101184)
(-0.00694469,-0.0128923)
(0.0135323,-0.00419595)
(-0.00963251,-0.0166931)
(0.032243,-0.0105589)
(-0.00377668,-0.0112796)
(0.03001,-0.0181921)
(-0.00125196,0.00227896)
(0.028092,-0.0206813)
(-0.0158002,-0.00807856)
(0.0198847,-0.00833179)
(-0.00391662,-0.0134256)
(0.00667199,-0.0027073)
(0.00193674,-0.0127416)
(0.00499553,-2.88678e-05)
(0.0295049,-0.00316349)
(0.0182427,0.00602635)
(0.0282743,-0.00502471)
(0.00568487,0.0147963)
(0.00744764,-0.00149576)
(0.00197687,0.00778254)
(0.00321687,0.00354226)
(-0.00120791,-0.00585411)
(-0.00963938,-2.99053e-05)
(0.0150347,-0.0108357)
(0.00359871,0.00465877)
(0.0138789,-0.0177498)
(-0.00959495,0.0166241)
(0.00948603,-0.0152023)
(-0.0196163,-0.0155947)
(0.00700253,0.000185254)
(0.000432605,-0.00396698)
(0.0181326,0.00598882)
(0.00385973,-0.00524881)
(0.0295662,0.0102321)
(0.0165519,-0.00267195)
(0.0322957,0.023106)
(0.0226575,0.00422807)
(0.0191414,0.0246817)
(0.014862,0.0107821)
(-0.00494271,0.0258882)
(0.00881647,0.00333924)
(-0.0104127,0.00270751)
(-0.00958638,0.00257296)
(-0.00772078,-0.0127196)
(-0.0155522,0.0175331)
(-0.0159872,-0.0199333)
(-0.0187917,0.00926756)
(-0.017117,-0.0150398)
(-0.025421,0.00645586)
(-0.00821515,-0.00123722)
(0.00470226,-0.00711331)
(0.0169637,-0.000662676)
(0.00447018,-0.00105966)
(0.0248669,0.027079)
(0.0230851,-0.0114551)
(0.0226501,0.0250779)
(0.0265505,-0.0028393)
(0.0155427,0.0423239)
(0.00959923,-0.00447414)
(0.00109038,0.0314926)
(0.00465459,0.00141125)
(-0.0070739,-0.00227647)
(-0.0180439,0.00873473)
(-0.0216097,-0.000876819)
(-0.0285776,0.00804076)
(-0.0228464,-0.0147739)
(-0.0424061,0.0225087)
(-0.017604,-0.00965433)
(-0.0306098,0.00890697)
(-0.010221,-0.0150225)
(0.0130539,0.015769)
(0.0021725,0.00128994)
(0.0287925,-0.00613361)
(0.020031,0.00874002)
(0.0327988,-0.0126385)
(0.0112675,0.0218633)
(0.0301583,-0.0153528)
(0.0170296,0.0233928)
(0.019917,-0.0103765)
(0.00525647,0.0232182)
(0.000223708,-0.00881678)
(-0.00362244,0.000891141)
(-0.0230144,0.00665648)
(-0.0157084,-0.00366293)
(-0.0371397,0.00425459)
(-0.0229283,0.00267876)
(-0.0362614,0.00313301)
(-0.0170706,0.00296838)
(-0.0378789,0.0114212)
(-0.0134351,-0.0102754)
(0.00504289,0.00559501)
(0.0021144,-0.00124503)
(0.0203846,-0.0121352)
(0.0102886,0.00541781)
(0.020569,-0.00686834)
(0.00841623,0.00642533)
(0.023334,-0.00944754)
(0.00470359,0.0235236)
(0.0055779,-0.0137005)
(0.0025846,0.00754512)
(-0.00764813,-0.00736454)
(0.000284842,0.000653561)
(-0.0141402,-0.00167825)
(-0.0192841,0.00356871)
(-0.0264654,-0.00786378)
(-0.0132765,-0.00277626)
(-0.0349519,-0.000286875)
(-0.00803326,0.00638829)
(-0.0202544,0.0089518)
(-0.0120808,-0.00724003)
(-0.011239,-0.00037113)
(-0.00579574,-0.000940639)
(-0.00382855,-0.0121915)
(0.00761105,0.00393516)
(-0.00609205,-0.0138588)
(0.00131799,0.0129238)
(0.00568653,-0.0137237)
(-0.0074865,0.0044778)
(-0.0196374,-0.0192658)
(-0.000938349,-0.00476999)
(-0.015497,-0.0176642)
(-0.00754835,0.00210371)
(-0.00278712,0.000466311)
(-0.0105008,-0.000955798)
(-0.0104319,-0.00920762)
(0.000269662,-0.000323241)
(-0.0193577,0.0012626)
(-0.000820561,-0.00319554)
(-0.0152512,0.00921056)
(-0.00288111,-0.000710002)
(-0.00435416,0.0151908)
(-0.00927462,-0.00281594)
(-0.0129138,-0.00432213)
(0.00354761,0.00618698)
(-0.0101773,-0.00690194)
(-0.0073411,-0.00391865)
(-0.0120485,-0.0140925)
(-0.00710592,-0.00595719)
(-0.0126591,-0.00914316)
(-0.0105136,-0.0112319)
(-0.0169669,-0.0029374)
(0.00179425,0.00552301)
(-0.0176202,0.0010295)
(0.0072747,0.00253567)
(-0.009998,-0.00912831)
(0.0181519,0.00520577)
(-0.0117284,0.00657391)
(0.00799378,-0.00156085)
(-0.0142506,0.00602021)
(-0.00111849,0.00278703)
(-0.0153662,0.00916854)
(0.001324,-0.000348024)
(-0.0147261,0.00616888)
(0.00362816,-0.00317653)
(-0.0057884,0.0126081)
(0.00444987,0.00106178)
(0.00449495,0.00394028)
(0.00510623,0.0142066)
(-0.00589321,-0.00336414)
(-0.00824708,0.0106257)
(0.000443674,-0.0128288)
(0.00176082,0.0045265)
(-0.0151506,-0.00799419)
(0.0134445,0.00865124)
(-0.0121895,-0.0100256)
(0.0291073,-0.000580788)
(-0.0177683,-0.00927696)
(0.0216253,-0.000312861)
(-0.0151238,0.00120099)
(0.00382502,0.00805651)
(-0.0148462,0.00408756)
(0.0037815,0.00328164)
(-0.00835581,0.00548109)
(0.00184276,-0.00836169)
(0.00375593,0.00993212)
(-0.00150675,0.00695527)
(-0.00433714,0.0036974)
(-0.003272,0.0111277)
(-0.000327634,-0.00963244)
(-0.00400741,0.0198043)
(-0.00703745,-0.00796951)
(0.00418862,0.00320105)
(-0.00636808,-0.01807)
(0.00970236,0.0027549)
(-0.00230754,-0.0195587)
(0.0268283,-0.0126821)
(-0.00447478,-0.0200506)
(0.0167909,-0.0151493)
(-0.0178657,-0.00372625)
(0.00478192,-0.00594357)
(-0.0134464,-0.00330061)
(0.0017993,0.00175412)
(0.000702888,0.00949553)
(0.00210891,0.00158043)
(0.0104064,0.0031027)
(0.00340729,-0.00155106)
(0.0121393,-0.000400012)
(-0.00514431,0.00402136)
(-0.00476582,-0.0144429)
(-0.00545729,0.00615251)
(0.0022188,-0.0147805)
(-0.00121695,-0.00634303)
(-0.0117007,-0.0171746)
(0.0186333,-0.0112167)
(0.00461252,-0.0115066)
(0.0126841,-0.0213775)
(0.00671479,-0.00291831)
(0.0108114,-0.0173986)
(-0.00495283,-0.0136683)
(0.00702167,-0.00376239)
(-0.0115742,-0.0144209)
(0.0133086,0.000243173)
(0.00760992,-0.0071944)
(0.0180663,-0.00302913)
(0.0154291,0.0100486)
(0.0175928,0.00541004)
(0.0171162,-0.00819935)
(0.0207221,0.00710299)
(0.0152062,-0.00913505)
(0.00160338,0.0031736)
(0.00551382,-0.00447593)
(0.00127222,-0.00910775)
(-0.00719162,-0.0168998)
(5.83516e-06,-0.0203114)
(0.0037006,0.00153869)
(0.00539816,-0.0187492)
(-0.00165044,-0.0052372)
(-0.00335895,-0.0129821)
(-0.00635197,-0.00916963)
(0.00752686,-0.00189876)
(-0.00279163,-0.0154418)
(0.0128488,-0.000356455)
(-0.00296529,-0.0106172)
(0.0214139,0.00365958)
(0.0158487,-0.00450292)
(0.03173,0.00949848)
(0.0170332,0.00665987)
(0.0139755,0.0217703)
(0.0087315,0.00201758)
(0.0056799,0.0207147)
(0.0180525,0.00505894)
(-0.00523766,-0.00118113)
(-0.00932761,-0.008212)
(-0.00763211,-0.0109764)
(-0.00884453,-0.000630851)
(-0.0141612,-0.013478)
(-0.0132143,0.00193476)
(-0.0184968,-0.000398035)
(-0.00877191,-0.012733)
(-0.00633998,0.000752497)
(-0.000639073,-0.00443331)
(0.00678383,0.0139572)
(-0.00225927,-0.0107048)
(0.0139842,-0.0011059)
(0.00862015,-0.00674941)
(0.0199934,0.0105081)
(0.00874062,-0.00682691)
(0.0168077,0.0209715)
(0.00811269,-0.00319168)
(0.000409198,0.0219724)
(0.00639167,0.00040425)
(-0.00343332,0.00152765)
(-0.0148622,-0.00426873)
(-0.0131459,-0.00410723)
(-0.018624,0.000529992)
(-0.01492,-0.00796496)
(-0.0236848,0.00284635)
(-0.0218148,-0.000655577)
(-0.0241821,0.0067186)
(-0.0181551,-0.00326608)
(3.10084e-06,-0.00339948)
(-0.0020365,0.00196775)
(0.0078951,-0.00730761)
(0.00422346,-0.00890417)
(0.0152781,-0.0136017)
(0.00865964,0.00485271)
(0.0230573,-0.016486)
(0.00729674,0.0122402)
(0.00613303,-0.0139353)
(0.00402096,0.00711241)
(0.0031865,-0.00650052)
(-0.00577556,0.00528794)
(-0.0235868,-0.00306434)
(-0.00742205,0.00834385)
(-0.022579,-0.00116859)
(-0.0178781,0.00316098)
(-0.0228058,-0.00086399)
(-0.0181711,0.00380877)
(-0.0158141,0.000346322)
(-0.0143505,-0.00687428)
(-0.0101577,0.00218953)
(-0.011668,0.00167404)
(0.00556319,-0.0177848)
(-0.0037704,-0.00986386)
(0.00535015,-0.0232598)
(-0.00685035,0.00642236)
(0.00699111,-0.018002)
(-0.00833127,0.00410373)
(-0.00179399,-0.0118615)
(-1.75321e-05,0.0034387)
(0.000141646,-0.00672438)
(-0.00208181,0.00631809)
(-0.0143538,-0.00565988)
(-0.00979373,0.00144494)
(-0.0141368,-0.00848031)
(-0.0058567,0.00777796)
(-0.0183519,0.00730941)
(-0.0151848,0.000527826)
(-0.0191745,0.0105752)
(-0.0158931,-0.00787057)
(-0.00859699,-0.00433827)
(-0.01841,-0.00198394)
(-0.0155132,-0.0169434)
(-0.00108442,0.00544966)
(-0.00936369,-0.0159456)
(-0.0062479,0.000369715)
(-0.0150319,-0.0123905)
(-0.00841539,0.00739175)
(-0.0204813,-0.0148033)
(-0.00457115,-0.00128309)
(-0.0152325,-0.00137343)
(-0.00912078,0.00143759)
(-0.0111115,-0.00525857)
(-0.00182365,0.000844628)
(-0.011713,-0.00210631)
(-0.000124968,-0.00179502)
(-0.00790542,0.0101595)
(0.00066219,-0.00374153)
(-0.011162,0.0122688)
(-0.0076877,-0.0132938)
(-0.0058536,0.00790213)
(-0.00645721,0.00291223)
(-0.0106604,-0.0065834)
(0.000131877,0.00280224)
(-0.0101933,-0.0145414)
(-0.00691664,0.00329104)
(-0.0132514,-0.0125765)
(-0.00555411,-0.0089263)
(-0.0178999,-0.00804904)
(-0.0117988,-0.00646049)
(-0.00826764,-0.00176497)
