(0.00494049,0.00166778)
(-0.00522034,-0.00213103)
(0.00033057,0.000365771)
(-0.00161039,-0.00509505)
(-0.000826663,-0.00136183)
(0.00561328,-0.00104303)
(-0.00220504,-0.00064566)
(0.00567596,0.0010049)
(0.00194567,-0.000323744)
(0.00358417,0.00297156)
(-0.000667357,0.00353086)
(-0.00182306,0.000841892)
(-0.000272921,-0.00123625)
(-0.00368256,-0.00392462)
(0.00167293,5.84187e-05)
(-0.00121627,-0.00209367)
(0.00374269,-9.56826e-05)
(-0.00153812,-0.00110976)
(-0.000355725,0.000636004)
(-0.000281488,0.00160961)
(-0.00260523,0.00320573)
(-0.00582566,-0.00355394)
(0.00424082,0.00257334)
(-0.00209777,-0.00408215)
(-0.00160387,-0.00133329)
(0.000996047,-0.000937492)
(-0.000149948,-0.00345612)
(0.00464256,0.00431666)
(0.000965261,-0.000748318)
(0.00191103,0.00461851)
(-0.00224651,-0.00368378)
(-0.000523,0.00264058)
(0.00014298,-0.00101816)
(-5.91117e-05,0.00028277)
(0.00141058,0.000983437)
(0.00190093,0.000660922)
(0.0051109,0.006182)
(-0.000127228,-0.00197788)
(0.000868699,0.00338366)
(-0.00194381,0.00140516)
(-0.00164663,-0.00154065)
(-0.00574345,-0.00138343)
(0.00214851,-0.00121331)
(-0.00129677,-0.00201787)
(0.00502413,0.00219021)
(0.0068584,-0.00276644)
(0.00105607,-0.00150375)
(0.00275947,0.000208107)
(-0.00121233,-0.00191861)
(-0.000244988,0.00463412)
(-0.00206268,-0.00569042)
(-0.0016027,0.00758101)
(-0.000878434,-0.00157473)
(-0.000700052,0.00546088)
(-0.000995263,0.00335044)
(0.00123961,0.00510168)
(-0.000716673,0.00272004)
(0.00047909,-0.00108602)
(0.00237782,4.21108e-05)
(-0.00296035,0.00122126)
(-0.00443955,-0.00629237)
(-0.00327892,-0.00227278)
(0.00647052,0.000398619)
(0.000930216,-0.00417977)
(0.00750447,0.00234045)
(0.00609248,-0.00495313)
(0.00228232,-0.00322733)
(0.00411136,-0.00260918)
(-0.0084186,-0.00107613)
(-7.30579e-05,-0.00375006)
(-0.00845461,0.00179749)
(-0.000584753,0.000696974)
(-0.00536729,0.000597718)
(-0.00495681,0.00148069)
(-0.00291906,0.000261475)
(-0.000365369,0.00213095)
(0.00294127,0.00114073)
(-0.00368972,0.000111847)
(-0.000306934,-0.0046072)
(-0.00286047,0.00147757)
(0.000843043,-0.00167436)
(-0.00094186,0.000310717)
(0.00349199,-0.00292062)
(0.000231666,-0.00092957)
(0.00624828,0.00590271)
(0.00412481,-0.00213389)
(0.00174094,-0.000461849)
(0.00011894,-0.00329831)
(-0.00179529,-0.00168159)
(0.000469477,-0.00375779)
(-0.00225266,0.000286705)
(-0.00421324,-0.00418568)
(0.00274708,0.000484307)
(-0.00540105,0.00210191)
(7.98214e-05,0.00188384)
(0.00340677,-0.000765875)
(0.00265165,0.000162598)
(0.000489364,0.00149334)
(-0.00219025,0.00109307)
(-0.0037892,0.00351776)
(-0.00278219,-0.00580546)
(0.00559859,-0.000441911)
(0.00790336,-0.00183054)
(0.00297525,-0.00233971)
(0.00310256,-0.00153099)
(0.00288742,-0.000534684)
(0.00156242,0.000792238)
(-0.000887739,-0.0017986)
(-0.002098,-0.00397474)
(0.00621013,-0.00312054)
(0.00132969,-0.00397358)
(-0.00129048,-0.00162747)
(0.000477333,-0.00200313)
(-0.000271617,-0.00401212)
(0.00540865,-0.00153777)
(0.00355302,0.000636141)
(0.00408902,0.00283236)
(0.00164006,-0.000566239)
(-0.00180287,0.00198022)
(-0.00132,0.000168371)
(6.20189e-05,0.000621999)
(0.0052256,0.00102973)
(0.00326018,-0.00293546)
(0.00755126,1.56528e-05)
(0.0109474,0.00162282)
(0.00125665,-0.00070253)
(0.00615561,-0.00302852)
(-9.24704e-05,-0.00221014)
(-3.45384e-05,-0.00106173)
(0.00120073,-0.00407745)
(-0.00256949,-0.00208914)
(-0.0036933,-0.00231832)
(0.00653637,-0.00296345)
(0.0016943,-0.00104928)
(0.00442885,-0.000120155)
(0.00242727,-0.00148116)
(0.00138334,0.00630648)
(0.00149691,-0.00349249)
(0.000272111,0.00445531)
(0.000724381,-0.00317637)
(-0.00230611,0.000753513)
(0.00868033,-0.00196328)
(0.00416604,-0.00225969)
(0.00556427,-0.00073879)
(0.00794282,-0.00259814)
(0.000325788,-0.00106426)
(0.00834396,0.000155593)
(-0.00553895,-0.00573787)
(-0.0029036,-0.000539062)
(0.00107673,-0.00377442)
(0.00310221,0.00471396)
(0.00146766,-0.00191936)
(-0.00119474,-0.00130008)
(-0.000137773,-0.000332654)
(0.0038486,0.00498884)
(0.005175,-0.0022063)
(0.00193672,0.000635963)
(0.00527754,-0.00287932)
(-0.00490666,0.00672737)
(0.00263354,-0.00210313)
(-9.82579e-05,0.00156902)
(0.0037088,-0.00243986)
(0.001268,-0.00155862)
(0.0022114,-0.00469785)
(0.00405797,0.000162475)
(-0.00233045,-0.000833276)
(0.007528,-0.00111197)
(-0.000890771,-0.00582139)
(0.0017479,0.00379088)
(-0.000471588,-0.000295973)
(-0.00437061,0.0012623)
(0.00190076,-0.0032152)
(-0.00430837,0.00403692)
(0.00422131,0.0012498)
(0.00148541,-0.00179838)
(0.00314149,5.08557e-05)
(-0.00173204,0.00211358)
(0.00374721,0.00103653)
(-0.0026596,-0.000116074)
(0.0012127,-0.00284472)
(-0.0033993,-0.000311548)
(0.000241873,0.00358654)
(-0.0007432,0.00707752)
(0.000306207,0.00179092)
(0.00183959,-0.00388001)
(7.80793e-05,-0.00618261)
(0.00307267,-0.000271352)
(0.00214072,-0.00189146)
(-0.0010509,-0.000254196)
(0.00193649,-0.00489418)
(-0.000483022,-0.000356801)
(0.00222814,0.000942366)
(-0.00442532,0.0033578)
(0.00324375,-0.00169853)
(-0.00578514,0.00206384)
(0.00118811,0.00505026)
(-0.00115308,-0.0014867)
(0.00283323,-0.00148196)
(-0.0026919,0.000597779)
(0.00205664,-0.00742403)
(0.000598773,0.00357754)
(-0.00402999,-0.0012624)
(0.00574496,0.00368)
(0.00296839,-0.000936139)
(-0.00214149,0.000525698)
(0.00577759,-0.000646762)
(0.0037653,-0.00120514)
(0.00323451,0.00114336)
(0.00160119,0.00425211)
(0.00135833,0.00351213)
(-0.000219325,0.00178981)
(0.000258649,-8.85182e-06)
(-0.00217173,-0.000812483)
(-0.00382628,-0.000139676)
(-0.000467692,-0.000470254)
(-0.000815649,-0.00443395)
(0.00289496,0.00369235)
(-0.00485796,-0.00372641)
(-0.00138845,-0.00303587)
(-0.00239223,-0.0013563)
(0.00211807,0.00359818)
(-0.000708207,-0.000565571)
(0.000532395,0.00222109)
(0.000642152,-0.00206316)
(-0.00162997,0.00179976)
(0.00667244,-0.00854204)
(-0.000800794,-0.0016683)
(0.00328825,0.0083505)
(0.00397972,0.00215549)
(-0.00198027,0.00644851)
(-0.00180863,-0.00308436)
(-0.00830676,0.00468123)
(-0.00114968,-0.0010518)
(0.00460709,0.00192759)
(0.00145893,0.00227907)
(0.00257773,0.000942049)
(0.000617381,0.00228095)
(-0.00142262,-0.000307161)
(0.00142081,0.00328234)
(-0.000329274,-0.0011962)
(0.000487273,-0.00215722)
(-0.00206546,-0.00353921)
(0.00393567,0.00338326)
(0.00909853,-0.01028)
(0.00687403,0.00593211)
(0.00788187,-0.00604726)
(0.00152763,0.00046023)
(-0.000131496,-0.000195607)
(-0.00802349,0.000813167)
(-0.00932993,0.00131673)
(-0.00487795,0.000620783)
(-0.00405972,0.00200694)
(-0.000306704,0.00433692)
(-0.00836049,0.000871447)
(-0.0025583,0.00454122)
(-0.00275272,0.00370576)
(0.00149824,0.00371961)
(-0.00251576,0.00151647)
(-0.000730978,0.000313317)
(0.000518181,0.000616658)
(0.00279483,-0.0057327)
(0.00425308,-0.00609209)
(0.000853042,0.00705141)
(0.00300114,-0.00670691)
(0.00790992,0.00683696)
(0.0077091,-0.00374752)
(-0.00615507,-0.00159489)
(-0.000766207,-0.00379901)
(-0.00823853,0.00183721)
(-0.00418829,-0.00379882)
(-0.00431327,0.00563965)
(-0.00560583,-0.000144035)
(-0.0023574,0.00642053)
(-0.00185835,0.000101444)
(-0.00256459,0.0056156)
(-0.00767091,0.00095767)
(-0.00451255,-0.000571002)
(-0.00434074,0.00365859)
(0.00507277,-0.00094902)
(0.00064662,0.00240935)
(0.000105716,0.000756008)
(-0.00230997,-0.00496965)
(0.00331626,0.00332553)
(0.00496768,-0.00196502)
(0.0056385,0.0045708)
(0.00668295,-0.00279515)
(-9.24675e-05,-0.000447224)
(-0.00378537,-0.00894697)
(-0.00465506,-0.00306932)
(0.00431459,-0.00575551)
(-0.00428975,-0.000356232)
(-0.00393788,-0.00459609)
(-0.000370124,0.00497478)
(-0.00595831,-0.00439767)
(0.00263273,-0.000184755)
(-0.00616462,0.00612588)
(0.00200107,0.00162385)
(-0.00256065,-0.000487421)
(-0.00133046,0.00100816)
(0.00246516,0.00042538)
(0.00620536,-0.00227719)
(0.00156587,0.00274317)
(-0.00064757,0.00133589)
(0.010248,0.00299056)
(-0.00240946,0.00500013)
(0.00656944,-0.000509086)
(-0.00676911,-0.00192904)
(0.00189568,-0.00222093)
(-0.010869,-0.000602318)
(-0.0022083,-0.00707243)
(-0.0100644,-0.0023872)
(0.000669192,-0.0141966)
(0.00120784,-0.000787973)
(-0.00170039,-0.0054796)
(-0.00059173,0.00491673)
(0.00135446,-0.00199859)
(-0.00123265,0.00317009)
(-0.00510879,0.00262769)
(0.000677248,0.00196262)
(0.00152732,-0.000804826)
(0.000145249,-0.00316567)
(0.00576485,0.00491211)
(0.010285,0.00149402)
(0.00689207,-0.00278423)
(0.00172314,-0.00506649)
(0.00283173,0.00323535)
(-0.00334485,-0.00257723)
(0.00519399,-0.00590755)
(-0.00586228,-0.00651331)
(0.00265519,-0.00302486)
(-0.00682013,-0.00293844)
(0.00776084,-0.00122676)
(-0.00234738,0.00204796)
(-0.000269038,-0.00462196)
(0.00342726,-6.93442e-05)
(-4.28532e-05,-0.00252131)
(0.00174165,0.00455731)
(-0.00161488,-0.00290474)
(-0.00537405,0.0055685)
(0.000976978,-0.00438458)
(0.00257335,-0.0022904)
(0.00938163,-0.00342631)
(0.0062731,-0.000878465)
(0.00521241,0.000333189)
(0.00671579,0.00172287)
(-0.00464545,-0.00340994)
(0.00435572,-0.00508551)
(-0.00184805,-0.00545761)
(-0.00487597,0.00151998)
(0.00136391,-0.00614504)
(-0.00128595,-0.00264868)
(-0.00199988,-0.00228326)
(0.00412355,0.00276645)
(0.00284467,-0.00193707)
(0.00239426,-0.00311599)
(0.00282806,-0.00291265)
(-0.00285103,0.00664647)
(0.00537642,-0.00344673)
(-0.00140014,0.00548582)
(0.00414015,-0.00653486)
(0.00260759,-0.00430271)
(0.000272481,-0.00439969)
(0.0034147,3.53164e-05)
(-0.001509,-0.00604251)
(0.00259186,0.00177054)
(-0.00768415,-0.00306138)
(0.00705411,0.00444409)
(-0.00849211,-0.00161389)
(0.00208938,-0.00611437)
(-0.00654607,-0.001127)
(-0.000938025,0.00224461)
(0.0028506,0.00414988)
(0.00114381,-0.000147329)
(0.00074684,0.00262408)
(0.00171665,0.000711826)
(0.00334379,0.00396679)
(-0.00110742,0.00174324)
(0.00196525,0.000155415)
(-0.00267065,0.00360891)
(0.000143435,-0.00294621)
(0.00435648,-0.00154152)
(-0.00352109,-0.00378021)
(0.00113563,-0.000354949)
(-0.00781824,-0.00796134)
(0.00164642,-0.00254733)
(-0.00207355,-0.00228222)
(0.00363338,-0.000735959)
(-0.00419027,-0.00213058)
(-0.000591684,0.000745806)
(0.00295265,-0.00372556)
(-0.000854163,-0.000473862)
(-0.00238987,0.00136742)
(-0.00414898,0.00108245)
(0.00151214,0.0025231)
(-0.00149199,-0.000591416)
(0.00206364,0.00442589)
(-0.00122439,0.00129434)
(-0.000849365,0.00355717)
(0.000155037,0.00255335)
(-0.00160997,-0.00177013)
(-0.00171428,0.00121956)
(0.00169308,0.00112277)
(-0.00264135,0.000922801)
(0.0012145,0.000721425)
(-0.00344528,0.00129842)
(0.00445024,-0.000534701)
(0.00119653,0.00148603)
(0.00177157,0.00134168)
(0.00350227,0.00515768)
(-0.00193762,0.00302009)
(-0.00287797,0.00160936)
(-0.00171507,0.00142241)
(0.00185487,0.00371848)
(0.00344105,-0.00128807)
(-0.00189217,0.000753208)
(-0.00227914,7.70836e-05)
(0.00204708,0.00400212)
(-0.00320487,-0.00336432)
(0.000889302,-0.000467797)
(-0.0070057,-0.00337017)
(0.0010528,-0.00326135)
(0.000910431,-0.000392447)
(-0.00332449,-0.00277931)
(0.00894792,-0.00544752)
(0.000717724,0.00377198)
(0.0121985,-0.00276961)
(0.00058961,0.00781385)
(-0.000261449,-0.00115839)
(-0.00224171,0.00621762)
(-0.00406012,0.00714011)
(-0.00299791,0.00555171)
(-0.00336179,-0.00295487)
(0.00386776,0.0033952)
(-0.00519491,0.00229492)
(0.00274003,0.00275873)
(0.000542032,0.00111858)
(0.00110523,0.00641931)
(-0.00543589,9.77163e-05)
(-0.0039723,0.00631982)
(-0.00403825,-0.000648983)
(0.000778846,-0.00236655)
(0.00654317,-0.00315479)
(0.00330114,0.00460365)
(0.0101579,-0.00734616)
(0.00334531,0.0058938)
(0.0129084,-0.00391517)
(-0.0034575,0.0038714)
(0.000295922,-0.00260544)
(-0.00181471,0.00665302)
(-0.00516682,-0.00290485)
(-0.00485916,0.00996641)
(-0.0108396,0.000261798)
(-0.0034105,0.00753893)
(-0.0041761,-0.00799508)
(-0.00266669,0.0117245)
(-0.00935801,0.00388114)
(-0.00193827,0.00717397)
(-0.00170959,0.00150523)
(-0.00106918,0.00371878)
(-0.00511919,-0.00261619)
(-0.000579269,0.00503247)
(0.00504667,-0.00338152)
(0.00256852,0.0078137)
(0.00982392,-0.00676078)
(0.00628427,0.00833905)
(0.0101522,-0.00595701)
(-0.00367806,0.00186969)
(-0.00567055,-0.00554494)
(0.00617543,-0.00228368)
(-0.00348988,-0.00259546)
(-0.00257265,0.0111413)
(-0.00277609,-0.000433893)
(-0.000559803,0.0106242)
(-0.0103419,0.00214302)
(0.0018842,0.00698146)
(-0.0112591,0.00079378)
(0.00184178,0.00658771)
(-0.00996533,0.000424853)
(-0.00225238,-0.000452251)
(-0.000219297,0.00270508)
(0.00138752,0.00609437)
(0.00351386,-0.00306096)
(0.00133366,0.00672995)
(0.00878792,-0.000806954)
(-0.00301042,0.00460608)
(0.00414002,-0.0071343)
(0.000922926,0.000103957)
(0.00373744,-0.00448974)
(-0.00993266,-0.0090597)
(-0.0179592,-0.00918676)
(-0.0165293,0.00413898)
(-0.0135944,-0.00940535)
(0.00701763,0.00885775)
(-0.00334878,-0.0041044)
(0.00393959,0.00552631)
(-0.00445628,0.00485659)
(0.0014139,0.0021897)
(-0.00712636,0.00120747)
(-0.000107801,-0.00201077)
(-0.00304856,0.00657005)
(-0.00068914,0.00232941)
(0.00640018,-0.000531827)
(0.0012265,0.00574912)
(0.00712506,-0.00123956)
(0.000903415,0.00328859)
(0.00310174,0.00182873)
(-0.000906763,-0.0003434)
(-5.3967e-05,-0.0101899)
(-0.0171357,-0.00816637)
(-0.00342125,-0.017298)
(-0.0155738,-0.00793821)
(-0.00616244,-0.0277802)
(0.00520746,0.00820267)
(0.00218709,-0.0133994)
(0.00700281,0.00232823)
(-0.00036939,-0.00481506)
(-0.000197985,0.00280099)
(-0.00658212,0.00172033)
(-0.00200091,0.000772745)
(-0.00444187,-0.00111515)
(0.00502584,0.000131058)
(0.0040491,-7.57902e-05)
(0.00213494,-0.00106133)
(0.00970409,0.00175591)
(-0.00466777,0.00392528)
(0.0029237,-0.00722506)
(-0.00640316,0.00289976)
(0.00871265,-0.00467347)
(-0.0100886,-0.000660552)
(0.00870456,-0.00725717)
(-0.00532195,0.000130609)
(0.0109457,-0.0119382)
(0.00361568,0.00572715)
(0.00421438,-0.0044599)
(0.00646178,0.00348604)
(-0.00310921,-0.00530209)
(0.00123827,-0.000915326)
(-0.00382123,0.000208043)
(-0.00351584,0.00147581)
(-8.71624e-05,0.000803416)
(0.00540948,-0.00129131)
(0.00461921,-0.00271825)
(0.00882581,0.00469435)
(-0.00218527,-0.00434898)
(0.00265458,-0.00302295)
(-0.00252668,0.000542829)
(-0.00460945,0.00437426)
(0.000917592,-0.0121231)
(-0.00607027,-0.00239484)
(0.00437421,-0.00493459)
(-0.00192544,0.00656918)
(0.00912718,-0.00318824)
(0.00823492,0.000205893)
(0.00365116,-0.00336431)
(0.00802491,-0.00508028)
(0.00451082,0.00161695)
(0.00530133,0.00327306)
(-0.00391262,9.25338e-05)
(-0.00367694,0.00082359)
(0.000608659,-0.00362101)
(0.00449436,-0.00170421)
(-0.0019936,-0.00809341)
(0.00843929,0.000431422)
(-0.00578094,-0.001162)
(0.00236026,0.000713165)
(-0.012913,-0.00341463)
(0.00585747,-0.00115827)
(-0.00842347,-0.00279855)
(0.00156283,0.00267292)
(-0.000182547,-0.00920202)
(0.00156579,-6.01835e-05)
(-0.00179636,-0.000429662)
(0.00372041,-0.00290789)
(0.00842313,0.0011767)
(0.00306695,-0.00192364)
(-0.00174821,0.00284618)
(-0.00080215,-0.000716175)
(0.000606241,0.00582548)
(0.00297322,0.00216936)
(-0.00231402,-0.00202054)
(0.00328254,-0.000715045)
(-0.00722786,-0.00510872)
(0.00251403,-0.00465017)
(-0.00658494,9.34191e-05)
(0.00637064,0.00241137)
(-0.00678276,0.00168061)
(0.005943,-0.000881132)
(-0.00719023,-0.000850704)
(0.00148244,0.00213074)
(-0.00449168,-0.00208337)
(0.00151955,0.00144864)
(-0.00116576,-0.00434821)
(-0.000612737,-0.00250014)
(-0.00466092,0.0013097)
(-0.00190819,-0.000999507)
(0.000112071,0.00558092)
(-0.00195921,0.000707244)
(-0.00174071,0.00321466)
(-0.00164956,-0.00437371)
(-0.00267553,-0.00139167)
(0.000978568,-0.00311529)
(0.00310817,-0.00350396)
(-0.00223384,-0.00190484)
(0.00430077,0.000150659)
(-0.00291326,0.000774853)
(0.000468778,-0.00304064)
(0.00399976,0.00331795)
(-0.00261957,0.00064129)
(0.000359653,0.0051438)
(-0.00506455,0.00413554)
(0.00520187,0.00859785)
(-0.00200609,-0.0016254)
(0.0061871,0.00285652)
(-0.000938863,0.00185272)
(0.00513588,0.00315855)
(-0.00039509,5.83337e-05)
(0.00393917,0.0039957)
(-0.000883929,-0.00167935)
(0.00132362,0.00185528)
(-0.00175054,-0.00572609)
(-0.00308978,-0.00574704)
(0.00162377,0.00212669)
(-0.00278737,0.000304381)
(0.00545511,-0.00707988)
(-0.00294842,0.000571168)
(0.00799875,-0.000871423)
(0.00266973,0.00822283)
(0.00132835,0.00228523)
(0.00187649,0.00767891)
(-0.00217305,-0.000577141)
(0.00013143,0.00268657)
(-0.00737817,0.00463593)
(0.00343992,0.00423111)
(-7.47655e-05,-0.00773002)
(-0.000107857,0.00129249)
(-0.00283523,0.00754629)
(-0.00159076,0.00755929)
(-0.00335274,-0.00358364)
(-0.00351421,0.00398099)
(-0.000124833,-0.00524278)
(0.000269202,-0.00211195)
(0.00288595,-0.00453054)
(-0.0023384,0.00108917)
(0.0105584,-0.00174845)
(0.00463764,0.0103595)
(0.0059915,-0.00437262)
(0.000363072,0.0078425)
(-0.0017082,-0.000205074)
(0.00376107,0.00193292)
(0.000992793,0.00733347)
(0.0040779,0.0111364)
(-0.00754294,-0.00183203)
(0.00297112,0.00603199)
(-0.0126339,0.00214464)
(0.00813806,0.00895625)
(-0.00054487,-0.00361795)
(0.00195762,0.00804446)
(-0.00282383,0.000543517)
(-0.00446085,0.00311948)
(-0.00301061,0.000745132)
(-0.000122954,0.00423211)
(0.0057549,-0.00212122)
(0.00363376,0.0100235)
(0.00729494,-0.00332632)
(0.00373266,0.00640844)
(-0.0028647,-0.00491679)
(0.00790483,0.00462994)
(0.00123849,0.00714293)
(0.00821127,-0.00691891)
(-0.0172778,0.00253903)
(0.014936,0.00261047)
(-0.0160237,-0.00285362)
(0.0088972,0.0223492)
(-0.0117664,0.00658885)
(0.00578725,0.011801)
(-0.0113408,0.00782896)
(0.0104069,0.00900339)
(-0.00241515,-0.00205976)
(0.00187845,0.00158418)
(-0.00274155,0.00377136)
(0.000389523,0.00631032)
(0.0065927,-0.00392921)
(-0.00430196,0.00678445)
(0.00626122,-0.00347705)
(0.00593642,0.00692564)
(-0.00616718,0.00140739)
(-0.00237194,0.0198225)
(0.00219844,0.0346878)
(-0.0692629,-0.0262402)
(-0.0689525,-0.0678807)
(-0.0638742,-0.00118737)
(-0.0716172,-0.0661196)
(0.0122572,0.0381011)
(-0.0404311,-5.92318e-05)
(0.0135387,0.0122691)
(-0.0065864,0.00303907)
(0.00526996,0.00354137)
(-0.0075836,0.0101131)
(0.00550465,0.00073457)
(-0.00099813,0.00467056)
(-0.00102299,0.00715196)
(0.00647402,-0.00252263)
(0.0045936,0.0105205)
(0.00748925,-0.00181977)
(0.00338406,0.01198)
(0.00449202,-0.00315391)
(-0.00283938,0.01515)
(0.0116245,0.0223792)
(-0.0676703,-0.0420695)
(-0.0430219,-0.0815276)
(-0.047931,-0.0105526)
(-0.0596992,-0.0963591)
(0.00476573,0.0336608)
(-0.0302165,-0.0196942)
(0.00922521,0.0151221)
(-0.00511021,-0.00705272)
(0.00973695,0.00295413)
(-0.00572319,0.000228032)
(0.00526069,-0.0040797)
(-0.000156403,0.00432682)
(0.00600584,0.00185408)
(0.00852439,-0.00303359)
(0.00431002,0.00485454)
(0.00118255,-0.000298605)
(0.0048328,0.00337795)
(0.00546869,-0.00546101)
(0.00602518,0.0183912)
(0.0186574,-0.0050364)
(-0.00570443,-0.00685698)
(0.0207964,-0.0414507)
(0.000636093,-0.0134868)
(0.0110054,-0.0422937)
(0.00570328,0.0127723)
(0.0129572,-0.0167743)
(0.00666631,0.00219738)
(-0.00101459,0.00249126)
(0.00433695,-0.00398249)
(-0.00693927,0.00501957)
(0.000905508,-0.00377063)
(-0.00100753,0.000561674)
(0.0127303,0.00416287)
(0.00463092,-0.00488974)
(0.00647658,0.00230881)
(0.00471533,-0.00197454)
(0.00333603,0.00310365)
(-4.87953e-05,-0.00719566)
(-0.00851464,0.000481276)
(0.00980244,-0.0138095)
(-0.00106858,0.00793522)
(0.0173798,-0.00613108)
(0.0016975,0.00225841)
(0.0207248,-0.00947729)
(0.00881347,0.00635815)
(0.00350391,0.00138102)
(0.0112276,-0.00393934)
(0.00359479,0.000191582)
(0.00781268,-0.00644717)
(-0.00131466,0.00369568)
(0.00561067,-0.00403119)
(-0.00162903,0.00197905)
(0.00718253,-0.00289168)
(0.00194655,-0.00164136)
(0.00928968,0.00160751)
(-0.00357023,-0.00345283)
(0.000699015,0.00359805)
(-8.85656e-05,0.00146832)
(0.00137284,-0.000166652)
(-0.00453839,-0.0109202)
(-0.00159991,0.00218524)
(0.000859561,-0.00635992)
(0.00235604,0.00615226)
(0.00354722,-0.00917249)
(0.00464559,-0.00336807)
(0.00797529,0.000502834)
(0.00318191,-0.00503077)
(-0.000306662,0.000140776)
(0.00384666,-0.00341822)
(-0.0040589,0.000581163)
(-0.000450829,-0.003221)
(-0.00328104,-0.00213203)
(0.00250497,-0.00222025)
(-0.00354495,-0.0031572)
(0.00135452,0.00415312)
(-0.00184652,0.000547248)
(0.00530947,0.000798148)
(-0.00345928,-1.98846e-05)
(-0.00179103,0.00390395)
(-0.00277591,-0.000892464)
(-0.00058351,0.000850628)
(-0.00128631,-0.00615446)
(0.00313697,0.00134625)
(-0.00368336,0.000135281)
(-0.00331471,-0.000678289)
(-0.00122253,-0.00515295)
(-0.000816432,-0.0020613)
(0.000742715,-0.0015892)
(0.00105904,-0.00555164)
(-0.00257005,0.00347614)
(-0.000283659,-0.00273583)
(-0.00469788,-0.000288564)
(-0.00111591,-0.00311892)
(0.00481128,0.00240741)
(-0.00125427,-0.00297281)
(0.00158489,-0.00290341)
(-0.00181827,-0.000227414)
(0.00249049,-0.00079595)
(0.00263768,0.00489651)
(-0.000560634,0.00259052)
(0.00663136,0.00487486)
(0.000820077,0.00568018)
(0.00356415,0.00503914)
(-0.00209208,0.00419085)
(0.00686806,-0.00253171)
(-0.00010288,0.00259785)
(0.00489804,-0.00551956)
(-0.000137703,0.00603475)
(0.00734735,0.00173482)
(-0.00493679,-0.00218227)
(0.00448258,-0.0017522)
(-0.00261505,0.000326678)
(0.00169697,-0.00468681)
(0.00210616,-0.000807832)
(-0.00211623,-0.00440645)
(0.00625586,7.12234e-05)
(0.00093489,0.00448622)
(0.00494262,-0.00306718)
(0.00730899,0.00741828)
(0.00153149,0.0071335)
(0.00620679,0.00287571)
(0.00316029,0.00778379)
(0.008422,0.00959951)
(-0.00248559,0.0012785)
(0.00676739,0.000398029)
(-0.00466029,0.00714386)
(0.0080041,0.000684844)
(0.0022814,0.00355054)
(0.00354698,-0.00118427)
(-0.00257462,0.00363484)
(1.21157e-05,0.00575444)
(-0.0024255,0.00173571)
(-0.00154409,-0.00437509)
(0.00370391,-0.000159307)
(0.000195418,0.00403276)
(0.00584292,-0.00378806)
(0.00721947,0.00636035)
(0.000559123,0.00167941)
(0.00825968,0.00674207)
(0.0086919,0.0163818)
(0.0184555,0.000887367)
(0.0092237,0.0073103)
(0.0184263,0.000844473)
(0.000308483,-0.00281435)
(0.013257,0.013344)
(-0.0121015,-0.00345439)
(0.00770209,0.00632537)
(-0.00272459,0.010101)
(0.00744969,0.00621727)
(0.00432666,0.00524967)
(-0.00323612,-8.98378e-05)
(-0.00188426,-0.000106485)
(0.00135118,0.00983574)
(0.00473888,-0.00315322)
(-0.000504101,0.00929404)
(-0.00080195,-0.00158038)
(0.00166358,0.0157486)
(-0.00274782,0.0139725)
(0.0291898,0.0115584)
(0.0291374,0.0454951)
(0.107348,-0.0217428)
(-0.00552929,0.0216608)
(0.10945,-0.00434259)
(-0.00633261,0.0259438)
(0.0503411,0.0260161)
(-0.0262058,0.0158038)
(0.0142059,0.0203467)
(-0.011495,0.00162343)
(0.00573468,0.00850717)
(0.000541082,0.00360067)
(0.000666778,0.000667561)
(0.00480263,0.000623124)
(0.00155941,0.00824471)
(0.00411532,0.000956543)
(0.000848153,0.00686081)
(-0.000281588,0.00492368)
(0.00832574,0.0208047)
(0.0139507,0.0492134)
(0.0322233,0.107036)
(0.10113,0.208234)
(-0.00193807,-0.0028528)
(-0.0156973,-0.0534245)
(-0.029078,-0.0338389)
(0.0443656,0.00178385)
(0.0814045,0.131154)
(-0.0969132,0.0380381)
(0.0259463,0.0332032)
(-0.0162929,0.0181489)
(0.00822425,0.00649584)
(0.000113188,0.00547775)
(0.00534526,-0.00230928)
(0.00144869,0.00336046)
(0.00473306,0.00598859)
(0.00645265,-0.00042216)
(0.00444247,0.0104985)
(0.00266973,0.00573336)
(0.00367745,0.0250572)
(0.0151744,0.0363687)
(0.0444011,0.0998438)
(0.0728959,0.22216)
(-0.00921608,0.00635836)
(-0.0196975,0.00533384)
(-0.00233283,-0.00793448)
(0.00054061,0.0316847)
(0.0408025,0.139073)
(-0.0795412,0.0513665)
(0.00958719,0.0281145)
(-0.0141872,0.00142514)
(0.00810127,0.00425827)
(-0.00527102,0.00256158)
(0.00423939,-0.00147944)
(-0.00140004,-0.000266888)
(0.00713662,0.0093272)
(-0.000852034,0.00258527)
(0.00421405,0.00105511)
(0.00520432,-0.002745)
(0.00398924,0.0130719)
(0.0114409,0.00754719)
(0.013051,0.017182)
(0.0388527,0.00662461)
(0.0354831,-0.0218806)
(0.0975875,-0.129213)
(0.0246875,-0.0411557)
(0.12009,-0.108279)
(0.0142424,0.0136112)
(0.00908447,-0.0116476)
(0.00610916,0.00866507)
(-9.28077e-05,-0.0055722)
(0.00617717,-0.00513466)
(-0.00460099,0.00214457)
(0.00334345,-0.00668942)
(-0.00365892,0.00030554)
(0.00614062,0.00494158)
(0.00267906,-0.00216069)
(0.0140161,0.00379274)
(0.00119558,0.0040692)
(-0.000151334,0.000970911)
(0.00654675,-0.00418243)
(0.00225057,0.00516875)
(0.0165768,-0.00210126)
(0.00945186,-0.00604039)
(0.0230282,-0.0204992)
(0.00929242,-0.00521334)
(0.0220135,-0.0125214)
(0.0085277,0.00576953)
(0.0110823,-0.00365098)
(0.00577935,-0.00602568)
(-0.00436355,0.00216631)
(0.0125634,-0.00560907)
(-0.00221715,0.00125589)
(0.00570261,-0.00398458)
(-0.00515806,-0.00182849)
(0.00943545,-0.000258838)
(0.00208922,-0.000501017)
(0.00770795,0.00194842)
(0.00661295,0.00241437)
(0.00477118,0.00208543)
(-0.00484832,-0.00244693)
(0.00015156,0.0034522)
(0.00221596,-0.00658184)
(-0.0001027,0.00307434)
(0.00499134,-0.00779147)
(0.00417763,0.000630372)
(0.00666557,-0.00585551)
(0.00505734,-0.00349723)
(-5.85707e-05,-0.00239361)
(0.00545784,-0.00727837)
(-0.00564688,-0.000607472)
(0.00601455,-0.00763897)
(-0.00519043,-0.00123455)
(0.00775612,8.49565e-05)
(-0.00181161,-0.00243364)
(0.00203265,0.00225996)
(-0.000407468,-0.0037713)
(0.00336385,-0.000703807)
(0.00519219,0.00315571)
(0.000927245,0.00349345)
(0.0029935,0.00574342)
(-0.000316333,0.00610944)
(-0.00444077,-0.0017304)
(-0.00052062,0.0024006)
(0.00151892,-0.00321009)
(-0.0017991,0.00258573)
(-0.00266656,-0.00711304)
(0.000328803,0.000581771)
(-0.00149265,-0.00120388)
(0.00123884,-0.00178737)
(-0.00182535,0.00207428)
(0.00336681,-0.00515281)
(-0.000749031,-0.00050807)
(0.000180073,-0.00447702)
(-0.00266347,-0.000138784)
(0.00127181,-0.00382205)
(0.00286904,-0.0027942)
(-0.00373219,0.000217028)
(0.0030314,-0.00237375)
(-0.00533845,0.00348499)
(0.00270907,-0.000922725)
(0.00191349,0.0127035)
(0.00430486,0.00748447)
(0.00561197,0.00748091)
(0.00191951,0.00460079)
(0.00808262,0.00257644)
(0.00236772,0.00114855)
(0.00974546,0.00121174)
(0.00147809,0.00436748)
(0.00473398,-0.00496055)
(6.99374e-05,0.00235338)
(0.00477947,-0.00369264)
(0.00342555,0.00196432)
(0.00325893,-0.00157606)
(-0.0025663,0.00318091)
(0.00338142,-0.00119485)
(0.00128006,0.00219698)
(0.00067678,-0.000605927)
(0.0028363,-0.00103622)
(0.00654743,0.00893082)
(0.00745733,0.00299532)
(0.00482909,0.0097346)
(0.00184187,0.0116883)
(0.00987906,0.0063148)
(0.00719903,0.00347052)
(0.00479848,0.0042301)
(0.00268056,0.00525075)
(0.00746182,7.22909e-05)
(0.00479798,-0.00217391)
(0.00388937,-0.00218876)
(0.00189004,0.00446501)
(0.00101999,-0.00166156)
(0.00190875,0.00436005)
(0.000830437,-0.000611397)
(-0.00335345,0.00062677)
(0.00615727,0.00100372)
(0.00340256,-0.00424317)
(0.00370573,0.00422843)
(0.00590114,0.00253714)
(0.00833747,0.00979816)
(0.00216798,0.00287069)
(0.0108321,0.00795327)
(0.0105873,0.0100118)
(0.0214958,-0.00508343)
(0.00593289,0.00557011)
(0.0201305,-0.0054855)
(0.00542197,-0.00142948)
(0.0114325,0.00704233)
(-0.00189489,-0.0035018)
(0.00593297,0.00367768)
(0.0118553,-0.0010022)
(0.00449972,0.0011486)
(0.00586628,0.00369814)
(-0.0017874,0.0018731)
(0.00277653,0.00527821)
(0.00478748,0.00593514)
(0.00341417,0.00052547)
(-0.00196128,0.012653)
(0.000650505,0.00297295)
(0.000159269,0.00785175)
(0.000473643,0.0155253)
(0.0263229,0.0115704)
(0.0268486,0.037255)
(0.102648,-0.0252693)
(0.00806196,0.0104741)
(0.11303,-0.00385383)
(-0.00580401,-0.000967146)
(0.0401039,0.00910855)
(-0.0119438,0.00575698)
(0.0113688,0.00833586)
(0.00550722,-0.00109569)
(0.00251984,0.00531864)
(0.0124225,-0.00314704)
(0.000772873,-0.00121898)
(0.00429671,0.00114061)
(-0.00141899,0.00580537)
(0.00313914,0.00298726)
(-0.00221887,0.00428761)
(0.000771978,0.016283)
(0.00406001,0.0272509)
(0.0119192,0.0435931)
(0.0440825,0.14529)
(0.0852917,0.195431)
(0.000453311,0.00256054)
(-0.00588081,0.00273927)
(-0.00621492,0.0171158)
(0.0147844,0.00469072)
(0.0828177,0.094011)
(-0.0695964,0.0562655)
(0.00645236,0.0108169)
(-0.00303068,0.00426335)
(0.00110298,-0.00440393)
(0.00527612,0.000104788)
(0.00038382,-0.00390764)
(-0.000405632,-0.000225336)
(0.00157957,0.00263627)
(0.00583358,0.00753881)
(-0.000921746,0.00656877)
(0.00604284,0.00944785)
(0.0039205,0.0222862)
(0.0135301,0.0359999)
(0.0557654,0.126753)
(0.0507158,0.189376)
(0.00499218,-0.0127854)
(0.00408434,-0.00253156)
(0.0228148,0.0160229)
(-0.00542883,0.00618925)
(0.0523274,0.100453)
(-0.0628049,0.070241)
(0.00897058,0.00665932)
(-0.00862145,0.00597958)
(-0.00395564,-0.00121293)
(0.00805992,-0.00550968)
(0.00398273,-0.00433259)
(4.00504e-06,-0.00238467)
(0.00451011,0.00278657)
(0.00122288,0.0012814)
(0.000409248,0.00277374)
(0.00103476,0.00753494)
(-0.00793283,0.00951558)
(0.00843876,0.00551774)
(0.0103575,0.0231505)
(0.0305177,0.0117935)
(0.0477774,-0.0145346)
(0.0857985,-0.128972)
(0.0327595,-0.0270643)
(0.103995,-0.108055)
(0.00755804,-0.00473729)
(0.00629795,-0.0273233)
(-0.00652326,-0.00433657)
(-0.000808844,-0.00901154)
(0.000619769,-0.00619736)
(-0.00874227,-0.00214955)
(0.00373579,-0.00528079)
(-0.00740189,0.000974844)
(0.0139516,0.00596657)
(-0.000876022,-0.00559777)
(0.00474313,0.000238528)
(6.51705e-05,-0.000534806)
(-0.0029054,0.00296476)
(0.00154488,-0.00411907)
(-0.0107483,0.000917382)
(0.0106102,-0.00628439)
(0.00264527,-0.0051136)
(0.00781288,-0.0142032)
(-0.00511651,-0.00143151)
(0.0141832,-0.0312917)
(-0.00564172,-0.00504536)
(-0.00561474,-0.00524935)
(-0.00128622,-0.0126592)
(-0.00875522,-0.00772371)
(0.00793962,-0.00544335)
(-0.00549882,-0.00309978)
(0.00933986,0.000271106)
(-0.0072417,-0.0037261)
(0.0101678,0.00106789)
(-0.000403744,-0.00577683)
(0.0101072,0.00135952)
(0.00577931,-0.00139131)
(0.00130634,0.00403922)
(-0.000794638,0.00137403)
(0.00200645,-0.00131317)
(-0.00151739,-0.00610586)
(-0.00449912,0.00179661)
(0.00125365,-0.0058301)
(-0.00693117,-0.00283761)
(-0.00206235,-0.00528355)
(-0.00631649,-0.00574876)
(0.0015692,-0.00818339)
(0.00116811,-0.00945862)
(-0.00119663,-0.0025756)
(0.0121723,-0.00228732)
(-0.00808083,-0.000935673)
(0.00385005,-0.0049304)
(-0.004903,-0.00516744)
(0.00305814,-0.000454084)
(0.00276763,-0.00386399)
(0.00317741,0.00223804)
(0.00471104,-0.00153105)
(0.00122637,0.00563449)
(0.00234201,0.00215415)
(-0.00155465,0.00455812)
(-0.00155775,0.00117368)
(-0.00152942,-0.000453743)
(0.00243951,-0.00423288)
(-0.00105888,-0.000696607)
(0.00191701,-0.00158948)
(0.000156744,-0.0038058)
(0.00262872,1.28607e-05)
(0.00253246,-0.00193064)
(-0.000449227,0.00175783)
(0.002918,-0.00626796)
(-0.00228245,0.00234298)
(0.000800528,-0.00140782)
(-0.00213049,0.00100965)
(-0.0039182,0.00377541)
(0.00170309,-0.00254893)
(-0.00384102,0.00232754)
(0.00534099,-0.00169296)
(-0.0024247,0.00344984)
(0.00451449,0.00484868)
(0.00159306,0.00141724)
(0.0031083,0.00481824)
(0.00383714,-0.00102404)
(0.00318857,0.00813232)
(0.00546015,-0.00362532)
(0.00600339,-0.00122411)
(0.00970802,0.00133816)
(0.00484579,0.00163954)
(0.00590662,-0.00366449)
(0.00836669,0.0025779)
(0.00445095,-0.00198173)
(0.00734172,0.0018937)
(0.00210337,-0.00293774)
(-0.00203861,0.0025991)
(3.49228e-05,-0.000180665)
(0.00122276,-0.00374321)
(-0.00341576,-0.000210106)
(0.00667868,0.00226507)
(0.00492109,-0.000295944)
(0.00506417,-0.00115079)
(0.00394891,0.00591772)
(0.00145745,0.00711183)
(0.00649447,0.0018627)
(0.00392147,0.00426901)
(0.00503884,0.00185034)
(0.00767454,0.00134487)
(0.00762116,0.00154618)
(0.0031191,-0.00587865)
(0.00414889,-0.00401269)
(0.00250254,0.000821864)
(-0.000796279,-0.00401809)
(-0.0028993,0.00222679)
(0.00193517,-0.000947283)
(-0.00180023,0.00615325)
(0.00491917,0.00239752)
(0.000247365,0.000703642)
(0.00344093,-0.00186641)
(-0.000389258,-0.00384664)
(0.00863878,0.00495797)
(0.000825735,0.00106322)
(0.0104022,0.0108549)
(0.000671772,0.00752489)
(0.00424298,0.00377524)
(0.00458594,-0.00352013)
(0.00451155,0.00555754)
(-0.00183081,-0.00722908)
(0.00454301,0.00217323)
(0.00571468,-0.00800504)
(0.0022308,0.00487359)
(0.00239719,-0.00173917)
(0.00269804,0.00578029)
(0.00249129,0.00272544)
(-0.00385298,0.00134175)
(-0.00147868,5.20805e-06)
(0.00329096,-0.00117704)
(0.00118562,-0.00113929)
(0.00261927,0.00527813)
(0.000866368,0.005002)
(0.00214616,0.00899659)
(0.000305356,0.0158691)
(0.00451399,-0.000794897)
(-6.14349e-05,0.00834205)
(-0.00807907,-0.030897)
(-0.0125318,-0.0168893)
(-0.00701354,-0.034432)
(-0.00641753,-0.0252221)
(-0.00516861,-0.00347304)
(-0.00313496,-0.0103312)
(0.00111899,0.00501699)
(0.00325785,-0.00828907)
(0.00223403,0.00667073)
(0.00677946,-0.00169583)
(-0.00239312,0.00458929)
(0.00712543,0.00346584)
(-0.000668139,-0.000498488)
(0.00308919,0.00381501)
(-0.00267405,0.00334954)
(0.00221163,0.0105802)
(0.000522109,-0.000735805)
(-0.00305793,0.020337)
(-0.0228376,-0.0021475)
(0.00161112,0.0198074)
(-0.136658,-0.140795)
(-0.0742889,-0.107546)
(-0.17017,-0.162643)
(-0.0391514,-0.0933558)
(-0.0187611,-0.0169867)
(-0.0171732,-0.0099131)
(-0.00512256,-0.00371843)
(0.00240611,-0.00357249)
(-0.00131449,-0.00301906)
(0.00304825,-0.00164022)
(0.00288798,-0.00178178)
(0.000514911,-0.00132361)
(0.000900058,0.0001469)
(0.00199641,0.00588411)
(-0.00300253,-0.00325871)
(0.00281064,0.0138317)
(-0.00418654,0.00194412)
(0.00514792,0.0162589)
(-0.0165405,-0.00145187)
(0.00348985,0.014152)
(-0.168743,-0.136228)
(-0.102848,-0.0815442)
(-0.189064,-0.150988)
(-0.0685368,-0.0609457)
(-0.0373855,-0.0273191)
(-0.0189903,0.00206858)
(-0.0118307,-0.0100441)
(0.00570925,-0.0140525)
(0.00146337,-0.00347729)
(-0.00149945,-0.00793987)
(-0.00293218,-0.00138715)
(-0.00205556,-0.00377537)
(-7.49674e-06,-0.000315048)
(-0.000205351,0.00670731)
(-0.00329601,-0.00387591)
(0.0037143,0.00191103)
(-0.0122353,-0.00563988)
(0.00566509,0.0043588)
(-0.0112266,-0.00496771)
(0.00821504,0.00476129)
(-0.0297647,-0.0300546)
(-0.0017771,-0.0303548)
(-0.0415565,-0.0228715)
(0.00687947,-0.0392193)
(-0.0165815,-0.0144116)
(-0.00930498,-0.0149778)
(-0.0151886,-0.0155519)
(-0.00476206,-0.00958918)
(-0.00737577,-0.00814688)
(0.000585715,-0.00551762)
(-0.00104549,-0.00327561)
(-0.00687921,-0.00477453)
(0.00202886,-0.00171995)
(-0.00500762,-0.00104742)
(0.00300006,0.000877727)
(0.00130894,-0.000455833)
(-0.00889058,-0.00143242)
(0.00267209,-0.00663658)
(-0.00655333,-0.00853419)
(0.00723379,-0.00781763)
(-0.00765325,-0.00991964)
(0.00228451,-0.00685934)
(-0.0158096,-0.014309)
(-0.000812872,-0.00941167)
(-0.0164558,-0.0100902)
(-0.00163934,-0.00758116)
(-0.00862928,-0.0136973)
(-6.29279e-05,-0.00806085)
(0.00395034,-0.00649807)
(-0.0107267,-0.00574803)
(0.00149827,0.00173082)
(-0.00629256,-0.00573884)
(0.00438128,-0.0032595)
(-0.00345559,-0.00155676)
(0.00433465,-0.00166845)
(0.00133771,-0.00468066)
(-0.000542872,0.002787)
(0.00183495,-0.00508061)
(-0.00492523,0.00130528)
(0.0049327,-0.00534169)
(-0.00594081,-0.00511364)
(0.00193133,-0.00725472)
(-0.00983702,-0.00568933)
(0.00113994,-0.00330529)
(-0.00948568,-0.0103227)
(0.00222646,-0.00424281)
(-0.00238744,-0.00317501)
(0.00100474,-0.00876239)
(0.00275084,-0.0032917)
(-0.00385508,-0.00620458)
(-0.00163538,0.00105501)
(-0.00124052,-0.00384204)
(-0.00288273,-0.000341757)
(-0.000181147,-0.00169377)
(0.00327604,7.64496e-05)
(0.00355773,0.000152655)
(0.00296503,0.00423625)
(0.00241149,-0.00385571)
(-6.64023e-06,0.00129707)
(-0.00191163,-0.0020099)
(-0.00514416,0.00257712)
(0.00435495,-0.00128711)
(-0.00760832,-0.00502741)
(0.000167602,0.00241128)
(-0.00776415,0.00249504)
(0.00520351,0.000445205)
(-4.06496e-06,-0.00285991)
(0.00291505,0.00111648)
(-7.65771e-05,-0.00143005)
(0.000379232,-0.00123819)
(0.00129204,-0.00165529)
(0.00175688,-0.000653424)
(0.000541009,0.000155262)
(0.000180568,-0.00232474)
(-0.00249166,0.00191392)
(-2.09108e-05,0.000580346)
(0.000600309,0.00555317)
(0.00213498,0.00216995)
(0.00108044,0.00230224)
(0.00489099,0.00626539)
(-6.91409e-05,-0.00247344)
(0.00276252,0.0028912)
(0.00154543,-0.00292334)
(0.00768219,0.00313928)
(0.00623628,-0.00652814)
(0.00693128,-9.5195e-05)
(0.00445359,-0.00916202)
(0.0079373,-0.00243371)
(-0.000549096,-0.00439521)
(0.00233826,-0.00212341)
(0.00287288,0.00126138)
(-0.00123762,0.00242779)
(0.00308533,0.000650325)
(-0.000104318,-0.00167971)
(0.000418721,-0.000996574)
(-0.000257514,0.00109683)
(-0.000925738,-0.00060068)
(0.00383839,0.00202434)
(0.00554904,-0.00045275)
(0.000462072,0.00723661)
(0.000252524,-0.000927676)
(0.00839527,0.0037475)
(0.0024209,-0.0066819)
(0.0082836,0.000535855)
(0.00953033,-0.00550643)
(0.0071924,0.00354468)
(0.00400657,-0.00318943)
(0.00337067,0.00804727)
(0.00206141,-0.00363654)
(0.00210277,0.00199158)
(-0.00160638,-0.00295417)
(-0.00366036,0.00191151)
(0.00766485,-0.00399102)
(-0.000179693,0.000340461)
(-0.0037648,-0.000469243)
(0.00103522,-0.000341914)
(0.00438619,-0.00159143)
(-0.00177659,-0.00144377)
(3.03754e-05,0.00197032)
(0.00263926,0.00205009)
(0.00941477,-0.000470685)
(0.00240049,0.000284741)
(0.00238104,-0.000785624)
(0.00604668,0.00267611)
(0.00260303,0.000561101)
(0.0100936,-0.00436011)
(0.00344437,0.00221975)
(0.000548344,0.00381405)
(0.000929127,0.000635569)
(-0.0047333,0.00374121)
(0.00214618,0.000494767)
(0.00242492,0.00308908)
(0.00371176,0.000718807)
(0.00379466,0.000345148)
(0.00331256,-0.0013505)
(0.000540948,-0.00126187)
(-0.00479814,0.00174934)
(0.00138,0.00629331)
(0.00464829,0.000356833)
(-0.00180924,0.0111744)
(0.00398018,-0.00574438)
(-0.00503895,-0.00809546)
(0.000154229,-0.00914713)
(-0.0056002,-0.000231225)
(-0.0029723,-0.00246462)
(0.000383762,-0.00148585)
(-0.00205588,0.00739754)
(0.00608421,0.00131747)
(0.00449759,0.00771285)
(0.00432389,0.00420115)
(-0.00165836,0.000398111)
(-0.000710643,-0.00480408)
(0.00193309,0.00178749)
(0.00145924,0.000303251)
(-0.00367489,-0.00336659)
(0.00131346,0.00368698)
(-0.000137163,0.000683147)
(0.00185007,0.00446628)
(-0.00400061,-0.0070479)
(-0.00153795,0.0042925)
(-0.0210266,-0.0307403)
(-0.0141189,-0.0173596)
(-0.0214749,-0.0207002)
(-0.0177086,-0.0118366)
(-0.0116257,-0.0116096)
(-0.00075807,-0.00730113)
(-0.00562173,-0.00227952)
(-0.00371422,-0.00413667)
(-0.00399795,0.00236842)
(0.00120766,-0.000545751)
(-0.000490992,0.00126419)
(0.000352911,-0.000234324)
(0.00391626,-4.70566e-06)
(-0.00058798,0.0049511)
(-0.00138672,-0.00630332)
(0.00212346,0.00535625)
(-0.00514301,-0.00259473)
(0.00313968,0.00340484)
(0.000978341,-0.00867034)
(0.00290794,0.0066569)
(-0.0245942,-0.0235363)
(-0.0114164,-0.00873275)
(-0.0315654,-0.0267318)
(-0.0100462,-0.0108735)
(-0.00831053,-0.0153586)
(-0.00145771,-0.0112302)
(-0.00746264,-0.00882408)
(0.00137153,-0.00613204)
(-0.00555067,-0.00620454)
(-0.000605574,-0.00338025)
(-0.00213142,-0.00207738)
(0.000266704,-0.00451164)
(0.00392104,-0.00113449)
(-0.00145938,0.00655309)
(8.90354e-05,-0.00083245)
(0.00596293,0.00477283)
(-0.0100589,-0.00197122)
(0.00165213,-0.00157247)
(-0.0112515,-0.0020883)
(0.000218196,-0.00197754)
(-0.00489253,-0.0144179)
(-0.00981234,-0.00511777)
(-0.0157664,-0.0159964)
(-0.00508941,-0.00874323)
(-0.0196144,-0.00619192)
(-0.00541881,-0.00611622)
(-0.0165191,-0.0114956)
(-0.00183607,-0.00620026)
(-0.00375463,-0.00713303)
(-0.00720266,-0.0067531)
(-0.0028411,-0.0034571)
(-0.000796206,-0.00326828)
(0.00182523,-0.00354581)
(-0.00290275,0.000336222)
(0.00139605,-0.00367602)
(-0.00337517,-0.00555629)
(-0.00557829,8.53373e-06)
(0.00414801,-0.00938209)
(-0.0179125,-0.00462129)
(0.000515813,-0.00494165)
(-0.010819,-0.00759641)
(0.00151664,-0.00151491)
(-0.0201168,-0.00625455)
(-0.000852598,-0.010138)
(-0.0149084,-0.0042547)
(-0.00227686,-0.00671182)
(-0.00765594,-0.00536879)
(-0.0100427,-0.00939476)
(-0.00385348,-0.00284684)
(-0.00803879,-0.0116073)
(-0.00541868,-0.000625648)
(-0.00267802,-0.00547951)
(-0.00245379,-0.0029782)
(-0.0015001,-0.00100607)
(7.69606e-05,-0.00396366)
(0.00239065,-0.00741972)
(-0.0015662,-0.00124987)
(0.00368922,-0.00649008)
(-0.00124366,-0.000181649)
(-0.000739201,-0.00762315)
(-0.00839341,-0.00304925)
(0.000960103,-0.00841472)
(-0.0126813,-0.00198217)
(-0.00182436,-0.00401779)
(-0.0117093,0.000143381)
(0.000352887,-0.00848088)
(-0.0030958,-0.00251013)
(-0.00194813,-0.0114466)
(0.00170216,0.00121763)
(-0.00428608,-0.0094284)
(-0.00549302,-0.00146734)
(-0.00107559,-0.00234673)
(-0.00469432,-0.00104063)
(-0.000215581,0.00140687)
(-0.0024719,0.00192619)
(0.00352941,-0.00131873)
(0.000670099,0.00353335)
(0.00374894,-0.00330789)
(0.00172555,0.00242084)
(-0.00062375,-0.000519727)
(-0.00188107,-0.00104066)
(-0.00202551,0.00097495)
(-0.00641433,-0.00180702)
(-2.93594e-05,-0.00161778)
(-0.00279463,-0.00274924)
(0.00300124,-0.00327157)
(-0.000206724,-0.000234602)
(0.00417932,-0.00303502)
(0.00240358,-0.00230506)
(0.00211225,-0.00528431)
(-0.00271505,-0.00105374)
(0.00026657,-0.000360308)
(-0.00184422,0.00134901)
(-0.00373651,-0.00150529)
(0.00169302,-0.00108336)
(-0.00040726,-0.00251668)
(0.00440217,0.00262256)
(0.00295623,0.00193583)
(0.00267975,-0.00271135)
(0.00241894,0.000270921)
(0.00475908,-0.00336709)
(0.00250917,0.00202513)
(0.00339733,-0.0053213)
(0.00211071,0.00103754)
(0.0089281,-0.00461866)
(0.00299442,-0.00447291)
(0.00444963,-0.00857468)
(0.00850406,0.000406928)
(0.00681654,-0.00360693)
(0.00366687,0.00172969)
(-0.00161602,0.000975286)
(0.00334679,0.000467688)
(-0.000589171,-0.00140812)
(-0.000261731,-0.00213004)
(0.00260412,0.00221618)
(0.00243465,-0.00118394)
(0.00350013,0.00121839)
(0.00075463,-0.00104937)
(0.00386827,-0.00233754)
(8.46376e-05,-0.000935449)
(0.00227875,-0.00475899)
(-0.00134639,0.000639383)
(0.00593156,-0.00777504)
(0.00502488,-0.000381354)
(0.00471022,-0.00782028)
(0.000954053,-0.00225896)
(0.00459397,-0.0101434)
(0.00314619,-0.00292094)
(0.00082863,-0.00473623)
(-0.00479456,-0.00488639)
(0.000238734,0.00292856)
(-0.00175028,0.000160324)
(-0.00180242,-0.00139415)
(0.000598042,-0.00249997)
(-0.00244409,0.00213566)
(-0.00339968,-0.00259999)
(-0.0011897,-0.00186282)
(0.00123243,-0.00592958)
(-0.000486358,-0.00506876)
(-0.0039714,0.00036807)
(0.00178457,-0.00608463)
(-0.00113527,0.00033919)
(0.00361048,-0.00724592)
(0.00355064,-0.000912736)
(0.00671458,-0.00337079)
(0.00298249,0.00077093)
(0.00466167,-0.00175802)
(0.00132314,0.000619444)
(-0.000230751,0.000757725)
(-0.00153708,-0.000301366)
(0.000378597,-0.000160412)
(-0.0053259,-0.00522455)
(-0.00336083,-0.00216831)
(-0.001795,-0.00285186)
(0.000669481,-0.000513252)
(0.00363877,-0.00664407)
(0.00104101,-0.00301277)
(0.00129805,-0.00162231)
(-0.0106065,-0.00548111)
(-0.00315799,0.00265084)
(0.00158178,-0.00698187)
(-0.0016251,0.00416942)
(-0.00232708,-0.00742627)
(0.00131874,0.000838491)
(-0.00387969,-0.00249227)
(0.00697822,-0.00410928)
(0.00220808,0.00204335)
(-0.00168343,-0.00403834)
(-0.00146999,0.00327026)
(-0.00212371,-0.00599904)
(1.7124e-05,0.00142119)
(-0.000560296,-0.00321288)
(-0.00217304,-0.00127929)
(0.00156325,-0.00227818)
(0.00281261,-0.000383668)
(0.000620538,-0.0034587)
(-0.00234403,-0.00209372)
(0.00117849,0.000548125)
(-0.00304436,-0.004675)
(-0.00527589,0.00481029)
(-0.00468837,-0.00873306)
(-0.0013358,-0.00494314)
(-0.00781752,-0.0082505)
(-0.00201971,-0.00533434)
(-0.00525844,-0.00503542)
(-0.000135441,-0.00434594)
(-0.00893998,-0.00137149)
(0.00385977,0.000227498)
(-0.00442319,0.00182459)
(-0.000378764,-0.00428145)
(-0.00570261,0.00400197)
(0.000168717,-0.000200135)
(0.000741906,-0.00217789)
(-0.00107812,0.00196123)
(0.00231952,0.00317177)
(0.00216326,-0.00136867)
(0.000565434,-0.00450429)
(-0.000177674,-0.00254413)
(-0.0075075,-0.00357976)
(-0.00105153,-0.00196207)
(-0.00370164,-0.00968705)
(-0.00491267,-0.00480762)
(-0.0102157,-0.0124121)
(-0.0047163,-0.00589894)
(-0.0122141,-0.00298613)
(0.000801524,-0.00890675)
(-0.0101213,-0.00615728)
(0.000251119,-0.00478226)
(-0.00744356,-0.00238311)
(-0.00289649,-0.00474773)
(-0.00168651,0.00108432)
(-0.000121931,-0.00310075)
(0.0056283,-0.00285989)
(-0.0015341,0.00137459)
(0.00411254,-0.000146723)
(-0.00405712,0.00157684)
(0.000788691,0.000621762)
(0.0039375,-0.00255631)
(-0.00826618,0.000745664)
(0.00107077,-0.00184938)
(-0.00852918,-0.00683209)
(-0.00167751,-0.0044477)
(-0.0134578,-0.00350024)
(-0.00337169,-0.00766893)
(-0.0107776,-0.00383829)
(0.00148601,-0.00424181)
(-0.00594847,-0.00266735)
(-0.000203427,-0.0032152)
(-0.0063343,-0.00412636)
(-0.00139446,-0.00602053)
(-0.00471566,-0.00271042)
(-0.0016498,-0.00303626)
(0.00428483,-0.00163911)
(-0.0028802,-5.60434e-05)
(0.00717775,-0.00352187)
(0.00433464,-0.0021843)
(0.00162403,-0.00275242)
(0.000725262,-0.00513994)
(-0.00585013,-0.0034073)
(0.00304758,-0.0043449)
(-0.0100093,-0.000570297)
(0.00370197,-0.00435005)
(-0.0102402,-0.00567392)
(-0.000732527,-0.00619187)
(-0.00728292,0.00111639)
(-0.00278847,-0.00533233)
(-0.00229703,-0.0015124)
(-0.0023477,-0.00407887)
(0.00142442,-0.000536406)
(-0.00186583,-0.00347429)
(-0.0061808,-0.00130644)
(-0.000338676,-0.00386802)
(-0.00477289,-0.00574693)
(-0.00011232,0.001364)
(-0.00281401,-0.00460149)
(0.00308658,-0.00313498)
(-0.00120977,-0.00066222)
(0.00265848,-0.00236146)
(0.000696203,-0.00427336)
(-0.00122446,-0.0037848)
(-0.0089881,-0.00550847)
(0.00134562,-0.00691056)
(0.00045258,-1.41854e-05)
(-0.00227009,-0.00328198)
(-0.000611976,0.00289788)
(0.00111266,-0.00789909)
(0.00410992,0.00131718)
(0.00416219,-0.00757449)
(-0.000680451,0.000214049)
(-0.000510231,-0.00655093)
(-0.0050329,0.000992506)
(0.000915563,-0.00475911)
(-0.00531784,0.00124827)
(0.00225294,0.00245179)
(-0.00713432,-0.00624009)
(0.00514298,-0.00154831)
(-0.00800053,-0.00286392)
(0.00356556,-0.00326077)
(-0.00507492,-0.00112286)
(-0.000580447,-0.00285273)
(-0.000744506,-0.00181075)
(0.00175265,-0.00373765)
(-0.00581732,-0.00234019)
(0.00141037,-0.000851357)
(0.000790671,-0.00278517)
(0.00309134,0.00142101)
(0.003214,-0.00179897)
(0.00728197,-0.0027481)
(-0.00030603,-0.00050145)
(0.00217082,-0.00545825)
(-0.00319747,0.00245581)
(0.00164266,-0.00382464)
(0.00251258,0.000111399)
(-0.00310366,-0.00182757)
(0.00047823,-0.000639981)
(-0.00198263,-0.00151861)
(0.00376478,0.000216928)
(0.000392513,0.00148197)
(0.00662416,0.00580455)
(0.00143661,0.00164413)
(0.00333373,0.00118519)
(-0.00373861,0.00149888)
(0.00440992,0.000953241)
(-0.00332398,0.000657683)
(0.00672858,-0.00612355)
(-0.000540197,0.00273608)
(0.00717307,-0.00453272)
(0.00328397,-0.000675587)
(0.00503963,-0.000886587)
(0.0028724,0.00358085)
(0.000952406,-0.00328895)
(0.0033729,0.000854325)
(0.000520762,-0.000992192)
(0.00241457,-0.00544148)
(0.000875777,0.00317514)
(-0.000710725,-0.00368955)
(0.00587024,0.00107147)
(0.00536095,0.000236979)
(0.00680538,0.0022626)
(0.00382985,-0.00162439)
(0.00251242,-0.000644886)
(-0.000461486,0.000706347)
(0.00433757,-0.00581286)
(6.25224e-05,-0.0029566)
(0.00211702,-0.00654408)
(0.00222978,-0.00181177)
(0.00547811,-0.00699476)
(0.00296006,-0.00375039)
(0.00419532,-0.000591649)
(0.00457803,-3.44372e-05)
(0.00314989,7.39296e-06)
(0.000467348,0.000900458)
(-0.00655529,-0.00177207)
(9.66258e-05,-0.00314088)
(-0.000423838,-0.00150271)
(0.00304389,-0.00491507)
(-0.00397367,0.00058114)
(0.00329985,-0.00138657)
(0.00319061,-0.00339786)
(-0.00375211,0.000196775)
(0.00160759,-0.00420589)
(-0.00340874,-0.00158635)
(0.00615225,-0.00822812)
(0.00161747,-0.00134021)
(0.00514887,-0.00617573)
(0.00122107,-0.00244605)
(0.00222111,-0.00457586)
(0.000281775,-0.00361942)
(0.000460372,-0.00431883)
(-0.00181525,-0.00698089)
(0.000797301,0.00325814)
(-0.00369139,0.00188437)
(-0.00560512,-0.00147695)
(0.00387788,-0.00223047)
(-0.00245476,-0.00096568)
(0.00054333,-0.00222585)
(-0.00202937,0.0002719)
(0.00269414,-0.00261144)
(-0.00108201,-0.00388936)
(-0.000469249,0.00154722)
(-0.000991817,-0.00793394)
(-0.00167365,-0.00146079)
(0.00132699,-0.00984029)
(0.001643,-0.00173689)
(0.00516497,-0.00445813)
(0.00338173,-0.00373926)
(0.000549302,-0.00356424)
(-0.00209213,-0.000633329)
(0.000278895,0.00327757)
(0.000231047,-0.000834137)
(-0.00202874,0.0028804)
(-0.00027342,-0.00202523)
(-0.00148943,0.00238232)
(0.000505348,0.00114598)
(0.000587823,-0.000178773)
(0.00221538,-0.000637914)
(0.0038149,-0.00430139)
(-0.00117452,-0.00056627)
(-0.00604507,-0.00791026)
(0.000699438,0.00395385)
(-0.00192941,-0.00837062)
(-0.00146688,0.0014368)
(-0.00453358,-0.010579)
(-0.00267193,-0.00250693)
(-0.00759346,-0.00215836)
(0.000840897,-0.00300039)
(-0.00215077,-0.00202191)
(0.000558875,-0.00327311)
(-0.00788274,0.0012808)
(-0.000839651,-0.00271887)
(-0.0012978,0.00115124)
(-0.000363262,-0.000295162)
(-6.49392e-05,0.00280979)
(-0.00120512,-0.00131799)
(0.000640615,0.00226002)
(0.00215805,0.0014982)
(0.00265953,0.000533448)
(0.00184218,-0.00233843)
(-0.00430895,-0.00276739)
(-0.000126841,-0.00376534)
(-0.00469561,-0.00443298)
(-0.00678195,-0.00473475)
(-0.00363965,-0.00702892)
(0.00232762,-0.00544308)
(-0.00280462,-0.00250778)
(-0.00187642,-0.00444113)
(-0.00341818,0.00170607)
(-0.00146525,-0.00228673)
(-0.0060086,-0.0036837)
(-0.00319977,-0.00254213)
(-0.00584064,0.000795384)
(0.00126284,-0.0020803)
(-0.000390896,-0.00176975)
(0.000729868,0.000768481)
(0.00159368,0.000804404)
(0.00304357,-0.000140083)
(0.000458142,-0.00166707)
(-0.00386345,-0.00206963)
(-0.000948451,-0.00121218)
(-0.00199081,-0.00466946)
(-0.00799745,-0.0014077)
(-0.00114334,-0.00272231)
(-0.00771856,-0.00397293)
(-0.00165004,-0.0056418)
(-0.00639995,-3.96616e-05)
(-0.00134618,-0.00219416)
(-0.000800303,-0.000453422)
(0.00108961,-0.00019215)
(-0.00513414,-0.00153757)
(-0.000611533,-0.000657704)
(-0.00438974,-0.00141367)
(-0.00281287,-0.0005109)
(-0.000502854,-0.00151623)
(0.00111655,0.00164736)
(0.00139242,-0.000562314)
(0.00439093,-0.00196756)
(0.00127622,-0.00322948)
(0.00199433,-0.0028864)
(-0.00230175,-0.00493337)
(0.00143183,-0.00110899)
(-0.0052836,-0.00385943)
(0.00118819,-0.00490562)
(-0.00495278,0.00119962)
(0.00118305,-0.0057538)
(-0.00124794,0.00030462)
(-0.00133172,-0.00452404)
(-0.0046538,0.00236549)
(-0.0012687,-0.00106104)
(-0.00638704,-0.00281827)
(-0.000231701,-0.00341581)
(-0.00597366,0.000350252)
(0.00149,-0.00177261)
(-0.00236834,-0.0022711)
(0.000588111,0.00168912)
(-0.00291956,-0.00520761)
(0.00331645,-0.00405249)
(-0.00268759,-0.000579314)
(0.00229181,-0.00337717)
(-0.00578341,-0.00393043)
(5.68726e-06,-0.00269464)
(-0.00493954,-0.00601469)
(0.00347071,-0.00471865)
(-0.00691022,0.000831654)
(0.000376736,-0.00299577)
(-0.0021087,0.00219853)
(0.00210763,-0.00286683)
(-0.000648012,-0.000345148)
(0.00471144,-0.00147877)
(-0.00346905,0.0037594)
(0.000229536,-0.00433679)
(-0.00655538,0.00225361)
(-5.44974e-05,0.00115359)
(0.000179197,-0.00413526)
(0.00108432,0.00114384)
(-0.00272008,-0.00606035)
(0.00435723,-0.00147882)
(-0.00554255,-0.00618615)
(0.00523409,-0.00544307)
(-0.00506815,-0.00447409)
(-0.00161203,-0.00363781)
(-0.00719414,0.0001458)
(0.000361146,-0.00229122)
(-0.0018162,-0.000866333)
(0.00169043,-9.49438e-05)
(0.00095426,-0.00313616)
(-0.000144967,-0.00126547)
(-0.00195168,0.00112388)
(0.00164,-0.00173641)
(-0.00201864,0.000707024)
(0.00208895,-0.00292806)
(-0.00494751,-0.000938112)
(0.00149351,-0.00229078)
