(-0.0116468,-0.00622732)
(-0.0106907,0.00112788)
(-0.014558,0.00511742)
(-0.00993552,0.00980753)
(-0.0111287,0.00327966)
(0.0108271,0.000460391)
(-0.00366673,0.0139308)
(0.0145795,-0.00371192)
(-0.0105035,0.00378583)
(0.00716205,-0.0108829)
(-0.00294686,0.0146695)
(-0.00563176,-0.00764409)
(-0.0116567,0.0223635)
(-0.000968361,-0.0072433)
(-0.00628893,0.0245045)
(-0.00540436,0.00429421)
(-0.00246933,0.0280046)
(-0.000281437,0.00283602)
(0.000298498,0.0242751)
(0.0032456,0.00551513)
(-0.0139341,-0.0102269)
(-0.00389987,0.0115251)
(-0.0131169,-0.000867436)
(0.00184872,0.0170584)
(-0.0129101,0.00240984)
(0.0142338,0.00626846)
(0.00118936,0.00358974)
(0.0100872,-0.0196846)
(0.0105376,0.00853378)
(0.00116612,-0.0138673)
(0.00607225,0.0133688)
(-0.00629238,0.000657135)
(0.0110948,0.0112758)
(-0.0101601,-0.000526523)
(-0.00156542,0.0160002)
(-0.00349963,0.00115581)
(0.00393656,0.0275148)
(0.00516004,0.000137007)
(0.011389,0.0231486)
(0.00988868,0.00152239)
(-0.0113676,-0.00666771)
(-0.000273958,0.0018911)
(-0.0130688,0.00804495)
(0.0119525,0.00744782)
(-0.00798587,0.00266966)
(0.0271837,-0.00440807)
(0.0142248,-0.00236266)
(0.0117821,-0.0105529)
(0.0145912,-0.00313245)
(0.0145033,-0.00286196)
(0.0149442,-0.00607725)
(0.00157912,0.0063426)
(0.0125757,-0.00304004)
(0.0062826,0.0133383)
(0.0102183,0.00133215)
(-0.00526892,0.00994021)
(0.00732945,0.0064293)
(0.0122275,0.00751593)
(0.00408983,0.0066803)
(0.00584231,0.0123269)
(-0.00643498,-0.00899098)
(0.00404696,-0.000654217)
(-0.00183997,-0.0143344)
(0.0102644,-0.000473)
(0.000123144,-0.00531729)
(0.0296134,-0.0059855)
(0.017991,-0.00890532)
(0.0210609,-0.00895952)
(0.0138195,-0.0162881)
(0.00986291,-0.0104139)
(0.00480316,-0.0172576)
(0.0146196,0.00588145)
(0.00471865,-0.0117926)
(0.00757934,0.0156862)
(0.00541827,-0.0109888)
(0.00242205,0.0129375)
(0.00382994,-0.0019674)
(-0.000699036,0.0155866)
(0.00130175,-0.000126963)
(-0.00355564,0.0183761)
(0.00147258,-0.00951878)
(0.000798576,-0.00694327)
(-0.00210016,-0.011141)
(0.00145912,-0.00417081)
(0.00604257,-0.00778558)
(0.00646762,-0.00616126)
(0.0119476,0.00399565)
(0.00894552,-0.00697256)
(0.0037687,-0.00563528)
(-0.00270403,-0.0035192)
(-0.000156693,-0.00512647)
(0.0037243,0.00543018)
(-0.00818005,-0.00836132)
(0.00564066,0.0157)
(-0.00278981,-0.00261227)
(-0.00301582,0.0148776)
(-0.00361146,-0.00310048)
(0.00207776,0.0154859)
(0.000184597,-0.00574452)
(-0.00519312,0.0207776)
(-0.00346091,0.00145569)
(0.00726408,-0.0137564)
(-0.00355319,-0.00351492)
(-0.00490625,-0.0160091)
(-8.69755e-06,-0.00129883)
(0.0083407,-0.0133451)
(0.00675158,0.000692312)
(-0.00458179,-0.0023806)
(-0.00664014,0.00170333)
(-0.00707579,0.0131124)
(-0.00778417,-0.000188045)
(-0.0136136,0.00906622)
(-0.0151325,-0.00165953)
(-0.00874553,0.0176912)
(-0.0127444,0.0034458)
(-0.000266408,0.0121485)
(-0.00433141,0.00982)
(0.00986793,0.0133211)
(-0.00918216,-0.00424851)
(0.00699063,0.0134499)
(-0.00998944,0.00598741)
(0.0131517,-0.0178563)
(-0.00782943,0.00526023)
(0.0109354,-0.0183992)
(0.000257185,0.00164876)
(0.0108459,-0.00974823)
(-0.000895518,0.00188016)
(0.00331638,0.00122668)
(-0.00530512,-0.00300565)
(-0.0125587,0.0089489)
(-0.00766466,-0.00829216)
(-0.0096148,0.0171556)
(-0.0117748,-0.0115832)
(-0.00875302,0.0099942)
(-0.00613406,0.000191632)
(0.00545949,0.0102376)
(-0.00352046,0.00620088)
(0.0145642,0.0137068)
(-0.000393162,0.00831033)
(0.00420664,0.0130134)
(-0.00217119,0.00709684)
(0.011579,-0.0130415)
(-0.00401954,0.00800514)
(0.0173146,-0.013644)
(-0.00222999,0.0136507)
(0.0170084,0.000256407)
(0.000364535,-0.00452434)
(0.00598527,0.0250329)
(0.00409051,-0.00603049)
(0.00416459,0.0226012)
(-0.00491568,-0.0100482)
(-0.00450593,0.0182914)
(0.00043336,-0.0160818)
(-0.00407034,0.00714882)
(0.00556125,-0.00720112)
(-0.00249169,0.0107345)
(0.00223242,0.0183144)
(0.000707439,0.0163688)
(-0.00247336,0.000458782)
(0.00626019,0.00888676)
(0.000547811,0.00271403)
(0.00963315,-0.00743033)
(0.000302982,0.00995733)
(0.0102692,-0.0120236)
(0.0050238,0.0149947)
(0.00720655,0.00145425)
(0.0188335,0.00507903)
(0.00580097,0.0204248)
(0.0125226,-0.00252316)
(-0.00348398,0.0205858)
(0.00748783,-0.0096215)
(0.00386229,0.00767794)
(0.0044884,-0.0122423)
(0.000809296,0.00724999)
(0.00166825,-0.00332092)
(-0.000406896,0.00463699)
(-0.0029481,0.00445174)
(-0.00744508,0.00887395)
(-0.00912373,0.0136591)
(0.0014585,0.0126158)
(0.00573384,0.0156248)
(0.00422065,0.00380195)
(0.00200305,0.00915446)
(0.0131321,-0.00417771)
(0.0118378,0.0092656)
(0.0109291,-0.00421606)
(0.0104417,0.00749377)
(0.00915337,0.00677166)
(0.00469067,-0.00199323)
(0.00128177,0.00732865)
(0.00809683,-0.00651081)
(0.00643469,0.0112189)
(0.00966554,-0.00574609)
(0.00838813,0.00206696)
(0.00821914,-0.0071581)
(0.00934894,-0.000640317)
(-0.00601227,0.00705291)
(0.00254996,0.00499338)
(-0.00515771,-0.000488849)
(-0.00260584,-0.00438017)
(-0.0127777,-0.00347721)
(-0.015949,0.00702434)
(-0.00930474,-0.0105889)
(-0.0103808,0.0117143)
(-0.0081107,-0.00518518)
(0.0122699,0.0104635)
(0.00499232,-0.0100845)
(0.00915927,-0.000548924)
(0.002241,-0.00104299)
(-0.000640098,0.00159337)
(-0.00316182,0.0119966)
(-0.00475621,0.00372359)
(0.00664292,0.0158135)
(-0.00665013,-0.00222886)
(-0.00613285,0.0259595)
(-0.000223739,0.00287083)
(-0.00518751,0.0355194)
(-0.00083722,0.000739605)
(0.000828404,0.0302574)
(0.00169596,-0.00800066)
(-0.0081969,-0.0114128)
(-0.00706423,0.0177566)
(-0.0170968,-0.00706112)
(0.00116515,0.025502)
(-0.0118557,-0.00569719)
(0.00936783,0.00461115)
(0.00844858,-0.0185624)
(-0.000837501,-0.0120515)
(0.0203818,-0.00249352)
(-0.00277087,-0.00482947)
(0.00785603,0.0101698)
(-0.0121926,0.00869456)
(0.0118992,0.0135902)
(0.000718432,0.0148417)
(0.00464295,0.0250231)
(-0.0134782,0.00994037)
(-0.0111989,0.0360446)
(0.00393427,-0.00922622)
(-0.00305281,0.0402906)
(-0.00191682,-0.00434628)
(-0.00904168,-0.00392085)
(0.00464715,0.00752586)
(-0.0101092,-0.00357154)
(0.0118353,0.0214451)
(0.00564918,-0.00291436)
(0.0220118,0.00902566)
(0.0180164,-0.000338004)
(0.0249966,-0.00623718)
(0.0127545,-0.0108396)
(0.00659593,0.00140824)
(0.0146608,-0.0115384)
(0.0170641,0.0122739)
(0.0149857,-0.00308079)
(0.012879,0.0171769)
(0.00453592,0.00757851)
(0.0100097,0.00786173)
(0.00226813,0.0193781)
(-0.0018141,-0.00155761)
(-0.00273602,0.0148017)
(0.00287808,0.00660651)
(-0.00146364,-0.0159723)
(0.00253626,0.00472262)
(-4.37446e-05,-0.0151121)
(0.0103508,0.00155429)
(0.0115624,-0.00290846)
(0.0244378,-0.000495007)
(0.0260554,0.00751251)
(0.014562,-0.0144202)
(0.0110681,-0.0105886)
(0.0151675,-0.0121629)
(-0.00373415,-0.0145678)
(0.0303,-0.00578516)
(-0.00326876,-0.0169038)
(0.0323438,0.0133162)
(0.00499904,-0.00122924)
(0.00705759,0.0157698)
(-0.0048366,-0.00198784)
(0.0098442,0.00600176)
(-0.000821821,0.00750217)
(0.000653951,0.0184643)
(-0.00484228,-0.0152853)
(-0.00192674,0.00503953)
(-0.00482722,-0.0175409)
(-0.00540754,0.00197358)
(0.0124131,-0.00081575)
(0.0113284,-0.0134734)
(0.0221729,0.0203911)
(-0.00253869,-0.013657)
(-0.0044891,0.0104107)
(0.000210496,-0.00296397)
(-0.0202049,0.00472396)
(0.00187724,0.00541392)
(-0.0182703,-0.00586474)
(0.0122848,0.000817995)
(-0.00637154,-0.00172766)
(0.00662424,0.0125735)
(-0.00738713,0.00395468)
(0.00437051,0.0160051)
(-0.0104489,-0.00315575)
(0.00448012,0.0233113)
(-0.00696227,0.00202965)
(0.00588884,-0.00198874)
(-0.0101015,-0.00126275)
(-0.000986605,-0.00856196)
(0.00633807,0.00292378)
(-0.0062359,-0.0141939)
(-0.000423546,0.00951548)
(-0.0121901,0.00334153)
(-0.0206002,0.0142649)
(-0.0118451,0.0143705)
(-0.0258545,0.0206555)
(-0.012012,0.000142597)
(-0.0287428,0.00426556)
(0.0113512,-0.00187799)
(-0.0138403,0.0104343)
(0.0283311,0.00517413)
(-0.0110901,0.0130131)
(0.0256399,0.0194427)
(-0.00928703,0.00454159)
(0.0179618,0.0270181)
(-0.00949436,0.0047391)
(0.0162276,-0.00693213)
(-0.00203626,0.00881304)
(0.00381977,-0.0112646)
(-0.00311401,-0.0012366)
(0.012537,-0.0151256)
(0.00597222,-0.00462951)
(-0.0127053,-0.000765447)
(-0.0137478,-0.00736752)
(-0.0143317,0.00880967)
(-0.0226576,-0.0153865)
(-0.0116591,0.00556224)
(-0.016682,-0.0074259)
(2.32362e-05,0.00119233)
(-0.00359999,-0.00249904)
(0.0277696,0.00678584)
(-0.00538099,0.0191195)
(0.0327898,0.01604)
(0.00147997,0.0167367)
(0.0177289,0.025761)
(-0.00706793,0.00852736)
(0.022207,-0.0169337)
(-0.00157271,0.0122014)
(0.0174956,-0.0120845)
(0.00234382,0.00702712)
(0.0232007,-0.00852401)
(0.0117203,-0.00724739)
(0.0100722,0.0133129)
(-0.00643937,-0.0049207)
(-0.00178994,0.0236021)
(-0.0140528,-0.0164135)
(-0.00656184,0.0171578)
(-0.0105687,-0.0158009)
(0.00308528,0.0139326)
(0.00846688,-0.0022506)
(0.0128323,0.022987)
(0.010713,0.0137388)
(0.00983944,0.0295423)
(0.00109551,0.0150488)
(0.00673557,0.0255723)
(0.00815943,0.00513967)
(0.0120501,-0.00790713)
(0.002814,0.0112288)
(0.0209535,-0.0178468)
(0.0111997,0.0155219)
(0.0121789,0.000417702)
(0.0167588,0.00437496)
(0.00466529,0.0194034)
(0.0123782,-0.00181409)
(0.00792196,0.0189322)
(0.00309925,0.00309911)
(0.00398434,0.025103)
(0.00923316,-0.0132714)
(0.00668811,0.0185622)
(0.0159391,0.00411239)
(-0.00122909,0.0223373)
(0.015254,0.0222937)
(-0.00966056,0.0234365)
(0.00586152,0.0120154)
(-0.00767387,0.0160191)
(-0.00185577,0.0040347)
(0.0133586,0.00220443)
(0.00878173,0.0157442)
(0.0143011,-0.00303447)
(0.0100841,0.0168263)
(0.00944338,-0.00613751)
(0.0205319,0.00930464)
(0.00289584,0.0048382)
(0.0120848,0.00487935)
(0.00318594,0.0092136)
(0.0084657,0.000330487)
(0.00737356,0.00909138)
(0.00794446,0.00389507)
(0.00119232,0.0111928)
(0.0177861,0.00251219)
(-0.00311805,0.00214383)
(0.00711433,0.0107123)
(-0.00205591,0.00708178)
(-0.0089383,0.00789176)
(0.000668737,0.0137067)
(0.00211063,-0.00420483)
(-0.0032429,0.0154976)
(-0.00633468,-0.00182377)
(0.00698069,0.0198616)
(-0.0106141,-0.00901174)
(0.00800404,0.0178607)
(0.0081865,-0.0233641)
(0.0035703,0.0123412)
(-0.00065451,-0.0110978)
(-0.0016711,0.00965652)
(-0.000137515,0.0077466)
(-0.00868302,0.00581311)
(0.00341001,0.0182676)
(0.00556369,0.00854435)
(0.00262779,0.0146104)
(-0.00466596,0.00402865)
(0.00145239,0.0261925)
(0.00846794,-0.00347083)
(-0.00264362,0.0238852)
(-0.000193062,-0.00704905)
(-0.00444515,-0.00242072)
(0.00104905,0.01134)
(-0.00529526,-0.00548398)
(-0.00237863,0.0255821)
(0.00170923,-0.0121705)
(-0.00374896,0.0144248)
(0.0084389,-0.0123874)
(-0.00241641,0.00372292)
(0.00563788,-0.0154598)
(-0.00949013,0.00570152)
(0.0022957,0.0110195)
(0.00341718,0.013228)
(0.00587206,0.0165033)
(-0.00431135,0.0111164)
(-0.000873573,0.0288833)
(-0.00963785,0.00103423)
(-0.0120507,0.0315002)
(-0.00945328,-0.00479274)
(-0.00575097,0.0290026)
(-0.00469397,0.00526702)
(0.00150807,-0.00747532)
(0.0011986,0.0137554)
(-0.00618601,-0.0038516)
(-0.00297913,0.0199106)
(-0.00124118,0.00500134)
(0.000629174,0.0193166)
(0.00901098,-0.00890544)
(1.59372e-06,-0.00270131)
(0.00107488,-0.0149044)
(0.0138225,-0.0102651)
(-0.0155917,-0.0135823)
(0.0309404,0.00482375)
(-0.00931924,8.41325e-05)
(0.0352057,0.00963179)
(-0.00455756,0.0192977)
(0.00658668,0.00107722)
(-0.00878877,0.0287976)
(0.00346616,-0.00358287)
(-0.0117222,0.02226)
(0.00342353,-0.000508936)
(-0.000332877,-0.0126117)
(0.00433379,-0.000849073)
(0.00248602,-0.00724776)
(-0.0120216,0.018386)
(0.0214932,0.0117727)
(-0.00025497,-0.0137943)
(0.0325792,0.010866)
(0.00924624,-0.0324994)
(0.010125,-0.00703884)
(0.0320649,-0.0275716)
(-0.0242735,-0.028048)
(0.0206243,-0.0150944)
(-0.0212647,-0.0186182)
(0.0309185,-0.0120258)
(0.000226224,-3.25511e-05)
(0.0163402,-0.00271523)
(0.00607279,0.0123366)
(0.00834878,-0.00487542)
(-0.0118285,-0.000203244)
(9.59657e-05,0.00528817)
(0.00170983,9.32902e-05)
(-0.00281148,0.00929024)
(0.00227446,0.0010705)
(-0.015328,0.00189964)
(0.00673582,0.0214731)
(-0.00534625,-0.0187507)
(0.0193022,0.0372388)
(-0.00571544,-0.015145)
(-0.0137822,0.00977021)
(0.00391872,-0.011786)
(-0.0293789,0.0146881)
(-0.00718948,0.00369447)
(-0.034488,-0.0120406)
(0.027696,-0.0174362)
(-0.00223687,-0.00431423)
(0.0193125,-0.0166958)
(-0.00892679,0.00351142)
(-0.00100218,-0.00459653)
(-0.0137245,0.000211195)
(0.00159482,0.0151559)
(-0.0119334,-0.000974041)
(-0.00305593,0.00696266)
(-0.00519641,0.00343239)
(-0.0130519,-0.0054106)
(0.0068402,0.0113619)
(-0.0265261,-0.0104227)
(-0.000255695,0.0216257)
(-0.0301453,0.00535606)
(-0.0116311,0.0152992)
(-5.90815e-05,-0.00235733)
(-0.0103156,0.0296975)
(-0.0032329,-0.0270945)
(-0.0119438,0.00414177)
(0.0262719,-0.0438689)
(-0.00425964,0.00373773)
(0.0508073,-0.0206078)
(-0.00305201,0.0120793)
(0.0408803,0.00722697)
(-0.00683419,0.00874693)
(0.00533188,0.0161309)
(-0.0160396,0.00690353)
(0.012137,-0.00967743)
(-0.0150743,0.000426075)
(0.00170998,-0.0126668)
(-0.000660118,-0.00166213)
(-0.012911,-0.0173159)
(0.00990911,-0.0250095)
(-0.0348767,0.0115107)
(-0.0311025,-0.0306488)
(-0.0144106,0.0196152)
(-0.0279189,-0.0155699)
(-0.0282489,-0.0183787)
(-0.0216319,-0.0256852)
(0.0304411,-0.0294613)
(0.00504864,-0.00496908)
(0.0350688,-0.0263187)
(0.0122508,0.0123712)
(0.0361111,0.0143249)
(0.0153319,0.0133716)
(0.0230224,0.025471)
(-0.012353,-1.80179e-05)
(0.0222404,-0.0109381)
(-0.0183052,0.00450871)
(0.0211948,-0.0200856)
(-0.00766607,-0.00345218)
(0.0101444,-0.0129664)
(-0.000130911,-0.00550356)
(-0.0157455,0.00859741)
(-0.0178958,-0.0262018)
(-0.018589,0.0234421)
(-0.025565,-0.021715)
(-0.0210887,0.0117005)
(-0.010062,-0.0219484)
(-0.00651858,0.000772119)
(0.0096522,-0.00269186)
(0.0157678,0.0118957)
(0.0155155,0.0199899)
(0.022482,0.0274952)
(0.0194117,0.02089)
(0.0062269,0.0261615)
(-0.0058872,-0.0023368)
(0.020104,-0.00971706)
(-0.00394279,0.00626737)
(0.0164731,-0.00642455)
(0.000637361,0.0038153)
(0.01751,-0.0162323)
(0.0117583,-0.00674834)
(0.00763397,0.00531705)
(-0.00523307,0.00215153)
(-0.00259161,0.0102002)
(-0.0118601,-0.00810595)
(0.00354113,0.011641)
(-0.00217253,-0.00588467)
(0.00752001,0.0220314)
(0.0198185,0.00460312)
(-0.00049095,0.0192126)
(0.0192874,0.0184448)
(-0.00278934,0.0174549)
(0.0150124,0.0123086)
(0.0058072,0.0197506)
(0.00681935,0.00276271)
(0.0117796,-0.00107158)
(0.0046121,0.00721868)
(0.00720435,-0.00536857)
(0.012191,0.0109394)
(0.00639249,-0.000253767)
(0.00881408,0.00957931)
(0.00351796,-0.00927032)
(-0.00092728,0.00182549)
(0.00885682,-0.00977178)
(-0.00464271,0.0101152)
(0.0155705,0.00313937)
(0.00497537,0.00119457)
(0.0111456,0.0036032)
(0.0131265,0.00473691)
(-0.00342119,0.00612796)
(0.0161027,0.00845945)
(-0.00208718,0.00421566)
(0.00326917,0.00481817)
(0.000289183,0.00995773)
(0.00903778,0.0034619)
(0.00231134,-0.00151675)
(0.00101314,-0.00525056)
(0.00107087,0.00955165)
(0.00693028,-0.00881561)
(0.00685301,0.0113158)
(0.00455907,-0.0202408)
(-0.00297474,0.0161922)
(0.00243246,-0.00910137)
(-0.00228867,0.00787358)
(0.00282321,0.0105339)
(0.000478513,0.00983718)
(-0.00296578,0.0133201)
(-0.000474269,0.00644444)
(0.00758181,0.02212)
(0.00395176,0.00136723)
(0.00105592,0.0164283)
(0.0103446,0.00285213)
(0.00272215,0.0154983)
(0.00214669,0.0110926)
(0.00420817,-0.00726174)
(0.00116887,0.00125684)
(0.00622462,-0.00655235)
(-0.000201921,0.00887941)
(0.0129287,-0.00907347)
(-0.0148136,0.01186)
(0.012654,-0.0227763)
(-0.0153374,0.00289369)
(0.0132289,-0.0239793)
(-0.00989961,-0.00173869)
(-0.00530666,-0.00300473)
(-0.00295585,0.0178987)
(-0.00751319,0.0224086)
(-0.00458258,0.0131646)
(-0.00627723,0.0230698)
(-0.00963982,0.00634276)
(-0.00962037,0.0349537)
(-0.00363018,0.00877717)
(-0.0134122,0.0159467)
(0.005174,0.0170886)
(0.00617727,-0.0120771)
(0.00247458,0.00410776)
(0.00824287,-0.00804266)
(0.00107203,0.00896247)
(0.00873945,-0.00609509)
(-0.0155937,0.0017823)
(0.0299467,-0.0271965)
(7.02145e-05,-0.0317725)
(0.0135282,-0.0413354)
(0.0227164,-0.0247111)
(-0.0116004,-0.0314019)
(0.00974528,0.0137433)
(-0.026026,-0.012063)
(0.00915592,0.0350793)
(-0.0184814,0.0125775)
(0.00133923,0.0080887)
(-0.0119082,0.0253693)
(0.000750646,0.00748202)
(-0.0153846,0.00742639)
(0.00263434,0.0175323)
(0.00952773,-0.00689223)
(0.00346358,0.00956971)
(0.0144181,0.0052128)
(-0.0144467,0.0102783)
(0.0309148,0.00806215)
(0.00539728,-0.0254426)
(0.0551196,-0.00914454)
(0.0328483,-0.0521321)
(0.0288225,-0.0288894)
(0.0396733,-0.0579744)
(-0.0429919,-0.0346869)
(-0.00160358,0.0277481)
(-0.0286958,-0.0278197)
(0.0113789,0.0155391)
(-0.0110705,-0.0326466)
(0.00114887,0.0052708)
(-0.0101126,-0.0130422)
(-0.00618464,0.000643635)
(-0.00867674,-0.0100937)
(-0.000171184,0.0110015)
(0.0139628,0.00290257)
(-0.00321099,0.00733916)
(0.0182657,0.016803)
(-0.00412054,-0.000729231)
(0.021303,0.0402579)
(0.00039094,-0.0295066)
(0.00849154,0.0259566)
(0.0310982,-0.0241659)
(-0.0158119,-0.0126709)
(-0.0191137,0.00810064)
(0.0205979,0.0163867)
(-0.0723673,0.0809737)
(-0.00823946,-0.00186656)
(-0.00254608,0.00872755)
(-0.0100393,-0.0220139)
(0.00895177,-0.0318968)
(0.00434403,-0.0206688)
(-0.0236476,-0.0133921)
(-0.0151545,-0.0095079)
(-0.0245716,0.00625159)
(-0.00799574,0.00352074)
(-0.00227564,0.0131515)
(0.0030101,0.016124)
(-0.0188782,0.00358055)
(0.00932893,0.02845)
(-0.0127554,-0.00239862)
(-0.00744639,-0.00418372)
(-0.0147501,0.0283923)
(-0.0268413,-0.0459637)
(0.0255636,-0.0166612)
(0.046972,0.0617521)
(0.016996,-0.0071146)
(0.0528693,0.00267109)
(0.0460888,-0.0484801)
(0.0130902,-0.00976562)
(0.0343857,-0.0615679)
(0.0105998,0.000479089)
(0.000231508,-0.0250884)
(-0.00173663,0.000443034)
(-0.0113972,0.00192134)
(-0.0182584,0.00184006)
(0.00228608,0.002747)
(-0.0176406,0.0180744)
(-0.00263092,-0.0114664)
(-0.000643239,0.0138661)
(-0.0258271,0.00526105)
(0.00502596,-0.0165304)
(-0.0337461,0.0445285)
(-0.0209076,-0.0242418)
(0.0124049,0.0312597)
(0.0224718,-0.025926)
(0.0118484,-0.0265614)
(0.00457403,-0.0179329)
(0.0254129,-0.0731592)
(0.00712027,-0.00350336)
(0.029243,-0.0553991)
(0.0150962,0.00316096)
(0.00387719,-0.0190922)
(0.0130568,0.012853)
(-0.000658784,0.0124095)
(-0.0246707,0.00147189)
(0.0183016,-0.00747528)
(-0.0309658,0.0120582)
(0.00397245,-0.0130415)
(-0.00906409,0.0238865)
(0.00647036,-0.0135873)
(0.000425682,-0.0070476)
(-0.023424,0.0224701)
(-0.0238781,-0.0261218)
(-0.014518,0.0307059)
(-0.0113541,-0.0369851)
(-0.0265546,-0.00497835)
(0.00463848,-0.0250417)
(0.010843,-0.022164)
(0.00896086,-0.00511746)
(0.00447942,-0.0284698)
(0.00882166,0.0187272)
(0.0113,-0.00258307)
(0.018424,0.00648276)
(0.00236666,0.016746)
(-0.000187022,-0.0129326)
(0.0167716,0.0012153)
(-0.0112781,0.00468196)
(0.0177157,-0.0177911)
(-0.00376404,0.000548964)
(0.0182982,-0.0136024)
(-0.00600102,-0.00366446)
(0.00984228,-0.00710126)
(-0.0118014,-0.0148933)
(0.00143079,0.0100959)
(-0.0133502,-0.021703)
(0.00116946,0.00752618)
(-5.15043e-05,-0.0159483)
(0.00529696,-0.00249835)
(0.00269917,-0.00440543)
(-0.00268345,0.00108281)
(0.0079928,0.023473)
(0.00146114,0.0105078)
(0.0166943,0.00474711)
(0.000263607,0.0086653)
(-0.00355013,-0.00600735)
(0.00758593,-0.00396789)
(0.00624795,-0.00158299)
(0.00566283,-0.0119878)
(0.00226477,0.00380656)
(0.00666962,-0.0257596)
(-0.00298969,0.00420453)
(0.00137139,-0.017143)
(-0.0150918,0.00150097)
(0.00559157,-0.0115381)
(-0.0178962,-0.00459051)
(0.00870398,-0.00682341)
(-0.0037224,-0.00675381)
(0.0137312,3.2724e-05)
(-0.000256866,0.00182418)
(-0.000668779,-0.00334161)
(0.00121578,0.00777901)
(-0.00398286,-0.00245729)
(0.00361167,-0.00173539)
(0.00473122,0.00878383)
(0.00389011,-0.00481166)
(-0.00633462,-0.0110919)
(0.00882182,-0.0107687)
(-0.00394851,0.00174886)
(-0.00297823,-0.0178378)
(-0.00287937,0.00931344)
(-0.000662754,-0.0127622)
(-0.00831438,0.00452968)
(0.00024132,-0.0138754)
(-0.00489202,-0.00352991)
(0.00806884,0.0117033)
(0.000497512,0.00306685)
(0.00928331,0.0106948)
(-0.00288965,0.00326139)
(0.0120149,0.0139398)
(-0.0035447,0.000439508)
(0.00598827,0.00647216)
(-0.00269589,0.00480405)
(0.00347273,-5.97129e-05)
(0.00687276,0.011541)
(0.00451494,-0.0128486)
(-0.000439843,-0.0131095)
(0.000505114,-0.0178168)
(-0.00772575,-0.00780156)
(0.00547633,-0.0226885)
(-0.0129799,-0.00332039)
(0.0119501,-0.0287837)
(-0.0144807,0.00400668)
(0.0167061,-0.0205365)
(-0.0116646,0.00307965)
(0.0154867,0.00507548)
(-0.0141946,0.0345261)
(0.00880809,0.011201)
(-0.0112688,0.0264679)
(0.00153617,0.0178768)
(-0.0155838,0.00404955)
(-0.0124972,0.00854967)
(-0.0077849,0.00297642)
(-0.0154558,0.000531782)
(-0.00635891,0.0281868)
(0.00400399,-0.0147536)
(0.0150845,-0.00708905)
(0.00414714,-0.01851)
(0.000892848,-0.00822834)
(0.00849949,-0.00559042)
(0.002742,-0.00619165)
(0.034744,-0.0273404)
(-0.0129714,-0.0162376)
(0.025005,-0.0216926)
(0.0106624,0.00352216)
(-0.0153866,-0.0120505)
(-0.0181037,0.0410634)
(-0.00418653,-0.00176225)
(-0.00369746,0.0526245)
(-0.00523902,-0.00414083)
(-0.00913577,0.0200363)
(-0.00988312,-0.000909427)
(-0.0151962,0.012791)
(-0.0132394,-0.00250789)
(-0.0078511,0.0227668)
(0.0149172,0.00316953)
(0.00175363,0.00551717)
(0.0241654,0.00233473)
(0.00674902,-0.00372675)
(0.0364413,0.0126092)
(0.00891865,-0.031203)
(0.0353724,0.00188834)
(0.0116865,-0.0308302)
(0.0258293,0.0247019)
(0.0295171,-0.0371263)
(-0.0437302,0.0031281)
(-0.0368138,0.0267712)
(-0.0459738,0.00192673)
(-0.0195762,0.0391598)
(-0.000670195,-0.0271334)
(-0.00142744,0.0146866)
(-0.0032162,-0.0341776)
(-0.0149666,0.0246059)
(-0.00492082,-0.0202878)
(-0.0230457,0.0230967)
(0.011307,0.00368032)
(0.00189429,-0.00178641)
(0.0210093,0.024365)
(-0.00477645,-0.0220767)
(0.00990579,0.0418332)
(0.00819134,-0.0431391)
(-0.0102595,0.00837709)
(0.0600838,-0.0354157)
(-0.00133407,-0.0014522)
(-0.0130557,0.0142624)
(0.0209478,-0.00962853)
(0.0279763,-0.0204681)
(-0.0704854,0.0632329)
(-0.0482149,0.00420452)
(0.00943983,0.0104059)
(-0.00035674,-0.022465)
(0.00184996,-0.0220554)
(-0.0271841,-0.0156901)
(0.00116762,-0.0227178)
(-0.0255912,0.0113277)
(-0.00616365,0.00741929)
(-0.00809564,-0.00262566)
(0.00839661,0.0197689)
(-0.0104682,-0.00913128)
(-0.0098056,0.0316298)
(-0.0108407,-0.0153983)
(-0.0287094,-0.0256153)
(-0.050764,0.0767861)
(0.0214218,0.00377011)
(0.00212595,-0.0206151)
(-0.0288717,-0.0018979)
(-0.0132384,0.0073819)
(0.0498689,-0.0578879)
(-0.00426972,0.0416836)
(0.0211759,0.00990471)
(0.0111924,-0.0267982)
(0.0133897,0.00655707)
(-0.00174154,-0.0215322)
(0.000411919,0.00134842)
(-0.0214747,-0.000865071)
(-0.0118981,0.00637814)
(-0.00829664,0.00414155)
(-0.0211814,0.0247728)
(-0.0151831,-0.00824489)
(0.010945,0.0339087)
(-0.0144799,0.0120291)
(-0.0088135,0.0146402)
(-0.0394857,0.0454266)
(-0.0463688,0.073351)
(0.0295261,0.0384828)
(0.048056,0.00293671)
(0.0637994,-0.00666502)
(0.0415941,-0.00224265)
(0.021748,-0.0393294)
(0.0120664,0.0277869)
(0.0221031,-0.0627144)
(0.00598051,0.0143197)
(-0.00115557,-0.030258)
(0.0152712,0.00929469)
(-0.00697683,-0.000849087)
(-0.0210572,0.00302806)
(0.00769851,0.0130575)
(-0.0194769,0.0231388)
(0.00276097,0.00140567)
(-0.00267767,0.032304)
(-0.00545266,0.00540185)
(0.0164566,0.0213725)
(-0.020291,0.0360997)
(-0.00114185,0.000879176)
(-0.0227881,0.0404164)
(0.0230593,-0.0173564)
(-0.0156159,0.00305218)
(0.0193459,-0.00543721)
(0.0104039,-0.0325796)
(0.00915162,-0.00362729)
(0.014778,-0.0301702)
(0.00870443,-0.00394015)
(0.00719218,-0.0255832)
(0.0113429,0.00174844)
(0.00206038,-0.00613248)
(-0.0163699,0.00190766)
(0.0094948,0.00935643)
(-0.00881149,0.0103914)
(0.00661492,0.00416657)
(-0.0047345,0.0203151)
(0.0152483,-0.00933314)
(0.00379557,0.0157191)
(0.00604582,0.0045769)
(-0.000622149,0.000383337)
(-0.0143401,0.0147012)
(-0.000269109,-0.0175239)
(-0.0020334,0.0124063)
(0.00937183,-0.0155255)
(0.00603628,0.00436886)
(0.000734973,-0.0135577)
(0.0139348,-0.00734644)
(-0.00166092,-0.0107773)
(-0.00638421,-0.015853)
(0.0115837,-0.00418414)
(0.00118276,-0.00908623)
(0.00217127,-0.0065543)
(-0.00594085,0.00500849)
(0.00253314,0.00319625)
(-0.00298472,-0.00846212)
(0.00238276,0.014888)
(0.0061286,-0.0164972)
(-0.0068494,0.0104888)
(0.00355494,-0.0102965)
(-0.00663088,0.00116326)
(0.00160598,-0.00852888)
(0.000631925,-0.00747991)
(0.00183194,0.00466401)
(-0.000479068,-0.008224)
(0.00595795,0.00458032)
(-0.00650711,-0.00722567)
(-0.000275549,-0.000435982)
(-0.0049397,0.00354412)
(-0.00357043,-0.00321982)
(0.000860577,-0.0087492)
(-0.010912,-0.00107085)
(0.0024519,-0.0161145)
(-0.00793057,-0.00898331)
(-0.000620678,-0.0307798)
(0.000449334,-0.00338069)
(0.000656504,-0.0157597)
(-0.00412705,0.00452232)
(-0.0109507,-0.0108263)
(-0.00268529,-0.00727608)
(-0.00238167,-0.00127616)
(0.00448492,-0.00444791)
(0.00858934,0.00527239)
(-0.00545285,0.00189317)
(0.0194028,0.0091298)
(-0.00707067,0.00571362)
(0.014346,0.0119787)
(-0.0130267,0.010178)
(0.00393118,0.00464532)
(0.00486925,0.0136393)
(-0.00140495,-0.00188043)
(0.00480375,0.0138234)
(-0.000300841,-0.0201274)
(-0.00579896,-0.0169135)
(0.0112847,-0.0307632)
(-0.00585268,-0.0125274)
(0.0117035,-0.0237687)
(-0.00383186,0.00544797)
(0.00300844,-0.00746372)
(-0.0161548,0.0138394)
(0.00707417,-0.0061753)
(-0.00886067,0.0140252)
(0.0188094,0.00440937)
(-0.00714942,0.00401543)
(0.0191317,0.0079144)
(-0.0186028,0.0110259)
(0.0152505,0.0167715)
(-0.0180128,0.00956545)
(0.00511195,0.00449562)
(-0.0107966,0.00994574)
(-0.00480684,0.000826109)
(0.00940244,0.0266214)
(0.00569146,-0.0147664)
(-0.00235645,-0.00583808)
(0.00713276,-0.0220847)
(0.00669693,-0.0129111)
(0.00242213,-0.013341)
(-0.0161077,0.00471225)
(0.00152006,-0.0150603)
(-0.0210015,0.0148587)
(-0.0195876,-0.0137481)
(-0.0198627,0.0190777)
(0.0199016,-0.0071781)
(-0.000718644,-0.0192595)
(0.00764068,-0.0100845)
(-0.00354019,0.00122593)
(0.00992567,-0.0133765)
(-0.0107234,-0.000752196)
(-0.00430765,-0.00806881)
(-0.0108608,0.00913784)
(-0.00882386,-0.00131555)
(-0.0103942,0.0215604)
(0.010556,0.00403714)
(-0.00283651,-0.00628855)
(0.0200225,0.0077444)
(-0.00878112,-0.00515251)
(0.00596346,0.0100539)
(-0.0115873,-0.00266744)
(-0.0194445,-0.00996152)
(-0.0456275,0.0559848)
(-0.0292313,0.0292943)
(0.000574837,0.0679804)
(0.0591926,0.0145166)
(0.00864717,-0.0637098)
(0.0345801,0.00267485)
(0.0226811,-0.0338497)
(0.0138016,-0.0381749)
(0.0136902,-0.0108454)
(0.00459636,-0.031449)
(-0.0134001,-0.000957024)
(0.00180663,-0.0238981)
(-0.0214486,0.0191985)
(0.0147392,0.0102227)
(-0.00671184,-0.0088821)
(0.0116813,0.0283238)
(-0.00262408,-0.0295226)
(-0.00452928,0.0317917)
(-0.002204,-0.0233273)
(-0.016825,-0.0281271)
(-0.0207313,0.0441062)
(0.0133575,-0.0027691)
(0.0160787,-0.0260925)
(-0.0243298,-0.0127082)
(-0.0207134,0.0137528)
(0.00497275,0.0511907)
(0.0299267,-0.0270134)
(0.0198348,0.0051526)
(0.032619,-0.0231658)
(0.0140082,-0.020696)
(-0.0045229,-0.0173222)
(0.00404702,-0.0215398)
(-0.0345157,0.00978103)
(0.00226743,0.00576974)
(-0.00457204,-0.00252274)
(0.00741601,0.0279002)
(0.00464596,-0.0241782)
(0.0277544,0.0258264)
(0.0216308,-0.0460365)
(0.0204729,-0.0618426)
(0.0126663,-0.0196789)
(-0.00831178,0.0168514)
(-0.0111374,0.0400542)
(0.0204485,0.00386709)
(0.0174047,-0.030043)
(-0.00764119,-0.0478926)
(-0.0092232,0.073178)
(0.00330407,0.0165383)
(4.11693e-05,-0.00825325)
(-0.00346938,0.0101915)
(-0.00967685,-0.00837011)
(0.00283927,-0.00660945)
(-0.0199039,0.00206913)
(-0.00274811,-0.00412603)
(0.000902125,0.0107647)
(-0.00201719,0.0184513)
(0.00820544,0.00212517)
(0.0257912,0.0387984)
(0.0215989,-0.0222791)
(0.0476791,-0.00615305)
(0.0247428,-0.0304555)
(-0.0120424,-0.0390424)
(0.00327407,-0.0748533)
(-0.040395,-0.0412069)
(-0.0426859,-0.00564589)
(-0.0200125,0.0153611)
(-0.016768,0.00608566)
(-0.0157866,0.0469203)
(-0.00157414,-0.01723)
(-0.00714975,0.0215556)
(-0.00438796,-0.0204869)
(-0.00787243,0.00284962)
(-0.00812429,-0.00404673)
(-0.00758767,-0.00418643)
(0.00792133,0.0196886)
(-0.00159315,0.00582794)
(0.0107326,0.0132064)
(0.0155677,0.0268553)
(0.023882,0.0105544)
(0.0361451,0.0193819)
(-9.83851e-05,0.0133895)
(0.02117,-0.00150271)
(-0.0181052,0.017509)
(0.00836957,-0.00965248)
(-0.0385766,0.0322378)
(-0.000914622,0.026002)
(-0.0105461,0.0143106)
(0.00823602,0.0159017)
(0.00310415,-0.0208162)
(-0.0096041,-0.00337699)
(-0.00297796,-0.0221811)
(-8.24565e-05,-0.00930151)
(-0.0136939,-0.0124995)
(0.0132679,-0.00891588)
(0.0113391,0.0179816)
(0.00666419,0.00488766)
(0.00304135,0.00336482)
(0.0136855,0.0205042)
(0.00387833,0.000316446)
(0.0129849,0.00758649)
(0.0118634,0.00188796)
(0.00945275,0.000371838)
(-0.00896904,0.00815402)
(0.00353012,0.00272566)
(-0.0131687,0.0256824)
(0.00673308,-0.00142845)
(-0.000790432,0.0155734)
(0.00470452,0.00209657)
(0.00508447,-0.0114941)
(0.00413301,0.00225603)
(-0.0136178,-0.0204311)
(0.00374848,-0.000730277)
(-0.0273925,-0.0186804)
(0.00872203,0.00352417)
(-0.000224707,0.00393191)
(0.0164493,0.00646011)
(-0.00168235,-0.00128685)
(0.00543499,0.00780023)
(-0.00388126,-0.015889)
(0.00848701,0.010732)
(0.00532312,-0.0111481)
(-0.00275596,-0.00458798)
(0.000904947,-0.00834778)
(-0.0131474,-0.00275507)
(-0.00331326,-0.000755034)
(0.000559711,-0.00015019)
(0.00671199,-0.000656565)
(0.00534688,0.00887313)
(-0.00362831,-0.00248991)
(-0.0010299,0.00550164)
(-0.0303631,-0.0112052)
(-0.0024784,0.00316474)
(-0.0196346,-0.00608603)
(0.000986774,-0.0157202)
(-0.00960434,0.000762864)
(0.0100033,-0.0245917)
(0.00682738,-0.00108156)
(-0.00789308,-0.0205914)
(0.00478607,-0.00105725)
(-0.00821316,0.00921185)
(0.00713023,-0.00823375)
(-0.00903955,0.0062825)
(-0.00448515,-0.00167912)
(0.010898,0.00532095)
(-0.00535458,-0.00413873)
(0.0248963,-0.00539263)
(-0.0160628,0.00926859)
(0.0177866,0.00569695)
(-0.0145727,0.0182335)
(0.0180144,0.00384619)
(-0.00213043,0.0174736)
(0.00545974,0.00834567)
(0.00822834,0.0219826)
(0.00441047,-0.0161354)
(-0.010736,-0.00991953)
(0.00422138,-0.0256346)
(0.00125274,-0.0163376)
(0.00330131,-0.00627342)
(0.0105154,-0.00674082)
(7.167e-05,0.0182504)
(-0.00287993,0.00547019)
(-0.0085159,-0.00451532)
(-0.00420089,-0.000244152)
(0.0084807,0.00303902)
(-0.0138324,-0.0091945)
(0.00956223,-0.00449307)
(-0.0134015,-0.0140643)
(0.0122167,0.0166772)
(-0.0201841,0.0105904)
(0.01256,0.016028)
(-0.0128003,0.0245104)
(0.00730377,0.011548)
(0.000592877,0.0321637)
(0.00764785,-0.0133396)
(-0.00624893,-0.00270332)
(0.00927945,-0.00633459)
(0.00283093,-0.0201662)
(-0.0108538,0.00625057)
(-0.000533546,0.00402229)
(-0.0372696,0.000634431)
(-0.0249201,0.0224747)
(-0.033777,-0.0103469)
(-0.00652972,0.00412195)
(-0.00312278,-0.0210908)
(-0.002819,-0.0270444)
(-0.00241098,-0.0249753)
(0.0126531,-0.041176)
(0.000373811,-0.0132369)
(-0.0107184,-0.0131162)
(-0.0083499,0.00977635)
(-0.0220109,0.0156014)
(-0.00497289,0.00807053)
(-0.0167807,0.0281344)
(0.0136967,0.000589184)
(-0.00633126,-0.00253572)
(-0.00087949,0.00329826)
(-0.000752694,-0.00408136)
(-0.0414062,0.0200044)
(-0.01939,0.0149898)
(-0.0605305,0.0152837)
(-0.0431047,0.0568773)
(-0.0503778,0.0088233)
(-0.0355883,0.0210428)
(0.031776,-0.0237152)
(0.0228778,-0.0560784)
(0.031946,-0.0521664)
(0.0321929,-0.0654948)
(0.0129238,-0.049689)
(0.0152756,-0.0486571)
(-0.00696353,-0.029671)
(-0.00978082,0.00433313)
(0.000709994,-0.00806652)
(-0.0182004,0.0214648)
(0.0126674,0.0024015)
(0.000554724,0.00429794)
(-0.00111403,0.0163741)
(-0.00107799,-0.00444709)
(-0.0403895,0.0319247)
(-0.00810668,0.00516962)
(-0.035708,0.0255485)
(-0.0194109,0.0366922)
(0.01081,-0.00497782)
(-0.0320918,0.00433915)
(0.0647474,0.0307833)
(0.0371918,0.0517904)
(0.0439281,-0.0245008)
(0.0566436,-0.0641135)
(0.0264251,-0.0273101)
(0.0413009,-0.0583757)
(0.00669605,-0.0226813)
(-0.00234924,-0.0181814)
(0.000474249,-0.0261395)
(-0.0205488,0.0102462)
(0.0069205,-0.00235087)
(0.00884684,0.00751631)
(0.00101609,0.00724184)
(0.0117372,-0.00105988)
(0.00232888,0.0244388)
(0.0395634,-0.0188459)
(0.0233741,-0.011645)
(0.0465102,-0.0581354)
(-0.0123468,-0.0365996)
(0.0205446,-0.0900653)
(-0.061284,0.0602617)
(-0.0376801,0.0992277)
(-0.0267748,-0.00652898)
(-0.0355689,0.00296908)
(-0.011414,-0.00458477)
(-0.00172256,-0.0309768)
(8.99622e-06,0.00229023)
(0.0040707,0.000113439)
(-0.00737777,-0.0084276)
(-0.0145098,0.00356496)
(-0.00180746,0.000872734)
(0.00517061,0.00582144)
(0.0062022,0.00138711)
(0.0178835,0.0135948)
(0.00805878,0.0172236)
(0.0445453,-0.00893483)
(0.0458775,-0.00180792)
(0.058484,-0.042663)
(0.0178351,-0.0194067)
(0.0352101,-0.0433349)
(-0.0240175,0.0242114)
(-0.032687,0.0524997)
(-0.0343134,0.0398913)
(-0.0429555,0.0277771)
(-0.0102293,0.0355582)
(0.00316263,0.00437204)
(-0.0181345,-0.00308566)
(0.00783402,-0.00261332)
(-0.00936548,-0.007092)
(-0.00547517,-0.00754459)
(0.0105235,0.00113938)
(0.00833063,0.0186704)
(0.00147339,0.00270009)
(0.0114338,0.0170752)
(0.0171372,0.010789)
(0.0130508,0.0203981)
(0.0318323,0.0155391)
(0.0270472,0.00500441)
(0.0274546,0.000701044)
(-0.00114151,-0.000623919)
(0.00353777,0.0346362)
(-0.0242579,0.0436252)
(0.00329959,0.0273573)
(-0.0194613,0.0307341)
(0.00490358,0.00726751)
(0.0191283,-0.00247169)
(0.00245914,-0.00807905)
(0.00206856,-0.0158861)
(-0.0168009,-0.00762665)
(-0.0163705,-0.0219546)
(0.0208786,-0.00155826)
(0.00137977,0.0073788)
(0.0119874,0.00405485)
(0.000865954,0.0152476)
(-0.00375194,0.00348066)
(-0.0092965,0.00290974)
(0.0087337,0.00419258)
(-0.00729366,0.00153667)
(0.00516504,-0.00156545)
(0.00323076,-0.00278661)
(-0.00140746,0.0141583)
(-0.00829869,0.00932163)
(0.00151085,0.0217288)
(0.00824711,0.0165412)
(0.00601441,0.0010469)
(0.00991455,0.00482533)
(-0.00994417,-0.000669006)
(-0.02593,-0.0224589)
(-0.00598116,0.0108396)
(-0.0319209,-0.0201032)
(0.0085191,-0.00353503)
(-0.013824,0.00362856)
(0.0143316,3.93339e-05)
(-0.0094134,-0.00496676)
(0.00627744,0.00146006)
(-0.0159677,-0.000445988)
(-0.00612069,-0.00918789)
(-0.00785039,-0.00353842)
(-0.0115649,-0.00563505)
(-0.00286537,-0.0134292)
(-0.00220454,0.0082425)
(0.00170715,-0.0179296)
(-0.00207473,0.00511031)
(0.00480896,-0.00520319)
(-0.000742882,0.00771021)
(-0.00956411,-0.00970001)
(-0.00754491,0.0198719)
(-0.0336619,-0.00400658)
(-0.00430931,0.0157138)
(-0.0335877,-0.0135875)
(0.0110723,-0.0151679)
(-0.00374529,-0.00752622)
(-0.00202556,-0.00278609)
(0.00528571,-0.00348919)
(-0.00272447,0.00364908)
(0.00731837,0.00483239)
(-0.00485723,-0.000414423)
(-0.00291086,0.00146367)
(-0.00577483,0.00638802)
(-0.0108944,0.00899748)
(0.0111448,0.00333712)
(-0.00965046,0.0130702)
(0.0109078,-0.00488208)
(-0.00519199,0.00741696)
(0.0169322,0.000221045)
(-0.00320902,0.00832108)
(0.00563316,0.00420777)
(-0.005913,0.00501853)
(0.00262289,0.000920857)
(0.001316,0.00753821)
(0.00382778,-0.00932882)
(-0.00755092,-0.00727531)
(0.0139089,-0.00674479)
(-0.00163514,-0.0095057)
(0.00922785,0.00985953)
(-0.00612777,-0.00611344)
(-0.00191598,0.0198025)
(-0.00571835,0.00308899)
(0.0130737,0.00631982)
(-0.0151439,0.00675696)
(0.00407964,0.00301459)
(-0.00240677,-0.0126492)
(0.00683249,-0.00147058)
(-0.0114664,0.000522358)
(0.0108365,0.0208145)
(-0.0177258,0.0142803)
(0.0131292,0.0194629)
(-0.0162165,0.0229533)
(0.00123368,0.00910986)
(0.00215775,0.0198004)
(0.0137187,-0.00557719)
(-0.0144919,-0.00108186)
(0.00693639,-0.00173703)
(-0.00843008,-0.0151337)
(-0.0161393,0.0216779)
(-0.0027184,-0.0296671)
(-0.0181405,0.0268813)
(-0.0228854,0.00717944)
(-0.0158596,0.00376442)
(-0.0201383,-0.0053606)
(-0.0039838,-0.00105568)
(0.00269159,-0.0275833)
(-0.00415065,-0.0113746)
(0.00478698,-0.0295543)
(-0.00399296,0.00536596)
(-0.0153747,0.00714805)
(0.00486026,0.0103809)
(-0.0231912,0.0236555)
(-0.00438614,0.00613808)
(-0.0170103,0.0290392)
(0.00984707,-0.00653347)
(-0.0079075,0.00441365)
(-0.0054655,-0.00181646)
(-0.0115881,-0.0177383)
(-0.0372712,0.0174212)
(-0.0128224,-0.00750846)
(-0.0536993,0.0163074)
(-0.0421332,0.0185688)
(-0.0286768,-0.000627436)
(-0.0262785,0.00377825)
(0.00725879,-0.0309138)
(0.00550202,-0.0281776)
(0.00843065,-0.0479163)
(0.0226159,-0.0621504)
(0.00384983,-0.0318122)
(0.00825788,-0.0118339)
(-0.0044251,-0.00992283)
(-0.0210704,0.0149588)
(-0.00795085,-0.014445)
(-0.0222856,0.0175116)
(0.0125609,-0.0172691)
(-0.00922742,0.00825617)
(-0.00427684,-0.0137186)
(-0.00836679,0.00787417)
(-0.0406448,0.0173342)
(-0.00060819,0.00833974)
(-0.0446683,0.0230404)
(-0.0236172,0.0302558)
(-0.00168034,0.00137167)
(-0.0311249,-0.00344077)
(0.021379,-0.0251616)
(0.0074411,-0.0075549)
(0.0245266,-0.053837)
(0.0349228,-0.0472773)
(0.0143729,-0.039947)
(0.0272943,-0.0430536)
(0.00552516,-0.0204192)
(-0.0062409,-0.00358967)
(-0.00049865,-0.0143012)
(-0.0133715,0.0113706)
(0.0127448,-0.0183545)
(0.00195305,0.0176275)
(0.000952479,-0.0215858)
(0.0124677,0.0111641)
(-0.0122495,0.00524344)
(0.0323183,0.0060684)
(0.00155016,0.0104413)
(0.030783,0.00551525)
(0.00812827,-0.0194152)
(0.00797573,-0.0141962)
(-0.0114559,-0.00176699)
(-0.0188159,0.0122991)
(-0.00734614,-0.026421)
(-0.00544869,-0.0206119)
(0.00246795,-0.0146521)
(0.033085,-0.0196245)
(-0.000787942,-0.000369435)
(0.0202055,0.000995861)
(-0.00134583,-0.0132047)
(-0.000218476,0.0072539)
(0.00309005,-0.0133054)
(0.0039912,0.017674)
(-0.00538892,-0.0150981)
(0.0171956,0.0132608)
(-0.00202677,-0.00255335)
(0.0413581,0.0112695)
(0.0178192,0.010544)
(0.0431997,-0.000518561)
(0.0259146,0.00351139)
(0.0182742,0.00455195)
(-0.00689893,0.0240181)
(-0.0127908,0.043183)
(-0.000477118,0.00338759)
(0.00963658,0.012404)
(0.00905466,-0.0100901)
(0.0422832,-0.00773113)
(0.00501147,-0.0111609)
(0.0211297,-0.00753373)
(-0.0145826,-0.0101533)
(0.00734027,-0.00877044)
(-0.000290985,0.00082107)
(-0.00389486,0.00359317)
(-0.000282978,-0.0155041)
(0.00952452,0.0219577)
(-0.00789859,0.00495874)
(0.00951889,0.0115063)
(0.0185494,0.028879)
(0.00344832,0.0215961)
(0.0095023,0.0188465)
(0.00886431,0.0154581)
(0.00738428,0.0212658)
(-0.00515182,0.0314672)
(0.0109838,0.00888652)
(0.02559,0.0229087)
(0.0162659,-0.0256919)
(0.0336623,-0.00643944)
(-0.00390457,-0.0153324)
(0.0140566,-0.0186873)
(-0.0107155,-0.0126613)
(-0.00405895,-0.0110414)
(0.00671175,-0.00267804)
(-0.00513423,0.00371769)
(0.00217538,-0.00402773)
(-0.0166907,-0.00147978)
(-0.00979888,-0.0131384)
(-0.0207424,0.00206424)
(-0.0181764,-0.0034783)
(-0.0184209,0.00365625)
(-0.015779,0.00209946)
(-0.0111828,0.00123213)
(-0.00767805,0.017355)
(0.00340424,0.0113104)
(-0.00495582,-0.0122058)
(0.0103601,0.010809)
(-0.00360639,-0.00635321)
(0.0078908,-0.00313417)
(-0.0070293,0.0034958)
(-0.0134149,-0.00635406)
(-0.0149761,0.0072162)
(-0.0283381,-0.0176517)
(-0.00140921,0.000761149)
(-0.0184687,-0.00241811)
(0.00112212,-0.00289386)
(-0.0169953,-0.00371038)
(-0.000295826,-0.0150897)
(-0.0279623,0.00103802)
(-0.0106771,-0.0195691)
(-0.030841,0.000172798)
(-0.0115855,-0.0154394)
(-0.0149172,-0.00808332)
(-0.00762712,-0.00422726)
(-0.00903015,-0.0106981)
(-0.0139927,-0.00336676)
(-0.00647067,-0.000312845)
(0.000869125,-0.00557664)
(-0.0080692,-0.00364735)
(-0.00941477,0.010682)
(-0.032728,-0.00521813)
(-0.0035086,0.0114291)
(-0.0338056,-0.00305089)
(0.00980378,-0.00292193)
(0.00330469,-0.00505285)
(0.00608497,0.00986443)
(0.0114755,-0.00646145)
(0.00434121,0.0158612)
(0.0115748,0.00770268)
(0.00577472,0.00827217)
(0.0077057,0.0132752)
(-0.0057548,0.0102738)
(0.00289772,0.00843611)
(-0.00582767,0.0131808)
(-0.000438211,-0.00599798)
(-0.0048482,0.00577359)
(0.00148884,-0.00126943)
(0.00302656,0.00834242)
(0.0115645,0.00154854)
(-0.000444193,-0.0063095)
(0.00121776,0.00120111)
(-0.00637578,-0.00381189)
(-0.00703282,0.00494785)
(0.0140299,-0.0116049)
(0.00724294,-0.0132402)
(0.00638051,0.00726398)
(0.00840323,-0.00996889)
(0.0155648,0.0199151)
(0.00897241,0.00563884)
(0.0192409,0.0233637)
(-0.00242126,0.0154024)
(0.00807226,0.0114541)
(-0.000751751,0.0216475)
(-0.00187292,0.00958627)
(-0.0108442,0.00770364)
(-0.0172461,0.00533171)
(-0.00782322,-0.00158026)
(-0.00636776,0.0181625)
(-0.00934297,0.00840679)
(-0.00561057,0.0157136)
(-0.0120823,0.0132626)
(0.00470818,0.00390256)
(-0.00908911,0.0168362)
(0.0106959,-0.0167726)
(0.00152108,0.00484384)
(0.0172691,-0.0133937)
(0.00466779,-0.00255467)
(0.00875487,0.0211147)
(0.00430558,-0.0152688)
(0.00572917,0.0217106)
(0.00281515,-0.00501113)
(0.0022385,0.0155537)
(-0.00473436,0.0125214)
(-0.00261643,0.0100925)
(-0.000769475,-0.0113653)
(-0.0207254,-0.00601976)
(0.000646968,-0.00701296)
(-0.00715803,0.00568031)
(-0.0204711,0.0131159)
(-0.00401634,0.00815651)
(-0.0226094,0.0228998)
(-0.014225,0.00217858)
(-0.00674362,0.0228275)
(0.0157743,-0.0226835)
(-0.000763646,0.00499626)
(0.00964744,-0.0199276)
(0.00375218,-0.00288717)
(-0.00363138,0.000928904)
(0.00321366,-0.0226225)
(-0.0110505,0.0205752)
(-0.0115435,-0.0028678)
(-0.00337338,0.0146351)
(-0.00964643,0.00382604)
(-0.00522946,-0.0043649)
(-0.00197375,-0.014173)
(0.000381769,-0.0210265)
(0.0112698,-0.0197269)
(-0.000906214,-0.00689742)
(-0.0129614,0.0064838)
(0.00543697,-0.00544042)
(-0.0293179,0.0146726)
(-0.0134875,-0.00626001)
(-0.0299213,0.00928722)
(0.00959798,-0.0285722)
(-0.00250527,0.00988075)
(0.0140399,-0.0358815)
(-0.0132104,0.00828853)
(-0.0048712,-0.0128851)
(-0.00136755,0.000508385)
(-0.00809881,0.0210568)
(-0.0144079,0.0104017)
(-0.0020421,0.0113006)
(-0.0241234,0.015085)
(0.00662993,-0.00019096)
(-0.00598455,0.00127116)
(0.0125267,-0.0223394)
(0.0201351,-0.0194501)
(0.00523467,-0.0117445)
(0.00165905,-0.00624082)
(0.00331633,-0.00218415)
(-0.0184834,0.00728456)
(-0.00920178,-0.00497783)
(-0.0208152,0.0135181)
(0.0001412,-0.0466516)
(0.00206553,0.0254059)
(-0.00144333,-0.0376934)
(0.0041936,0.0129538)
(-0.00735112,-0.0217582)
(0.0217695,0.00385323)
(-0.00634958,-0.000685359)
(0.0202584,0.00658181)
(0.0160379,0.0127267)
(0.00249273,0.0152284)
(0.0077624,0.00545994)
(-0.0101232,0.00725242)
(0.00781013,-0.0128258)
(0.0133848,-0.00941609)
(0.0235532,-0.00697797)
(0.0224519,-0.00591951)
(0.00536706,-0.000587554)
(0.00466791,-0.000328941)
(-0.00444201,-0.000225654)
(-0.00174171,0.000521968)
(-0.00940673,-0.0220634)
(0.00741635,0.0161486)
(-0.00495015,-0.0381655)
(0.0101914,0.0180691)
(-0.00917948,-0.0245668)
(0.0291482,-0.0043598)
(0.00986529,0.006616)
(0.0204335,0.000495533)
(0.0177153,0.0138509)
(0.00443268,0.0157297)
(0.0120417,0.0106893)
(-0.0094,0.0217689)
(0.024579,-0.00747065)
(0.0107567,0.0100008)
(0.00864074,-0.0312841)
(0.0213978,-0.00593492)
(-0.00558634,-0.0203048)
(0.0188809,-0.0117625)
(-0.0118148,-0.00984565)
(0.00593527,0.0013669)
(0.00376931,-0.0105635)
(0.00350664,0.0115084)
(-0.00241464,-0.0112168)
(0.00181466,0.00965867)
(0.00111637,-0.0149011)
(-0.00256111,0.00932032)
(-0.01177,0.00659332)
(-0.00599033,-0.000174143)
(-0.00192056,0.0106647)
(-0.0128242,0.0108149)
(0.00497285,0.00545029)
(-0.0022609,0.0256668)
(-0.00147116,-0.023309)
(0.00867145,0.015948)
(0.00357183,-0.0268874)
(0.0173451,0.000478837)
(0.00584213,-0.0222937)
(0.00832592,-0.00989876)
(-0.00570374,-0.0125643)
(-0.0115105,-0.00992264)
(-0.000948126,0.0108068)
(-0.00782614,0.00388949)
(-0.00210248,-0.00285772)
(-0.00892942,0.00803965)
(-0.013089,-0.00822528)
(-0.0311822,0.0016965)
(-0.0202513,-0.0120858)
(-0.0349204,0.00717876)
(-0.0329808,-0.00929083)
(-0.0280118,0.00710912)
(-0.0179182,-0.0101728)
(-0.0122121,0.0120927)
(-0.0180432,-0.0244919)
(-0.00663316,0.0199481)
(-0.00405919,-0.0207051)
(-0.00265403,0.00305609)
(-0.000912412,-0.00373685)
(-0.0190597,0.0036396)
(0.00537132,0.00594316)
(-0.0182169,0.00132963)
(-0.00206319,0.00872248)
(-0.0107936,-0.00376318)
(-0.0121466,0.00684658)
(-0.0166117,-0.00237903)
(-0.011947,-0.00328444)
(-0.0271499,0.00865251)
(-0.0181646,-0.012277)
(-0.0340501,0.0149319)
(-0.0240713,-0.0135556)
(-0.0303364,0.00810541)
(-0.0119655,-0.0116416)
(-0.0224524,0.00499701)
(-0.0145535,-0.0141189)
(-0.012249,0.00563848)
(-0.00619259,-0.010305)
(-0.00730317,0.000290682)
(0.00217044,0.00474429)
(-0.0163474,0.000874252)
(0.00447668,0.0116407)
(-0.0169447,0.00504563)
(0.0029073,0.00671056)
(0.006614,-0.00526538)
(0.012165,0.0144065)
(0.00928818,-0.000149521)
(0.00407245,0.0151799)
(0.0170668,0.00432512)
(0.00678498,0.00528196)
(0.00928677,0.00946937)
(-0.00263658,0.00257247)
(0.00412187,0.0069596)
(-0.0103995,0.00928132)
(0.00570667,0.00301673)
(-0.00912313,0.0140183)
(0.00519933,0.00161678)
(-0.0114598,0.00492023)
(-0.000871177,-0.00430955)
(-0.0132652,-0.00327171)
(-0.0035091,-0.000930276)
(-0.00968159,-0.0130447)
(-0.00302397,0.00323549)
(0.0111601,0.00170514)
(0.0151776,-0.00351157)
(0.01149,0.0083288)
(0.0181675,-0.00582542)
(0.0100399,0.0174446)
(0.0191336,0.00249536)
(0.0166388,0.0144729)
(0.0114696,0.00799555)
(-0.0102079,0.00592383)
(0.00591896,0.011321)
(-0.018391,0.0165954)
(-0.0029473,0.0086782)
(-0.0326163,0.0114379)
(-0.0048145,0.000654576)
(-0.0181115,0.0221889)
(-0.00763253,-0.000990528)
(-0.00832457,0.00330666)
(-0.0144245,0.00240537)
(-0.00489741,-0.00175575)
(-0.00357605,0.00479524)
(0.0132885,-0.0171998)
(0.0114835,-0.00205918)
(0.00948002,-0.00596669)
(0.00903739,0.000714774)
(0.0117739,0.00800862)
(0.0198264,-0.00634168)
(0.0145692,0.0171525)
(0.00952607,-0.00427987)
(-0.000573507,0.00660209)
(-0.00160996,0.00448288)
(-0.0190067,0.00649395)
(-0.00706021,0.00454928)
(-0.0232786,0.00401447)
(-0.0073912,-0.00184775)
(-0.0149233,0.0123871)
(-0.0227598,-0.000120245)
(-0.0079445,0.00836519)
(-0.0182615,0.00453369)
(-0.00409589,-0.00131882)
(-0.0152621,0.0136232)
(0.0102568,-0.0234672)
(0.00583578,0.00718324)
(0.015005,-0.0192709)
(-0.00285099,-0.000927716)
(0.00913861,-0.00554035)
(0.00704031,-0.0150805)
(0.0227351,0.0117361)
(0.00447766,-0.00787594)
(0.0021913,0.0086394)
(-0.00231422,0.00340643)
(0.00946098,0.00441091)
(-0.00611787,-0.00901797)
(-0.00781396,-0.00281238)
(0.000919322,-0.00837515)
(0.0098659,0.00858576)
(-0.013271,0.00380991)
(-0.00206427,0.0128829)
(-0.0346212,0.00256891)
(-0.0165399,-0.004188)
(-0.0195658,0.00748985)
(0.00505358,-0.0300084)
(0.00313574,0.00415342)
(0.00440227,-0.0312929)
(-0.00374554,0.00777291)
(0.00425411,-0.00905556)
(0.0012465,-0.00382063)
(0.00148319,0.00914098)
(0.0066367,0.00568895)
(0.0101637,0.0165352)
(-0.00347704,0.0163071)
(0.00756164,0.001698)
(-0.00397163,0.00212618)
(0.0127729,-0.00831405)
(0.00133018,-0.0061942)
(0.0134806,0.00543117)
(-0.00841682,0.00123363)
(0.00203447,0.00961826)
(-0.022132,0.00544677)
(-0.0106824,0.00598571)
(-0.0246818,0.0072781)
(-0.00486471,-0.0316947)
(0.00486401,0.0105883)
(-0.00170755,-0.03247)
(-0.00140779,0.00809144)
(-0.0064034,-0.0198085)
(0.0132779,-0.00507095)
(0.00640709,0.00428955)
(0.0149228,3.26984e-06)
(0.00131936,0.00412371)
(0.00568952,0.000908338)
(0.0114872,-0.000531535)
(-0.00120561,0.00587424)
(0.0156303,-0.00471334)
(-0.00251515,0.00821649)
(0.0119746,-0.0115468)
(-0.000337273,-0.000961343)
(0.00645585,-0.00336363)
(-0.00556741,0.00636672)
(-0.00372819,0.00762288)
(-0.00262653,0.00836725)
(-0.00815031,-0.0211125)
(-0.000310723,0.013363)
(-0.0106751,-0.0255867)
(-0.00228798,0.00786835)
(-0.00514505,-0.0191533)
(0.00734048,-0.00938481)
(-0.00447017,-0.00696267)
(0.0147488,-0.0112023)
(0.00400292,0.00114126)
(0.00281976,0.00543751)
(0.00883001,-0.0028797)
(-0.00145447,0.0106619)
(0.00334289,-0.00592963)
(-0.00912234,0.0120619)
(-0.000552558,-0.0240331)
(0.00151891,0.00207716)
(-0.00195241,-0.00947737)
(0.00244671,-0.00416555)
(-0.0115046,4.61964e-06)
(-0.00275242,0.00490317)
(-0.00623079,-0.00483456)
(-0.00213874,0.00393405)
(-0.00383895,-0.0121461)
(0.000292332,0.00489518)
(-0.00515905,-0.011505)
(-0.00358906,0.00266617)
(-0.00531311,0.000700222)
(-0.00941423,-0.00411581)
(-0.0171627,-0.0121362)
(-0.00412835,0.00393967)
(-0.0105019,-0.00529121)
(-0.00657005,0.0154279)
(0.00483137,-0.01234)
(-0.00878489,0.0226043)
(0.00406412,-0.0219473)
(0.00247083,0.00357336)
(-0.000288173,-0.0107863)
(-0.00998184,-0.00161131)
(0.003595,-0.00228668)
(-0.00343012,0.00257413)
(-0.00116433,-4.18027e-05)
(-0.00945147,0.00464509)
(-0.00834406,0.00197974)
(-0.0106154,0.00394492)
(-0.0139903,-0.00252807)
(-0.0177185,-0.00550439)
(-0.0185467,-0.0085408)
(-0.0161619,0.00810134)
(-0.0274017,-0.0115896)
(-0.00837546,0.0128456)
(-0.017062,-0.0184517)
(-0.00656662,0.0175939)
(-0.0118692,-0.017759)
(-0.00434021,0.0183726)
(-0.0105775,-0.0185675)
(0.000197088,0.00633565)
(0.00924248,-0.00817596)
(-0.011363,-0.00537319)
(0.00123525,-0.000189859)
(-0.00660086,0.0110649)
(-0.0097598,0.00108873)
(-0.00618549,0.00174049)
(-0.00591098,0.00155877)
(-0.0118365,-0.00503365)
(-0.00963294,0.00753521)
(-0.0126535,0.012038)
(-0.0152249,-0.00151469)
(-0.0214066,0.00898225)
(-0.0219029,-0.0172654)
(-0.0180461,0.0133971)
(-0.0113314,-0.0112546)
(-0.00617469,0.0124548)
(-0.010918,-0.0156952)
(0.000349142,0.0146132)
(-0.00294446,-0.0117042)
(-0.00453112,0.000108622)
(0.00466147,-0.000483628)
(-0.00149143,5.78926e-05)
(0.00673499,0.000378369)
(-0.0105888,-0.00327247)
