(0.0114627,0.00012785)
(-0.00874579,-0.00435792)
(0.0164221,-0.00282588)
(0.0001277,-0.0140335)
(0.00863044,0.011643)
(0.0119257,-0.00297554)
(0.00854064,0.00796504)
(0.019687,-0.00274506)
(0.00808617,0.00757135)
(0.0208042,0.00633006)
(0.00211483,0.000629567)
(0.0171434,-0.00544595)
(0.0053038,0.000904022)
(0.0172748,0.0012731)
(0.00594447,-0.00317457)
(0.0151531,-0.00674888)
(0.0127588,-0.00614569)
(0.0144674,-0.00128966)
(0.0135412,-0.00271886)
(0.0010394,0.000574142)
(0.017126,-0.00758434)
(-0.00408617,-0.000327927)
(0.0317471,-0.0117659)
(-0.00107486,-0.00732968)
(0.0263017,-0.00691104)
(0.00859084,-0.0074367)
(0.0168676,-0.00591879)
(0.016202,-0.00786308)
(0.020708,-0.00943397)
(0.0207808,-0.00420891)
(0.00984845,-0.00273448)
(0.0182573,-0.00138149)
(0.0103832,-0.00462273)
(0.0211621,0.000927797)
(0.0137127,-0.0120663)
(0.0205801,-0.00390319)
(0.0109721,-0.0142427)
(0.0171847,-0.00349798)
(0.00492169,-0.00822069)
(0.00716406,-0.00935241)
(0.0206056,-0.0192137)
(-0.00171909,-0.00804802)
(0.0306007,-0.0293024)
(0.00235444,-0.00836777)
(0.0199577,-0.016645)
(0.00376216,-0.00569655)
(0.0247703,-0.0163503)
(0.00463998,0.00862726)
(0.017969,-0.0160781)
(0.00989506,0.0174454)
(0.0108831,-0.0249352)
(0.0132097,0.0122573)
(0.00232918,-0.0137062)
(0.0083585,0.0125955)
(0.014725,-0.00237693)
(0.0116848,0.00438261)
(0.0111509,-0.00939882)
(0.000707158,-0.00481859)
(0.00827872,-0.013048)
(-0.00242924,-0.0055674)
(0.014462,-0.0186768)
(-0.00617655,-0.00759559)
(0.0303363,-0.0285345)
(-0.00438687,-0.00202705)
(0.0273113,-0.0273056)
(-0.00262883,0.0054891)
(0.0169748,-0.0141679)
(0.0101449,0.00903947)
(0.00786376,-0.0243779)
(0.0106156,0.0167731)
(6.74201e-05,-0.0136027)
(0.0110819,0.0158038)
(0.00191293,-0.015685)
(0.00838924,0.00541365)
(-0.00242146,0.00163035)
(0.00842938,0.0137232)
(-0.00804972,0.00666567)
(-0.00557104,0.00962697)
(0.000371154,0.00438107)
(-0.00582135,-0.00506406)
(0.00812577,-0.00270547)
(0.000969908,-0.00576031)
(0.0187054,-0.0142632)
(-0.00269052,-0.00363314)
(0.00425773,-0.0126141)
(0.00640709,0.00507187)
(0.00297517,-0.0071204)
(0.00181553,0.0073944)
(0.00352281,0.000747699)
(0.00260204,0.0046852)
(-0.00648457,-0.00179827)
(0.00282206,-0.000887126)
(0.00605589,0.00296514)
(0.0149905,4.7688e-05)
(0.00675048,0.00967428)
(0.0137063,0.00231518)
(-0.000730499,0.00760299)
(0.0020179,-0.00251213)
(0.00248949,-0.00564235)
(-0.0039053,-0.00771373)
(-0.00527021,-0.0101229)
(-0.00017278,-0.0015315)
(0.00108201,-0.00901038)
(0.00450333,0.00963355)
(-0.00644431,-0.0163255)
(0.000882672,0.0155466)
(-0.016995,-0.00382326)
(0.00665229,0.0101117)
(-0.00325661,0.00925671)
(0.000163285,-0.00477974)
(0.0131638,0.00526595)
(0.0172418,0.0036793)
(0.00764978,0.0099911)
(0.0156888,-0.00636428)
(0.010353,0.0155996)
(0.012832,0.00731619)
(0.00204268,0.00842472)
(0.00307762,0.00234342)
(0.00601728,-0.0067272)
(-0.00405431,-0.00195469)
(-0.00472838,-0.0112092)
(-0.00342564,0.0126769)
(-0.00229855,-0.01464)
(-0.0029526,0.0203766)
(-0.00474997,-0.0140886)
(0.00913145,0.0255667)
(-0.00605161,0.00290543)
(0.00609722,0.00388634)
(0.00544749,0.00454836)
(0.0111117,-0.0132298)
(0.0143155,0.0068278)
(0.0124698,-0.011956)
(0.0196864,0.00371649)
(0.0289787,0.000278359)
(0.0108144,0.00431476)
(0.0145144,-0.00342087)
(0.00500988,0.00275878)
(0.00327529,0.000532123)
(-0.00406274,-0.00284399)
(-0.012891,0.000899695)
(-0.00363745,-0.0179715)
(-0.009824,0.0121112)
(0.000739797,-0.0143816)
(-0.00589518,0.0324135)
(-0.000430215,-0.0103456)
(0.00408631,0.0173966)
(-0.00746934,0.000390298)
(0.00133831,-0.00358511)
(0.00324941,0.0070805)
(0.00987222,-0.0114099)
(0.00753062,0.000778578)
(0.0149926,-0.00215166)
(0.0139064,0.000992981)
(0.0230665,0.00717017)
(0.00701947,-0.00333908)
(0.0170732,0.0056153)
(-0.00119695,-0.00747451)
(0.00327999,0.00783778)
(-0.00779563,-0.000499632)
(-0.0121793,0.00814322)
(-0.00401131,-0.00132084)
(-0.00236039,0.0227023)
(0.00199475,-0.011213)
(-0.00344554,0.0250996)
(0.00230916,0.0097253)
(0.00406816,-0.000221026)
(0.000506187,0.00911809)
(0.000759592,-0.00587782)
(-0.00429894,0.00666555)
(-0.00392232,-0.0157188)
(-0.0048785,3.7359e-05)
(-0.000190537,0.00167597)
(0.00087997,-0.00797727)
(0.00988638,0.0113745)
(0.00110018,-0.00872793)
(0.0234816,0.00362134)
(0.000135675,-0.000427559)
(0.00624991,0.0103064)
(-0.00776743,-0.00569091)
(-0.00525395,0.0100773)
(0.00488494,0.00327909)
(-0.00335769,0.015313)
(0.00598141,0.00192737)
(0.00347181,0.0141769)
(0.00559893,0.00056038)
(0.00567795,0.00553704)
(-0.0131645,0.00662783)
(-0.000779361,-0.0109934)
(-0.00547532,0.00124019)
(-0.0148725,-0.0145416)
(-0.000231883,-0.0100081)
(-0.00535542,-0.00715226)
(-0.000198724,-0.0134432)
(0.0076062,0.00380726)
(0.0015814,-0.00599281)
(0.00950256,-6.75388e-05)
(0.00810022,-0.000935168)
(0.0169405,0.00943703)
(-0.00260932,-0.00511852)
(0.00926154,0.0112617)
(0.0131119,-0.0060544)
(0.00342242,-0.0162116)
(0.0201009,0.0106826)
(0.00559581,-0.0140944)
(0.00978486,0.0196726)
(0.0143943,-0.0169031)
(0.0100255,0.0244248)
(0.0146668,-0.00327882)
(0.00918522,0.00703866)
(0.0309911,-0.0037808)
(-0.0034706,0.0149171)
(0.017905,-0.00201105)
(0.00966299,0.00718666)
(0.0168151,-0.000799557)
(0.0120151,0.00421118)
(0.0182133,-0.00181788)
(0.018584,-0.000870753)
(0.0083208,0.0118142)
(0.00992124,0.000993697)
(0.00715836,-0.00427724)
(0.014455,-0.00884506)
(0.000980995,-0.00393297)
(0.0294448,-0.00945385)
(0.00874569,-0.0157763)
(0.0166824,0.0028666)
(0.0123746,-0.0160228)
(0.0223783,0.00826045)
(0.0207652,0.0060124)
(0.0142341,0.0125897)
(0.0130342,0.0126776)
(-0.00144263,-0.00840702)
(0.023722,0.0128842)
(0.00392297,-0.00876984)
(0.018941,0.0109807)
(0.0162417,-0.00840516)
(0.019564,0.00694645)
(0.0288334,-0.0169887)
(0.00679614,0.000260557)
(0.0193708,-0.0104876)
(0.00706617,-0.00657444)
(0.0154117,-0.015079)
(0.0130134,-0.0102717)
(0.0283353,-0.0169937)
(0.00435953,-0.0153582)
(0.0221116,-0.00711985)
(0.00326399,0.00139401)
(0.0220255,-0.00559132)
(0.0130118,0.0169295)
(0.0135601,-0.0148057)
(0.016923,0.0350004)
(0.00627804,-0.0157225)
(0.0215493,0.0252586)
(0.00538665,-0.0223374)
(0.0115494,0.00949083)
(0.00611098,-0.0215115)
(-0.00155942,0.0120295)
(0.0264817,-0.0105344)
(0.00142706,0.0153458)
(0.0225412,-0.00816885)
(-0.00408919,-0.00546237)
(0.010189,-0.0103123)
(0.00602385,-0.00731037)
(0.0196032,-0.0333192)
(-0.00179903,-0.00110328)
(0.0195883,-0.0114248)
(0.0117153,0.0119038)
(0.0114629,-0.00424439)
(0.0176355,0.0299007)
(0.00215254,0.000174514)
(0.0200035,0.0314414)
(-0.0121246,-0.00983144)
(0.0183285,0.0224558)
(-0.0142786,-0.0133116)
(0.00497081,0.0100935)
(0.00275994,-0.00269221)
(-0.009518,0.0119933)
(0.00660639,-0.00169367)
(-0.0133329,0.0103984)
(0.00212155,0.00190035)
(-0.00368446,-0.00411676)
(-0.00395738,-0.00859699)
(0.00253565,-0.00525048)
(0.00992292,-0.0128935)
(-0.0029002,0.0107085)
(-0.000806246,0.00312383)
(0.000518048,0.0152887)
(-0.0127476,0.0259179)
(0.0168738,0.0190493)
(-0.0123025,0.0282221)
(0.00532429,-0.000792247)
(-0.0221264,0.0177178)
(0.0118385,-0.00318625)
(-0.0169268,0.0144143)
(0.00941419,-0.00518492)
(-0.00617384,0.0135415)
(0.00941544,-0.0012078)
(0.0124313,0.00992055)
(-0.00281042,0.0052158)
(0.00861559,-0.00131525)
(-0.00697259,-0.0112503)
(0.000129144,-0.00713568)
(0.00177481,0.00756268)
(-0.00796502,-0.00994617)
(0.00660638,0.0113714)
(-0.0160949,-0.00586989)
(0.0065423,0.0301688)
(-0.0315651,0.0185349)
(0.00802563,0.0141341)
(-0.0205818,0.0273623)
(0.0053624,-0.00427644)
(-0.023512,0.0143324)
(0.0082631,-0.0118159)
(-0.0111557,0.00430894)
(0.0253458,-0.0194471)
(0.00327525,0.0204997)
(0.00753831,-0.00878675)
(0.010408,0.00659007)
(-0.00992498,0.00353701)
(0.00321775,0.00259942)
(-0.0168242,-0.00867191)
(-0.00202627,-0.0129635)
(-0.00141508,0.0171892)
(0.00160969,-0.015176)
(0.0142581,0.0185283)
(-0.007409,-0.00610916)
(0.00286658,0.0353114)
(-0.0224195,0.00214783)
(-0.00287676,0.0195734)
(-0.0120154,0.0180059)
(-0.0142981,-0.0162102)
(-0.0156699,0.00890296)
(0.0240181,-0.0166872)
(0.00758964,0.000377929)
(0.0176653,-0.0222964)
(0.0134812,0.00105024)
(0.00985514,-0.00909755)
(0.00999999,-0.000721905)
(-0.0152311,-0.00807647)
(-0.00646696,-0.00106217)
(-0.0254275,-0.00907397)
(0.00452435,-0.0109415)
(-0.0052528,0.0149949)
(-0.000120649,-0.00686105)
(-0.00672826,0.0306782)
(-0.000882094,-0.00245349)
(-0.00274234,0.0293443)
(-0.00169194,0.0070985)
(0.00466092,0.00251092)
(-0.00991442,0.0149336)
(-0.00153745,-0.0215822)
(-0.00481626,0.00677555)
(0.00685636,-0.00952286)
(0.0125322,-0.0100705)
(0.013943,-0.000193293)
(0.00953491,-0.00659664)
(0.00494579,-0.000138316)
(-0.00586852,-0.00781361)
(-0.0207689,-0.000559555)
(-0.0128808,-0.00641083)
(-0.0175366,-0.00619893)
(0.0112742,0.00191463)
(0.00222796,0.0295289)
(0.00623448,0.00109395)
(-0.00056267,0.0278117)
(0.00759981,-0.00571712)
(0.007995,0.0124781)
(-0.000934,0.0125117)
(0.000104089,-0.0164953)
(0.00470306,0.0018632)
(-0.00240836,-0.0219246)
(-0.00405468,-0.00516959)
(-0.00694476,-0.00585733)
(0.00588205,-0.00982691)
(0.00457539,0.00804341)
(0.00812372,-0.0106216)
(0.0102487,0.0111628)
(0.00557931,-0.00948938)
(0.00193385,-0.00322601)
(-0.00164948,-0.000808734)
(-0.00963711,-0.0020848)
(0.0097536,0.0130046)
(0.0012942,0.0174944)
(0.00250336,0.0015609)
(0.00440661,0.020456)
(-0.00118977,0.00398777)
(0.00959433,-0.000946372)
(0.0070824,-0.00138369)
(-0.00752923,-0.00817648)
(-0.0036159,-0.00518054)
(-0.0157711,-0.0157977)
(0.0012116,-0.0111824)
(-0.00433525,0.0074306)
(-0.00209777,-0.0158854)
(0.00112716,0.00681656)
(0.00551596,-0.00468446)
(0.010074,0.00800153)
(0.0166205,-0.00366386)
(-0.00142386,0.00651561)
(0.0157128,-0.00726589)
(-0.00369336,0.00912265)
(-0.00346899,0.00878412)
(-0.00236578,-0.00451289)
(0.0074457,0.0115116)
(0.00825745,-0.0141178)
(-0.00767623,0.0246375)
(0.0100649,-0.00895515)
(-0.00155415,0.0166293)
(0.0189629,-0.00906091)
(-0.00169485,0.0133235)
(0.00294099,-0.00443298)
(0.00399467,-0.0020241)
(-0.00421754,0.0035273)
(0.00899374,-0.00203)
(-0.00364722,2.82841e-05)
(0.0125717,0.00147757)
(-0.00678966,0.00802637)
(0.0196008,0.00270327)
(-0.00772367,-0.00113166)
(0.0104548,0.0133297)
(-0.0065744,0.00364013)
(-0.00583307,-0.00569887)
(0.00580284,-0.0169727)
(0.00731534,-0.000670603)
(0.00251392,-0.0157404)
(0.000661648,0.0133658)
(0.0121858,-0.00547644)
(0.00878531,0.0207314)
(0.0166986,-0.00415354)
(0.00800351,-0.00894445)
(0.00863219,0.0112045)
(0.00135262,-0.0202471)
(-0.00329934,0.0141787)
(0.0038462,-0.0277032)
(-0.011085,0.00943704)
(0.0161556,-0.0155851)
(0.00396472,0.00147696)
(0.0317877,0.00476523)
(-0.00508399,0.0153793)
(0.0211693,-0.00531747)
(-0.0048623,-0.0037277)
(-0.0123264,-0.00863945)
(0.00231792,-0.00736644)
(0.0142373,-0.0061438)
(-0.00351149,-0.0123992)
(0.00969023,0.00879486)
(0.00157332,-0.0114685)
(0.0221378,0.00617407)
(0.00974521,0.0188322)
(0.0158713,-0.0126977)
(0.0153437,0.0355526)
(0.00658529,-0.0298796)
(0.00865811,0.028067)
(-0.0117144,-0.0421678)
(-0.00873373,-0.00449474)
(0.00699323,-0.0275478)
(-0.0181644,0.00887036)
(0.0247201,-0.0150611)
(0.00620009,-0.000812875)
(0.0223437,-0.00346653)
(0.0119528,-0.000881318)
(-0.00874296,-0.00635302)
(-0.00615187,-0.00657658)
(0.00229296,-0.0136355)
(-0.0156046,-0.00295015)
(0.0124162,0.00589332)
(-0.00175609,0.00860813)
(0.0186673,0.00406293)
(0.0254709,0.0210282)
(0.00284246,0.014374)
(0.0141567,0.0110527)
(-0.0236154,0.0146943)
(0.031646,9.46325e-05)
(-0.0417702,-0.00774062)
(0.0109144,-0.0158306)
(-0.0250509,-0.00134865)
(-0.00315508,-0.0136199)
(0.001951,0.0128618)
(-0.00460845,0.0101308)
(0.00202661,0.00245784)
(0.00642508,-0.0101987)
(-0.0149188,-0.00631115)
(-0.0195288,0.00469893)
(-0.00884917,-0.00740148)
(-0.0243142,-0.000989719)
(-0.0172124,0.00532152)
(0.00590999,0.0266218)
(-0.0189597,0.0410297)
(0.00668623,0.0116117)
(-0.0215552,0.0395003)
(0.0215035,0.00429837)
(-0.0381147,0.0461565)
(0.0186607,-0.00358616)
(-0.0547478,0.027737)
(0.0280853,-0.0238155)
(-0.0244481,0.0265854)
(0.0188448,-0.0173624)
(-0.0116242,0.0150052)
(0.00751571,-0.00894711)
(-0.00626781,0.0148143)
(0.00300326,-0.0100239)
(-0.00462491,-0.0029824)
(-0.00965629,-0.00543249)
(-0.00859712,-0.0107619)
(-0.0111201,0.0119115)
(-0.0221459,0.0189888)
(-0.00406001,0.0299053)
(-0.0343531,0.0457018)
(0.0133025,0.0303692)
(-0.0332325,0.0342467)
(0.0157415,-0.0219907)
(-0.0226675,0.0271864)
(0.00315888,-0.0217688)
(-0.0358692,0.0114143)
(0.0252216,-0.023489)
(-0.0138308,0.0144392)
(0.0225347,-0.0248495)
(-0.00164404,0.0244364)
(0.00103874,-0.015526)
(-0.0114084,0.0125239)
(-0.00644546,-0.00906659)
(0.00750687,-0.00526706)
(-0.000383588,-0.000937255)
(0.00172286,0.00283044)
(-0.0164232,0.0141292)
(-0.0267709,-0.00471783)
(-0.00427719,0.0407017)
(-0.0333953,0.0242772)
(-0.00947601,0.0236401)
(-0.0357747,0.0328876)
(-0.0128125,-0.00180853)
(-0.0334975,0.0136149)
(-0.00054924,-0.0181547)
(-0.0351509,-0.00539409)
(0.0105576,-0.0282101)
(-0.0111056,0.0132275)
(0.00651044,-0.0237025)
(-0.00213384,0.0100771)
(-0.0157444,-0.0128652)
(-0.0143652,0.00257336)
(-0.0215733,-0.00561021)
(0.0143474,0.00175972)
(0.00334704,0.00513179)
(0.0139454,-0.00778136)
(-0.00112522,0.0143177)
(0.0112613,-0.00692168)
(-0.003825,0.0123174)
(-0.0166618,0.00293128)
(-0.00721395,-0.00142249)
(-0.0138196,0.00886914)
(-0.0155044,-0.0342577)
(-0.0229121,0.00416286)
(-0.00712494,-0.0254219)
(0.0004756,-0.00635514)
(-0.00195076,-0.0139362)
(0.00685565,0.00673401)
(-0.00303258,-0.0115189)
(0.000706795,3.55269e-06)
(-0.0212924,-0.0134789)
(-0.0150767,0.00350163)
(-0.0208133,-0.0125694)
(0.0192327,0.00433177)
(0.0092623,0.0106555)
(0.0209733,-0.00328199)
(0.00508623,0.0237337)
(0.0273755,-0.0105841)
(0.0165349,0.00631605)
(0.0146916,-0.00321383)
(0.0126705,-0.0260711)
(0.00282677,0.00628762)
(-0.00307425,-0.0341041)
(-0.00448035,-0.00840598)
(-0.00846746,-0.012385)
(0.0157349,-0.00724309)
(-0.0084577,-0.0104048)
(0.00961621,-0.00800698)
(0.00223994,0.000637707)
(0.00552374,0.00602225)
(-0.00751349,-0.00020295)
(-0.00471232,0.00879609)
(-0.00153372,-0.000847861)
(0.012627,0.00281708)
(0.0123453,0.0153045)
(0.0110157,0.00013723)
(0.00989263,0.0193187)
(0.0169569,-0.011458)
(0.0180358,0.00680043)
(0.00899016,-0.000221361)
(0.00437448,-0.00240001)
(0.000154956,-0.00740603)
(0.00196294,-0.00925185)
(-0.00364758,-0.00320393)
(-0.010197,-0.00772818)
(0.0025822,0.000882921)
(-0.00317918,0.00795437)
(0.0149314,0.00124556)
(0.0110495,0.00135605)
(0.00749102,0.0104802)
(0.0118337,-0.00314298)
(0.0105801,0.00180219)
(-0.00255983,0.00178623)
(-0.00743954,0.00426464)
(-0.00156041,-0.0110921)
(-0.00442966,0.0173538)
(-0.000809157,-0.000291842)
(0.00140045,0.0146826)
(-0.000105535,-0.00745316)
(-0.00887663,0.0110492)
(0.0158343,-0.0128554)
(0.0052857,-0.00664054)
(0.00900037,-0.00772447)
(-0.000235233,-0.0111052)
(-0.00295652,0.000684526)
(0.00361059,-0.0135796)
(-0.00901813,-9.75484e-05)
(0.00515028,0.00510894)
(-0.00715136,0.00231561)
(0.00575116,0.0145579)
(-0.00925672,0.011682)
(0.00601456,0.0145614)
(-0.0116815,0.00109476)
(-0.0141637,0.000650049)
(0.00409708,-0.00950474)
(-0.00558437,0.0082747)
(-0.00497829,-0.0108703)
(0.00435193,0.0182028)
(-0.00119673,-0.00879194)
(0.0213121,0.0121545)
(0.01244,0.00230341)
(0.0184332,-0.0198911)
(-0.000217978,0.00721163)
(0.0128833,-0.0292443)
(-0.00707797,0.0179422)
(0.0113312,-0.0342995)
(-0.024478,0.00184971)
(0.00764593,-0.00894664)
(-0.0255809,0.0200505)
(0.0248731,0.00626562)
(0.00241398,0.0191546)
(0.0210956,0.0162109)
(-0.00281992,0.00754441)
(-0.0209851,0.00392143)
(-0.0155995,-0.0209208)
(-0.00204986,-0.00144245)
(-0.00934249,-0.0145047)
(0.024874,0.0150115)
(-0.00635447,-0.00951957)
(0.035749,-0.00649779)
(0.00202235,0.014491)
(0.0236779,-0.0376576)
(5.3336e-05,0.0245399)
(0.00449787,-0.0235576)
(-0.00742357,0.0201593)
(-0.0154266,-0.0531227)
(-0.0329998,0.0146905)
(-0.00548343,-0.0203778)
(-0.0387301,0.00338405)
(0.019904,-0.000689379)
(-0.00576615,0.019447)
(0.0231452,-0.00641651)
(0.0102422,0.00927101)
(-0.0104748,0.00055681)
(-0.0221779,0.00224244)
(0.00201313,0.00110507)
(-0.015813,-0.0182647)
(0.0150007,-0.0195171)
(0.0102946,-0.00763172)
(0.0199339,-0.0212192)
(-0.00331515,0.0136266)
(0.00584695,-0.0570368)
(-0.00320162,0.0194856)
(-0.0230262,0.0258456)
(0.0144353,0.00653278)
(-0.0524955,0.00596799)
(0.0113029,0.00657385)
(-0.0523552,-0.00609856)
(-0.00823674,-0.0100943)
(-0.00475064,0.00235814)
(0.00313444,-0.0048584)
(0.00309432,0.0132697)
(0.0096744,0.000897816)
(-0.0118588,0.00152393)
(-0.0209137,-0.000825812)
(-0.0209601,8.94554e-05)
(-0.0108495,0.00543934)
(-0.0283128,0.00418886)
(0.00645354,0.0205846)
(-0.0413727,-0.0064889)
(-0.01557,-0.0112768)
(-0.0267597,-0.0711848)
(0.00436718,-0.0203583)
(0.0345554,0.01641)
(-0.0561622,0.0648638)
(-0.0385032,0.0246164)
(0.043102,0.00940847)
(-0.0311227,0.0231728)
(0.0252266,-0.00237261)
(-0.0295567,0.0310952)
(0.00966735,-0.0156299)
(-0.0190875,0.0263475)
(0.00587673,-0.0163023)
(-0.000269534,-0.00229751)
(-0.0161423,-0.0033425)
(-0.00933874,0.00308929)
(-0.0189242,0.00826682)
(-0.029358,0.0210583)
(0.013842,0.0199506)
(-0.0156749,0.0313734)
(0.0272962,0.0163573)
(0.0437746,-0.0103888)
(0.0426561,-0.0361614)
(0.0934623,-0.0128817)
(-0.0357508,0.0483527)
(-0.0148248,-0.0236549)
(-0.0043091,-0.00194867)
(-0.0356562,0.0121873)
(0.0155836,-0.0155921)
(-0.0332731,0.0297565)
(0.0105822,-0.0185383)
(-0.0294226,0.0275645)
(0.00464944,-0.00875673)
(0.0134301,0.00674838)
(-0.0208755,-0.00543965)
(-0.00987961,0.000483176)
(-0.0180515,0.0075625)
(-0.0337308,0.0141738)
(0.00900372,0.0376376)
(-0.0395538,0.0305281)
(0.00542031,0.0300915)
(-0.0049309,0.00146739)
(-0.00699896,-0.0280217)
(-0.00258323,-0.00391364)
(-0.0372831,-0.0372318)
(-0.0313893,-0.00393328)
(0.00606272,-0.0386637)
(-0.0247764,0.0103052)
(0.0130287,-0.0134923)
(-0.0305401,0.0358117)
(0.000637342,-0.0132469)
(-0.0244526,0.0243774)
(-0.00342648,-0.0118416)
(0.0159541,-0.00270011)
(-0.0065593,-0.00631898)
(0.00764264,0.00377851)
(-0.0238734,0.0045186)
(-0.00524796,-0.0221536)
(7.41207e-05,0.0206965)
(-0.0354711,-0.0147464)
(-0.00322803,0.00597756)
(-0.0161011,-0.00520594)
(-0.0167821,-0.0202995)
(-0.00724491,-0.00728736)
(-0.01562,-0.0338245)
(-0.00475691,-0.00662763)
(-0.00347434,-0.0279359)
(-0.0192047,0.0201052)
(0.00296558,-0.0162026)
(-0.0244825,0.0310909)
(-0.00929978,-0.00807992)
(-0.0126903,0.0180167)
(-0.0184693,-0.0107886)
(0.0241402,0.00442676)
(-4.23504e-05,0.00518791)
(0.0233893,-0.0105317)
(-0.0128711,0.015638)
(0.030485,-0.0271594)
(0.00900837,0.00831647)
(0.0122675,-0.0228072)
(-0.000233855,-0.0115423)
(0.00575727,-0.014243)
(-0.00371734,-0.0319382)
(0.0125378,-0.00928752)
(-0.0171339,-0.0291906)
(0.0179071,-0.00931896)
(-0.00891374,-0.0137004)
(0.0104895,0.0161707)
(0.00114118,-0.0130406)
(-0.00502178,0.0190603)
(0.00217244,-0.0105107)
(-0.012198,0.0251442)
(0.00183064,-0.000204387)
(0.0059194,0.00525837)
(0.00305688,0.0101761)
(0.00789717,-0.00351456)
(-0.00548066,0.0100042)
(0.00917338,-0.0240653)
(0.00825988,-0.00201811)
(0.00701066,-0.0140831)
(0.0109201,-0.00124463)
(0.00630363,-0.0126526)
(0.000915064,-0.0230323)
(0.0139166,-0.0075624)
(-0.0106104,-0.00423224)
(0.0157791,0.00132037)
(-0.00476918,-0.0103399)
(0.0168364,0.00258491)
(0.00968804,-0.00625396)
(0.0133766,0.00917519)
(0.0164328,-0.00494033)
(0.0091918,0.0136612)
(0.00205012,0.00105215)
(0.000710167,0.0077529)
(0.00106753,-0.0127345)
(0.0017719,0.0145483)
(-0.00564549,-0.00817967)
(0.00654193,0.001907)
(-0.00102128,-0.00480113)
(0.0093167,-0.000997725)
(0.00762395,-0.00702829)
(0.00100104,-0.00662699)
(0.0011512,-0.000445058)
(0.00143686,-0.00945941)
(-0.000780375,-0.000171226)
(-0.0061904,-0.00431373)
(-0.0105411,0.00122021)
(-0.00767097,0.0135435)
(-0.00263869,0.00267428)
(-0.00968836,0.0230073)
(-0.00130676,0.000565463)
(-0.00532033,0.0212215)
(-0.00517306,0.0038715)
(-0.00475914,0.0020696)
(-0.0047921,-0.0227311)
(0.00383602,0.00252246)
(-0.00538917,-0.0219666)
(0.01867,0.00861049)
(-0.000245564,-0.00732055)
(0.0143652,-0.00315871)
(-0.00100118,-0.00830955)
(0.0169767,-0.017106)
(-0.000780843,0.0131805)
(0.00907553,-0.0208333)
(-0.0219196,0.0123364)
(2.93082e-05,-0.0402318)
(-0.0388974,0.0150333)
(0.00567869,-0.010959)
(-0.0241612,0.00879515)
(0.0132913,0.00984813)
(0.00141031,0.0104593)
(0.0106668,0.00590552)
(0.00305792,0.00595265)
(-0.0114844,-0.000639585)
(-0.0128317,-0.0112984)
(0.00741226,0.00167068)
(-0.00972694,-0.01815)
(0.0159309,-0.0140256)
(-0.00333915,-0.0160575)
(0.00757011,-0.00166349)
(-0.0092955,0.00317755)
(0.00658048,-0.0319674)
(-0.0243698,0.00212979)
(-0.00548614,-0.0204219)
(-0.00684973,-0.00793282)
(0.00547685,-0.0404136)
(-0.0549943,0.0114146)
(-0.00795312,-0.034547)
(-0.0528907,0.0124083)
(0.0246621,-0.00993933)
(-0.00836321,0.00552174)
(0.0159744,0.00624227)
(0.00412805,0.00577589)
(-0.011122,0.00292246)
(-0.00913126,-0.00681125)
(-0.0142615,-0.00459842)
(0.00204413,-0.0106327)
(-0.010644,-0.0210959)
(0.00350761,0.00670696)
(-0.00211203,-0.052773)
(-0.0272608,-0.0316302)
(0.0299135,-0.001317)
(-0.0121999,-0.0369673)
(-0.044121,0.133965)
(0.0485859,-0.0274052)
(-0.0229565,-0.00918859)
(0.000463023,0.0162655)
(-0.00590167,-0.0116775)
(-0.0248061,0.0142676)
(-0.0098532,0.0043735)
(-0.0112002,-0.00412376)
(-0.00265132,0.0146288)
(0.00242808,-0.00790016)
(-0.014217,0.00969823)
(-0.0104599,0.00160929)
(-0.0219894,-0.00572115)
(0.0126209,0.00523654)
(-0.0348458,-0.0179651)
(0.00237052,-0.0212705)
(-0.024528,-0.050371)
(-0.0779217,-0.0695169)
(0.00636233,0.0277239)
(0.0185612,0.0196344)
(-0.00550225,-0.0230108)
(-0.0191739,-0.011944)
(0.0570434,0.0177411)
(0.106496,0.00640311)
(-0.00302075,0.00873826)
(0.00893737,0.0168336)
(-0.0112371,0.0196775)
(0.00577645,-0.00948006)
(-0.0172565,0.0262792)
(0.00315237,-0.0258163)
(-0.0048579,0.00138227)
(-0.0067739,-0.00614657)
(-0.022134,0.0034384)
(0.0119566,-0.00357066)
(-0.0220364,0.000649785)
(0.0326629,0.030576)
(0.0685661,0.000175956)
(-0.00881556,0.0357491)
(-0.0192698,-0.0116607)
(-0.010633,-0.00370386)
(-0.0233161,0.0226809)
(0.0209906,-0.00429975)
(0.074907,-0.0948845)
(-0.0738641,0.00878015)
(-0.0167519,-0.00368761)
(0.0036409,0.0315338)
(-0.0302427,0.0287679)
(0.0115248,-0.0179364)
(-0.0251708,0.0207205)
(0.00157425,-0.0196103)
(0.00525321,0.00861334)
(-0.0135456,-0.00753869)
(-0.00957116,0.00390399)
(0.00753505,0.00118202)
(-0.0264527,0.00457646)
(0.0424329,0.0132068)
(-0.0105114,0.0249737)
(0.0217299,0.0208981)
(0.0265124,0.0245934)
(0.0160243,-0.0186903)
(-0.00779713,-0.000713022)
(-0.0280095,0.00547287)
(-0.024858,-0.0209818)
(-0.0115105,-0.00346222)
(-0.0382761,0.0299872)
(0.0135237,0.00408725)
(-0.0386796,0.0250465)
(0.0193398,-0.00719715)
(-0.0232439,0.0146921)
(0.00465096,-0.0233152)
(0.00807161,-0.00318924)
(-0.0193296,-0.00480331)
(0.00567363,0.00500132)
(-0.006616,0.00110156)
(-0.0207771,-0.023457)
(0.0249433,0.0186976)
(-0.015476,-0.0164011)
(0.0103197,0.000421197)
(0.0194317,-0.00836279)
(-0.0249929,-0.0373885)
(0.0118463,-0.0100379)
(-0.0171738,-0.0415581)
(-0.000828099,-0.00116754)
(-0.00180146,-0.0168441)
(-0.00967553,0.0227675)
(0.00429461,0.00805302)
(-0.028122,0.0398723)
(0.00772873,-0.0104773)
(-0.0257791,0.0247836)
(0.00126676,-0.00705015)
(0.0197477,-0.00641285)
(-0.0132478,0.000702869)
(0.0109931,0.00234625)
(-0.00944095,0.0145022)
(0.0148444,-0.0224636)
(0.0158351,0.00301042)
(0.00597792,-0.0320439)
(0.0153742,-0.00178184)
(0.014596,-0.01463)
(-0.0111351,-0.02874)
(0.0261526,-0.00978073)
(-0.0107113,-0.0114839)
(0.0211605,-0.000277414)
(-0.0101019,-0.00101857)
(0.000809326,0.0104817)
(-0.00417546,0.00865603)
(-0.00316626,0.0221067)
(0.00601199,0.00676713)
(-0.00965329,0.0311492)
(0.00621023,-0.00379972)
(0.0103755,8.83664e-05)
(0.00248781,0.00302227)
(0.00800989,-0.00810632)
(-0.00227684,-0.00709592)
(0.00550165,-0.0251221)
(0.0108453,-3.04478e-05)
(0.00999313,-0.0292901)
(0.00486087,0.00259384)
(0.0156585,-0.0136781)
(0.00219956,-0.00331734)
(0.0197774,-0.0089659)
(-0.0110743,-0.00332656)
(0.011242,-0.00720648)
(-0.0104778,0.0133421)
(0.0137808,-0.00480081)
(0.002542,0.00627549)
(0.018934,0.0081514)
(0.0134821,0.00301195)
(0.0124527,0.0126054)
(0.00725524,0.00795259)
(0.0104759,0.00909295)
(0.00053022,-0.0134337)
(0.00932275,0.0133537)
(0.00382379,-0.00856936)
(0.0148801,-0.00130154)
(0.00476434,-0.00650477)
(0.00890139,-0.00434042)
(0.0131496,-0.00968466)
(0.00302229,0.0064647)
(0.0101177,-0.00404557)
(0.0021917,0.0069119)
(-0.00360498,-0.00965914)
(-0.0135282,0.0127874)
(-0.0111648,-0.00659018)
(-0.0254108,0.0159111)
(-0.000620763,-0.000552268)
(-0.0115097,0.0128768)
(-0.00333015,-0.0069803)
(-0.00825627,0.00446497)
(-0.00940012,0.00739102)
(0.0087758,0.00790249)
(-0.00795462,-0.0103547)
(0.0191639,0.00260281)
(0.003448,-0.0129061)
(0.00708496,0.00566582)
(0.00149218,-0.0172066)
(0.00491345,0.0202568)
(0.0105471,-0.00829143)
(0.00921388,0.0175746)
(-0.00811715,-0.00604037)
(0.0196408,0.00243683)
(-0.00308571,-0.00583837)
(0.0170656,-0.0109105)
(-0.0338923,-0.00644269)
(-0.000151127,-0.00481149)
(-0.010551,-0.0062435)
(0.00893589,-0.00204298)
(0.00495085,-0.00264505)
(0.0183878,0.00715327)
(0.00462315,-0.000405925)
(-0.00267955,0.00796025)
(-0.0123331,-0.011566)
(-0.000472852,0.000657146)
(-0.00701427,-0.0213361)
(-0.0118937,0.0117684)
(0.00385826,-0.00962406)
(-0.00270918,0.0346645)
(0.00260081,0.00169425)
(-0.00926048,0.0187417)
(-0.0238954,0.000419357)
(0.0394641,-0.0251124)
(-0.0256274,-0.0132821)
(0.0208916,-0.039093)
(-0.0522407,-0.0100313)
(0.0166146,-0.0215446)
(-0.0450418,-0.0153313)
(0.0201246,-0.00847724)
(-0.00629465,-0.0133149)
(0.0204834,0.00298384)
(0.0106784,-0.00415521)
(-0.0154061,0.00635315)
(-0.0143199,-0.0153472)
(-0.0194709,-0.0028133)
(0.0143435,-0.0249937)
(-0.0173208,-0.00421145)
(0.0382935,0.00494766)
(0.00362697,0.0259532)
(0.0161171,0.00765648)
(-0.045666,-0.00172475)
(-0.00466565,0.0387556)
(0.0694872,-0.0311366)
(0.0140272,0.00529732)
(0.0168091,-0.0283913)
(-0.0537906,0.00702837)
(-0.00267472,-0.0302079)
(-0.0535185,0.00190433)
(0.00502166,0.00265835)
(-0.010165,-0.0107629)
(0.00370589,0.0153691)
(0.00107807,-0.0116552)
(-0.0203495,0.00528498)
(0.00422024,-0.0191693)
(-0.0395335,0.00608961)
(0.0296515,-0.0165652)
(-0.0193274,-0.00698895)
(0.0651162,0.00342313)
(0.0106816,0.056371)
(0.0174956,-0.0186431)
(0.000579707,-0.0160571)
(-0.00484349,0.000683531)
(-0.00103813,-0.00478793)
(3.6452e-05,0.00397336)
(-0.0126821,0.071169)
(0.0194664,0.0295675)
(-0.0296079,0.0320068)
(-0.0134967,0.0135129)
(-0.00695461,0.00619558)
(0.00467755,-0.0179265)
(0.00237688,0.0121773)
(0.00772914,-0.0255004)
(-0.0136155,0.0115003)
(0.00281034,-0.0101064)
(-0.0292066,-0.0100445)
(0.0203584,-0.0249962)
(-0.0343226,-0.0196625)
(0.0458764,0.00262661)
(0.0479983,0.0173846)
(-0.0581236,0.0138152)
(-0.00378479,0.00808833)
(0.0138238,-0.0053398)
(-0.000839874,-0.0144615)
(-0.0012417,-0.0179062)
(0.0188511,0.00226774)
(-0.0803144,-0.0055456)
(-0.0473923,0.0199172)
(0.00116522,0.000447971)
(-0.0312506,0.0192335)
(0.0293463,-0.0231836)
(-0.00635939,0.00126554)
(0.0173839,-0.0342207)
(-0.00711245,0.00318273)
(-0.0111438,-0.00692885)
(-0.0116747,-0.00194343)
(0.00582654,-0.00908999)
(-0.0434534,-0.0362827)
(0.0244077,-0.0134996)
(-0.0221285,-0.0165916)
(0.000473384,0.00788019)
(0.0271641,0.0166443)
(0.0315269,0.0369155)
(-0.0223471,0.00309613)
(0.0536626,0.0701491)
(-0.0381559,0.00949823)
(0.0115518,-0.00584436)
(-0.044002,0.0271378)
(0.040686,-0.00370632)
(-0.0379445,0.0174862)
(0.0435942,-0.0203128)
(-0.011113,0.000740674)
(0.00759559,-0.0309549)
(0.0117346,0.00122482)
(-0.00772971,-0.00215016)
(0.000217115,-0.0106653)
(-0.000985112,-0.0100198)
(-0.00383449,-0.0219315)
(0.00174156,-0.000434229)
(-0.0257238,-0.0301313)
(-0.00921753,-0.00946417)
(0.00521548,-0.00548478)
(-0.0297992,-0.0204655)
(0.0125932,-0.0125482)
(-0.00935765,-0.0252031)
(-0.0173558,-0.00788952)
(0.0106347,-0.0205338)
(-0.0236525,0.0248978)
(0.0197796,-0.00593289)
(-0.0142874,0.0112945)
(0.0186111,-0.00300434)
(0.000262937,0.0102061)
(0.00844695,-0.0143031)
(0.00870931,-0.00254198)
(-0.00174888,0.00186346)
(0.00752587,-0.00121094)
(0.00128914,0.0018769)
(0.00381002,-0.0155464)
(0.0065806,-0.000231276)
(0.00403229,-0.0187621)
(-0.0110419,-0.0103054)
(0.000190423,-0.000607147)
(-0.0276518,-0.023177)
(0.00871265,-0.00353169)
(-0.0158472,-0.019129)
(0.00746807,0.00626882)
(-0.00959756,-0.00115443)
(0.00169011,0.00675631)
(0.0077863,0.0174216)
(0.0133311,0.0115689)
(0.0158924,0.00827451)
(-0.000111139,0.0114447)
(0.00241713,0.00282841)
(0.00103163,-0.00156273)
(0.0125806,0.000645735)
(-0.00311844,-0.00624629)
(0.013322,-0.0109843)
(-0.000979546,-0.0173963)
(0.0167966,-0.00585059)
(0.00131849,-0.0100739)
(0.0062024,-0.00372007)
(0.00187521,-0.00396922)
(0.00289054,-0.00696691)
(0.00823256,-0.00282476)
(0.00076246,0.00635515)
(0.00523872,-0.00150005)
(-0.00534274,0.0176266)
(0.0129059,-0.011252)
(0.00142629,0.0207199)
(0.0238415,-0.00430953)
(0.00724928,0.0122583)
(0.0158913,0.00880569)
(-0.00147636,0.00692009)
(0.0133587,0.0062196)
(-0.000617256,-0.00756827)
(0.0139388,0.0162657)
(0.00445568,-0.00586602)
(0.0115161,0.0105659)
(0.00369556,-0.00402052)
(0.00491936,0.0088318)
(0.00376292,-0.001707)
(-0.00299502,0.0114244)
(0.00772164,-0.00191683)
(-0.00289961,0.0115316)
(0.0106201,-0.0123635)
(-0.00419228,0.0265488)
(0.00756683,-0.0209016)
(-0.0275331,0.0226683)
(0.00151285,-0.0130788)
(-0.0270614,0.00473416)
(0.000228126,-0.00612897)
(-0.00650537,-0.00161587)
(-0.0107764,0.00273805)
(0.0163199,0.00118128)
(-0.00612334,-0.00226004)
(0.0196913,0.0169153)
(0.000266847,0.00419645)
(0.0160139,0.00817888)
(0.00787564,0.00609755)
(-6.69862e-05,0.0236602)
(0.000176167,-0.00511387)
(0.00447332,0.0112987)
(0.00297622,-0.00875396)
(0.0124475,0.00492578)
(0.00253178,-0.0286786)
(0.00665154,-0.00338821)
(0.00126394,-0.0289029)
(-0.0118172,0.0182442)
(0.00693123,-0.022479)
(-0.0115541,-0.00501435)
(0.00823769,-0.0137402)
(-0.00289185,-0.00693647)
(0.000941594,0.00943392)
(0.000937418,0.0102996)
(-0.012661,0.00362)
(0.00763715,0.00142328)
(-0.00162206,-0.000385904)
(0.00317613,0.00321679)
(0.00371339,0.000421735)
(0.0051895,0.0234993)
(0.00182633,0.0185063)
(0.00826701,0.0353106)
(-0.0135195,-0.000585851)
(0.0295465,-0.0045253)
(-0.00480858,-0.0258626)
(0.00955064,-0.0270006)
(-0.02975,-0.0469367)
(-0.00141345,-0.00499628)
(-0.0174568,-0.029073)
(0.0039757,-0.00269222)
(0.0145208,-0.0217766)
(0.00198903,-0.00897175)
(0.00938051,-0.00957172)
(-0.00699266,0.00616099)
(-0.00640125,-0.0206973)
(-0.0073182,-0.00338752)
(0.00565081,-0.013825)
(-0.00308064,-0.0102904)
(0.0271047,0.0128054)
(0.0260534,0.027087)
(0.0170095,0.0399805)
(-0.0013767,0.0256835)
(0.000493137,0.0177099)
(0.0129558,-0.032778)
(-0.00105944,-0.0312373)
(-0.00678584,-0.0420138)
(-0.0387503,-0.0237801)
(0.00835663,-0.0395353)
(-0.0323375,-0.0157048)
(0.00614813,-0.0173015)
(-0.0113653,-0.0201523)
(0.000408562,-0.0016348)
(0.00250627,-0.0104133)
(-0.0225694,0.00333233)
(0.000550238,-0.0133596)
(-0.0186801,-0.0136765)
(0.015473,-0.00949291)
(-0.00657096,-0.0116513)
(0.0417202,0.0337133)
(0.0343199,0.0171023)
(0.0367989,0.00931982)
(0.0136536,0.00456171)
(0.0289575,-0.0401723)
(-0.0477764,0.0326422)
(-0.00241138,-0.0451725)
(-0.0264423,0.00539704)
(-0.000309846,-0.00497514)
(-0.00413959,-0.030105)
(-0.0198788,0.0202279)
(-0.00503092,-0.0184645)
(-0.00107521,-0.00307489)
(0.00523543,-0.00517776)
(0.000640191,-0.00438002)
(-0.0123151,-0.00214674)
(-0.00349816,-0.0167992)
(-0.0387197,-0.00315272)
(0.0027302,-0.0146076)
(-0.0328024,-0.0218087)
(0.0163797,0.0041443)
(-0.0220369,-0.0149422)
(-0.00992643,-0.00324561)
(-0.0111749,-0.0555989)
(-0.0551706,-0.0105359)
(0.0288415,0.0583649)
(0.00166197,0.0751736)
(0.0164646,0.00140347)
(-0.00333438,0.0195027)
(-0.00858436,-0.010317)
(0.00821661,0.0123327)
(-0.0190654,-0.00854533)
(0.0176163,0.00435052)
(-0.0172206,-0.0161199)
(-0.000989059,-0.0145036)
(-0.00471378,0.0066856)
(-0.0158806,-0.00560002)
(-0.00768426,-0.00790198)
(0.00289023,-0.00409105)
(-0.0322751,-0.0243602)
(0.000811454,-0.00488665)
(-0.0348833,-0.0175918)
(-0.0097389,-0.0216517)
(0.00413301,-0.00874146)
(-0.0330995,-0.0371833)
(0.0368339,0.0250601)
(0.0206564,-0.00935763)
(-0.00230571,-0.00085601)
(0.0239333,-0.0285786)
(-0.0243349,0.00187952)
(0.0286984,0.0137265)
(-0.0235328,-0.00752089)
(0.0220269,0.00211339)
(-0.00947751,-0.00992659)
(0.00734753,-0.0144574)
(0.00258231,-0.00613127)
(-0.0202627,0.00499081)
(0.0129968,0.000423434)
(-0.0128757,0.00870822)
(0.00548696,-0.00678254)
(0.00112906,-0.0101784)
(0.00916449,-0.000480174)
(-0.0295038,-0.0298049)
(0.0110687,0.00349644)
(-0.026665,-0.0476177)
(0.0140781,-0.00986816)
(-0.0152046,-0.0563649)
(-0.00321151,0.0130396)
(0.0174093,-0.028753)
(-0.00533608,-0.00234459)
(0.0220126,-0.00494979)
(0.00544937,-0.0168541)
(0.0160886,-0.00651854)
(0.00353075,-0.00944034)
(-0.0059892,-0.00518726)
(0.0152649,-0.012727)
(-0.0167741,0.00509757)
(0.00224909,-0.00478925)
(-0.0063122,0.012017)
(0.013641,-0.0168656)
(0.00277116,0.00956217)
(0.0092517,0.00650855)
(-0.00209617,-0.0127479)
(0.0229104,0.00241876)
(-0.0239849,-0.0270642)
(0.0125098,-0.000897233)
(-0.015018,-0.0277052)
(-0.00607138,-0.00690317)
(-0.00804414,-0.00572426)
(0.0124113,-0.0188148)
(0.00771748,0.0039576)
(0.0241232,-0.0227384)
(0.00281182,0.00881971)
(0.0158941,-0.00442526)
(-0.00606259,-0.000120229)
(-0.00731807,-0.00706462)
(0.00716598,-0.00203193)
(0.000962361,-0.00952856)
(0.00578367,0.00659801)
(0.00717253,-0.00616765)
(0.0162873,0.011673)
(0.0102305,-0.0178598)
(0.00622471,0.00670026)
(0.00537398,0.00014134)
(0.0045819,0.000398944)
(0.00300417,-0.00598252)
(-0.00223739,0.00728279)
(0.00660246,-0.00889267)
(-2.30691e-06,0.0100922)
(0.0163361,-0.0217833)
(0.00109436,0.0134207)
(0.02783,-0.0239061)
(0.00205944,0.0100701)
(0.0210635,-0.0107292)
(-0.00128503,0.00534966)
(0.0212338,0.00075832)
(0.00498716,-0.00185921)
(0.0240709,0.018023)
(0.00507504,0.00690216)
(0.0163598,0.0152278)
(-0.00746458,0.00678591)
(-0.00620648,0.00698724)
(0.00751003,0.0085087)
(-0.00796119,0.00583261)
(-0.00702468,0.00703646)
(0.00190319,-0.000819431)
(-0.00528307,0.000416111)
(-0.00956529,-0.0002835)
(0.00303314,-0.0201823)
(-0.019919,-0.0122248)
(0.00405984,-0.0166895)
(-0.0139248,-0.0124789)
(-0.00434516,-0.00833699)
(-0.00864209,-0.0204737)
(-0.00398626,-0.00935389)
(0.033839,0.0134848)
(-0.00496545,0.000674086)
(0.0391807,0.0126406)
(-0.0110618,0.00826246)
(0.0183149,0.0074442)
(0.000106091,0.00879747)
(-0.00238375,0.00438464)
(0.00195424,0.00042132)
(-0.00526313,0.01116)
(0.00320654,0.00599536)
(0.00883561,-0.0142658)
(0.0111275,-0.0168185)
(0.013899,0.00083028)
(0.00811296,-0.0263392)
(-0.0192163,-0.00655642)
(0.0154743,-0.0352037)
(-0.00822737,-0.0130203)
(0.00961753,-0.024774)
(0.00244203,-0.0194007)
(-0.00062074,-0.00317482)
(0.0253813,0.0193306)
(-0.0073647,-0.00464191)
(0.0221022,0.0203123)
(0.000393214,0.00117363)
(0.0155733,0.00255827)
(0.0108484,0.00758517)
(-0.00167669,0.00703681)
(0.0048442,0.0186346)
(0.0112241,-0.0038389)
(0.00337554,0.0111098)
(0.0029164,-0.0191917)
(-0.00325076,-0.0106963)
(0.0164664,-0.0148457)
(0.00635118,-0.0278976)
(0.0114681,0.00507346)
(0.0137709,-0.0250712)
(0.0036932,-0.0168239)
(0.0224735,-0.0248605)
(0.00519578,-0.0142793)
(0.00493359,-0.0110406)
(0.00992348,0.0127205)
(-0.00687695,-0.00109734)
(0.00909083,0.00701613)
(0.00488547,-0.00544793)
(0.00384455,-0.0178716)
(0.0184379,0.0252158)
(0.022635,-0.00801048)
(0.0116823,0.0367306)
(0.0175354,-0.00175684)
(-0.00541041,0.0223297)
(0.00919013,-0.0340794)
(-0.0037101,-0.00765132)
(-0.00311028,-0.0392531)
(-0.0185962,-0.0130734)
(0.00206436,-0.0259363)
(-0.0148257,-0.00252235)
(0.0159669,-0.0182768)
(0.00435545,-0.015604)
(0.0103896,-0.0222245)
(0.00696802,-0.00918807)
(-0.00829237,-0.00236403)
(-0.00819314,-0.0149082)
(-0.0067415,-0.00977973)
(-0.00420049,0.00106899)
(-0.000952062,-0.0171112)
(0.0119918,0.038578)
(0.0139268,-0.00237194)
(0.0108708,0.0371378)
(0.0144759,0.00921378)
(0.0123637,0.00971792)
(-0.011669,-0.0233607)
(0.0127854,-0.00206751)
(-0.00614006,-0.0466132)
(0.000752905,-0.0110335)
(-0.00561646,-0.0440778)
(-0.0207221,0.0227009)
(-0.00640322,-0.0356916)
(-0.00296162,0.00589425)
(-0.00654068,-0.0196043)
(-0.00977977,-0.00233546)
(-0.00822393,0.00482737)
(-0.0203909,-0.00470042)
(-0.0186326,-0.00589323)
(-0.00735369,0.00503903)
(-0.0333708,-0.0131914)
(0.0134299,0.0198323)
(-0.0257141,0.0125981)
(0.00289051,0.0244035)
(-0.0187748,-0.0153276)
(-0.0113051,-0.00205342)
(0.0157182,0.00465885)
(0.0192343,0.0215915)
(0.0209893,-0.0330152)
(0.00891529,0.00844276)
(-0.00399481,-0.0297386)
(-0.00500496,0.0334627)
(-0.0218205,-0.0236634)
(-0.000323374,0.019844)
(-0.0226461,-0.0157259)
(-0.000412037,-0.00239331)
(0.00334577,0.00413056)
(-0.022046,0.00800173)
(0.00322043,0.00163275)
(-0.0184708,0.0120916)
(-0.0118442,0.000315831)
(-0.00579171,0.00549169)
(-0.0215072,0.00204619)
(-0.0164835,-0.0232768)
(-0.00739011,0.000637822)
(-0.0106364,-0.0397617)
(0.0134707,-0.0144072)
(0.00175748,-0.0292615)
(0.000378239,-0.0115351)
(0.013153,-0.00455284)
(-0.0173186,-0.0084511)
(0.0058559,0.0227341)
(-0.0242484,-0.0176344)
(-0.00452474,0.011231)
(-0.00894214,-0.00808262)
(-0.0116595,0.00593396)
(0.00832334,-0.0033444)
(-0.0265024,0.0167488)
(0.0129053,0.00205875)
(-0.0262586,0.034913)
(0.00606151,-0.0017674)
(-0.0137525,0.0109309)
(0.0081238,0.0195748)
(-0.0211903,-0.028815)
(0.0153141,0.01302)
(-0.0397381,-0.0323762)
(0.00793852,-0.00602593)
(-0.00554014,-0.0394578)
(-0.00710303,-0.00282182)
(0.00953261,-0.0077557)
(-0.00480365,-0.0087294)
(0.00114052,0.0109224)
(0.00437239,-0.0178706)
(-0.00570675,0.0048376)
(0.0146397,-0.0105395)
(-0.0250398,-0.000431515)
(-0.000747898,-0.0131187)
(-0.0129416,0.0132345)
(0.007773,-0.00954727)
(-0.0157914,0.0219299)
(0.0270515,0.00147925)
(-0.00180851,0.0319276)
(0.0291095,0.00406683)
(-0.0135643,0.00911806)
(0.0197236,0.00184304)
(-0.0128752,-0.00585766)
(0.00192507,-0.0139277)
(-0.00792629,-0.00041752)
(-0.00642074,-0.0197144)
(0.00148658,0.0197104)
(-0.00283255,-0.0223413)
(0.0011428,0.016999)
(0.0213035,-0.0308038)
(-0.0104644,0.0021321)
(0.0128914,-0.0206587)
(-0.0187347,0.00438688)
(0.00112769,-0.00445306)
(0.00347001,0.00286064)
(0.00215877,-0.00830039)
(0.00332817,0.0143267)
(0.0162777,-0.0123855)
(0.0080571,0.0178635)
(0.0213719,0.00746884)
(0.00722087,0.00936866)
(0.00894838,-0.0117944)
(0.00352457,0.008588)
(-0.00136487,-0.00876537)
(0.0093496,0.0116163)
(-0.00377257,-0.0119853)
(0.00204576,0.0144209)
(0.00596613,-0.0163151)
(-0.0044415,0.012295)
(0.0104887,-0.0233084)
(-0.00356757,0.00221727)
(0.0150767,-0.016763)
(-0.0105339,0.00729613)
(0.0174251,0.00874862)
(0.00412635,-0.00742357)
(0.0305847,0.0180371)
(-0.00423117,-0.00167517)
(0.0215732,0.0182018)
(-0.00922475,0.00825845)
(0.00875268,0.00611154)
(-0.0111953,0.00185624)
(0.0038715,-0.00827088)
(-0.00719867,0.0166869)
(-0.00469747,-0.00646608)
(-0.0139056,0.00363963)
(-0.00375105,-0.0100671)
(-0.0118521,-0.0154233)
(-0.00976623,-0.0208154)
(-0.00539271,-0.0114628)
(-0.00688057,-0.0321946)
(0.000619724,-0.00505385)
(0.000472804,-0.0229617)
(0.00437812,-0.00730089)
(0.030215,0.0228876)
(-9.92711e-05,-0.00154919)
(0.0366425,0.0317463)
(0.00184022,0.0111817)
(0.0275759,0.00962508)
(-0.0181489,0.0116542)
(0.00455263,-0.00223487)
(-0.00467679,0.0122038)
(-0.000498993,-0.0129002)
(-0.010697,0.0129476)
(0.0101704,-0.0102052)
(-0.0157204,0.00137339)
(-0.00111033,-0.02001)
(-0.00106237,-0.027641)
(7.03976e-05,-0.0176352)
(-0.00154488,-0.024718)
(-0.00964587,-0.0293902)
(0.00543833,-0.0146184)
(-0.0095438,-0.0310656)
(0.00890857,-0.00569185)
(0.0210915,0.0319944)
(-0.00135692,0.000709513)
(0.0258037,0.0257053)
(-0.0161928,0.0103177)
(0.0143418,-0.0026963)
(-0.00747299,0.0157786)
(0.00133132,-0.00677343)
(0.00379953,0.00571894)
(0.0103845,-0.0114273)
(-0.000842645,0.0165941)
(0.0214455,-0.0236103)
(0.00395933,-0.00578674)
(0.0241797,-0.0117345)
(-0.000260834,-0.0221186)
(0.00863611,-0.00909188)
(0.0100093,-0.0175067)
(-0.00163865,-0.00514369)
(0.00159355,-0.00978875)
(-0.00565791,-0.0120757)
(0.00103099,-0.00260868)
(0.0167928,0.0204876)
(-0.0136769,0.00105975)
(0.0227111,0.0165461)
(0.00448289,0.00745293)
(0.00996781,-0.00634575)
(0.00518554,0.0175228)
(-0.00332859,-0.0116315)
(0.0167513,0.0244804)
(0.0106992,-0.0189253)
(0.00951258,0.0186685)
(0.00310709,-0.0256803)
(0.00336332,0.00441913)
(0.00587758,-0.0207289)
(0.00130545,-0.0049144)
(0.0128942,-0.00991597)
(-0.0077887,0.00641575)
(-0.00302859,-0.0138902)
(-0.00366055,-0.00636414)
(0.00117016,-0.0106114)
(-0.00910043,-0.00329387)
(0.00626505,0.0142852)
(-0.0132548,-0.00388845)
(0.00857168,0.0156466)
(-0.0105969,0.0080184)
(0.00419836,-0.010399)
(0.00190528,0.0180407)
(-0.00643207,-0.000555892)
(0.0160327,0.020734)
(0.00110011,-0.00680022)
(0.0173384,-0.00183438)
(-0.0048342,-0.0290737)
(0.0162921,-0.0176274)
(-0.0042989,-0.0249835)
(0.00160927,0.0115796)
(-0.0092823,-0.0293356)
(-0.0114187,0.0115867)
(-0.012822,-0.0206403)
(-0.0105603,0.0040146)
(-0.0176833,-0.008563)
(-0.0129399,0.0012068)
(0.00421158,0.00923102)
(-0.0188967,-0.00213732)
(0.00108255,0.0119315)
(-0.0209034,-0.00278799)
(-0.0124182,0.0124702)
(-5.24559e-05,0.0157952)
(-0.030892,0.0143927)
(0.0095055,0.000319701)
(-0.013373,0.00427423)
(0.0122803,-0.000583877)
(0.00481478,-0.00339448)
(0.0202242,-0.000933802)
(0.00190507,-0.00930859)
(0.013755,0.0136426)
(-0.0142791,-0.00708696)
(-0.00767173,0.0297485)
(-0.0232013,-0.00771012)
(-0.00331418,0.00766756)
(-0.0219313,-0.0086323)
(-0.00420362,-0.00825166)
(0.014101,-0.000188719)
(-0.0171064,0.0111845)
(0.0112516,0.0107135)
(-0.0326882,0.0117013)
(0.00276963,0.00885975)
(-0.0235566,0.00543435)
(-0.0141136,0.020999)
(-0.020776,-0.0159544)
(-0.00429975,0.0118897)
(-0.0169785,-0.0296324)
(0.00265111,0.00351291)
(0.00297736,-0.0259287)
(-0.00516271,0.0116598)
(0.00470728,0.00309466)
(-0.0172509,0.00686047)
(-0.00908697,0.0209046)
(-0.0244411,0.00214355)
(-0.0119489,0.011273)
(-0.0177526,0.0140382)
(-0.018985,0.000738351)
(0.0122363,-0.00894053)
(-0.0235011,0.0108718)
(0.0187942,0.00852625)
(-0.0227494,0.0192308)
(0.0288645,0.0143206)
(-0.0160783,0.0176859)
(0.0216927,0.0258446)
(-0.0182258,-0.000146805)
(0.00790419,0.0165886)
(-0.0211545,-0.0141588)
(0.000466917,0.0046621)
(-0.00798725,-0.00606178)
(-0.0182026,0.0148454)
(0.000193613,0.00793598)
(-0.0197301,0.0123866)
(-0.0145123,0.0193427)
(0.00477781,0.00597849)
(-0.0238774,-0.0102967)
(-0.00198635,0.00124268)
(-0.0181773,-0.0027879)
(0.00958489,-0.0112748)
(-0.00843591,0.00788248)
(0.0165126,-0.0115719)
(-0.00925951,0.00616392)
(0.0326343,0.000735331)
(-0.00241133,0.0127737)
(0.039793,0.019128)
(-0.0127387,0.0100906)
(0.0252707,-0.00277671)
(-0.0186511,0.0082711)
(0.00629819,-0.00849732)
(-0.00127351,0.00416698)
(-0.00537331,-0.00357391)
(-0.00321635,0.0279203)
(-0.00759518,0.00242836)
(-0.0114992,0.0192248)
(-0.00241114,-0.00212292)
(-0.020011,-0.000619731)
(-0.000152553,-0.00215015)
(-0.0317745,0.0038553)
(0.000205673,-0.00998006)
(0.00340676,-0.00195389)
(0.0202414,-0.00871402)
(-0.00253344,0.00254918)
(0.0277877,-0.0115834)
(-0.00147815,0.0102529)
(0.030826,0.00149503)
(0.000362902,0.00189879)
(0.0179888,-0.00151085)
(0.004751,-0.00456931)
(0.00437906,-0.0168846)
(0.00256632,0.0132326)
(-0.00206811,-0.00551455)
(-0.00395886,0.0126682)
(0.00325286,-0.000222576)
(-0.0163601,0.0129344)
(0.00711905,0.00545969)
(-0.0245001,0.00601271)
(-0.00019211,-0.00138609)
(-0.013112,0.00354087)
(0.0174356,0.0088222)
(-0.00754167,-0.00397225)
(0.0199118,0.0144211)
(-0.00717354,0.00523375)
(0.0156376,0.0131464)
(-0.00694623,0.00910863)
(0.0118798,0.00446996)
(-0.00770765,0.00592306)
(0.0119369,-0.000573656)
(-0.0110776,-0.000177102)
(-0.00337576,-0.00530632)
(-0.0101418,0.00072085)
(0.000131501,-0.00817027)
(-0.0165489,-0.0120315)
(-0.00144043,-0.0223832)
(-0.0104523,-0.0031547)
(0.000469105,-0.0269641)
(0.00198942,-0.007943)
(0.0163049,-0.0229138)
(0.00148903,0.00246546)
(0.0256231,0.0120081)
(-0.000381173,0.000271613)
(0.023508,0.0203101)
(-0.00448516,0.0115494)
(0.0223522,0.00859742)
(-0.0159934,0.0136818)
(0.0185808,-0.00729086)
(-0.00875448,0.0100408)
(0.0105665,-0.0180846)
(-0.011662,0.0146225)
(0.0218262,-0.0165077)
(-0.0183988,-0.00167197)
(0.0101037,-0.0243013)
(-0.0101012,-0.0129805)
(0.00471286,-0.0186565)
(-0.0121356,-0.00542938)
(-0.0104221,-0.0226272)
(0.0050369,-0.00763297)
(0.00260286,-0.0101022)
(0.00734109,-0.00402718)
(0.0165202,0.0169143)
(-0.00684154,0.0143775)
(0.0131636,0.0193194)
(-0.008554,0.02629)
(0.00834278,0.00219863)
(-0.0234677,0.0194035)
(0.00549311,-0.0051821)
(-0.0117045,0.0117949)
(0.00917361,-0.0146657)
(-0.0156556,0.0040054)
(0.024826,-0.0155182)
(-0.0100647,-0.000320171)
(0.0213629,-0.0190653)
(-0.00200536,-0.0144884)
(0.0107315,-0.014521)
(-0.00911861,-0.0123072)
(-0.00869125,-0.00139342)
(-0.00123819,-0.00311527)
(-0.00638158,0.000927934)
(-0.00232477,9.378e-05)
(0.020848,0.0169453)
(-0.00632271,0.00484095)
(0.0151143,0.0171776)
(-0.0177082,0.014164)
(0.00850843,0.00572265)
(-0.00482573,0.00876987)
(-0.00032844,0.00227377)
(-0.000297678,0.00973669)
(0.00749857,-0.00367349)
(0.0035089,-0.00247017)
(0.0156979,-0.00954923)
(0.00223628,-0.00725283)
(0.0219461,-0.0100958)
(-0.00177701,-0.0113153)
(0.0156592,-0.0113975)
(-0.00635425,-0.0090611)
(-0.00207943,-0.00458677)
(-0.00609461,-0.00304541)
(-0.0125404,0.00419805)
(-0.00488822,0.00499049)
(0.0101032,0.00918621)
(-0.00723553,-0.000182142)
(0.0151047,0.0211156)
(-0.0157385,0.00888821)
(0.00401095,0.00775069)
(-0.00369007,0.0143347)
(0.00103604,0.00480402)
(0.0154455,0.00407669)
(-0.0010871,0.00179264)
(0.0171511,-0.00297572)
(0.00510563,-0.00699155)
(0.00675858,-0.00787163)
(0.00803856,-0.014703)
(0.00689951,0.00113769)
(0.000804494,-0.0111614)
(-0.0111725,0.00984338)
(-0.0100969,-0.0122759)
(-0.00869153,-0.00334791)
(-0.00471664,-0.00546938)
(-0.00377117,-0.000690626)
(0.00656991,0.00812133)
(-0.00975126,-0.00211544)
(0.00196269,0.0121097)
(-0.0191454,0.00258201)
(0.0012125,0.0124561)
(-0.000247218,-0.00022802)
(-0.00877947,0.0171842)
(0.00627787,-0.00778422)
(-0.006291,0.00401819)
(0.00850457,-0.0126449)
(0.011575,0.00347672)
(0.0104136,-0.00885877)
(0.0126822,0.00307342)
(0.00183255,0.00685551)
(-0.00334654,0.00819384)
(-0.00605744,0.0138421)
(-0.0114151,0.00476938)
(-0.00820653,-0.00381324)
(-0.0149319,0.00164542)
(-0.000936556,-0.00656576)
(0.00785749,-0.00901536)
(-0.011448,0.000743324)
(0.00656513,0.0160075)
(-0.0209973,-0.00740711)
(0.00305162,0.0218802)
(-0.0198881,0.00557242)
(0.000791819,0.0193155)
(-0.0151245,-0.00913456)
(-0.00332002,0.0132491)
(-0.0117986,-0.00662053)
(0.00698317,0.0110692)
(0.00831634,-0.00530462)
(-0.00238147,0.0122752)
(0.000701559,0.0123567)
(-0.00440531,0.0186045)
(-0.0129841,0.0205024)
(-0.00744197,0.0213322)
(-0.0104207,0.00447343)
(0.00442449,0.00978366)
(-0.00522559,-0.00339699)
(0.0106862,-0.00206934)
(-0.00856321,0.00233796)
(0.0235767,0.00234937)
(-0.0194813,-0.00501956)
(0.0157425,0.0102442)
(-0.0124344,-0.000332023)
(0.0147534,0.0186334)
(-0.0137994,-0.00671673)
(0.00907513,0.0154174)
(-0.00490554,0.00492947)
(-0.00042602,0.0122006)
(0.00743588,0.00312512)
(0.000748189,0.0169918)
(-0.0021295,0.0113465)
(-0.00883038,0.0304544)
(-0.0151415,0.000306156)
(-0.00879768,0.0177182)
(-0.0147492,-0.00933723)
(-0.00401123,0.00955796)
(-0.0142147,-0.0090888)
(0.00542604,-0.0103556)
(-0.0014721,0.00323712)
(0.022786,-0.000800081)
(0.00164562,-0.0126766)
(0.0334797,-0.00138296)
(-0.00644464,-0.00612528)
(0.0360547,0.0153505)
(-0.00606323,-0.00378595)
(0.019854,0.00433816)
(-0.000535025,-0.00144067)
(0.00826848,-0.000783528)
(0.0110696,0.00348736)
(-0.00221948,0.00954899)
(0.0031903,0.00917442)
(2.80305e-05,0.00694603)
(-0.0115139,0.00740466)
(-0.00784392,0.0143721)
(-0.0179431,-0.00928122)
(0.00403693,0.00266142)
(-0.0123001,0.00517554)
(-0.00325287,-0.0121391)
(0.00346342,-0.00377797)
(0.0138218,-0.00492309)
(3.13662e-05,-0.0070304)
(0.0272785,-0.0050839)
(-0.000242411,-0.00858232)
(0.026463,-0.00252824)
(0.000456276,-0.0062539)
(0.0210219,-0.00650872)
(0.00477916,-0.0121694)
(0.00962601,-0.00553274)
(0.0109927,0.000861362)
(0.0159252,-0.0036944)
(0.00757811,0.00264682)
(0.00447153,0.0062281)
(-0.0149765,0.000611534)
(0.00133503,0.00811678)
(-0.024531,-0.0063796)
(0.00066068,-0.00336729)
(-0.0218672,0.00733695)
