(0.0102519,-0.00507689)
(0.00365928,-0.00219624)
(0.0047015,-0.0156127)
(-0.00915229,0.00457076)
(0.00755061,-0.0189011)
(-0.00592062,-0.00383855)
(0.00647208,-0.00195834)
(-0.00579564,-0.00316847)
(0.0201167,0.00185535)
(0.0111831,-0.0101517)
(0.00530755,-0.00808657)
(0.0159799,-0.00220765)
(0.0113994,-0.00180575)
(0.00884027,-0.010025)
(-0.00547478,-0.00580652)
(0.0111024,-0.00514534)
(-0.00798551,0.0127735)
(0.000393649,0.00627018)
(-0.0149907,-0.00510499)
(-0.0190135,0.00134739)
(0.00698627,-0.00315281)
(-0.0128208,-0.0016537)
(-0.00187183,-0.0198727)
(-0.0181939,-0.00811815)
(0.00497498,-0.0096375)
(-0.00321528,-0.0098512)
(0.00416839,0.00419999)
(-0.00422311,-0.00990559)
(0.00522237,0.00519966)
(0.0129233,-0.00372625)
(-9.17056e-05,-0.00486287)
(0.0137677,-0.00905021)
(-0.00554139,0.00708283)
(-0.00361527,-0.0144819)
(-0.00880557,-0.0101175)
(-0.00272596,-0.00947305)
(-0.00759093,-0.00661372)
(-0.00644815,0.00381149)
(-0.0057857,0.00860615)
(-0.00620728,0.00570732)
(0.00387858,-0.0115006)
(-0.0120154,0.00434097)
(0.0101638,-0.0181636)
(-0.00417456,-0.0084263)
(0.0179736,0.00594896)
(0.0179355,-0.00344605)
(0.00165398,0.00717665)
(0.0233467,-0.00463889)
(0.00128634,-0.00539764)
(0.023012,0.00700232)
(-0.0170429,0.00307919)
(0.0126008,0.00399252)
(-0.0159612,0.00910995)
(-0.00837133,-0.0170957)
(-0.00869398,0.00192839)
(0.000812962,-0.0136679)
(-0.00145486,0.000855706)
(0.00493132,0.0105621)
(-0.00213833,0.0077818)
(-0.00580611,0.0150223)
(0.000247328,-0.0140405)
(-0.00825584,0.00511016)
(0.00645892,-0.00402212)
(0.013447,-0.0108513)
(0.0128774,-0.0049197)
(0.0199194,-0.0139091)
(-0.00220359,0.00514292)
(0.0197086,-0.0137531)
(-0.0105978,0.00155462)
(0.0164319,-4.7886e-05)
(-0.0217192,0.00110867)
(0.0115536,0.0119632)
(-0.0211821,0.00345906)
(0.00323652,-0.0104254)
(0.00292846,0.00344756)
(0.000470647,-0.00491802)
(0.0158841,0.00536806)
(0.00259637,-0.000959084)
(0.0148612,0.00838073)
(0.000987115,0.00706828)
(-0.00428767,0.00117551)
(-0.00150189,0.00240476)
(-0.00120228,-0.00445916)
(0.00744184,-0.000900919)
(-0.00799503,-0.0027613)
(0.0124372,-0.0122457)
(-0.00735662,-0.00808819)
(0.0214826,-0.0144281)
(-0.00385911,-0.00798897)
(0.0152175,0.00846687)
(-0.00435777,-0.00591616)
(-0.00122636,0.00455921)
(0.003714,-0.0134771)
(0.00275208,-0.00819445)
(0.0084007,-0.0083279)
(-0.00371601,-0.011762)
(0.0172664,-0.0136282)
(-0.00852935,-0.0170377)
(0.00380809,-0.000553961)
(-0.007688,-0.0106301)
(-0.00402725,0.00389751)
(-0.00533853,0.00980285)
(0.00205842,0.013322)
(-0.00872884,0.00929233)
(-0.00406261,-0.00837408)
(-0.00974521,-0.00949613)
(0.00220972,-0.00469812)
(0.0111428,-0.0126877)
(0.0067202,-0.0119321)
(0.00877343,0.00701971)
(0.00804658,-0.0140902)
(0.0082205,0.000835207)
(0.0167632,-0.0153815)
(-0.002242,-0.00498188)
(0.0131331,-0.0203666)
(0.00372526,-0.00823799)
(0.0203829,-0.0251279)
(-0.00530859,-0.00269803)
(0.00469515,-0.0157794)
(-0.00691016,-0.00321026)
(-0.00225948,0.0079083)
(-0.00417011,0.00173616)
(-0.0144816,0.0149083)
(-0.0162824,-0.00318358)
(-0.0130731,0.00376983)
(-0.0107202,-0.00745863)
(0.0080294,-0.00662071)
(-0.00785269,-0.00990633)
(0.00390721,-0.00405449)
(-0.00371044,-0.00815551)
(-0.00254848,-0.00579722)
(-0.000388639,-0.00798819)
(0.00585285,-0.0102808)
(-0.00163967,-0.00545206)
(0.00557869,-0.000120464)
(-0.00280147,0.00772365)
(0.00591991,-0.0115856)
(-0.00771946,0.00242182)
(-0.0031516,-0.0150367)
(-0.0161489,-0.00233817)
(-0.0096451,0.00364224)
(-0.00215809,-0.00801815)
(-0.00813402,0.00685016)
(-0.0112223,-0.0162904)
(-0.0117663,0.00454397)
(-0.0169858,0.00374465)
(0.00821106,-0.0102409)
(-0.0146465,0.00013854)
(0.00974803,0.00278264)
(-0.0102299,0.00754604)
(0.0125335,0.00538811)
(0.000217398,-0.00254975)
(0.0161501,0.00419166)
(0.0132916,0.0223198)
(0.00562484,-9.18255e-05)
(0.0132602,0.00599797)
(0.0030167,-0.0199668)
(0.00511471,0.00670421)
(-0.00241863,-0.0132524)
(-0.00711835,-0.00308378)
(-0.00735723,-0.0182292)
(0.0196992,-0.00187747)
(-0.00906443,-0.00371406)
(0.0106823,-0.00878323)
(-0.0139154,-0.00645263)
(0.00453799,0.00992771)
(-0.00058184,-0.00914844)
(-0.00607831,0.022591)
(0.00707327,0.00285111)
(-0.00971388,0.0118857)
(0.00825421,0.0156674)
(0.00186178,0.00654052)
(0.0193946,0.0141299)
(-0.00226013,0.00982018)
(0.00269238,0.00787275)
(0.00525438,0.00936013)
(-0.0255865,-0.0100342)
(0.0139102,0.0130377)
(-0.0165659,-0.0154543)
(-0.00571867,0.00485956)
(-0.00725759,-0.0241956)
(0.00932381,0.00583396)
(-0.0106759,-0.0150604)
(0.0136195,-0.0057916)
(-0.00728612,-0.00840832)
(0.0209618,0.00682244)
(-0.00419407,-0.00321592)
(-0.0032938,0.0106962)
(-0.0016647,0.00730448)
(-0.0184689,0.0082717)
(-0.00264575,0.0128129)
(-0.019317,-0.00279057)
(0.000245929,0.0170845)
(-0.00248624,0.00257368)
(0.000784644,0.0161427)
(0.000886824,0.0122647)
(-0.00908329,0.00424386)
(0.0095231,0.0142332)
(-0.010693,-0.00635356)
(0.0102929,0.00935629)
(0.00130221,-0.00220908)
(-0.00389669,0.00954757)
(-0.00637977,-0.022028)
(0.00532702,0.015011)
(0.00451419,-0.0154628)
(-0.00313832,0.0108674)
(-0.0036067,0.00472863)
(-0.0196017,0.00293848)
(-0.00188376,0.00615853)
(0.00626092,-0.0095004)
(-0.000119169,-0.0120059)
(0.0224534,-0.00861287)
(0.00381946,0.000686137)
(0.0125187,-0.014425)
(0.00195466,-0.00199309)
(0.0107335,-0.00753818)
(0.0080579,-0.00611406)
(-0.00362394,-0.00173998)
(0.00428542,0.00894909)
(-0.015807,-0.0104426)
(-0.00847871,-0.0092869)
(-0.0172438,-0.00108437)
(-0.0138984,-0.0183933)
(-0.0198891,-0.00649203)
(-0.0176975,-0.00355082)
(-0.00866743,-0.00180035)
(-0.0154723,8.99142e-05)
(-0.0239971,0.004258)
(-0.00760407,-0.0137361)
(-0.0181095,-0.00692308)
(-0.0122907,0.00292538)
(0.00116808,-0.00789469)
(-0.00171429,0.00143929)
(-0.0017043,-0.0330191)
(0.00421507,-0.00234663)
(0.00241692,-0.0193333)
(0.0123791,0.00464027)
(-0.00744935,0.00531258)
(0.0193905,0.00684162)
(-0.0214387,-0.00109719)
(-0.00235604,-0.014726)
(-0.0147529,-0.0109487)
(-0.00963088,-0.0101717)
(-0.00301565,-0.0040601)
(-0.00252326,-0.001339)
(-0.00394358,0.00311196)
(-0.0117897,-0.00491825)
(-0.0207983,0.0181625)
(-0.00114721,-0.0159296)
(-0.00528578,0.00533053)
(-0.0242808,-0.00284369)
(0.0021199,0.00961086)
(-0.00656456,0.0214558)
(-0.0188919,-0.0341881)
(-0.00813671,0.0110438)
(-0.00542519,-0.0213377)
(0.00169811,-0.0014825)
(-0.00756485,0.0172502)
(0.00304675,0.0113773)
(-0.00142251,0.0206521)
(-0.00768652,0.00192296)
(0.00144849,-0.000737108)
(-0.00561863,-0.00398558)
(0.00580974,-0.000432883)
(0.0052297,-0.00121433)
(0.00815756,-0.000573185)
(-0.00968932,-0.0140121)
(-0.00371534,0.00746071)
(-0.00961038,-0.00773193)
(0.00237602,0.00518665)
(-0.0218771,0.0011626)
(0.0081673,0.00825064)
(-0.0226161,0.011087)
(0.00219494,-0.0102428)
(-0.000554994,0.0150262)
(-0.00321383,-0.0101502)
(0.0135432,-0.003646)
(-0.00725584,0.000783453)
(0.00854499,0.00483234)
(0.00305599,0.00624044)
(-0.0178673,0.0103126)
(-0.00725921,-0.00774786)
(-0.0135537,0.00992168)
(0.00792824,0.000957752)
(-0.000626067,-0.0196858)
(-0.00860756,0.00440324)
(-0.0058886,-0.0156846)
(0.00968367,-0.0134836)
(-0.000638063,-0.00102929)
(-0.00916668,0.00460441)
(-0.00786763,-0.0187086)
(0.00615187,-0.00225387)
(-0.0062288,-0.00150597)
(0.00774799,-0.00362786)
(0.00113103,-0.0030765)
(-0.00660152,-2.32129e-05)
(0.00633122,-0.0153726)
(-0.00678884,-0.0112538)
(-0.000268154,-0.0175359)
(-0.00479322,-0.010659)
(0.00669384,0.00598181)
(-0.00890901,-0.00729869)
(-0.00129321,0.00575976)
(-0.0251617,0.00086886)
(-0.00365528,-0.00218901)
(-0.014826,0.000176383)
(0.0028577,-0.00717173)
(-0.00256878,-0.0157664)
(-0.014786,0.00614434)
(-0.00637942,-0.028452)
(-0.00354864,0.0121199)
(-0.00851883,-0.024086)
(0.0104647,-0.00800427)
(-0.00901851,-0.0096725)
(0.017694,-0.000474073)
(-0.0114231,0.00772844)
(0.0230603,-0.0225053)
(-0.0100958,0.00293824)
(0.00768925,-0.0126209)
(-0.00445675,-0.00149151)
(-0.00156444,0.0120967)
(-0.0051731,-0.0014304)
(-0.00982592,0.0274527)
(-0.022652,0.00480228)
(-0.00333464,0.0152818)
(-0.0209648,0.00496355)
(0.00193026,-0.00787854)
(-0.0046762,-0.0136358)
(-0.0099222,-0.0108183)
(-0.0135552,-0.0173821)
(-0.00782302,-0.00352151)
(-0.0105983,-0.0295991)
(-0.00290872,-0.0023758)
(-0.0140297,-0.0116985)
(0.0028137,0.00975626)
(-0.00909314,0.000409559)
(0.0206049,-0.00995783)
(-0.00198231,0.0115346)
(0.0141273,-0.0160501)
(-0.011264,0.000294043)
(0.0015014,0.00621012)
(-0.0135494,-0.0109137)
(-0.00386412,0.0213788)
(-0.0250417,-0.0140733)
(-0.00964092,0.00835539)
(-0.0233188,0.00945863)
(0.00602119,0.00420952)
(-0.0122451,0.0107364)
(0.00987615,-0.00970897)
(-0.0117493,-0.0172543)
(0.00372044,0.00185207)
(0.0189916,-0.00689528)
(0.0121756,-0.00102286)
(0.00970757,-0.00133791)
(0.00955788,0.0136216)
(0.0178422,0.010034)
(0.00737306,-0.00635267)
(0.015851,0.000776204)
(0.00422441,-0.00984029)
(-0.00670206,-0.000479378)
(-0.0146126,-0.011699)
(0.00692616,-0.00122919)
(-0.0110416,0.00101137)
(0.000432746,-0.0112746)
(0.000959724,0.0160844)
(-0.00746983,0.0114575)
(-0.00526572,-0.00247298)
(-0.00166182,0.0288758)
(0.0114789,-0.00708838)
(0.00794309,-0.00163592)
(0.0131364,0.0074837)
(0.0148843,-0.0179284)
(0.00228894,0.0139685)
(0.00968905,0.0117087)
(-0.00946378,0.0106586)
(0.0138615,0.00259321)
(-0.0084559,-0.0126894)
(0.00278015,0.00158094)
(-0.00790034,-0.0070036)
(-0.0069454,0.00755861)
(-0.00285347,-0.0156781)
(0.00823562,-0.000235219)
(-0.0121836,-0.0187292)
(-0.00113078,-0.0027565)
(-0.011303,0.00181333)
(0.00256776,0.00904725)
(-0.00551842,0.0134327)
(-0.0115386,0.0249978)
(-0.00895078,0.00781354)
(0.00434519,0.000569344)
(-0.0125206,0.0182057)
(-0.00138019,-0.00482916)
(-0.00664185,0.0158429)
(0.00226871,0.000776584)
(0.00294832,0.0161318)
(0.00934272,0.00779618)
(-0.00227435,0.0121309)
(0.00881973,0.0124775)
(-0.00928498,0.0111775)
(-0.000384983,0.0109155)
(-0.0103463,-0.00614316)
(-0.00295777,0.00481213)
(-0.0168335,-0.0129007)
(0.00572898,0.00488801)
(-0.00934177,-0.00066592)
(0.00523446,0.0097702)
(-0.0062789,0.0136305)
(-0.0121459,0.00743029)
(0.000255875,-0.000367182)
(-0.014387,-0.00293826)
(0.00215149,-0.00486742)
(0.0078044,0.00219779)
(-0.00913606,-0.00585579)
(0.000842884,-0.00536964)
(-0.0114564,-0.0130051)
(0.0188686,-0.000307882)
(-0.0101465,-0.020242)
(0.00156302,-0.00130212)
(0.00894576,-0.0109421)
(-0.0188642,-0.011371)
(-0.0121277,-0.010452)
(-0.0233855,-0.0133839)
(-0.0321219,-0.00587426)
(-0.0148198,-0.0152596)
(-0.0149775,-0.00247897)
(-0.0154559,-0.000283141)
(-0.0171129,-6.53481e-05)
(-0.0429205,0.0156254)
(0.00614826,0.00287528)
(-0.0207974,-0.00390271)
(-0.00853623,-0.000223001)
(-0.0102819,-0.0055981)
(-0.0045124,0.0226978)
(-0.00971808,-0.00947486)
(-0.0135147,-0.00166376)
(-0.0061513,-0.0208413)
(0.0112508,-0.00786058)
(-0.00909931,0.00724717)
(0.0196516,0.00222813)
(-0.00810595,-0.00974679)
(-0.0182109,-0.00599421)
(-0.0102319,-0.0132429)
(-0.019027,-0.016584)
(-0.00685846,-0.0154664)
(-0.0153986,-0.00932815)
(-0.0276101,0.00631286)
(-0.00489786,-0.0124482)
(-0.0330454,0.0288052)
(0.0065583,-0.00617297)
(-0.010029,0.00548329)
(-0.0120087,-0.0120534)
(0.015213,0.0122502)
(-0.0112726,0.0149831)
(9.12047e-05,-0.0257685)
(-0.00839764,0.00627893)
(-0.0145847,-0.0337005)
(-0.0011025,0.00357508)
(-0.0285268,0.00260299)
(0.00983287,0.00352506)
(-0.0123794,0.000577205)
(-0.0109027,0.010663)
(-0.00424126,-0.0129511)
(-0.000226831,-0.00430137)
(-0.00267672,0.0111185)
(-0.00242072,-0.007639)
(-0.0200695,0.0142096)
(0.000797726,-0.00994307)
(-0.00532397,0.00667374)
(0.0254685,-0.00869748)
(0.01258,0.00554586)
(0.0019092,-0.0266767)
(0.0350362,0.0253658)
(-0.00749462,0.00139507)
(0.0197384,0.00653823)
(-0.00146744,0.0148445)
(0.00544232,-0.0172536)
(0.0051694,-0.00603446)
(-0.00728812,-0.0145257)
(0.0133294,0.00316517)
(-0.00672015,-0.00644845)
(-0.00531562,0.0246186)
(-0.00596981,-0.00863327)
(-0.0143002,-0.00136961)
(0.0057888,0.00163215)
(0.00866358,-0.0237079)
(-0.00519248,-0.00214586)
(0.022792,0.0163944)
(0.0115957,-0.0207767)
(0.0166762,0.00756181)
(-0.00579257,-0.0151335)
(-0.0224141,-0.0124348)
(-0.0229198,-0.000898914)
(-0.00579348,0.017693)
(0.00625652,0.00402034)
(-0.00153922,0.0153783)
(-0.00852925,0.00472364)
(0.0159012,0.0095495)
(-0.00837959,0.00947942)
(0.018929,0.00706293)
(-0.0027917,0.00274716)
(-0.00342075,0.00668551)
(-0.0213535,-0.0198487)
(-0.000674066,0.00618643)
(-0.0128512,-0.00453687)
(0.00261612,-0.00257625)
(-0.0063931,-0.014129)
(-0.0070906,-0.00566808)
(0.0236062,-0.0368619)
(-0.0298326,4.23333e-05)
(-0.0281333,-0.0302545)
(0.00248529,0.0241057)
(-0.00772798,-0.0229763)
(0.00895239,0.0182098)
(-0.00464227,-0.0134228)
(0.00262584,0.0177822)
(-0.000899173,-0.00299091)
(0.0103991,0.00283104)
(0.00251231,0.0165747)
(0.00639804,-0.00401792)
(0.018634,0.0137553)
(0.00687553,0.00605611)
(-0.0199614,-0.000677528)
(0.0027889,0.0196282)
(-0.00987076,-0.0082872)
(-0.00977269,-0.00227444)
(0.00358562,-0.0091975)
(0.00192783,-0.0162664)
(0.007384,-0.031871)
(-0.0293843,-0.00741347)
(-0.0353792,-0.0238876)
(-0.0101651,0.0086773)
(-0.0163872,-0.0306506)
(-0.00326655,0.003788)
(-0.0215496,-0.0225003)
(-0.0108067,0.011804)
(-0.016878,-0.0104033)
(0.00738166,0.000884319)
(0.0157796,0.0165178)
(0.00390806,0.0032416)
(0.00168763,0.0206392)
(0.00296563,-0.00151451)
(-0.0187487,-0.0132928)
(-0.0104912,0.0119779)
(-0.0229714,-0.0118022)
(0.00764342,-5.14329e-05)
(-0.0158009,-0.0113367)
(0.0149338,-0.0277098)
(-0.00482851,-0.0122025)
(-0.00292428,-0.0148367)
(-0.011212,0.000210497)
(0.00748242,-0.0158982)
(0.0183995,-0.00841407)
(0.00282353,-0.00941415)
(0.00123628,-0.00703546)
(-0.00217666,0.0083541)
(0.0115914,0.000306141)
(0.0113699,0.00590657)
(0.0181112,0.0159465)
(0.00665047,-0.00846957)
(0.0152242,0.00741997)
(-0.00650327,-0.0108477)
(0.00526715,-0.0132554)
(-0.00756679,0.00349526)
(-0.00618825,-0.013195)
(-0.0141617,0.00112189)
(-0.00737314,-0.00344549)
(0.0027118,0.000172349)
(-0.0088583,0.00721071)
(0.0137453,-0.0133227)
(0.0139839,-0.0149739)
(0.0107774,0.00275081)
(0.0222757,-0.00853114)
(0.0104238,-0.00871604)
(0.00923398,-0.0128083)
(-0.0171014,0.00934977)
(0.00431941,-0.0024903)
(-0.00688555,-0.00438698)
(0.016596,0.00225744)
(-0.00459542,-0.00170222)
(-0.00836472,0.0126599)
(-0.00852974,0.00169808)
(0.0017193,-0.000602528)
(0.000146559,-0.00924632)
(0.00177669,-0.000190546)
(0.000303001,0.0125272)
(-0.000183482,0.0142499)
(0.000107279,0.00523164)
(0.00317901,0.0289983)
(-0.00854674,0.00854245)
(0.00903569,0.00300479)
(0.00499143,-0.00535102)
(0.00214189,-0.0144508)
(0.00291082,0.00189052)
(-0.0017373,-0.00462401)
(0.00796102,0.0198869)
(-0.00451138,-0.00207252)
(0.000111567,0.0119427)
(-0.00538335,-0.00242944)
(0.0101786,0.00110238)
(-0.00729807,0.0110224)
(-0.00771697,-0.00655505)
(-0.00761123,0.0087875)
(-0.0161856,0.0035653)
(0.00513839,0.0146913)
(-0.00382818,0.00262003)
(0.0163227,0.0214767)
(-0.000425073,-0.00202304)
(-0.00854462,0.00418041)
(0.00173027,-0.00139571)
(-0.0175262,0.00469449)
(0.00402391,-0.00826067)
(-0.0108363,0.00830485)
(-0.000569672,0.00171002)
(-0.0155395,0.00860888)
(-0.0239228,-0.0241624)
(-0.00275917,-1.44476e-05)
(-0.012051,-0.032688)
(-0.000201137,-0.0017623)
(-0.00177664,-0.0175212)
(-0.00368684,-0.013721)
(-0.0134132,-0.00774714)
(-0.00917093,0.0101006)
(-0.0161988,0.00362402)
(-0.00656921,0.014849)
(0.0114967,0.00576706)
(-0.00207061,0.0141937)
(0.00771844,-0.0135803)
(-0.0191373,0.00302864)
(-0.00517406,-0.000495113)
(-0.00992823,-0.018694)
(-0.000809207,-0.00817995)
(-0.00295046,0.00798462)
(-0.0150654,0.0085534)
(-0.00851704,0.00437994)
(-0.0255214,-0.00160234)
(0.00862998,-0.00479808)
(-0.0161085,-0.0146089)
(-0.0104776,0.00118105)
(0.025497,-0.0130217)
(-0.00170326,0.00573791)
(-0.0145612,-0.0122157)
(0.00783223,0.0118722)
(-0.0312498,-0.00826789)
(0.00335819,0.0121023)
(-0.00492578,-0.00164966)
(-0.0199603,0.0130447)
(0.00179769,-0.00645087)
(0.00387409,-0.0103203)
(0.0106228,-0.0129216)
(0.0226684,0.00640136)
(-0.00822379,-0.0245648)
(0.0351976,0.0428235)
(0.00214528,0.0195241)
(0.0285011,0.0206416)
(-0.00458087,0.0130974)
(0.0172297,-0.0150022)
(-0.00952686,0.00183497)
(-0.00937395,0.00186661)
(0.014508,-0.0013552)
(-0.0191139,0.00400005)
(-0.00223809,0.0115815)
(0.00737609,0.0013468)
(-0.0086601,0.00885306)
(0.00952552,0.0237725)
(0.00799963,-0.0191048)
(-0.0179017,0.000703921)
(0.0503512,0.00581466)
(0.0181524,-0.013335)
(0.0604683,0.0193378)
(0.0425295,0.0250307)
(-0.0110647,-0.063278)
(0.0160965,0.0557544)
(0.0140536,-0.0126881)
(0.033929,0.0480457)
(0.0262667,0.00750322)
(0.0254747,0.0143204)
(0.0090044,-0.00972882)
(-0.000559422,-0.00475224)
(0.00190646,-0.0153322)
(-0.0200844,-0.00600316)
(-0.00246679,0.0289056)
(-0.000152846,0.00146636)
(0.00331338,0.004961)
(0.00648907,0.0244569)
(0.0362463,-0.00283575)
(0.00136047,-0.0114946)
(0.0558375,0.0236379)
(0.000808393,-0.0141673)
(0.0352761,0.0233544)
(-0.0280505,-0.0573475)
(-0.0964942,-0.0166966)
(-0.0416887,-0.00504475)
(-0.000239609,0.0197196)
(-0.00407854,0.0148095)
(0.0115015,0.0295544)
(0.00478807,0.0263867)
(0.00995956,0.00231321)
(0.00163898,0.0227183)
(0.0278258,-0.00782767)
(0.0126097,0.00807812)
(0.00444124,0.0114883)
(-0.0205304,0.00542901)
(-0.00173933,0.0083399)
(0.0148708,0.00783346)
(0.0101641,-0.0153698)
(0.0382342,-0.00241619)
(-0.0295464,-0.0120715)
(0.0412092,-0.00667154)
(-0.0757258,-0.0626874)
(0.0320382,0.0635031)
(0.112388,0.0336366)
(0.0267516,0.00413654)
(0.0101781,0.0389493)
(0.00770477,-0.00433956)
(-0.00613936,0.0227274)
(0.00687102,-0.00290888)
(-0.000301799,0.00508922)
(0.0210428,0.0124742)
(-0.00190508,0.00707904)
(0.00532973,0.0129205)
(0.00246551,0.00730322)
(-0.0176884,0.00490756)
(-0.0138505,0.0100761)
(-0.00290656,0.0173896)
(0.0161378,-0.000866522)
(0.0347169,0.00327071)
(0.0099878,0.00552113)
(0.0432144,-0.000626683)
(-0.00177635,0.0257971)
(-0.0431295,0.0170966)
(0.0015402,0.0113119)
(0.00957932,0.0143722)
(-0.0220278,0.00709475)
(-0.0196753,-0.00866607)
(-0.0172535,0.00336182)
(-0.0123092,0.00149649)
(-0.0095399,0.00441971)
(0.00662269,0.0131491)
(0.00338232,-0.00668772)
(0.00973675,-0.0011784)
(0.0104176,-0.00841053)
(-0.028167,-0.0100385)
(-0.0162125,0.000318967)
(-0.0173044,-0.0051774)
(-0.00350662,-0.0189827)
(0.00238283,-0.00475009)
(0.0195277,-0.0269508)
(-0.000516105,-0.0025975)
(-0.00653075,-0.0120416)
(-0.0235601,0.0195536)
(-0.00652888,0.00101582)
(0.0105545,0.012405)
(-0.00154508,-0.0155506)
(-0.00133054,0.00454884)
(0.00157073,-0.00925801)
(0.00578075,0.0084548)
(0.0126944,-0.0103473)
(0.017453,0.000644685)
(0.00872354,0.000399413)
(0.00861992,0.00827544)
(0.00886219,-0.00206063)
(-0.00254075,-0.00367415)
(-0.0149618,-0.00357922)
(0.0082033,-0.00190096)
(-0.0143755,-0.00274164)
(-0.00332385,-0.0108497)
(0.00788378,-0.0240066)
(-0.00729776,-0.00947065)
(0.000429935,-0.0113031)
(-0.00320488,-0.00484523)
(0.0127565,-0.0166984)
(0.0170564,0.00252523)
(0.0159263,-0.000974817)
(0.00949744,0.0009275)
(0.0130977,-0.00258354)
(0.0137881,-0.0124778)
(0.0155965,-0.00424799)
(0.00635122,-0.00375628)
(0.0130344,0.00843356)
(0.00816228,0.00144131)
(0.0138932,0.00660557)
(0.018075,-0.0128293)
(-0.00217468,0.0146658)
(0.0210996,0.00116712)
(0.00364869,0.0117941)
(0.0149059,0.01226)
(0.00661985,0.00565807)
(0.0081607,0.00617126)
(0.000469273,-0.00771404)
(0.00275692,-0.00256258)
(0.0105757,-0.00781436)
(0.00897568,-0.0112893)
(0.025282,-0.00656465)
(0.00454083,-0.0186076)
(0.0142257,0.00549112)
(0.00414394,0.00170582)
(0.0187155,0.0121513)
(-0.00900922,-0.00714273)
(0.00695933,0.0141574)
(-0.017417,-0.00419627)
(-0.00149945,-0.0125132)
(-0.0127389,0.00584543)
(-0.00479257,0.0025336)
(-0.00210483,0.0193233)
(0.00332169,0.000983675)
(0.00957457,0.00529858)
(0.00195853,-0.000667208)
(-0.00686458,-0.00846718)
(0.00397454,-0.00271514)
(-0.00814019,-0.00345053)
(0.0207886,-0.00433347)
(-0.0137798,0.00650833)
(-0.000584699,-0.0055981)
(-0.0174727,-0.0133867)
(-0.0078575,-0.020752)
(-0.00768821,-0.0182358)
(-0.00591113,-0.0220205)
(0.00613902,-0.0226104)
(-0.0127604,-0.026196)
(5.26531e-05,-0.0181115)
(0.00454519,-0.0106046)
(-0.022975,0.00670333)
(-0.00434592,0.0112729)
(-0.00762966,0.0247766)
(0.0141804,0.0127669)
(-0.00294341,0.00632867)
(0.00131994,0.00301868)
(0.00912092,-0.0170535)
(-0.0129526,-0.00289857)
(0.029209,-0.0177364)
(-0.00759379,-0.00500929)
(0.00830819,0.0185411)
(-0.0157074,0.013246)
(-0.00667696,0.0135719)
(-0.0303086,-0.0082604)
(0.0072929,-0.00893992)
(-0.0124112,-0.00939713)
(0.0114291,-0.00456253)
(0.00342912,-0.0158382)
(0.00114264,-0.0146425)
(-0.0049443,0.000263365)
(-0.0103978,0.0106753)
(-0.00632949,0.00559655)
(0.00239563,0.0234035)
(0.000557052,0.0171547)
(-0.000675175,-0.00231031)
(0.0128079,0.00344023)
(0.033122,-0.036048)
(-0.0334929,0.0228617)
(0.0221718,-0.0290203)
(-0.0301715,-0.0377694)
(0.0222514,0.0178506)
(-0.000162823,-0.00293914)
(0.0225821,0.0409462)
(0.000808827,-0.00114951)
(0.0217094,0.0229776)
(-0.00428275,0.00131067)
(-0.000999481,-0.00510511)
(-0.00232372,-0.00411859)
(-0.00321797,-0.00137199)
(-0.0058529,0.00808175)
(-0.00517399,0.00459033)
(0.00358061,0.0121454)
(-0.00524761,-0.0038646)
(0.0211355,0.00720582)
(0.00514655,-0.0277018)
(0.0393883,0.0350017)
(0.0140525,-0.0368888)
(0.0145311,0.104251)
(0.0293242,-0.031641)
(-0.0135464,-0.0628024)
(-0.0833542,0.00614493)
(0.0388931,-0.0263201)
(-0.0104806,0.0139079)
(0.0385636,-0.0152956)
(0.0178382,0.0162508)
(-0.00307855,-0.0118189)
(-0.00589234,-0.0152894)
(-0.00513694,-0.0123468)
(-0.00580237,-0.0255913)
(0.00320739,0.00880274)
(-0.00928847,0.00863274)
(-0.00283361,0.0132299)
(0.0110634,0.00971677)
(0.0275114,0.000777197)
(0.00283462,0.00850521)
(-0.00177976,-0.0021095)
(-0.0940229,0.0426077)
(-0.0114215,-0.0184921)
(0.00504308,0.00552277)
(0.00763144,0.0145115)
(0.0182217,0.0025378)
(0.0401658,-0.0285489)
(-0.00689455,-0.0511745)
(0.0346969,0.0125661)
(0.00330167,0.0335438)
(0.00691108,0.009087)
(0.0054961,0.0074847)
(0.00279284,-0.00375203)
(-0.00149517,-0.0109862)
(0.000474848,0.0013663)
(-0.00715635,0.00885744)
(0.00342348,0.0200142)
(0.0151164,0.00213757)
(-0.0106699,0.00579463)
(0.0508384,0.00727304)
(-0.0618109,-0.00497824)
(0.0063277,0.010693)
(0.00758574,-0.00491559)
(0.00491717,-0.00374129)
(0.00561913,0.00590769)
(-0.0173594,-0.00301439)
(-0.0525831,0.00323549)
(-0.019141,0.00153891)
(-0.0111299,0.0446976)
(-0.0235613,0.0332185)
(-0.0120445,0.00921702)
(-0.0125711,0.0109331)
(-0.00739188,0.0016853)
(0.00249936,-0.00259543)
(-0.000908639,3.74469e-05)
(-0.012344,0.0200558)
(-0.00142923,0.00406483)
(0.0155741,0.0192229)
(0.0127579,0.00187754)
(0.0454236,0.0189509)
(0.0249655,-0.00911171)
(0.0387815,0.0245917)
(0.0898255,0.0953303)
(-0.0907004,-0.0393561)
(-0.0743569,-0.0726184)
(0.102866,-0.0261108)
(-0.0634977,-0.0237924)
(-0.0173454,0.0354724)
(-0.0225973,0.00195121)
(-0.0263013,0.0268663)
(0.00754433,0.00872103)
(-0.0130683,0.0149913)
(0.000361635,-0.00586334)
(-0.00486428,-0.0057304)
(0.0228477,-0.00802631)
(-0.0230421,-0.00599084)
(0.00632623,-0.0165473)
(-0.0152435,0.00836615)
(-0.000894362,-0.0167584)
(0.00394136,0.0107245)
(0.0207945,-0.0241185)
(-0.0052541,0.0302656)
(0.0117926,0.00645521)
(-0.013275,0.03152)
(-0.00798335,-0.0189355)
(0.0151436,0.0312106)
(-0.0369793,-0.00111768)
(-0.00532975,0.0118358)
(-0.000531607,-0.0190766)
(-0.0152495,0.0106986)
(0.021212,-0.0104605)
(-0.00518576,0.0121078)
(0.0146282,-0.02293)
(-0.000647562,0.00387894)
(0.0283092,-0.00844989)
(-0.00265023,-0.0223127)
(-0.00605885,-0.00430009)
(0.00867305,-0.0103434)
(-0.0158743,-0.000631311)
(0.00149187,-0.0130426)
(0.00561342,-0.0025539)
(-0.0120017,-0.00493166)
(-0.0031747,0.00262784)
(-0.0105381,0.0133)
(-0.0123186,0.00803416)
(0.00866262,0.00327949)
(0.00409742,-0.00199172)
(0.00997217,0.0119047)
(0.00419921,-0.000712065)
(0.00882973,-0.00471104)
(0.0254795,-0.00660311)
(0.00741575,-0.0143752)
(0.0034965,-0.015457)
(-0.00178082,-0.00654007)
(0.0157004,0.00257343)
(0.0217403,-0.014045)
(0.00539124,0.00182897)
(0.0237566,-0.0093331)
(0.000950857,0.00221765)
(0.0163012,-0.0075313)
(-0.00367147,0.000137162)
(-0.00189807,-0.0119093)
(-0.00343598,-0.00356786)
(-0.00203998,-0.0191482)
(0.0033767,-0.00300666)
(0.00369663,-0.015254)
(0.0131033,0.00525389)
(0.0105689,-0.0108)
(0.0120117,0.00565413)
(0.003031,-0.0094418)
(0.00479127,0.0101076)
(-0.0104698,-0.00776569)
(0.00438193,0.00957415)
(-0.0143161,-0.00520765)
(0.0319935,-0.00838285)
(-0.00732379,-0.0037119)
(0.0140348,0.00187034)
(-0.0139284,0.0161498)
(0.012394,-0.00647795)
(-0.0206435,0.0192283)
(-0.00538838,-0.00873907)
(-0.0223999,0.0157895)
(-0.00859685,-0.000796976)
(-0.00434278,0.01058)
(0.00916456,0.00326448)
(-0.0164956,0.00579324)
(0.00316311,0.0053758)
(-0.0174777,-0.0182509)
(-0.00183267,0.000916725)
(-0.0109428,-0.0332691)
(0.00104338,-0.0181603)
(0.00186231,-0.0103199)
(-0.00903672,-0.0083896)
(0.0103162,-0.00715619)
(0.0266703,-0.00262298)
(-0.01255,0.0108831)
(0.0202931,0.00274752)
(-0.0103864,0.0286516)
(0.0232991,0.0116883)
(-0.0156931,0.0290824)
(0.00386282,0.00194894)
(0.00877752,-0.00664033)
(-0.0176099,0.00327412)
(0.00552669,-0.00833935)
(-0.00124865,0.0104758)
(-0.00587471,0.0178159)
(0.00213843,0.0314436)
(-0.0210519,0.00962741)
(-0.0184042,0.0155812)
(-0.00815274,-0.0164483)
(-0.00617714,0.00270512)
(-0.0112243,-0.0166297)
(-0.00525637,-0.0183925)
(0.0154,-0.00634003)
(0.0189352,0.00288298)
(0.00202749,0.00149693)
(0.00254247,0.0196903)
(-0.00726289,0.0188493)
(0.00722506,0.00965155)
(0.00279439,-0.0135701)
(-0.00933722,-0.00239257)
(0.0153515,-0.0329191)
(-0.0310825,-0.0201179)
(-0.00895808,-0.0231912)
(-0.0259024,0.0106122)
(0.0124283,-0.00190814)
(-0.0181584,0.017947)
(-0.0266028,0.0216767)
(0.0111271,0.025371)
(0.00120365,-0.00235734)
(-0.0132206,0.0196844)
(-0.0115254,-0.0137641)
(-0.00770067,0.00403385)
(-0.0151425,-0.0168991)
(0.0108736,0.000288644)
(-0.0118784,-0.00277092)
(-0.00673806,0.00506649)
(0.00385844,-0.00346446)
(-0.0184889,-0.0105993)
(0.00329705,-0.0216447)
(-0.00856598,-0.0306445)
(0.0132987,-0.00938524)
(-0.001366,-0.101002)
(-0.0630685,0.108817)
(-0.00151684,0.052831)
(0.0905521,-0.103773)
(-0.0146979,0.0143489)
(-0.0306381,0.00396003)
(0.0122902,0.0150201)
(-0.0150301,0.0149775)
(0.00469983,0.0259415)
(-0.00744587,-0.0223983)
(-0.0146626,-0.00107806)
(-0.0123251,-0.01438)
(0.00889365,-0.0106113)
(0.00104217,-0.00121058)
(-0.00349747,0.00350539)
(-0.000742111,0.00319815)
(-0.00876111,-0.00301613)
(0.0220325,0.00325433)
(-0.0299015,-0.00827458)
(0.11197,-0.0178931)
(0.00313936,0.00528898)
(0.00935982,-0.0191758)
(0.00975628,0.0030614)
(-0.0243385,0.0209883)
(-0.0648493,0.00106608)
(-0.00389921,-0.0156581)
(0.0160898,0.0425485)
(-0.0203677,0.0207579)
(-0.0093686,0.013052)
(0.0036876,0.0145217)
(-0.00602637,-0.00130622)
(0.0094599,-0.0105676)
(-0.00126485,-0.00387963)
(-0.00622101,0.00569319)
(-0.00300239,0.01794)
(-0.00678001,-0.000976091)
(-0.0126679,0.00978678)
(-0.0156111,0.00298859)
(0.0703175,0.017068)
(-0.0783282,-0.0343165)
(0.00464069,0.0174983)
(-0.00870319,0.00963817)
(-0.0119841,-0.018982)
(0.011107,-0.00243992)
(0.0576962,-0.0440446)
(0.0954268,-0.0388119)
(0.0211695,0.0430314)
(-0.00738098,0.033957)
(0.0124922,0.0166199)
(-0.00819124,0.00977812)
(-0.0059836,-0.00527912)
(-0.00247255,-0.001007)
(0.00861071,0.00709662)
(-0.00743528,0.00767734)
(-0.00387584,0.00800256)
(-0.0141637,-0.00103993)
(-4.76316e-05,0.0265771)
(0.000643668,0.00252982)
(0.000568933,-0.00908655)
(0.019823,0.0106976)
(-0.118716,-0.0400602)
(0.0559788,0.0178412)
(0.0379184,0.0356048)
(-0.0811706,0.0286411)
(0.0552411,-0.00125013)
(-0.0410905,0.0144392)
(0.0300398,0.0146919)
(-0.034451,0.0143816)
(0.0156724,0.0123902)
(-0.0129897,0.008657)
(0.00259226,-0.00106548)
(-0.00758902,0.00392691)
(0.0135716,-0.0138813)
(-0.00261627,8.50273e-05)
(0.0116537,-0.0101385)
(-0.0246275,-0.00235334)
(-0.0108958,-0.0178152)
(-0.00296775,0.00461356)
(0.012674,0.00997733)
(-4.63508e-05,0.0153172)
(0.0149089,-0.00487842)
(0.0227331,0.0027615)
(0.0481481,0.0120796)
(-0.0145515,-0.00108463)
(0.043398,-0.00623902)
(-0.031655,-0.00622986)
(0.0155492,-0.0100738)
(-0.00287428,-0.0025939)
(0.00682561,-0.0117359)
(-0.00901816,0.0102286)
(0.000865979,-0.0107899)
(-0.00788784,0.010152)
(0.0156337,-0.0155571)
(-0.00127281,-0.00516246)
(-0.0030852,-0.0174139)
(0.00813269,0.00477869)
(-0.0186575,-0.0115519)
(0.00934904,-0.00740397)
(-0.0122549,0.00136277)
(0.00605712,0.00382008)
(-0.00805327,0.00233114)
(0.00459306,-0.0034315)
(0.00356394,0.00480287)
(0.00680744,0.00517711)
(0.00602715,0.00455489)
(0.0193461,0.000895238)
(-0.0143469,-0.0216122)
(-0.00191746,-0.00607078)
(-0.00680578,-0.0196328)
(-0.00833073,-0.0166387)
(-0.00935494,-0.0111476)
(-0.00687103,-0.00718481)
(0.0141729,-0.00867791)
(0.00702786,-0.0102322)
(0.00148065,-0.00698561)
(0.0300987,-0.0099283)
(-0.0115828,-0.00146335)
(0.0112594,-0.0186974)
(-0.0160041,-0.00442082)
(0.00614328,-0.0187687)
(-0.0216849,0.00700576)
(0.00473492,-0.00832368)
(-0.0126594,0.000933245)
(0.012138,0.00310491)
(-0.00163679,0.00271881)
(0.0105662,0.00372911)
(-0.034101,-0.0147834)
(0.00480252,-0.0124424)
(-0.0168413,-0.0100869)
(-0.000334533,-0.0100382)
(-0.0277015,0.00186249)
(-0.0117415,-0.00529287)
(0.0205712,0.0140702)
(-0.00903358,0.00170657)
(0.0192159,0.0222386)
(-0.0133247,0.0142665)
(0.0184061,0.0070344)
(0.00379881,0.0329732)
(0.00336436,-0.0094108)
(-0.000844576,0.0114978)
(-0.0242403,0.00394046)
(0.00817848,0.00539598)
(-0.0219842,0.00302928)
(-0.00166584,-0.00318222)
(-0.0357348,-0.00785544)
(-0.000965144,-0.0113202)
(-0.0215399,-0.0195572)
(0.00779163,-0.00856732)
(0.00081026,-0.0122922)
(0.00981844,0.00799278)
(-0.0104304,-0.00292828)
(0.0137751,0.0101456)
(0.0220329,0.0056621)
(-0.000122788,-0.000642088)
(0.0173751,0.00721144)
(0.0142734,0.029163)
(0.0312855,0.00403456)
(0.0127332,0.0341846)
(-0.00348794,0.00721843)
(0.002252,0.00968816)
(-0.0211048,0.0168004)
(0.00185309,-0.00954317)
(-0.00340453,0.0234623)
(-0.0245804,0.00406564)
(-0.0250435,0.00537363)
(-0.0251091,0.00326341)
(-0.0275981,-0.0123308)
(0.00108564,-0.0119934)
(-0.00874134,-0.00760862)
(0.01002,0.00277642)
(-0.00156286,-0.00625532)
(0.00398003,0.00464952)
(0.0117527,0.00575841)
(0.00524681,-0.00568957)
(0.00512097,0.00033034)
(0.0139693,0.0105802)
(0.0157514,0.0211948)
(-0.00297966,0.000634258)
(-0.00346472,0.0357389)
(0.011291,-0.0261301)
(-0.000952478,0.0431429)
(-0.0338817,-0.0274947)
(0.00335489,0.0322835)
(-0.00747214,-0.0157016)
(-0.00134185,0.0296676)
(-0.046518,0.0222422)
(-0.0158777,-0.00458994)
(-0.0104747,0.00643218)
(-0.0127066,-0.00177602)
(0.00374625,-0.00735664)
(-0.00906924,-0.0114834)
(0.0170705,-0.00536219)
(0.015359,0.00584834)
(-0.00430292,0.00513545)
(0.0038734,0.00893892)
(-0.00289355,0.00519538)
(-0.00774559,0.0232703)
(-0.0208127,-0.00567367)
(0.00100677,0.0258898)
(-0.0217565,-0.0032253)
(0.00547706,0.0181811)
(-0.0769465,0.0178874)
(0.023192,0.0252074)
(0.0483831,-0.0195394)
(0.00613464,0.00434952)
(-0.0309788,0.0354413)
(0.0194279,0.0191775)
(-0.0273748,0.0137906)
(-0.0074393,0.0094903)
(0.00625072,-0.00703749)
(-0.0171543,-0.00876269)
(0.00790148,-0.0100904)
(0.0105428,-0.00592717)
(-0.0121983,0.0118984)
(0.00555716,-0.000367388)
(-0.00528229,0.0177898)
(-0.00941528,-0.00280242)
(-0.0247383,0.00306819)
(-0.00916035,0.00911424)
(-0.0209701,0.0201391)
(-0.0131374,0.066435)
(-0.0710919,0.0134796)
(0.0132108,-0.0918323)
(0.101322,-0.0402142)
(-0.012461,-0.00406473)
(-0.0282177,0.0283313)
(-0.00258937,0.0187108)
(-0.0175387,0.0330821)
(-0.00916965,0.00958367)
(0.00446095,0.015509)
(-0.0128508,-0.00270161)
(0.0166866,-0.000640149)
(-0.00519705,-0.013286)
(-0.00441171,0.00931088)
(-0.00211752,0.00674232)
(-0.0145286,-0.00286404)
(-0.0199363,0.00574048)
(-0.030369,-0.00428739)
(0.00110536,-0.0230169)
(-0.0270979,-0.0134649)
(-0.00905644,-0.0700825)
(0.0579875,0.0185862)
(-0.0197485,0.099277)
(-0.0655268,0.0296994)
(-0.00755575,0.0562219)
(-0.0352808,0.0160175)
(-0.0217044,0.0164712)
(-0.0273147,0.0366933)
(-0.0114301,-0.0098383)
(0.00460567,0.0119094)
(-0.0229955,-0.0131331)
(0.012746,-0.000231044)
(0.00135996,0.0152479)
(0.00107326,0.0142556)
(0.00592121,0.0123127)
(-0.00735627,-0.00077749)
(-0.00213384,-0.00340156)
(-0.0241502,-0.000304333)
(-0.0056347,-0.000488153)
(0.00214886,-0.0190246)
(0.00579839,-0.0377213)
(0.065342,-0.0701398)
(0.0455888,0.0119815)
(-0.0115346,-0.0470147)
(0.0304334,-0.0026767)
(-0.0207917,-0.00253699)
(-0.0121685,-0.0188009)
(0.0047268,0.00677677)
(-0.0112266,-0.00852106)
(0.00406294,0.00872436)
(-0.0094169,0.0102737)
(0.000186577,-0.00613026)
(0.0116465,-0.00169777)
(0.00384696,-0.00194224)
(0.022295,0.00656269)
(-0.0137982,-0.00645463)
(0.00491519,-0.0044175)
(-0.0156224,0.0187478)
(0.0215161,0.00434537)
(-0.012333,0.0231041)
(0.0143406,0.00704769)
(0.0137198,-0.0361681)
(0.0481725,0.0153276)
(-0.00342821,-0.0306478)
(0.0263067,-0.00263647)
(0.00958068,-0.0172912)
(-0.0133185,-0.0216317)
(-0.0195947,0.00925897)
(-0.0163949,0.00106585)
(-0.0178534,-0.00102873)
(-0.0143564,0.0100466)
(-0.0078173,0.00957041)
(0.00308148,-0.00157654)
(0.00673504,0.00116821)
(0.00613476,-0.00262117)
(0.0142688,-0.00521023)
(-0.00160174,-0.0120503)
(0.0181763,0.000986455)
(-0.00167112,-0.00990379)
(0.00189414,0.00877979)
(-0.0095753,0.00580365)
(0.00634512,0.000478538)
(-0.00101611,-0.00292348)
(0.0134875,-0.000183488)
(0.00450815,0.00306005)
(0.00883121,0.0197605)
(-0.0143226,0.00496746)
(-0.00499979,-0.00295232)
(-0.00494002,0.00943134)
(-0.00716605,0.000222128)
(-0.0161423,-0.00343734)
(-0.0102801,-0.0110313)
(-8.34026e-05,0.00416902)
(0.0125894,0.0040324)
(-0.0117032,0.00211929)
(0.0172756,-0.00510638)
(-0.00525664,-0.014629)
(0.0202306,-0.0112712)
(-0.0132609,-0.00359304)
(0.00461687,-0.00389615)
(-0.0192716,0.00439918)
(0.00701712,-0.00470112)
(-0.0140649,0.00484922)
(0.0190442,0.00885229)
(-0.0179352,0.00424519)
(0.0109357,0.0188331)
(-0.0318107,-0.00502851)
(-0.00485539,0.00194413)
(-0.0227063,-0.00637218)
(0.00652157,-0.00507175)
(-0.0175416,-0.0102451)
(0.002419,-0.00295825)
(0.0160873,0.000262295)
(-0.00348022,0.00557192)
(0.0117902,0.013144)
(-0.00317834,0.0147901)
(0.00758725,-0.00322873)
(-0.00286785,0.0201297)
(-0.0101846,-0.000190284)
(-0.00375752,0.0109321)
(-0.0197716,0.00922242)
(0.0174638,0.00113074)
(-0.0160957,-0.00121126)
(0.0267471,-0.0138749)
(-0.0188935,-0.00538768)
(0.0143872,-0.0101808)
(-0.00917745,-0.0103635)
(0.0207929,0.00296323)
(0.00879354,-0.00332169)
(0.0220817,0.0170149)
(0.000889816,0.0177901)
(0.00342668,0.0234073)
(0.0147271,0.00358661)
(-0.00950191,0.00844325)
(-0.000369018,-0.0150947)
(0.0064065,0.0357736)
(-0.00763402,-0.0148626)
(0.0103214,0.0387298)
(-0.0136092,-0.00869407)
(-0.00823006,-0.0015401)
(-0.0275501,0.00349945)
(0.0206592,-0.00748829)
(-0.0026039,0.0097367)
(0.0082771,0.00104182)
(-0.00941532,-0.0156531)
(0.0162883,-0.00332798)
(-0.000904895,-0.0159195)
(0.0227245,-0.00556289)
(0.0149746,-0.00108558)
(0.0105506,0.0025201)
(0.00783751,0.0102291)
(0.0131177,0.0192233)
(0.00793631,0.000940524)
(0.00111165,0.014967)
(-0.00326005,-0.00733712)
(0.0171635,0.0288802)
(-0.00090828,-0.0254024)
(0.0105508,0.0271548)
(-0.0166777,-0.0017515)
(0.0153504,-0.01611)
(-0.0271758,-0.00350103)
(0.0124339,-0.0310185)
(-0.00706437,0.000992992)
(-0.00273019,-0.018634)
(-0.00275716,-0.0275829)
(-0.0116406,0.0123157)
(-0.0181376,-0.0218435)
(0.0153125,-0.0192853)
(-0.00242253,-0.000403379)
(0.0110056,-0.00425733)
(0.00820894,0.00026015)
(-0.00227793,0.00637619)
(0.0121914,0.000802116)
(-0.00625716,0.00584237)
(0.010688,0.00442)
(0.0152547,0.0220498)
(-0.00282332,0.00238611)
(0.0165896,0.00514058)
(-0.00849191,0.00593161)
(0.0105521,-0.00932582)
(0.0127494,-0.00444468)
(-0.0052742,-0.00849109)
(0.0249437,-0.0156162)
(0.0230852,0.00570827)
(0.013628,-0.0106156)
(-0.0236818,0.0316825)
(-0.000175063,0.000668911)
(0.0111906,-0.0107479)
(-0.013242,0.00210501)
(0.0104804,-0.0105005)
(-0.00961401,0.0031656)
(-0.000174155,2.23059e-05)
(0.00665061,-0.000611046)
(-0.00916783,0.0162747)
(0.00678582,-4.68708e-05)
(0.0117984,0.00667952)
(0.00333344,-0.00481894)
(0.00293219,0.0148066)
(0.0143569,0.00708436)
(0.0173491,0.013841)
(0.0283634,-0.00910587)
(0.000164333,0.0200799)
(0.0154777,-0.0395045)
(0.0364474,0.00681928)
(0.0157265,-0.00249506)
(-0.0121361,0.0373016)
(0.00307298,0.0119268)
(-0.0144035,0.010039)
(-0.00264994,0.0135847)
(0.00889928,-0.00372866)
(-0.00973732,-0.00666651)
(-0.000508888,-0.0116262)
(-0.0133888,-0.00822424)
(-0.00569554,0.0167021)
(-0.00561051,-0.0115535)
(0.0134868,-0.00246868)
(-0.010372,-0.0106587)
(0.00360665,-0.0021506)
(0.0148202,-0.00195178)
(0.0104712,0.0143296)
(0.0248805,-0.0423457)
(0.027319,-0.0160419)
(0.00458662,-0.0125296)
(0.011885,-0.009386)
(-0.0203045,-0.00887678)
(0.00797755,0.0115606)
(-0.0208437,-0.0128358)
(-0.00550895,0.013242)
(-0.0105517,-0.0125253)
(-0.00529461,-0.00616384)
(-0.00876384,-0.0103892)
(-0.00854559,-0.0176871)
(0.0104432,0.0126248)
(0.00376622,0.00461136)
(0.00541864,0.00952601)
(-0.00909072,-0.0122999)
(0.00230296,-0.0023554)
(-0.0175226,-0.00624712)
(0.00942525,0.0247085)
(-0.00857566,0.0115917)
(-0.000676028,-0.0326568)
(0.0210633,-0.0533757)
(0.0138104,-0.0110892)
(0.0263042,-0.0477744)
(-0.00954937,-0.0308813)
(0.0123124,-0.0248451)
(-0.0259922,-0.0311625)
(-0.0012182,0.00241715)
(-0.00983468,-0.00768649)
(-0.00503631,-0.00172333)
(0.00246999,0.00697247)
(0.00151012,-0.00941701)
(0.0030123,-0.00542013)
(0.00256742,0.00230371)
(0.0220952,0.00344222)
(-0.0132335,-0.00475141)
(0.0184137,-0.00525698)
(-0.0171251,-0.00517839)
(0.00884419,0.0236114)
(-0.0152063,0.0237945)
(0.0107522,0.0171783)
(-0.00366687,-0.00750475)
(-0.00194098,0.00638676)
(0.00537844,-0.0303949)
(0.00465114,-0.00979112)
(-0.0011342,-0.00762505)
(-0.016811,-0.00553803)
(-0.011892,-0.00458229)
(-0.0141735,0.0133443)
(-0.00871879,0.00671512)
(-0.00520838,0.0222858)
(0.0051587,0.00303644)
(-0.00654054,0.00218317)
(-0.000162142,-0.00315707)
(0.00537673,-0.015653)
(0.00384211,0.0131894)
(0.00319306,-0.0180679)
(-0.000985737,0.00870774)
(-0.0137977,0.00167537)
(-0.00453393,0.0111873)
(-0.0153361,-0.00120236)
(-0.0132725,0.0132398)
(-0.0144366,0.00710406)
(-0.00428654,0.0186823)
(-0.00770804,0.0221312)
(-0.00513035,0.01217)
(-0.0136264,0.00868741)
(-0.0216446,-0.0057605)
(-0.000590559,0.0253057)
(0.00488727,-0.00328105)
(-0.00242943,0.00500187)
(0.00304171,0.000161314)
(-0.0137174,0.00110661)
(0.00738095,-0.00250999)
(-0.0161536,0.00271722)
(0.0169878,0.0102081)
(-0.00970347,-0.00382204)
(0.00329643,0.000493571)
(-0.00596092,0.000663112)
(-0.0039868,0.00574932)
(-0.0219767,0.00732078)
(-0.0178107,0.017094)
(-0.0154739,0.0275866)
(-0.00371278,0.0141649)
(0.00147159,0.0270821)
(-0.00360147,0.00270655)
(-0.0122368,0.0171512)
(-0.0111499,-0.00952191)
(-0.00292458,0.00597814)
(0.0134361,-0.0013734)
(-0.00510334,0.00339825)
(0.0158965,0.00280059)
(0.00393638,0.00294503)
(0.000421399,-0.00261685)
(0.00325641,-0.00912933)
(0.00657759,0.0013168)
(-0.00653454,-0.00416598)
(-0.00871458,-0.000490962)
(-0.000822446,-0.00485483)
(-0.0167959,-0.00936266)
(-0.0074312,0.00482133)
(0.0119468,-0.00211897)
(-0.00622003,0.0105666)
(0.0258885,-0.0142712)
(-0.0138087,0.00175783)
(0.0277599,-0.0186574)
(-0.00096945,-0.00951941)
(0.0148253,-0.00131272)
(0.0039861,0.00405421)
(0.00714342,0.00481139)
(0.00320375,0.0151203)
(0.00529213,0.0148142)
(0.00251225,-0.00868777)
(-0.013604,-0.00757639)
(0.00332256,-0.00742236)
(-0.0071109,0.012898)
(-0.00917679,-0.0195534)
(-0.0279317,0.00192195)
(-0.0176415,-0.0156324)
(-0.0146012,0.00344966)
(-0.00850417,0.00858546)
(0.00996767,-0.0017857)
(-0.00110571,-0.00582967)
(0.0239756,0.00573096)
(-0.000786429,-0.00365271)
(0.0255074,-0.00860675)
(-0.00123488,0.00242518)
(0.0210776,-0.0158192)
(0.00602282,-0.00676929)
(0.00448204,-0.00856577)
(-0.00324744,0.0133592)
(-0.00677671,0.00787436)
(0.0135886,0.000416412)
(-0.0130672,-0.00220923)
(-0.00353321,0.000517163)
(-0.0138696,0.0201762)
(-0.0157186,-0.0345493)
(-0.0194825,0.0176433)
(-0.0148889,-0.0187599)
(-0.0038617,-0.00822321)
(-0.0126416,-0.0159944)
(0.00533361,-0.00779615)
(-0.00217651,-0.0190631)
(0.0168107,0.00522395)
(-0.00944711,-0.0166177)
(0.00722203,-0.00024193)
(-0.0205245,-0.000199541)
(0.0140475,-0.0108928)
(0.00414883,-0.00368436)
(0.00252862,0.00500574)
(0.0111526,-0.00321915)
(-0.00516007,0.00690833)
(0.00095424,-0.0163957)
(-0.0194599,0.00596069)
(-0.0099122,0.00473382)
(-0.0125853,0.00406492)
(-0.0262633,-0.0207003)
(-0.00754277,0.00162108)
(-0.0167123,-0.0227622)
(0.0199452,-0.0181148)
(-0.00998122,-0.0191474)
(0.00614743,-0.012162)
(-0.00461271,-0.0172422)
(0.0196396,0.00108918)
(0.00354969,-0.00087883)
(0.00220128,0.00763159)
(-0.0102133,0.00813221)
(0.0103469,-0.0180016)
(-0.0179622,0.00808126)
(0.0132087,0.0065498)
(0.00343113,-0.00718733)
(-0.0130914,0.0125581)
(0.00269751,-0.0196945)
(-0.0127162,0.0144643)
(-0.00759728,0.000877513)
(0.0123222,0.00584741)
(-0.0188202,-0.0153732)
(-0.00149594,0.010346)
(0.00343988,-0.00877785)
(0.0011845,0.00389441)
(-0.00245656,-0.0126745)
(0.0131638,-0.00088355)
(-0.0103946,-0.0187252)
(0.0186988,0.0108268)
(0.0138346,0.00314413)
(0.00663518,0.0164124)
(0.0141431,0.0174635)
(0.00727156,0.00600311)
(-0.000256586,0.0118184)
(-0.00494452,-0.00653385)
(0.000208182,0.00670717)
(-0.0145776,-0.0137286)
(-0.00107551,0.0123611)
(-0.0119561,0.00562567)
(-0.00996952,0.00633413)
(0.00650856,-0.00207603)
(-0.00433763,-0.00024685)
(-0.00622338,-0.00169629)
(-0.00347459,0.0146551)
(-0.00842432,0.0116322)
(-0.0119694,-0.0289311)
(-0.00893534,-0.0113091)
(-0.0236125,-0.00616733)
(0.0110937,-0.0017542)
(0.00561873,-0.00923628)
(0.00422115,0.00895839)
(-0.0137239,0.00164264)
(-0.00546069,0.00422984)
(-0.00314366,0.000667711)
(-0.0169671,-0.0109968)
(0.00461791,-0.00087711)
(-0.0096761,-0.0170879)
(0.0155761,0.0191618)
(-0.0111767,0.0064254)
(0.024571,0.0285298)
(0.00669786,-0.0206809)
(0.000129644,0.0171651)
(-0.0181845,-0.00391998)
(0.00537996,0.0315943)
(-0.00851182,0.0135287)
(-0.0137571,0.00173455)
(-0.0117229,-0.00610992)
(-0.0109809,-0.00184449)
(-0.00254876,-0.0237371)
(0.00543069,-0.00597788)
(0.00319928,-0.00413828)
(-0.00830907,-0.00364446)
(-0.00746369,0.00675787)
(-0.00425918,-0.0101509)
(-0.000406285,0.0180054)
(0.0123113,-0.00024767)
(0.011037,-0.00639308)
(0.0111747,0.0133828)
(-0.0159115,0.00764788)
(0.0179691,0.0131154)
(-0.00847232,0.00284285)
(0.0156921,0.017219)
(-0.0128026,-0.00789786)
(0.00744351,0.0231046)
(0.0025667,0.017634)
(-0.00611406,0.0152464)
(-0.00515192,0.026294)
(-0.012234,0.0205385)
(0.00504823,0.00969534)
(-0.00486403,0.0193848)
(0.00656492,0.00817039)
(-0.0242232,0.00706986)
(-0.00894252,0.00638399)
(-0.0153567,0.0166608)
(-0.000975433,0.0166532)
(0.0144228,0.00937761)
(0.0127572,0.00688441)
(0.00515882,-0.0122407)
(-0.00147495,0.00576459)
(0.00203302,0.00273207)
(-0.0126259,0.0148688)
(0.0053329,0.00595387)
(-0.00951068,-0.0023686)
(0.0101955,0.000806214)
(0.0104072,-0.00326795)
(-0.00406138,-0.008299)
(0.00115514,0.0108346)
(-0.0122826,0.00809386)
(0.0012313,0.0257401)
(-0.00529549,0.0155209)
(0.0139946,-0.000810892)
(-0.0142909,0.00990579)
(0.000207647,-0.0155869)
(-0.0127955,0.00436225)
(0.010217,-0.00925702)
(-0.00473492,0.00384523)
(0.0110495,-0.00184529)
(-0.00319163,-0.00766668)
(0.0100526,0.00219583)
(-0.00573264,0.0148041)
(0.0114932,0.00774344)
(-0.0032193,0.01266)
(0.00159841,0.00426904)
(0.00416435,0.00626814)
(0.00367671,-0.00406993)
(0.00358118,0.008913)
(0.00242938,0.00588593)
(-0.00325679,0.00458648)
(0.00501259,0.0128555)
(0.00374748,0.0120859)
(0.00722048,-0.00106334)
(-0.00663912,0.0077398)
(-0.00256574,-0.0239093)
(-0.0138567,-0.00751497)
(0.0126607,-0.00479382)
(-0.00380664,-0.00541683)
(-0.00350151,-0.00599714)
(-0.00283116,-0.0112381)
(0.00306958,-0.00374929)
(-0.018493,-0.0117933)
(0.0121638,-0.00727999)
(-0.015861,-0.01245)
(0.000780171,-0.0102928)
(-0.00648036,-0.000145572)
(-0.00321151,-0.00971239)
(0.00416022,0.0037659)
(0.00913756,-0.00828618)
(0.00214113,0.0128837)
(0.0111035,-0.0160222)
(-0.00574805,0.0161866)
(0.0194533,-0.0118431)
(-0.00216743,0.00634462)
(0.00502678,0.0133276)
(0.00953711,0.00211558)
(0.000489489,0.00829235)
(0.0129789,-0.00260133)
(-0.00321764,-0.00196546)
(-0.00405357,-0.00844927)
(0.00143598,-0.00790025)
(-0.0176503,-0.0194208)
(-0.00536117,0.000814672)
(-0.0161827,-0.0189056)
(-0.0147517,0.00215271)
(0.000238036,-0.00644313)
(-0.00729067,-0.0111829)
(0.00233212,0.00406267)
(0.00387495,0.00227065)
(0.00699843,0.00144693)
(0.0136742,-0.00204115)
(-0.0108206,0.0158549)
(0.0169095,-0.00763938)
(-0.00488795,0.00529974)
(0.0119817,0.00782405)
(0.0120187,0.00765351)
(-0.00197275,0.01207)
(0.0135435,0.00617286)
(-0.0108739,-0.0049757)
(0.00143992,-0.00667271)
(-0.00155625,0.00850819)
(-0.00465572,0.00923823)
(-0.00415939,0.0198375)
(-0.0124758,-0.00855598)
(-0.0218483,0.013792)
(0.00551495,-0.0113018)
(-0.00847319,-0.001325)
(0.00291407,0.00240779)
(0.00338404,-0.00207385)
(-0.000474325,0.00357986)
(0.00438237,-0.00324855)
(-0.00249485,0.00563288)
(-0.002086,0.000924433)
(-0.0130165,0.00704654)
(0.00487467,0.0187122)
(0.00560285,-0.00282526)
(0.00210105,0.0174431)
(0.0180725,-0.00896771)
(-0.0080519,0.00561097)
(-0.000710787,-0.0095987)
(-0.0118043,0.00826676)
(-0.0053011,0.000218553)
(-0.00865946,0.0184649)
(-0.0114417,-0.0077173)
(-0.00662537,0.0064321)
(-0.00722849,-0.0002571)
(0.00579882,-0.000226338)
(0.00796155,0.00776981)
(0.00988622,-0.0125593)
(-0.00612759,0.0029017)
(0.000823913,-0.00142001)
(0.00281487,0.019833)
(-0.00206355,-0.0022314)
(-0.00833666,0.0169936)
(-0.00647576,0.00688831)
(0.00470402,-0.00672488)
(-0.013235,0.0289557)
(0.0126798,-0.00798503)
(-0.00825354,0.0142971)
(-0.0075016,-0.0118013)
(-0.0100903,0.0166423)
(-0.0093725,-0.0133061)
(0.00890755,0.013584)
(-0.0161045,-0.0154801)
(0.00210364,0.0158745)
(-0.00197158,-0.00934092)
(0.00610349,0.00567325)
(-2.39665e-05,-0.00229212)
(0.00537454,-0.00983944)
(-0.00681705,0.00491703)
(0.00757261,0.00207526)
(0.00359431,0.0161943)
(0.00398437,0.00681369)
(0.00572642,0.0193383)
(-0.000200468,0.0120462)
(-0.000390394,0.00849692)
(-0.0119885,0.00496362)
(0.00445388,-0.0048557)
(-0.0269735,0.00167603)
(0.00279636,0.00816431)
(-0.0108178,0.013409)
(-0.00451011,0.00329188)
(0.00720592,0.0013649)
(-0.00953807,-0.00705835)
(-0.0145214,0.00587665)
(-0.00966236,-0.00926494)
(-0.0179831,0.0133389)
(-0.0110869,-0.00301063)
(-0.0181411,0.00387853)
(-0.0135095,-0.00311293)
(-0.00584027,0.0106402)
(0.00381653,0.00250219)
(0.000700337,0.0100094)
(0.000188213,0.00401096)
(-0.0169934,0.00831594)
(-0.00993994,-0.00092866)
(-0.0225794,-0.00708391)
(0.00762164,-0.0040369)
(-0.0171898,-0.0226971)
(3.69903e-05,0.011692)
(-0.0168324,0.00699922)
(0.00216891,0.0139871)
(0.00274197,0.000452142)
(-0.00692389,-0.000462266)
(-0.00689496,0.005479)
(-0.00548393,0.0110781)
(-0.0159479,0.0250499)
(-0.0118339,-0.00424844)
(-0.0196073,0.0183433)
(0.00259819,0.00583688)
(-0.0147969,0.0117232)
(0.00824614,-0.00262984)
(0.00714679,0.00586553)
(0.00135931,0.00253498)
(-0.00525129,0.0132374)
(-0.00949384,-0.0171828)
(-0.012326,-0.00271659)
(0.000483349,-0.00752132)
(-0.00483612,-0.00542433)
(-0.000864294,0.0040593)
(-0.0224422,0.0207373)
(-0.00814243,0.00943576)
(-0.0134191,0.0127649)
(-0.0134986,0.000994483)
(-0.00701602,0.0140841)
(-0.0108393,0.00677948)
(0.00306685,0.0200441)
(-0.00166625,0.0103744)
(0.00512505,0.0310179)
(0.00674756,0.0120233)
(0.00607197,0.03114)
(0.00259644,0.0171781)
(0.0166464,0.00494383)
(-0.00948211,-0.00556806)
(0.0128592,0.00321525)
(-0.00924941,-0.00377357)
(-0.00567428,-0.00350004)
(-0.0046385,-0.00518816)
(0.000156971,-0.00443327)
(-0.0034723,-0.0138172)
(-0.0145822,0.0021297)
(-0.00231404,-0.00108709)
(-0.0125104,0.0077316)
(-0.0156194,0.0112239)
(-0.00897335,-0.00159042)
(0.00706407,-0.00698852)
(0.0101906,-0.00859999)
(0.0163391,-0.00201094)
(0.0113082,0.00614127)
(0.0101482,0.0109464)
(0.00804736,0.00902386)
(0.00245557,0.010238)
(0.0326929,-0.0045874)
(-0.00850992,-0.00882157)
(0.0112318,-0.0159009)
(-0.0121247,-0.0140362)
(0.00590173,-0.00586263)
(-0.00603099,-0.00626509)
(-0.000724505,-0.0222161)
(0.00887864,-0.0100891)
(-0.00115226,0.00104933)
(-0.00621667,0.00935977)
(-0.0121542,-0.000530875)
(-0.00596757,0.0059782)
(-0.00231969,-0.0115798)
(-0.000543152,-0.00511385)
(-0.00521908,-0.00516063)
(0.00223373,-0.00244607)
(0.00516046,-0.00368787)
(0.0124076,-0.00250087)
(-0.00096891,-0.000788221)
(-0.00260399,-0.0118928)
(0.00980977,-0.0113114)
(-0.00494194,-0.0133003)
(-0.00708875,-0.0100105)
(-0.0232598,-0.0180404)
(-0.00822121,-0.0123965)
(-0.0117675,-0.00721112)
(-0.0117783,-0.00548982)
