(0.0139057,0.00716901)
(-0.00208985,-7.36276e-05)
(0.023184,0.00790239)
(-0.00128112,0.00604447)
(0.0199992,0.0115298)
(-0.00570265,0.0102236)
(0.0121764,0.00382769)
(0.00319818,-0.00123707)
(0.00432137,0.00957063)
(-0.00760297,0.00206987)
(0.00896708,0.0172964)
(0.00841884,-0.00679429)
(0.010439,0.0229115)
(0.0110515,-0.00127779)
(0.0204918,0.0156011)
(0.0216538,-0.000962142)
(0.00545139,0.0159382)
(0.0208127,0.00951097)
(0.0103111,0.0173245)
(0.020451,0.000753597)
(0.00585448,0.00259566)
(-0.00919073,0.00646861)
(0.0199632,0.00569626)
(0.00427901,0.0128821)
(0.0143271,0.0205663)
(0.000872838,0.00531238)
(0.00600477,0.000953465)
(-0.00754221,0.00221025)
(-0.00825458,0.0129655)
(-0.000745524,-0.0144654)
(0.00441091,0.0191063)
(0.00696613,-0.00421476)
(0.00640244,0.0287834)
(0.0155196,0.00378137)
(0.0163019,0.018567)
(0.0216178,0.00825019)
(0.00674961,0.00901856)
(0.0274668,0.00747955)
(0.00468369,0.0135887)
(0.0176361,0.00456038)
(0.00342933,0.00417658)
(0.00807236,0.017149)
(0.000159807,0.00543841)
(0.00251244,0.00408747)
(-0.0073393,0.0113061)
(-0.00521578,0.00681879)
(-0.00644623,-0.00938459)
(-0.00310797,-0.016276)
(-0.0082111,-0.00509117)
(0.00120523,-0.021001)
(0.00305311,0.0169617)
(-0.001551,-0.0100415)
(0.0146393,0.0201471)
(0.00185285,-0.0102513)
(0.00924715,0.00436709)
(0.0146934,-0.00594706)
(0.00468812,0.000563967)
(0.0198324,-0.00263749)
(0.00842414,0.00987556)
(0.0153968,-0.00423952)
(-0.000685899,0.000256139)
(-0.00488295,-0.000855304)
(-0.0109657,0.00149259)
(-0.00931733,0.00098777)
(-0.00384353,-0.00910427)
(-0.0132671,-0.0102055)
(-0.00952037,-0.0218256)
(-0.00944085,-0.0216299)
(-0.00340405,-0.0184073)
(-0.00629571,-0.0181214)
(-0.00149714,0.0097652)
(-0.00391988,-0.0229349)
(0.00391765,0.00730615)
(0.00670976,-0.0168922)
(0.00194987,-0.00291601)
(-0.00115325,-0.0156271)
(0.00556926,-0.00602197)
(0.0128177,0.000308117)
(0.00626587,0.00214544)
(0.0116247,-0.000530614)
(-0.00611039,0.0105166)
(-0.0108861,-0.0011514)
(-0.0164506,0.00102645)
(-0.0208126,-0.00781068)
(-0.00589852,-0.0141123)
(-0.0159314,-0.0111493)
(0.000462623,-0.0232448)
(-0.00466251,-0.0199597)
(-0.00378313,-0.0146294)
(-0.0201495,-0.0102856)
(0.00920989,-0.00449583)
(-0.014565,0.00290177)
(0.00636595,0.0205384)
(-0.0142412,-0.00494742)
(-0.00302617,0.00806812)
(0.00397621,-0.00472321)
(0.00494807,0.00683358)
(-0.0052641,0.00239261)
(0.0047183,0.00923185)
(0.00555509,0.00934076)
(-0.00750151,0.00174394)
(-0.0154384,-0.00378933)
(-0.0169146,-0.000735385)
(-0.0158307,-0.000552695)
(-0.010811,-0.0123325)
(-0.0074332,-0.00405561)
(-0.0114026,-0.00813478)
(-0.00682162,0.00100166)
(-0.00609377,-0.0141005)
(-0.00428545,0.00677996)
(0.00124567,-0.00261594)
(-0.00177457,0.00841213)
(0.00510228,0.0109388)
(0.000981064,0.00778242)
(0.00733523,0.0188352)
(-0.00488922,0.00284426)
(0.00125082,0.0149907)
(-0.00286119,0.0122313)
(-0.0013314,0.0172399)
(-0.00295313,0.0105472)
(-0.00223256,0.00730587)
(-0.0044869,0.00694379)
(-0.0104496,-0.00226224)
(-0.0151011,0.0161084)
(-0.00637404,-0.00532376)
(-0.0116957,0.00971038)
(-0.0114192,-0.0116883)
(-0.0030333,0.0185182)
(-0.00939663,-0.011891)
(-0.0125667,0.0172938)
(0.00327566,-0.000835772)
(-0.00373904,0.00739035)
(0.00830748,0.0084841)
(-0.00292949,0.0106302)
(0.00914632,0.0167542)
(-0.000428189,0.0201826)
(0.00198518,0.0212341)
(-0.00579894,0.0198042)
(-0.00337844,0.0215709)
(-0.00749164,0.00880879)
(0.00227982,0.00772449)
(0.00162301,0.0114657)
(0.00201969,0.013356)
(-0.013677,0.0210456)
(-0.00912735,0.00318697)
(-0.00727492,0.0226757)
(-0.0125747,-0.00561839)
(-0.0124068,0.0248715)
(-0.0111895,-0.0122535)
(-0.0161202,0.0158264)
(0.00211342,-0.00674414)
(-0.0155578,-0.00220528)
(0.00619715,-0.00179568)
(-0.0168792,0.00508489)
(0.0106574,0.0235656)
(-0.00305543,0.00965806)
(-0.00232857,0.0135478)
(-0.00727887,0.00713572)
(-0.0105366,0.0197129)
(-0.0223539,0.00268478)
(-0.00275201,-0.00361197)
(-0.00171741,0.00984944)
(-0.00210343,0.0100741)
(0.00138787,0.020413)
(-0.00145994,0.0113097)
(-0.00187076,0.0118389)
(-0.0129975,0.00113617)
(-0.00756305,0.0258365)
(-0.0121433,0.00708217)
(-0.0113526,0.01206)
(0.00727226,0.00267989)
(-0.00896999,-0.00271836)
(0.00912586,0.00516297)
(-0.00709276,-0.0083301)
(0.00854627,0.0200218)
(9.0338e-05,0.00356199)
(0.00440133,0.0186972)
(0.00157505,0.00499293)
(0.00117638,0.00725469)
(-0.0119413,-0.00820327)
(-0.00355359,-0.00300649)
(0.0117336,0.00570077)
(-0.00714658,-0.00315105)
(-0.000239702,0.00850441)
(-0.00865942,0.00445283)
(0.00256195,0.0085163)
(-0.00525219,0.00580802)
(-0.00366989,0.0106926)
(0.00193483,-0.00242441)
(-0.00258809,0.0114131)
(0.00590387,0.0098739)
(-0.00779209,0.000280333)
(0.00276909,0.00797948)
(-0.00294165,-0.000949461)
(-0.000460578,0.0140263)
(0.00617938,-0.00374865)
(0.00977857,0.0121044)
(-0.00489238,-0.000688499)
(-0.00112692,0.00293123)
(-0.00791674,-0.00266973)
(0.0110094,-0.00357599)
(0.0016983,-0.00396508)
(0.0245924,0.0126168)
(-0.0128079,0.00883459)
(0.0200705,0.0142885)
(-0.00180521,0.00606253)
(0.00777947,0.00348004)
(0.00143494,0.0061275)
(0.00272555,0.0131163)
(0.00637293,-0.00724186)
(-0.000167226,0.0189421)
(0.000942246,0.00142)
(0.00941033,0.0275872)
(0.0152709,0.0101615)
(0.0170599,0.00908955)
(0.0143027,0.00768782)
(0.0202315,0.0113465)
(0.0305325,0.0064515)
(0.0152356,0.0203985)
(0.0123336,0.00773396)
(0.013138,-0.00136775)
(-0.00359153,0.00364666)
(0.0145387,0.0165752)
(-0.008208,0.00829629)
(0.00475142,0.0203967)
(-0.0143174,0.013199)
(0.00204939,0.011262)
(-0.00696159,-0.013642)
(-0.00731009,0.00230726)
(-0.00348736,-0.0156045)
(0.00879041,0.0188737)
(-0.00742526,-0.0169606)
(0.0151525,0.0216943)
(0.00802762,-0.000472749)
(0.00833294,0.018446)
(0.0252169,0.00396437)
(0.013428,0.017239)
(0.0359722,0.0123713)
(0.0142321,0.0255294)
(0.0217406,-0.00371423)
(-0.0106417,0.00349671)
(0.00596285,0.00604589)
(-0.00862562,0.0119921)
(-0.00605752,0.0119733)
(-0.0190341,0.00805849)
(-0.00538514,-0.0110493)
(-0.00817436,0.00654928)
(0.00188415,-0.0238023)
(-0.00978534,0.00150726)
(0.00963818,-0.035938)
(0.00669536,0.0202814)
(0.00656112,-0.0395712)
(0.0154409,0.00810257)
(0.00175323,-0.0170457)
(0.0164466,0.00365923)
(0.0171585,-0.0176255)
(0.00445699,0.00602922)
(0.0265226,-0.00312929)
(0.013096,0.0137421)
(0.0187382,-0.00819652)
(-0.0213821,0.00974912)
(0.00130586,0.00266239)
(-0.0206463,-0.00456884)
(-0.0129357,0.00412255)
(-0.0286831,-0.00266007)
(-0.0104007,-0.00838659)
(-0.0199165,-0.00328161)
(0.0114054,-0.0239412)
(-0.0167578,0.000814248)
(0.00128741,-0.0355946)
(0.000834452,0.0139037)
(-0.00322191,-0.0271486)
(0.0209197,0.026877)
(-0.0063246,-0.0291523)
(0.010251,0.00655459)
(0.00484473,-0.0139805)
(0.0134619,0.00224948)
(0.00912426,-0.0156265)
(0.00993077,0.0155134)
(0.011081,-0.0116057)
(-0.0187237,0.00152529)
(-0.0066486,-0.00229865)
(-0.0283498,-0.000281706)
(-0.0173529,-0.0080761)
(-0.0126944,-0.0114914)
(-0.00239168,-0.0115555)
(-0.0170183,-0.00461791)
(0.00930592,-0.0220918)
(-0.00634659,0.00070571)
(-0.00140927,-0.0131644)
(0.0153938,0.0214096)
(-0.0118381,-0.0023114)
(0.023286,0.0210605)
(-0.0240971,-0.00344444)
(0.0186105,0.0225565)
(-0.0150205,-0.0109825)
(0.0172574,0.00887022)
(-0.00739856,-0.0038641)
(0.0124364,0.00504264)
(-0.00131424,-0.00642936)
(-0.00805671,0.0107784)
(-0.00624815,0.00723462)
(-0.0187567,-0.0104392)
(-0.0122357,0.00578322)
(-0.0168688,-0.0202571)
(0.00303451,0.00652614)
(0.00306297,-0.00471055)
(0.0150059,-0.0038646)
(0.00118965,-0.00506156)
(-0.00606319,-0.0025996)
(0.0126614,0.00836926)
(4.14918e-05,0.0206129)
(0.022662,0.00213693)
(-0.000323537,0.00660029)
(0.0115805,0.0121833)
(-0.0131949,0.00678632)
(0.0123309,0.0160962)
(-0.013542,0.0049095)
(0.0038671,0.0170021)
(-0.0126291,0.000832336)
(-0.00980975,0.00786512)
(-0.0106873,0.0106752)
(-0.0171805,-0.00891516)
(-0.0157918,0.0293728)
(-0.00708388,-0.0236026)
(-0.000937636,0.0132466)
(-0.00536742,-0.0151015)
(-0.00175965,0.0279568)
(0.00919531,-0.0118862)
(-0.00676633,0.0200287)
(0.0187288,-0.00203254)
(-0.00472836,0.0177379)
(0.0146997,-0.00749233)
(-0.00224285,0.0184885)
(0.0141822,0.0169135)
(-0.00444016,0.0291494)
(0.00288423,0.0177705)
(-0.00451041,0.0271217)
(-0.012727,0.0206641)
(-0.0130216,0.0140638)
(-0.00306941,0.00717423)
(-0.00513154,0.00886178)
(-0.0133123,-0.0100834)
(-0.0124256,0.022537)
(-0.0134633,-0.0235578)
(-0.0119726,0.0274469)
(-0.00513138,-0.0205798)
(0.00260615,0.0356202)
(-0.00888168,-0.0107369)
(-0.00861284,0.0191853)
(0.010826,-0.000672904)
(-0.0143876,-0.00373837)
(0.0163278,0.00212429)
(-0.000812028,-0.00263372)
(0.00571747,0.00796759)
(-0.0115796,0.0154677)
(-0.00642576,0.0170236)
(-0.00568118,0.00902664)
(-0.0183818,0.0192551)
(-0.0164146,0.00548655)
(-0.00494022,-0.00368398)
(0.00610491,0.00965123)
(-0.0157573,0.0045521)
(-0.0142253,0.0157645)
(-0.0159942,-0.0144025)
(-0.00895198,0.0190212)
(-0.0127749,-0.0115423)
(0.0103851,0.0302302)
(-0.00105645,-0.00862398)
(-0.00147287,0.0191295)
(0.0160605,0.0101492)
(0.00597031,-0.0208592)
(0.017869,0.00828244)
(-0.0110054,-0.0157747)
(0.00385152,0.010344)
(-0.00209735,-0.00400337)
(-0.000891039,0.0146283)
(0.00331819,1.86166e-05)
(-0.0147099,0.0148376)
(-0.0111325,4.26175e-05)
(-0.00145648,-0.000495323)
(0.0029361,0.00730287)
(-0.00745937,-0.00460667)
(0.00227426,0.0129155)
(-0.0111019,-0.00119438)
(0.005778,0.0114238)
(-0.0138488,-0.00280053)
(0.00523281,0.0193583)
(-0.00197778,0.00520575)
(-0.00230993,0.0148977)
(0.0104738,0.0132634)
(0.00170249,0.00216073)
(0.00923822,0.0131933)
(0.0059285,-0.00410724)
(0.00255074,0.0107307)
(0.0154776,-0.0097116)
(0.00777744,0.0135437)
(-0.000976907,-0.0062526)
(0.00526155,0.00899892)
(-0.00528503,-0.00684034)
(0.0149049,0.00827152)
(-0.0121576,0.00671254)
(0.0215143,0.0292975)
(-0.00831588,0.00273287)
(0.0146055,0.0201511)
(-0.0176651,-0.000815717)
(0.0111884,0.00667202)
(0.0057799,-0.00042792)
(0.00214663,-0.00871819)
(0.00017836,0.00439577)
(0.00370533,-0.00551133)
(0.000741091,0.0036004)
(-0.007281,-5.4427e-05)
(0.00381585,0.0145276)
(0.0032866,-0.00501736)
(0.0204208,0.0166369)
(0.00786313,0.00777944)
(0.0270357,0.0151288)
(0.0135903,0.018309)
(0.0145093,0.0087954)
(0.00688793,0.0171693)
(0.00169725,0.00202896)
(0.00450225,0.0288934)
(-0.0215224,0.00258261)
(0.00767863,0.026916)
(-0.0203319,-0.00711376)
(0.0119422,0.0148584)
(0.000144339,-0.00669375)
(0.00447199,-0.00696455)
(-0.00881847,-0.0131512)
(0.00929732,-0.00232357)
(-0.015676,-0.0066153)
(0.0111539,-0.0054424)
(-0.00601672,0.0128416)
(0.00792421,-0.00324354)
(0.0188369,0.0107072)
(0.00289912,0.0106524)
(0.0373386,0.00992969)
(0.0146011,0.0208075)
(0.0280756,0.0010886)
(-0.014809,0.0191584)
(-0.0112734,0.00228533)
(-0.0182547,0.0245681)
(-0.00395322,-6.21061e-05)
(-0.0121709,0.0243337)
(-0.0051473,-0.0115059)
(-0.0152761,0.0216195)
(0.0100701,-0.0122491)
(-0.0112179,0.00940496)
(0.00991083,-0.0246328)
(0.0174821,-0.000543868)
(-0.0222791,-0.0312222)
(0.0298605,-0.00353229)
(-0.00508869,-0.0193819)
(0.0176577,-0.0136204)
(0.00513839,-0.0126128)
(0.0208476,0.00719937)
(0.0202992,-0.0118298)
(0.0139902,0.0158699)
(0.0225822,-0.0119162)
(-0.0226433,0.0146553)
(0.00211894,0.00582584)
(-0.0297805,0.0141398)
(-0.000981875,0.0011899)
(-0.0273999,0.0117244)
(0.00897863,0.00303807)
(-0.0399102,0.0152175)
(0.0229319,-0.0250984)
(-0.0280619,0.00292612)
(0.0128161,-0.0365398)
(0.0126962,0.00860201)
(-0.0175788,-0.015963)
(0.0339502,0.00664946)
(-0.0245962,-0.028671)
(0.0251969,0.0029913)
(-0.0199798,-0.01749)
(0.0169461,-0.00068959)
(-0.00819765,-0.0135545)
(0.0113,0.00554301)
(0.00212848,-0.0199717)
(-0.0172247,0.0117144)
(0.00199218,-0.00110418)
(-0.0236374,0.0018506)
(0.00050266,0.00577359)
(-0.0156015,-0.00241114)
(0.0186808,-0.00390625)
(-0.027221,0.00747283)
(0.0298367,-0.0223051)
(0.000253941,0.0135972)
(-0.00991015,-0.0185943)
(0.0136267,0.0199539)
(-0.00394894,-0.00662294)
(0.0546292,0.012274)
(-0.0152549,-0.0207618)
(0.0311293,0.011283)
(-0.0237241,-0.0154103)
(0.0252035,0.00764648)
(-0.0163489,-0.00261143)
(0.0118164,0.00500649)
(-0.00891865,-0.00611005)
(-0.00526658,0.00355774)
(0.000715854,0.0120624)
(-0.019293,-0.00436038)
(-0.00441487,0.0174036)
(0.0013559,-0.00196978)
(0.0319344,0.0121164)
(-0.0037999,0.0068698)
(0.012495,-0.0158017)
(0.0107732,0.0106061)
(-0.00480504,0.00250597)
(-0.0101637,0.0216731)
(0.00803114,-0.00635661)
(0.0161592,0.00910726)
(0.00187104,-0.00534343)
(0.0204274,-0.00410432)
(-0.00651923,-0.00761289)
(0.00950091,0.0114259)
(-0.00899098,0.00971774)
(-0.00169615,0.00756936)
(-0.00678875,0.00112272)
(-0.00562618,0.00546563)
(-0.00662945,0.0201757)
(-0.011859,-0.00842951)
(0.00125637,0.0321178)
(0.0018887,-0.0116698)
(0.00883613,0.0306094)
(0.0205121,-0.0200929)
(-0.00208494,0.0147568)
(0.0305132,-0.00381237)
(-0.0179316,-0.0102909)
(0.0364379,-0.00274781)
(0.00312809,-0.00753221)
(0.0354724,-0.0176257)
(0.00664172,-0.00124191)
(0.0101698,-0.00851415)
(0.0114584,0.0174943)
(-0.00382406,0.0156697)
(0.00229403,0.0363578)
(-0.0152231,0.0107156)
(-0.00315227,0.0253609)
(-0.0133587,0.00372355)
(-0.00274217,0.0156772)
(-0.0227063,-0.00608304)
(-0.0162235,0.028064)
(-0.0096532,-0.010995)
(-0.000539814,0.022178)
(0.00570242,-0.0162302)
(0.00904242,0.0293876)
(0.0204537,-0.00466496)
(-0.0112977,0.00741726)
(0.0346034,0.0129018)
(0.00351797,-0.00506646)
(0.0151026,0.00173426)
(0.000766249,-0.0154486)
(0.00217229,0.00164273)
(0.00672673,0.0148316)
(-0.00994916,0.0117795)
(-0.00215571,0.0186069)
(-0.0210296,0.0108993)
(-0.00538486,0.0113937)
(-0.00986538,0.00505258)
(0.00375859,0.000322059)
(-0.0245168,-0.00386402)
(-0.0133084,-0.000953837)
(-0.0174063,-0.0154224)
(-0.0048525,0.00908)
(-0.00775984,-0.00792548)
(0.0134727,0.0239097)
(0.00992653,0.00370791)
(0.0132808,0.0130183)
(0.020115,0.0185611)
(-0.000918606,-0.00556878)
(0.0212596,-0.00725357)
(0.0092966,-0.00957337)
(0.00329691,-0.00831701)
(-0.00419886,-0.00471005)
(-0.0121305,0.00603945)
(-0.00609304,-0.00482689)
(-0.0165849,0.00321258)
(-0.000843987,-0.00395331)
(0.000765532,0.00198173)
(0.00598848,0.00404757)
(-0.0150314,-0.00720854)
(-0.000235432,-0.000309855)
(-0.0174813,-0.014542)
(-0.00224967,-0.00321908)
(-0.010291,-0.00306004)
(0.016081,0.0120387)
(0.00809688,0.000999556)
(0.00806059,0.0181495)
(0.0194352,0.0104775)
(0.00733446,0.00992123)
(0.0182581,-0.00191139)
(0.00463233,0.000188171)
(0.00869286,-0.00757186)
(0.00181209,-0.00486756)
(-0.00126629,-0.0044491)
(0.00315631,-0.0103162)
(-0.00266466,0.00484551)
(-0.00332206,-0.00183091)
(-0.000587814,0.0187796)
(-0.00905552,-0.002025)
(0.00536945,0.0326239)
(-0.020618,-0.00242795)
(-0.000446034,0.0151373)
(-0.0235006,0.00990511)
(0.000259956,-0.00445771)
(-0.00498931,0.0125016)
(-0.00524425,-0.0207019)
(0.00370297,0.0136983)
(-0.0246282,-0.0330928)
(-0.00635311,0.0152571)
(-0.00506959,-0.0245049)
(0.00408512,0.0109016)
(-0.00573009,-0.0157547)
(0.00872673,-0.00490156)
(0.00347791,0.000552477)
(0.0159352,0.00652423)
(0.00453164,0.0135338)
(0.0121494,0.00117228)
(-0.00591378,0.0295198)
(-0.0175584,-0.00583074)
(0.00414501,0.0403796)
(-0.0321627,-0.00408734)
(0.0117927,0.0247902)
(-0.0245891,-0.00585706)
(0.00778489,0.00903105)
(0.000103445,0.00259967)
(0.00239816,-0.0151411)
(-0.00162014,0.00320043)
(0.00243559,-0.0252303)
(-0.0139754,0.00143513)
(0.00705025,-0.0332809)
(-0.00302208,0.00373874)
(-0.00255306,-0.0274362)
(0.0143153,0.00408601)
(0.00602576,-0.0148343)
(0.0260214,0.00835158)
(0.00544452,0.00857773)
(0.0271224,0.00524223)
(-0.0136655,0.0272232)
(-0.00982293,0.000525395)
(-0.00839276,0.0350786)
(-0.0199792,-0.00316419)
(0.000912611,0.0238876)
(-0.0126076,0.00669328)
(-0.0047743,0.0108935)
(0.0146712,-0.00958114)
(0.00504007,-0.00766309)
(0.00626006,-0.00646217)
(0.0205228,-0.0191343)
(-0.0163049,-0.0022443)
(0.0358682,-0.0201211)
(-0.019318,-0.0153116)
(0.0272883,-0.0250752)
(0.00060597,-0.0154975)
(0.0159439,-0.0119044)
(0.0146862,-0.00399918)
(0.00855837,-0.000153828)
(0.00761781,-0.000741555)
(-0.0124566,0.0309121)
(0.00055936,0.0069798)
(-0.00857303,0.0211714)
(-0.00253397,0.0189886)
(-0.00740215,0.00301089)
(0.00513665,-0.00346863)
(-0.0269056,-0.00940308)
(0.00840246,-0.0094347)
(-0.0369076,-0.0117468)
(0.00369564,-0.000142075)
(0.000548326,0.00516956)
(-0.00736699,-0.00789466)
(0.0483606,-0.0219748)
(-0.0159394,-0.00618357)
(0.0239865,-0.0188644)
(-0.0210232,-0.020301)
(0.0120251,-0.0209722)
(-0.0132583,-0.00379104)
(0.0062022,-0.0031003)
(-0.0104754,-0.00735164)
(-0.00185607,0.0103828)
(0.00776292,0.0176452)
(-0.00971642,-0.00324887)
(0.0101487,0.00658733)
(-0.0174963,-0.012453)
(0.01496,-0.00144854)
(-0.0028967,-0.0256865)
(0.00909785,-0.0138028)
(0.0634743,-0.0355894)
(-0.018947,0.0152692)
(-0.0146021,0.0165418)
(0.0302137,0.0163283)
(0.0375032,0.0156925)
(0.00521446,-0.0210584)
(0.0241943,-0.0109212)
(-0.00672832,-0.0304225)
(0.0109939,-0.00189036)
(0.00287065,-0.00674719)
(0.00715759,-0.00315902)
(-0.00443483,-0.000758782)
(0.00652951,0.00319683)
(-0.00493593,0.0293225)
(-0.00566586,-0.0114483)
(0.013516,0.0327608)
(-0.00201814,-0.0151692)
(0.0209426,-0.00167144)
(0.0266526,0.000322577)
(-0.0194267,-0.0226356)
(0.0459022,-0.018562)
(-0.0225943,0.0178645)
(-0.118721,0.00896212)
(0.0282902,-0.0212515)
(-0.0215264,-0.0324215)
(-0.0122518,-0.00397802)
(-0.00341984,-0.00290217)
(0.0223878,-0.021825)
(-0.009564,-0.00191614)
(0.0045263,0.00276078)
(-0.00535103,0.00921251)
(-0.00527362,0.010741)
(0.00305266,-0.00479831)
(0.00311089,0.0310964)
(-0.00955835,-0.00518686)
(0.00579468,0.04109)
(0.00801798,-0.00888613)
(0.00299109,0.0390724)
(0.0102143,0.00472248)
(-0.0109347,0.0117057)
(0.0115921,0.02105)
(-0.0484729,0.0104101)
(-0.00753576,-0.00622194)
(-0.00804991,-0.00508752)
(4.99063e-05,-0.0101864)
(0.0321141,-0.00662104)
(-0.00169759,-0.00251144)
(0.0226208,-0.00642611)
(-0.0196573,0.0159281)
(0.0346041,0.0156318)
(-0.0159703,0.016393)
(0.00437833,0.0206048)
(-0.00822784,0.00954725)
(-0.00429596,0.0246066)
(-0.0158041,0.00631788)
(-0.00495765,0.028515)
(-0.0135403,-0.00141577)
(-0.00735182,0.0239147)
(0.0101925,-0.00910904)
(-0.0212427,0.0245209)
(0.0232716,0.0169208)
(-0.0118686,0.0101437)
(0.0247654,0.000977496)
(-0.0122523,-0.0168415)
(0.0186198,0.00902672)
(0.0107641,-0.0147822)
(-0.0121397,0.00520222)
(0.0241539,-0.0111801)
(-0.0190049,-0.000364309)
(0.00825839,0.0212905)
(-0.0208319,0.00817548)
(0.000656716,0.0134403)
(-0.0126909,0.00378787)
(0.0047945,-0.00202101)
(-0.0212571,0.00609287)
(-0.01451,0.000579792)
(-0.00679189,-3.80519e-05)
(-0.010275,-0.000784059)
(-0.000976125,-0.0104529)
(0.00530367,0.0105685)
(0.0171977,0.000473795)
(-0.00781182,0.00430567)
(0.0204267,0.00611993)
(-0.00127876,-0.00991756)
(0.00689789,-0.0102493)
(0.00595715,-0.0247195)
(-0.00819355,-0.0206211)
(-0.00177635,0.000975405)
(-0.00457745,-0.0185209)
(9.76557e-05,0.000666271)
(-0.0116163,-0.00513365)
(-0.00494349,0.0107571)
(-0.00215167,-0.00670414)
(9.80506e-06,-0.0109828)
(-0.0162057,-0.00178941)
(-0.00994971,-0.00873128)
(-0.0104491,-0.00567444)
(-0.000155253,-0.00328975)
(0.00152899,-0.00830468)
(0.0118444,0.00912101)
(0.00827475,0.00355076)
(0.00224471,0.0136007)
(0.0125359,0.00259021)
(-0.00206462,-9.69949e-05)
(0.00977106,-0.0203527)
(-0.00938326,-0.00667987)
(0.00979566,-0.0168376)
(-0.00781815,-0.00517683)
(-0.000596752,-0.0156508)
(-0.0117067,-0.00438548)
(-0.000147949,-0.00870652)
(0.00666063,-0.00106996)
(-0.00724282,0.0163603)
(-0.0116681,0.000547354)
(-0.0116771,0.0169198)
(-0.0139346,0.00765706)
(-0.00477708,0.00197045)
(-0.0190667,0.00195351)
(0.000478191,-0.0128636)
(-2.13409e-05,0.0114691)
(-0.00533274,-0.0215656)
(-0.00368878,0.0133555)
(-0.013216,-0.024065)
(0.00367185,0.0169084)
(-0.00896996,-0.0253097)
(0.00921193,0.0153344)
(-0.00159489,-0.0213222)
(0.0157481,-0.00735495)
(0.0023148,-0.0136916)
(0.01913,0.000939784)
(0.00455641,0.00775478)
(0.0125787,-0.00324163)
(-0.0099737,0.0188047)
(-0.0140152,-0.00312557)
(-0.00641142,0.0308215)
(-0.0371568,-0.00870804)
(0.000372245,0.0182127)
(-0.0283907,-0.00537563)
(0.0180491,0.000148704)
(0.0124526,0.00700342)
(0.0066821,-0.0195007)
(0.0074922,0.0244232)
(-0.00993833,-0.0237791)
(-0.000938601,0.0250802)
(-0.00466692,-0.0352004)
(-0.00198539,0.00622984)
(-0.0117562,-0.0328029)
(0.00705518,-0.0104074)
(-0.000278601,-0.0155249)
(0.0189923,-0.00790536)
(-0.00277611,-0.00356803)
(0.0182975,0.00572932)
(-0.0183354,0.0158091)
(-0.0203439,-0.00579867)
(-0.00631093,0.0235637)
(-0.019456,0.00750114)
(0.0268269,0.0111106)
(-0.0122007,-0.00639663)
(0.0239675,-0.000153059)
(0.0087355,0.0195367)
(-0.0268542,0.00644408)
(0.0197923,0.041951)
(0.00416084,-0.00485384)
(-0.0133814,0.0171659)
(0.0125141,-0.034702)
(-0.00506957,0.0119667)
(0.00294418,-0.0419472)
(-0.01312,-0.0242534)
(0.0077229,-0.0306514)
(0.000366677,-0.00826792)
(0.00719817,-0.000152718)
(0.0123586,-0.00647184)
(-0.00938949,0.016229)
(-0.00428912,0.0112871)
(-0.00042659,0.0112491)
(-0.00708853,0.000259101)
(0.0278854,-0.00449168)
(-0.0141535,0.0114544)
(-5.18579e-05,-0.0324209)
(0.0102818,0.0254207)
(-0.0752848,-0.0389111)
(0.00784542,0.0204409)
(0.013022,0.0890843)
(0.00338097,0.00346082)
(0.033986,0.0303964)
(-0.01416,0.00840914)
(0.00362165,-0.043269)
(-0.0111943,-0.00868211)
(-0.0019578,-0.0223731)
(-0.0103305,-0.0109245)
(-0.0016458,-0.0109377)
(-0.00804172,0.000726173)
(0.0101005,-0.000571784)
(-0.0114823,0.0165061)
(0.0202217,-0.00309368)
(-0.000255838,0.0176561)
(0.0356027,-0.0352432)
(0.0122273,0.00386714)
(-0.011624,-0.0221425)
(0.0359332,0.00756126)
(0.00190359,0.0164118)
(-0.00280183,-0.00576619)
(-0.00885689,-0.0267321)
(-0.00999509,-0.00272029)
(0.0145679,0.0805275)
(0.0189393,0.0070167)
(0.00422783,0.0165499)
(0.00923021,-0.0114589)
(-0.0123542,0.00300323)
(-0.00778813,-0.00311706)
(-0.012437,0.00932352)
(-0.0036562,-0.00226449)
(0.0239998,-0.0158056)
(-0.00379925,0.0294495)
(0.0153772,-0.0174395)
(-0.000566179,0.0211972)
(0.0431148,-0.0162003)
(-0.00517777,-0.00628008)
(0.0273645,0.0401112)
(-0.0812966,-0.0934488)
(-0.00922973,-0.0145866)
(0.019445,0.0136156)
(0.0202637,0.0190576)
(-0.000314775,-0.00265516)
(0.00820188,-0.0743738)
(-0.0376461,0.00188108)
(-0.00827755,-0.0124132)
(0.0154977,-0.014519)
(-0.0201696,0.0213325)
(0.022206,0.00314156)
(-0.018958,0.0228263)
(-0.000386009,0.00946823)
(0.0130103,-0.0215089)
(-0.00449588,0.0426403)
(0.0184384,-0.0160514)
(-0.00039616,0.051593)
(0.0115063,0.00223615)
(0.0110608,0.0372171)
(0.00591141,0.0110152)
(-0.00276075,-0.01211)
(-0.0511412,0.0476663)
(-0.0170682,-0.0291489)
(-0.00851154,-0.0363416)
(0.0488761,0.0174746)
(-0.00734481,-0.0235178)
(0.0195282,0.0269957)
(-0.016997,0.00494509)
(0.0316906,0.00648401)
(-0.0202833,0.0277637)
(0.0247471,0.015203)
(-0.019012,0.0155025)
(0.00975019,0.0143872)
(0.00419,-0.00714622)
(-0.00244243,0.0255267)
(-0.0114854,-0.00761208)
(-0.0113466,0.0393819)
(0.0151345,0.00993866)
(-0.000363657,0.0347378)
(0.00815929,0.00557923)
(0.00930023,0.0306413)
(-0.020061,0.0148643)
(-0.0101126,0.0127464)
(-0.0123508,-0.00857566)
(-0.0087892,0.0184709)
(-0.00534353,0.0010016)
(0.00504109,-0.00124813)
(-0.00882727,0.0170475)
(0.0175695,-0.00190817)
(-0.0181894,-0.00262676)
(0.0190468,0.0126609)
(-0.0137964,0.00886874)
(0.00365099,0.0170325)
(0.00710268,-0.00441147)
(-0.00451149,0.00109021)
(-0.0100712,-0.0072695)
(-0.0207837,0.00665685)
(0.00286539,-0.00983277)
(-0.00386295,0.00177719)
(0.00954979,0.00190524)
(-0.0014652,0.000497252)
(0.0028207,0.00719302)
(-0.000140718,0.00356023)
(-0.00406488,-0.00476899)
(-0.00650126,-0.00724395)
(-0.00930666,-0.000729124)
(0.00688957,-0.00465433)
(-0.0052066,-0.0154185)
(-0.00013896,-0.0174279)
(-0.0101312,-0.0176567)
(0.00231294,0.0107844)
(-0.00611352,-0.0136058)
(0.00959462,0.0139117)
(-0.00309696,-0.00297142)
(0.000281861,-0.00202943)
(-0.00469553,-0.00883453)
(-0.00651404,-0.00987907)
(0.00455367,-0.00471668)
(-0.0061351,-0.0166744)
(0.00701816,-0.00809989)
(0.0027641,-0.000959353)
(-0.0029875,-0.00472085)
(-0.00185234,-0.0030922)
(-0.00853795,-0.00666726)
(-0.0137771,-0.00259386)
(-0.00405677,-0.0176325)
(-0.00803693,-0.0212292)
(0.00174315,-0.017829)
(-0.00653067,-0.0168324)
(0.00424355,-0.0187215)
(0.00423179,-0.0070808)
(-0.00173224,-0.00563227)
(0.00858907,0.00969006)
(-0.00501517,-0.0123319)
(-0.00259935,0.00458909)
(-0.00460345,0.00793839)
(-0.0101184,-0.00536135)
(-0.00447089,-0.0184087)
(-0.0138441,-0.0116823)
(-0.00307541,-0.0264015)
(-0.0226906,0.0054401)
(-0.0126017,-0.0265685)
(-0.0171599,0.021099)
(-0.013571,-0.0284607)
(-0.00843655,0.0286403)
(-0.00458761,-0.0281849)
(0.00112307,0.0187084)
(-0.00315106,-0.0232775)
(0.00349902,-0.00318258)
(0.00564494,-0.0173129)
(0.00276072,-0.0074494)
(-0.0039458,-0.00205699)
(0.0105275,-0.00327028)
(-0.0154767,0.0094952)
(-0.0211092,-0.0064727)
(-0.0131526,0.00295232)
(-0.0172909,-0.0153192)
(-0.00278099,-0.00239507)
(-0.0214914,-0.0360224)
(-0.00275474,-0.00721596)
(-0.0169075,-0.0011939)
(-0.0127706,-0.00704968)
(-0.0110963,0.0247968)
(-0.0197267,-0.0256886)
(-0.0131724,0.0360191)
(-0.00959677,-0.0344431)
(-0.00744612,0.0281794)
(-0.0106212,-0.0283744)
(-0.002918,-0.0087553)
(-0.00677771,-0.0240385)
(-0.00519884,-0.0137725)
(-0.00471449,-0.010706)
(0.00385107,0.000938367)
(-0.0161678,0.00296139)
(-0.00685062,-0.0127775)
(-0.0161268,0.0120022)
(-0.0145211,-0.0295663)
(0.00206441,0.00361212)
(-0.0169585,-0.0326599)
(0.0168271,0.00171576)
(-0.0128056,-0.0158781)
(-0.00191864,-0.0128307)
(-0.0103807,0.012694)
(-0.0201867,-0.00649591)
(-0.003444,0.0147496)
(-0.00480004,-0.0431075)
(-0.0285601,0.0120004)
(-0.00458698,-0.0390181)
(-0.0125443,-0.0113967)
(0.00136385,-0.0243568)
(-0.0056788,-0.0203152)
(-9.07777e-05,-0.0133814)
(0.00658297,-0.00799839)
(-0.00558653,0.0166475)
(-0.00404892,-0.000563111)
(-0.00180996,0.0131077)
(-0.00969277,-0.00549848)
(0.0188777,-0.00271955)
(-0.025129,-0.0283163)
(0.0326447,-0.0251692)
(-0.0189733,-0.00500361)
(0.0142684,-0.0599742)
(-0.0198536,-0.0312788)
(0.0257659,0.062839)
(0.0463204,-0.0474218)
(-0.0144132,-0.0277133)
(0.0088501,0.00678386)
(-0.0207141,-0.0517611)
(-0.0184167,-0.0105687)
(-0.00857789,-0.0282632)
(-0.0132277,-0.00624591)
(0.0039471,-0.00756831)
(0.00325366,-0.00565968)
(-0.00125967,0.00303278)
(0.00427523,0.0135236)
(0.0118871,-0.00904321)
(-0.00765357,-0.00569037)
(0.0135438,-0.0187613)
(0.0111968,0.00502681)
(-0.0342489,0.0177057)
(0.0712028,0.0894304)
(-0.00769339,-0.000885181)
(-0.000128193,-0.0171034)
(0.00510123,0.00333677)
(-0.00589206,0.00827037)
(-0.0351167,0.0220623)
(0.00199287,0.0409288)
(-0.0281443,-0.0220888)
(0.00758858,-0.00428176)
(-0.0210638,-0.00436421)
(0.00320481,-0.00195682)
(-0.0143441,0.00942792)
(0.00404108,-0.000675412)
(0.0140539,-0.00656772)
(-0.00989452,0.0238462)
(0.0170177,-0.0175217)
(0.0052505,0.0194182)
(-0.00147713,-0.015698)
(0.0146495,-0.00301648)
(-0.0408627,0.0574475)
(-0.0132802,-0.0174551)
(0.012765,-0.00129205)
(-0.00698129,-0.00186533)
(-0.00841118,0.0174902)
(0.00656151,0.00535734)
(0.0161286,-0.0267268)
(-0.0287932,8.64198e-05)
(-0.00299937,-0.0100554)
(0.0100419,-0.0074387)
(-0.0309861,0.0166666)
(0.0179596,-0.00155818)
(-0.0145072,0.0242957)
(0.00732791,0.00213846)
(0.0209446,-0.0194339)
(0.00474495,0.0361068)
(0.0184531,-0.0258314)
(-0.000110633,0.0417168)
(0.00659582,-0.0210756)
(0.0356925,0.0331675)
(-0.0162935,-0.00254792)
(0.0257543,-0.00320323)
(0.0281364,0.0276537)
(-0.0204075,-0.0321806)
(0.0338184,-0.0505111)
(0.00567797,0.0139436)
(0.00966748,-0.00145261)
(-0.0159495,0.00850969)
(-0.00793125,0.00984027)
(0.0241598,-0.0072428)
(-0.0213151,0.0191108)
(0.0194847,0.00688526)
(-0.0195169,0.0226059)
(0.0124369,0.00988815)
(0.00754436,-0.0194111)
(-0.00816352,0.043924)
(0.00742262,-0.0212663)
(0.00472209,0.0512724)
(0.0126943,-0.0231707)
(0.0246538,0.027652)
(0.00859454,-0.0157237)
(0.0318077,0.0330629)
(-0.00652753,-0.017425)
(-0.00127203,0.00395047)
(-0.0158678,-0.0159359)
(-0.0186545,0.0143652)
(0.000144936,0.00944943)
(-0.0176805,0.00168308)
(-0.0104145,0.00478325)
(0.00804448,-0.0128349)
(-0.0215653,0.00170897)
(0.0127924,0.0157979)
(-0.015846,0.00858118)
(0.00658394,0.0131218)
(-0.00247318,-0.0269444)
(-0.0023133,0.0251578)
(0.0109956,-0.01779)
(-0.00777709,0.027766)
(0.0159696,-0.00539438)
(0.00680722,0.0244198)
(0.0121125,-0.012947)
(0.0150511,0.00752215)
(-0.0126108,-0.00906013)
(0.00695717,0.000518686)
(-0.0229003,-0.00171137)
(-0.0165038,0.00138735)
(-0.0122175,-0.00415396)
(-0.0072089,-0.0263761)
(-0.0140189,0.00808495)
(-0.00390478,-0.0111564)
(0.0023633,-0.00489953)
(-0.00594506,0.00453728)
(-0.00245982,-0.00268639)
(-0.000342247,0.0122605)
(0.00851663,-0.0222072)
(-0.000358689,0.0050262)
(0.00312185,-0.0191456)
(-0.00912872,0.00472342)
(0.0152576,-0.0151553)
(-0.00276216,-0.00433406)
(0.000783587,-0.0141417)
(0.00508909,-0.00119126)
(-0.00741074,-0.00589811)
(-0.00773343,-0.00109447)
(-0.0235047,0.00301215)
(-0.00542573,-0.00909351)
(-0.0149187,0.00255774)
(-0.0035406,-0.0220574)
(-0.00371145,-0.0014863)
(0.000867642,-0.0226225)
(-0.00216943,-0.00226646)
(-0.00144847,-2.05206e-05)
(0.00367308,-0.00879325)
(0.00339928,0.00697211)
(-0.00930593,-0.0039635)
(-0.000483185,-0.00232878)
(-0.00391838,-0.00611269)
(-0.00508741,-0.0114771)
(0.000602557,-0.013573)
(-0.0128927,-0.0243262)
(-0.00904332,-0.022034)
(-0.0231221,0.00198703)
(-0.013442,-0.0263775)
(-0.0244351,0.0195935)
(-0.00911277,-0.027565)
(-0.0130811,0.0356365)
(-0.00614317,-0.0296323)
(-0.00221485,0.0156767)
(0.00267493,-0.0182426)
(0.00278703,-0.00764843)
(-0.00264383,-0.0204056)
(0.0110011,-0.0255289)
(-0.00544579,-0.0104818)
(0.00301482,-0.00943529)
(-0.0156098,-0.00269985)
(-0.00516793,-0.0126237)
(-0.0174477,0.00676741)
(-0.0078412,-0.0294242)
(-0.0157737,0.00112152)
(-0.0142042,-0.0264085)
(-0.00161801,0.00114534)
(-0.0122751,-0.00198452)
(-0.0135489,-0.00877588)
(-0.0284287,0.0421884)
(-0.0111881,-0.02326)
(-0.0077363,0.0419609)
(0.00284632,-0.0232141)
(-0.019132,0.0347172)
(0.00168435,-0.0242831)
(-0.00340977,0.00142919)
(0.00444969,-0.0267947)
(-0.00155865,-0.0219641)
(-0.00568972,-0.0222072)
(0.0125318,-0.0114154)
(-0.0253457,0.0117624)
(-0.00286026,-0.0199867)
(-0.0309997,0.0168951)
(-0.00070112,-0.0347699)
(-0.0133887,0.022977)
(0.00432659,-0.0438782)
(0.00698829,0.0221314)
(-0.0173251,-0.0136544)
(-0.00499747,0.0179184)
(-0.0154556,0.0125335)
(-0.022181,-0.00355683)
(-0.0122374,0.0212417)
(0.00828002,-0.0183333)
(-0.00237575,0.0277578)
(-0.00300488,-0.0191644)
(-0.00378512,0.00116499)
(0.00542402,-0.015358)
(0.00719075,-0.0216801)
(0.00979578,-0.0158895)
(0.0129326,-0.0100815)
(-0.023539,0.0185363)
(0.00270979,-0.0171548)
(-0.0115094,0.022676)
(-0.00343549,-0.028269)
(0.00275325,0.0212069)
(-0.0144702,-0.037758)
(0.0162156,0.0162123)
(-0.0494899,-0.0308681)
(0.0168643,0.0366814)
(-0.0419967,0.00813001)
(-0.0173682,-0.00628869)
(0.0220545,-0.016038)
(-0.00198432,-0.0278194)
(0.0052816,-0.0037025)
(-0.00602308,-0.0363739)
(0.0127168,-0.0114842)
(0.002376,-0.0167178)
(0.00902462,-0.00567433)
(0.00205424,-0.000551042)
(0.0157158,-0.00571195)
(-0.0112992,0.00022282)
(-0.00940461,-0.00849804)
(-0.00729119,0.00793097)
(-0.00211697,-0.0244143)
(0.00819653,0.000957009)
(-0.0154406,-0.0331739)
(0.0159402,0.0209714)
(0.00107226,0.00979677)
(0.0227157,0.0274141)
(-0.0474888,0.066815)
(0.0181239,-0.0873977)
(-0.0484646,-0.0255149)
(0.000237217,-0.00306373)
(-4.74852e-05,-0.0161919)
(-0.0218604,-0.00903282)
(0.0128119,-0.00536967)
(-0.0221148,0.0092798)
(0.00281802,-0.000895819)
(-0.00564238,0.00793312)
(0.0136148,-0.00129641)
(-0.00243428,-0.0102519)
(-0.0029701,-0.000621082)
(0.00543195,-0.0184216)
(-0.00877223,-0.00883109)
(0.00149384,-0.0223169)
(0.00559034,-0.0248897)
(-0.0306567,-0.0132992)
(0.0203652,-0.00946182)
(-0.0601955,-0.0412169)
(0.0600543,0.0549557)
(-0.0344261,-0.0576384)
(0.0107671,-0.0505468)
(0.0176499,0.0365274)
(-0.00683458,-0.019826)
(-0.0140173,0.0197156)
(0.0112331,-0.00673706)
(-0.0238309,0.0359331)
(0.0213726,0.0011063)
(-0.0107665,0.027642)
(0.0099304,-0.00532941)
(0.0207917,-0.0221231)
(-0.00383087,0.0126815)
(0.0242043,-0.0426704)
(0.00769533,0.0270014)
(0.013891,-0.0426493)
(0.0195109,0.0089013)
(0.00155664,-0.0265154)
(0.0150637,-0.00331344)
(-0.0112334,0.0146892)
(-0.000763923,0.011434)
(0.00847538,0.026289)
(-0.0185324,-0.00862901)
(0.0186158,0.053316)
(-0.0241287,-0.000750925)
(-0.0139528,0.0441119)
(-0.00701697,0.00253523)
(-0.0361796,0.0353238)
(0.006261,0.00107772)
(-0.0181382,0.0165701)
(0.00533446,0.00260748)
(0.00743783,-0.0330092)
(-0.00306237,0.0225876)
(0.0189758,-0.0470409)
(-0.000643801,0.0382508)
(0.019918,-0.0269893)
(0.0287806,0.0348538)
(0.0139351,-0.026473)
(0.0244122,0.0110998)
(-0.00224703,0.00241243)
(0.00455351,0.0120505)
(-0.0041628,0.0279182)
(-0.0310642,0.0141356)
(0.00957972,0.0355534)
(-0.029096,-0.00296148)
(-0.0252247,0.0290063)
(-0.0195582,0.00164622)
(-0.0318701,0.00997183)
(-0.00250899,0.00994053)
(-0.0194508,0.00716346)
(0.000852575,0.018151)
(0.00442255,-0.0385134)
(-0.00165464,0.0142551)
(0.0141582,-0.0350015)
(-0.00413462,0.0215858)
(0.0171045,-0.027716)
(0.0142372,0.0159886)
(0.00346101,-0.00812807)
(0.0248621,0.00573501)
(-0.0219149,-0.00894469)
(0.00880656,-0.00718722)
(-0.0334942,0.0141309)
(-0.00914637,-0.0197794)
(-0.0277557,0.0164178)
(-0.00405731,-0.0301135)
(-0.0286523,0.0172455)
(-0.0188456,-0.0156615)
(-0.0213518,0.00957027)
(-0.012667,0.00749588)
(-0.00624051,-0.000692412)
(-0.0109912,0.0199966)
(-0.00199885,-0.0231376)
(0.00278008,0.0106125)
(0.0097367,-0.0283709)
(-0.00165714,0.00403674)
(0.00679885,-0.0223501)
(-0.00159622,-0.00292381)
(0.00369861,-0.0145267)
(0.00943115,-0.00636404)
(-0.0194668,0.00172817)
(0.00156386,-0.014274)
(-0.0398221,0.0106372)
(-0.00671601,-0.0147501)
(-0.0274348,0.00724297)
(0.00322681,-0.0356695)
(-0.0184445,0.0172233)
(0.00415547,-0.0139631)
(-0.013515,0.00798722)
(-0.00461081,0.00527405)
(-0.00807167,0.00585605)
(-0.00878667,0.00708862)
(0.000564836,-0.00520088)
(0.00977723,-0.00532595)
(0.00542219,0.00769176)
(0.0115424,-0.00427802)
(-0.00227071,-0.0117631)
(-0.00163678,-0.00848811)
(-0.0103896,-0.00840823)
(-0.0197707,0.00703638)
(-0.0200026,-0.02625)
(-0.0243488,0.0122958)
(-0.0132402,-0.0216713)
(-0.00856766,0.00972238)
(-0.00928806,-0.00733238)
(0.00113622,0.0043129)
(-0.00765463,-0.017333)
(0.0124064,-0.0129806)
(-0.01043,-0.0151803)
(0.00469666,-0.0220749)
(0.000521387,-0.0195298)
(0.00984998,-0.00589202)
(-0.0154737,0.00329799)
(0.0077608,-0.00563439)
(-0.0118585,0.00686989)
(0.00857149,-0.0163976)
(-0.0200731,0.0113454)
(-0.0105228,-0.0129126)
(-0.0189329,0.00273814)
(-0.0136006,0.0125117)
(-0.0229495,-0.00429046)
(-0.00829877,0.0336997)
(-0.00815994,-0.00854925)
(-0.0160105,0.0392037)
(-3.99458e-05,0.00049216)
(-0.0100941,0.020048)
(0.0140454,-0.0214474)
(-0.00559574,-0.00868228)
(0.00214735,-0.0303046)
(0.00041487,-0.0154565)
(-0.00206575,-0.0256816)
(0.00502126,0.000337963)
(-0.0247143,0.00744212)
(-9.22214e-05,-0.0167729)
(-0.028089,0.0213394)
(0.00984611,-0.0181004)
(-0.0279589,0.022828)
(0.00156915,-0.027355)
(-0.016761,0.0377369)
(0.00380241,0.0046549)
(-0.0146582,0.0285182)
(-0.00016699,0.0370014)
(-0.00519535,0.0177746)
(0.0136899,0.0402552)
(0.0142312,0.00548799)
(0.00207079,0.024693)
(0.025792,0.000391171)
(0.0127377,-0.00254282)
(0.025697,-0.0222262)
(0.0105651,0.00354628)
(0.0127307,-0.0166789)
(0.0124368,-0.00014105)
(-0.0229347,0.00765764)
(0.00896038,-0.00949985)
(-0.0157659,0.019979)
(0.00412952,-0.0262065)
(-0.0116761,0.0233469)
(-0.00216351,-0.0251733)
(-0.00121234,0.0346515)
(-0.000716878,-0.0119585)
(-0.0035728,0.0366916)
(0.00442555,0.00707777)
(-0.00680524,0.0281124)
(0.0318529,0.00986928)
(0.0169183,-0.00957367)
(0.0349291,0.0173584)
(0.0114638,-0.0153182)
(0.0227123,0.00544988)
(0.0262695,-0.00936162)
(0.021418,-0.0017459)
(0.015063,-0.013212)
(0.00890394,0.0110216)
(-0.0197061,-0.0101452)
(-0.00548738,-0.0103296)
(-0.00720841,-0.00335265)
(-0.00888283,-0.0202501)
(-0.00900155,0.00195067)
(-0.000947807,-0.0254479)
(4.67163e-05,0.0140542)
(-0.0148736,-0.019792)
(0.0267456,0.0455213)
(0.0132442,0.0317629)
(0.0185046,0.0115247)
(0.0259989,-0.00036589)
(0.0107989,0.0141078)
(0.0200385,0.00579717)
(-0.00705522,0.00098082)
(0.00497459,0.00368615)
(-0.000115559,0.000190911)
(0.0171329,0.00915837)
(0.00616099,0.00150633)
(-0.000280747,0.00995861)
(-0.00467589,-0.023774)
(-0.0101034,0.00178205)
(-0.00798166,-0.0250621)
(0.00326398,-0.00120065)
(-0.00547072,-0.0259781)
(0.004793,-0.0171798)
(-0.00166712,-0.0239933)
(0.0118362,-0.0282598)
(-0.00131311,0.0259324)
(0.0280788,0.00903271)
(0.0230823,0.0245858)
(0.0311179,-0.0135304)
(0.0179023,0.045001)
(-0.00590723,0.00618473)
(-0.0116498,0.0312225)
(-0.000898627,-0.000300546)
(-0.0235608,0.0323985)
(0.00390321,0.00900667)
(-0.00474499,0.0111042)
(0.00326231,0.00447943)
(0.00882104,-0.0304053)
(0.00962162,0.00342994)
(0.0315782,-0.0392794)
(0.00627847,0.0160734)
(0.0122535,-0.0344858)
(0.0193892,0.0101844)
(0.0086574,-0.0289933)
(0.018347,-0.0089697)
(0.0124068,0.0199125)
(-0.00954517,0.00761177)
(0.0176676,0.0542159)
(-0.0267452,0.00777318)
(0.0135263,0.0522916)
(-0.0375346,-0.00357388)
(-0.0296494,0.0312416)
(-0.0351,0.000917492)
(-0.033191,0.0154976)
(-0.00643329,0.0100767)
(-0.02168,0.00675567)
(-0.00125679,0.012145)
(0.0119127,-0.0337712)
(0.0068137,0.0125876)
(0.0179515,-0.0324212)
(0.0126245,0.0255067)
(0.00918841,-0.0294488)
(0.0285025,0.0279207)
(0.00865507,-0.00853675)
(0.0266856,0.0107509)
(0.00673562,0.0133396)
(0.00553774,-0.00262873)
(0.00235507,0.0391492)
(-0.0192887,-0.00519494)
(-0.00643426,0.0276502)
(-0.029913,-0.00101854)
(-0.0292178,0.0116012)
(-0.0313934,0.00699047)
(-0.0388997,0.00237747)
(-0.0186829,0.0242474)
(-0.0231078,0.00372236)
(-0.0133406,0.0280465)
(-0.000612992,-0.0235706)
(0.018497,0.00764193)
(0.00743761,-0.0208096)
(0.0159482,0.0103023)
(0.00504922,-0.00889239)
(0.0170421,0.0126177)
(0.00273046,-0.00338768)
(0.0226544,0.00193416)
(-0.0158164,0.0102514)
(0.00680705,-0.0102477)
(-0.0374501,0.0216172)
(-0.000461783,-0.0187711)
(-0.0297475,0.0143499)
(-0.0179868,-0.0264076)
(-0.0320397,0.0122601)
(-0.0141737,0.00260817)
(-0.0271087,0.00610297)
(-0.0316283,0.0205873)
(-0.01736,0.000546597)
(-0.0211198,0.013069)
(-0.00798432,-0.0228913)
(0.010792,0.00321055)
(-0.0003124,-0.0202791)
(0.0113375,0.00168054)
(0.00420369,-0.00926853)
(0.00698836,-0.00166231)
(-0.00265055,0.00046801)
(0.0106374,0.00190923)
(-0.0247009,0.00288492)
(0.00166875,-0.00440228)
(-0.0350396,0.0153263)
(-0.00129116,-0.0206012)
(-0.0293826,0.0216523)
(0.0074234,-0.0187159)
(-0.0156269,0.0181553)
(-0.00833188,-0.000741384)
(-0.00750652,0.0172416)
(-0.0203799,0.000873537)
(-0.00779086,0.00636586)
(-0.0138045,0.0105886)
(0.00536219,0.0049456)
(0.0130517,-0.00302825)
(0.012493,0.00268319)
(0.0205989,-0.00480613)
(0.00274962,0.000369276)
(0.00641084,-0.00181212)
(-0.00464147,-0.0107633)
(-0.00799113,0.00115613)
(-0.00997027,-0.0198462)
(-0.0112768,0.00332726)
(-0.00599397,-0.0128687)
(-0.0048825,-0.00323957)
(-0.0112184,-0.00977172)
(0.00184723,-0.00387323)
(-0.0189904,-0.0047081)
(0.0126645,-0.0055362)
(-0.020258,-0.0109363)
(0.00962796,-0.00570713)
(-0.0132944,-0.00589937)
(0.0149701,0.00529807)
(-0.000172656,0.00608577)
(0.00979914,-0.00964155)
(0.00249411,0.00819695)
(0.0151177,-0.00462141)
(0.000199804,0.000705463)
(-0.00155188,-0.00518779)
(-0.00780935,0.00987552)
(-0.0143182,0.0140659)
(-0.0191727,-0.00190004)
(-0.00667895,0.0118181)
(-0.0139523,-0.00212085)
(-0.00211006,0.0161784)
(0.0102478,0.00254325)
(-0.00821632,0.00562709)
(0.00636135,-0.0055276)
(0.00524352,0.00779124)
(0.00341589,-0.00725222)
(0.00612011,0.0142767)
(-0.00941238,-0.0144902)
(0.0103193,0.021155)
(-0.00889313,-0.000309138)
(0.0117633,-0.0129593)
(-0.00853116,0.0041203)
(0.00394599,-0.0202851)
(-0.0200968,0.0195144)
(0.00531389,-0.00818007)
(-0.0176517,0.0251242)
(-0.00462028,0.00746586)
(-0.0110723,0.0366556)
(0.0122393,0.0252539)
(0.00840355,0.0195716)
(0.00631657,0.0285708)
(0.0220888,0.0200761)
(0.0185131,0.0244641)
(0.0365852,0.00819622)
(0.0212945,0.0212181)
(0.0236353,-0.00256052)
(0.012514,0.0226182)
(0.0126245,-0.013323)
(0.00404037,0.0223603)
(-0.00899345,-0.00779094)
(-0.00599363,-0.0144727)
(-0.0143667,-0.00209124)
(0.00358345,-0.012396)
(-0.0247132,0.0101304)
(-0.00555259,-0.0197758)
(-0.00701258,0.0272049)
(0.00431189,-0.00351602)
(0.0071219,0.0335839)
(0.0164132,0.011931)
(0.0113464,0.0282988)
(0.0286663,0.0252735)
(0.0161496,0.011392)
(0.0377115,0.0181342)
(0.0291274,0.0148365)
(0.0259217,0.0166274)
(0.0309056,-0.00206502)
(0.0129636,0.0275007)
(0.0219071,-0.00498364)
(0.00755968,0.0200221)
(-0.00303564,-0.0250549)
(-0.00515332,-0.0100074)
(-0.00400632,-0.0134558)
(-0.00848305,-0.0260208)
(-0.00969954,-0.00731946)
(-0.000250882,-0.0261338)
(0.00117365,0.00391986)
(0.00921576,-0.0203528)
(0.00662896,0.0343702)
(0.0190924,0.00774444)
(0.016809,0.0191435)
(0.0288598,0.0242689)
(0.0120297,0.00641078)
(0.0196289,0.0228027)
(0.011615,-0.00193424)
(0.0195342,0.021861)
(0.00821588,0.0149227)
(0.00210159,0.0149586)
(0.0157208,-0.00227896)
(9.60392e-05,0.0128667)
(-0.0040758,-0.0192684)
(-0.000971672,-0.00059384)
(0.00179754,-0.0213541)
(0.00453919,-0.0112014)
(-0.014182,-0.0237967)
(0.0170671,-0.0251174)
(0.00105978,-0.0125263)
(0.0252361,-0.0244347)
(0.0167272,0.0148174)
(0.0189102,-0.00698919)
(0.00855017,0.030715)
(0.0129939,0.0125773)
(0.00978444,0.0169657)
(0.00666204,0.00950858)
(-0.0110531,0.00515841)
(-0.00184034,0.0174537)
(-0.00371945,0.0103067)
(0.00234766,0.0239596)
(0.00618116,0.0036211)
(-0.00274781,0.0168427)
(0.0143757,-0.0243967)
(0.00434543,-0.00397509)
(0.018642,-0.0248935)
(0.0209346,-0.0100967)
(0.0174023,-0.0259203)
(0.0250192,-0.00215964)
(0.00968242,-0.0126707)
(0.0249158,-0.0156061)
(0.0145484,0.0154202)
(0.0169814,-0.0139685)
(0.0151017,0.0315179)
(-0.0054032,0.00159417)
(0.000339465,0.0130144)
(-0.0187151,0.00100994)
(-0.00976913,-0.00548638)
(-0.015938,0.0225184)
(-0.0145102,-0.00087803)
(-0.0108928,0.0228064)
(-0.0101128,-0.00211396)
(-0.00211662,0.0201256)
(0.00126187,-0.0210093)
(0.0101962,0.00241965)
(0.0201261,-0.0280075)
(0.0193289,0.0129703)
(0.00874982,0.00372971)
(0.0281979,0.013273)
(0.0171856,0.00852089)
(0.0233177,0.000881429)
(0.0141605,0.0233452)
(0.00640356,-0.013765)
(0.00599595,0.0198118)
(-0.0072564,-0.0137427)
(0.00404882,0.00742568)
(-0.0158314,-0.00579996)
(-0.0219784,-0.00369091)
(-0.0210924,0.0207771)
(-0.0318369,0.00421173)
(-0.0261203,0.0266136)
(-0.0170391,-0.0043464)
(-0.0156828,0.0194869)
(-0.00986013,-0.013461)
(0.0105099,0.00326118)
(0.00299617,-0.00695988)
(0.0128025,0.0105802)
(0.00677954,0.0122337)
(0.0171257,0.0147658)
(0.0159486,0.0254174)
(0.0159673,0.00793439)
(-0.000293471,0.0177808)
(0.00500681,-0.00880627)
(-0.0125158,0.020768)
(-0.00121631,-0.0154533)
(-0.0154715,0.014515)
(-0.00544667,-0.00971214)
(-0.0176105,0.00103646)
(-0.0271823,0.00933962)
(-0.0251367,0.00954943)
(-0.0334886,0.00198264)
(-0.0268042,0.000349206)
(-0.0274455,0.0108588)
(-0.00564322,-0.00507638)
(0.00397033,-0.00923826)
(-0.0115723,0.00186101)
(0.0117006,-0.00180372)
(0.00534598,0.00682675)
(0.00354405,0.00688189)
(0.0171748,0.013888)
(0.00361044,0.010287)
(-0.00696681,0.01094)
(0.000511365,0.00160468)
(-0.0184434,0.0148665)
(0.00170298,-0.00622464)
(-0.0104964,0.00576542)
(0.00146062,-0.0106229)
(-0.00859726,0.0146575)
(-0.018123,0.00365536)
(-0.0263412,0.0051547)
(-0.0217416,-0.000130683)
(-0.0128035,0.0141431)
(-0.0212311,0.0104513)
(0.0103854,0.000513957)
(0.0117839,-0.00354674)
(0.00862637,0.0120934)
(0.0134297,0.00561468)
(0.0143998,0.00465021)
(0.00737253,-0.00421442)
(0.00472331,-0.00530238)
(-0.00407672,0.00344017)
(-0.00306822,-0.00659948)
(-0.000228533,-0.000223596)
(-0.00747475,-0.00678389)
(-0.00812526,-0.0039088)
(-0.00897865,0.00561391)
(0.000612693,-0.007319)
(-0.00986799,-0.00613267)
(0.00289462,0.00354814)
(-0.00636924,-0.00514378)
(0.0167145,0.00520936)
(-0.00855912,-0.0105811)
(0.00411407,0.00506314)
(-0.00774724,0.0170809)
(0.00690938,-0.00336826)
(0.00679044,0.0112206)
(0.0060125,-0.00455379)
(0.000118973,0.00738962)
(-0.00385208,-0.00117264)
(-0.000650903,0.005638)
(0.00131786,-0.00360477)
(0.00117504,0.000447188)
(-0.00219594,-0.000257251)
(-0.00394329,0.00852882)
(-0.00508728,-0.00785196)
(0.00463898,-0.00412715)
(-0.00493762,-0.000475292)
(0.0128013,-0.00296795)
(0.00772397,0.0102054)
(0.00166039,-0.00948412)
(0.0132556,0.021472)
(-0.00453163,-0.000898849)
(0.00810335,0.0202712)
(-0.00658361,0.00424907)
(-0.00200256,-0.0132934)
(-0.00881849,0.0100808)
(-0.000452209,-0.0116294)
(-0.00503315,0.00355096)
(-0.00357589,-0.0114034)
(-0.00807757,0.0226805)
(-0.00773888,-0.00252928)
(0.0041165,0.0139201)
(0.00779991,0.00259773)
(0.0142845,0.0139728)
(0.00553614,0.0049007)
(0.0258655,0.00300839)
(0.0131862,0.00916663)
(0.0212157,0.00406993)
(0.00687025,0.019215)
(0.0229101,-0.000815522)
(0.0185079,0.033995)
(0.00471462,-0.00299736)
(0.0119061,0.0231659)
(-0.011119,-0.00578438)
(-0.00693338,-0.00793214)
(-0.00309496,0.00204404)
(-0.00621846,-0.020396)
(-0.0128148,0.00310757)
(-0.00205304,-0.0133225)
(-0.00650316,0.0143612)
(-0.00795549,-0.00404604)
(0.00697209,0.0170358)
(0.0101075,0.00570813)
(0.00918174,0.0149826)
(0.0121874,0.0137212)
(0.0129701,0.0100985)
(0.0204439,0.0158305)
(0.0207773,-0.00408238)
(0.0223764,0.0235833)
(0.0217079,0.00629677)
(0.00961507,0.0292579)
(0.0155963,0.00431593)
(0.00629333,0.0196524)
(-0.00368435,-0.0163493)
(-0.0138578,-0.011724)
(-0.00567705,-0.0139631)
(-0.00587116,-0.0193359)
(-0.00820376,-0.00800978)
(-0.00152172,-0.0244797)
(-0.00633644,0.00157035)
(0.0010779,-0.0144211)
(0.0101598,0.00547402)
(0.0115173,-0.00242714)
(0.00270274,0.00412786)
(0.012767,0.00796416)
(0.00706598,-0.00866604)
(0.017273,0.0173092)
(0.0088147,-0.00528081)
(0.010329,0.0228224)
(0.0078096,0.00495865)
(0.00499453,0.0252012)
(0.0106293,-0.00637602)
(0.000175745,0.0170316)
(-0.000857938,-0.0188834)
(-0.0043502,-0.00178788)
(0.00238418,-0.0153645)
(-0.00111875,-0.0171324)
(0.00305785,-0.0102357)
(0.00821088,-0.0165658)
(-0.00523196,-0.0015192)
(0.0110726,-0.0210947)
(0.000606074,0.00938091)
(0.0176146,-0.0114128)
(0.0073097,0.0100602)
(0.0154072,0.00294348)
(-0.00283866,-0.00146277)
(0.0137268,0.00902141)
(-0.00290094,-0.0118759)
(0.013763,0.0299662)
(-0.00343079,-0.000980512)
(0.00398469,0.0202204)
(-0.00169331,-0.00224776)
(-0.00418921,0.0199732)
(0.00200179,-0.00874457)
(-0.00103801,-0.0101485)
(0.0127273,-0.0114344)
(0.0108307,-0.0134445)
(0.00783075,0.000314913)
(0.0133884,-0.0085413)
(0.00736291,0.00422554)
(0.00961531,-0.0129732)
(0.0056508,0.0155476)
(0.00571561,-0.00932532)
(0.0070555,0.00259323)
(0.00700596,-0.00104245)
(0.00463444,0.00397208)
(0.00911875,0.00582503)
(-0.00240157,-0.00888822)
(-0.00642517,0.0177606)
(-0.0103597,-0.00656965)
(-0.0109763,0.0204563)
(-0.00431952,-0.0153478)
(-0.00385333,0.0131827)
(0.00661297,-0.00505488)
(0.00353047,0.00345339)
(0.00347456,-0.00487249)
(0.00867441,-0.000433758)
(0.0105353,0.00668473)
(0.00998145,0.000138979)
(0.0102067,0.0192853)
(0.00739143,-0.00465938)
(0.014736,0.0195459)
(0.00123103,-0.00784382)
(0.011009,0.015181)
(0.00401605,-0.00987749)
(0.00183897,0.000926827)
(0.00618511,-0.00066402)
(-0.00286681,-0.00664994)
(-0.0084183,0.0172452)
(-0.0155867,-0.0024584)
(-0.00964066,0.0179692)
(-0.0134251,0.00129114)
(-0.00487953,0.00943799)
(-0.00286359,0.00535068)
(0.00819177,-0.00415031)
(-0.0013619,0.00329991)
(-0.00161683,0.00146334)
(0.00468972,0.018674)
(0.00846962,0.0109752)
(0.0128394,0.0175731)
(-0.00264118,0.00673184)
(0.00683029,0.017768)
(-0.00169042,-0.00122316)
(0.00399568,0.00862834)
(0.00236011,-0.00236841)
(-0.00458724,0.00257526)
(-0.00893121,-0.00451862)
(0.00355935,-0.000906309)
(-0.016806,0.0111953)
(-0.0168408,0.00170779)
(-0.0163322,0.0113172)
(-0.0141831,0.00649705)
(-0.0187364,0.0066269)
(0.000153023,0.0123189)
(-0.00363644,-0.0105677)
(-0.00752516,0.00812951)
(-0.00124961,0.00542535)
(-0.000104604,0.0130816)
(-0.00935793,0.0102788)
(0.0054993,0.00902205)
(-0.0028381,0.0100715)
(-0.00266687,0.00507283)
(-0.00518335,0.0116552)
(-0.00767759,0.00444975)
(0.00598084,0.00109376)
(-0.00643722,0.0015318)
(-0.00194667,0.000354603)
(-0.0119307,-0.00993378)
(-0.0113746,0.00257372)
(-0.011432,0.00449803)
(-0.0161412,0.00252732)
(-0.0153664,0.00304657)
(-0.00926183,0.00345837)
