(0.0092134,-0.00352853)
(0.00692147,-0.00191855)
(0.00361009,0.00116793)
(0.00808912,0.00219617)
(0.00173856,-0.00282502)
(0.00205892,0.00517957)
(-0.00301158,-0.00741326)
(0.000224618,0.00568962)
(-0.00781826,-0.00676733)
(0.00260634,0.000510054)
(-0.0037268,-0.00827115)
(0.00328298,0.000131448)
(-0.0037923,0.00170233)
(0.00529295,0.00141374)
(0.00304908,0.00860432)
(0.00393007,0.00401863)
(0.00768478,0.00476298)
(-0.000112727,0.0051385)
(0.011558,0.00866899)
(0.00141511,0.000761353)
(0.0055278,-0.00153765)
(0.00224803,0.0023514)
(0.00609204,-0.00105065)
(0.0130055,0.0045215)
(0.000794434,-0.0029119)
(0.0104137,0.00473068)
(-0.0013791,-0.00885768)
(0.00984153,0.00306237)
(-0.00804007,-0.00730935)
(0.00693187,-0.00122892)
(-0.00638169,0.00047681)
(0.00554901,0.00410151)
(0.00253762,0.00306008)
(-0.00457132,0.00709443)
(-0.000593551,0.00479068)
(-0.00733164,0.00223598)
(0.00917084,0.0108958)
(-0.000598838,-0.000199322)
(0.0137547,0.00614954)
(-0.000847917,-0.0032516)
(-0.000146504,-5.67496e-05)
(0.00650148,0.00278523)
(-8.44344e-05,0.00179239)
(0.0185233,0.00491901)
(0.000329501,-0.00995537)
(0.0167029,0.00466813)
(0.000732745,-0.0143221)
(0.0244409,-0.00171889)
(-0.00495372,-0.0112001)
(0.0135587,0.00205413)
(-0.0034219,-0.000321463)
(0.00124223,0.00266809)
(-0.0033527,0.00144159)
(-0.00602666,0.00379318)
(0.000535524,0.00474146)
(-0.0113214,-0.00494187)
(0.00147916,0.0059536)
(-0.0068134,-0.00935278)
(0.00237695,0.00682887)
(0.00413561,-0.0054974)
(0.00187925,0.00919422)
(0.0177235,0.00520806)
(-0.00195236,0.00655481)
(0.0253357,0.00764504)
(-0.00189707,-0.0043292)
(0.0240946,0.00880824)
(-0.000732553,-0.0171113)
(0.0155532,0.0103508)
(-0.0053818,-0.0141193)
(0.0112397,0.00518045)
(-0.00736947,-0.00875075)
(0.00275529,0.00842578)
(-0.00204764,-0.00188635)
(-0.00923381,0.0073716)
(0.00162669,-0.00807417)
(-0.0137573,-0.0055333)
(-0.00217635,0.000503663)
(-0.00424972,-0.0044319)
(0.000778309,0.00217356)
(0.00262563,-0.00486047)
(0.00175225,0.00963797)
(0.0135677,0.00216513)
(-0.000440297,0.0189196)
(0.0184286,0.00403424)
(0.00516345,0.00509546)
(0.0146708,0.00911089)
(0.00568109,-0.00669824)
(0.0119441,0.00762881)
(0.00803694,-0.00913232)
(0.003492,0.00559623)
(0.000652959,-0.00136341)
(0.00295034,0.00509537)
(0.00127335,-0.00208317)
(-0.00280412,-0.000765001)
(0.000296371,-4.08845e-05)
(0.000417056,0.00284574)
(0.00173617,-0.0025177)
(0.00295816,-0.00271445)
(-0.00222832,0.00388412)
(0.011802,-0.00250829)
(0.00586761,0.00396951)
(0.00603699,-0.00636305)
(0.00447702,0.00711269)
(0.0122286,-0.00139744)
(-0.0010337,0.00913556)
(0.0102342,0.00219205)
(0.00274801,-0.000589628)
(0.0145506,0.00149086)
(0.000655498,-0.000426134)
(0.0127955,-0.00818953)
(-7.63423e-05,0.000262583)
(0.00973983,-0.00701013)
(0.00167485,0.00693999)
(0.00183641,-0.00316344)
(0.0082627,0.0085916)
(0.000902146,-0.00431995)
(0.00645942,3.94246e-05)
(0.00302126,-0.00244383)
(-0.000665478,-0.00130297)
(0.00253103,-0.00305256)
(0.0114404,-0.000155954)
(0.0024227,-0.00854211)
(0.00890462,-3.81361e-05)
(-0.00122197,-0.00482037)
(0.00935902,-0.000243469)
(-0.000460167,-0.00359651)
(0.00513256,-0.0016754)
(0.00929504,-0.00715809)
(0.00565183,0.00195521)
(0.0112691,-0.00367471)
(-4.82649e-05,0.0096759)
(0.00838389,-0.0107074)
(0.00218016,0.0114648)
(0.00418461,-0.00178816)
(0.00921768,0.00751128)
(0.00425389,-0.00238217)
(0.0114451,0.00143935)
(0.00437623,-0.00376431)
(0.00740941,-0.00528018)
(0.00223595,0.00152097)
(0.00425301,-0.00573252)
(-0.00106085,0.000956458)
(0.00629983,-0.00597107)
(-0.00756316,-0.00220846)
(0.00927194,0.00303656)
(-0.0113037,0.000444148)
(0.00377717,0.00500829)
(-0.000567198,0.000407411)
(0.000726696,0.00132028)
(0.0029514,-0.00657796)
(-0.00224981,0.000825566)
(0.00414643,-0.00884557)
(0.0015782,0.00833477)
(0.000158296,-0.00759835)
(0.00918105,0.00352477)
(0.00446183,-0.00463724)
(0.00529365,0.0013255)
(0.00519677,-0.00338496)
(-0.000600065,0.00110712)
(0.00131813,0.00093524)
(0.00682723,-0.00956426)
(-0.00537575,-0.00164033)
(0.0119712,-0.00422594)
(-0.0100571,0.00320722)
(0.013161,-0.00100507)
(-0.0111287,0.00834368)
(0.00916476,0.00376628)
(-0.00329713,0.00349277)
(0.00855432,-0.00326621)
(0.00110067,0.00204315)
(0.00774875,0.000494614)
(0.00241678,-0.00618561)
(0.00251191,-0.00429188)
(0.000866925,-0.00226176)
(-0.000286793,0.00721149)
(0.00763066,-0.00181665)
(0.0027297,0.00360438)
(0.0053032,-0.00319599)
(-5.82578e-05,0.00617012)
(0.00051279,-0.0046443)
(0.00551295,-0.00922525)
(-0.00275322,0.00256198)
(0.00405541,-0.00516482)
(-0.0092894,0.00146468)
(0.0093132,0.00179486)
(-0.00495571,0.00528959)
(0.00352352,-0.000843149)
(-0.00170915,0.00852017)
(0.00679428,-0.00356074)
(0.00121479,0.00261932)
(0.00389991,-0.00566898)
(0.000137494,0.00587692)
(-0.00144611,-0.00072457)
(-0.00187055,0.00332625)
(-0.00318397,-0.00072814)
(0.00384939,-0.00297556)
(0.00182675,0.00147019)
(0.000801434,-0.00949791)
(-0.00466177,-0.00131233)
(-0.00170225,-0.00497194)
(0.000245583,-0.00370434)
(0.0023087,-0.00414332)
(0.00236136,-0.00453348)
(0.00642157,0.00645242)
(-0.000709338,-0.0111349)
(0.00976048,0.00639711)
(-0.00670278,-0.00282286)
(0.000914734,0.00607462)
(-0.0093467,-0.00899053)
(0.00458802,0.00418801)
(-0.00902093,-0.00908592)
(0.0010038,0.00534414)
(-0.00106484,-0.00292616)
(0.00474495,0.0128683)
(-0.000278339,0.00317653)
(-0.000123615,0.00902561)
(0.0133031,0.0076473)
(0.00874457,0.00107881)
(0.0173077,0.0101881)
(0.00344379,-0.000450384)
(0.000771859,-0.00395369)
(0.0126768,0.00129709)
(0.00165189,-0.00552935)
(0.0151397,0.0135803)
(-0.00585919,-0.0092847)
(0.0137507,0.00975239)
(-0.0075852,-0.0125015)
(0.0159209,0.00539678)
(-0.0141666,-0.0142822)
(0.012142,0.00564962)
(-0.000935999,-0.00935239)
(0.00494359,0.00968022)
(0.00025009,-0.0100508)
(-0.00769807,0.0122529)
(0.0130267,-0.00119251)
(-0.00972841,0.00180394)
(0.0137499,0.00864473)
(-0.00437533,-0.000211738)
(0.0137739,0.0121617)
(0.00079691,-0.0167617)
(-0.00327227,0.00254587)
(0.0158582,0.0100852)
(-0.00454915,-0.0080231)
(0.0226037,0.0150848)
(-0.000269729,-0.0109997)
(0.0347099,0.0140356)
(-0.0120258,-0.0210934)
(0.026701,0.0224817)
(-0.00789672,-0.00957665)
(0.0186178,0.0102669)
(-0.00348653,-0.00476009)
(0.00500254,0.0112637)
(0.00563761,-0.0122147)
(-0.0145252,0.0118451)
(0.00651371,-0.00741405)
(-0.0218326,-0.00759509)
(0.0115094,0.0065758)
(-0.0186297,-0.0140172)
(0.00815072,0.00996745)
(-0.00978131,-0.0166994)
(-0.00362352,0.00159733)
(0.0164006,0.0142376)
(0.00601494,0.0035264)
(0.0297823,0.021452)
(-0.000627973,-0.00923456)
(0.0331159,0.0187507)
(-0.00133164,-0.0232649)
(0.029837,0.0211396)
(-0.00873522,-0.00781705)
(0.0163111,0.0129774)
(-0.00319077,-0.00175749)
(0.00347386,0.0175176)
(0.00084622,-0.0111131)
(-0.0122334,0.00147749)
(-0.000621604,-0.0169635)
(-0.022919,-0.0133805)
(0.00528612,-0.00858091)
(-0.0142129,-0.0221263)
(-0.000181336,-0.00350379)
(-0.00267198,-0.016414)
(0.00329291,0.00823712)
(0.0126119,0.00625374)
(0.00817829,0.00724731)
(0.0278237,0.010793)
(0.011929,-0.000862171)
(0.0296957,0.0168413)
(0.00271251,-0.00558554)
(0.0201072,0.00828434)
(-0.00557773,-0.00907299)
(0.0200878,0.00751452)
(-0.000478846,-0.00261624)
(0.0151646,0.00439864)
(0.00200795,-0.00747985)
(0.000705966,0.00273573)
(0.0119036,-0.0168361)
(-0.00223808,-0.0118512)
(0.00425259,-0.0141315)
(-0.0033037,-0.0140297)
(0.000280766,-0.00752773)
(0.0058796,-0.00667199)
(0.0132885,0.00409848)
(0.00904874,-0.00371646)
(0.0187922,0.0122224)
(0.0122898,-0.00279978)
(0.0120064,0.0129352)
(0.0172768,0.00258669)
(0.0106208,-0.000862085)
(0.0189315,0.00162763)
(0.0177378,-0.00154303)
(0.0145292,-0.0132059)
(-0.000524589,0.00206002)
(0.0135279,-0.0060155)
(0.00778415,-0.00156362)
(0.00470123,-0.0024914)
(0.0110279,-0.00929999)
(0.00374694,-0.0095436)
(0.016095,-0.00941217)
(0.00104632,-0.0145645)
(0.00610975,-0.00952564)
(0.00590848,-0.00506555)
(0.0127131,0.00431559)
(0.00082071,-0.015478)
(0.022367,0.00382353)
(-0.00401333,-0.00991236)
(0.0195639,0.00935746)
(0.00202531,-0.00823849)
(0.0152442,0.00488807)
(0.0119611,-0.0203593)
(0.0102734,0.00526129)
(0.00621716,-0.00959328)
(0.00473437,0.0138714)
(0.00448983,-0.00664279)
(0.00304897,0.0160798)
(0.00552093,-0.000646587)
(0.0106828,0.00880391)
(0.00332438,-0.00529515)
(0.0108262,-0.00341815)
(0.00288795,-0.00674487)
(0.00483154,-0.00849358)
(0.00608848,-0.00317565)
(0.00649533,-0.00284245)
(-0.00314095,-0.0108589)
(0.00983877,-0.00163751)
(-0.0163107,-0.0140606)
(0.0238314,0.00278811)
(-0.012256,-0.0120954)
(0.0133356,0.00566141)
(-0.00272908,-0.00970571)
(0.0167213,0.00844914)
(0.00688571,-0.0157079)
(0.00519855,0.0129021)
(-0.000300441,-0.0203284)
(0.00674971,0.0114126)
(0.00214532,-0.0075395)
(0.00104411,0.00877758)
(0.00287507,-0.00617469)
(0.00966348,0.00482186)
(0.00355435,-0.012514)
(0.00570045,-0.000557008)
(0.00215188,-0.00280958)
(-0.000978623,-0.00620779)
(-0.00663017,-0.00454475)
(0.0106963,-0.00731784)
(-0.0180435,0.0048638)
(0.0251207,0.00244729)
(-0.0148576,0.00536283)
(0.0156335,0.00355451)
(-0.00353477,0.000230033)
(0.00918799,0.00246847)
(-0.000784744,-0.00371308)
(0.0118143,-0.003875)
(0.00416752,-0.0118518)
(0.000908243,-0.00454343)
(-0.00147697,-0.00243527)
(-0.00291826,0.00444738)
(0.00780455,-0.00473756)
(0.00193446,0.00243146)
(0.0055085,-0.0028728)
(-0.00314466,0.00477344)
(-0.00102457,-0.00402104)
(-0.000239618,-0.00507112)
(-0.00378796,0.00187591)
(0.0105808,-0.00485404)
(-0.00669835,0.00984614)
(0.0118782,-0.0004224)
(-0.00208578,0.0137839)
(0.00937073,0.00506952)
(-0.000555527,0.0101375)
(0.00653494,-0.00115371)
(0.00273699,0.00480194)
(0.00394037,-0.00592206)
(0.00255058,-0.000865657)
(-0.00549209,-0.00498211)
(0.00122894,0.00280166)
(-0.00434351,-0.0011442)
(-0.00142883,-0.000186614)
(-0.00510357,0.00500439)
(-0.0011431,-0.00904737)
(0.000293493,0.0024356)
(0.00220959,-0.00640764)
(-0.000690582,-0.00444984)
(0.00477133,-0.00908033)
(-0.00331415,-0.00970018)
(0.00348938,0.00208722)
(-0.0066831,-0.0132978)
(0.000298886,0.00244585)
(-0.00989728,-0.0134101)
(0.00295802,0.00767085)
(-0.0188688,-0.0135815)
(-0.00350563,0.0062508)
(-0.011764,-0.0119617)
(-0.00126498,0.016008)
(-0.0094332,-0.00916882)
(-0.0060995,0.0132424)
(0.000323009,-0.00268902)
(-0.00155012,0.00510335)
(0.0100233,0.0073104)
(0.00249821,0.0036225)
(0.00760471,0.00683991)
(0.00613055,-0.00702342)
(-0.00431741,-0.0100956)
(0.00915387,0.00202684)
(-0.0113248,-0.0159115)
(0.0103211,0.00345062)
(-0.0106863,-0.0251541)
(0.0111859,0.00571279)
(-0.0124167,-0.0207449)
(0.00756153,0.0206992)
(-0.0114608,-0.0117147)
(0.00853081,0.0189919)
(-0.00442914,-0.0158799)
(0.00178549,0.0122611)
(0.00204292,-0.0246984)
(-0.00206178,0.0138177)
(0.0116307,-0.0155433)
(-0.00543572,0.00412679)
(0.0154065,-0.003366)
(-0.00474422,-0.00506366)
(0.0158096,0.00282042)
(0.000661553,-0.00606935)
(-0.00782893,-0.00893533)
(0.00861085,0.0119297)
(-0.00971035,-0.016631)
(0.0191085,0.0154453)
(-0.0114071,-0.0280901)
(0.0257077,0.0277166)
(-0.00812475,-0.0242937)
(0.0233603,0.027582)
(-0.0191907,0.000972379)
(0.0216771,0.0179489)
(0.000553627,0.00710247)
(0.00491869,0.0113023)
(0.00728837,-0.0060949)
(0.00479153,0.00438073)
(0.00548081,-0.0234596)
(-0.0139297,-0.0123845)
(0.0156604,-0.00924108)
(-0.0167639,-0.0214527)
(0.0107513,0.00217453)
(-0.00958207,-0.0148931)
(-0.00360307,-0.00462586)
(0.0116393,0.0135699)
(-0.000365425,-0.0140463)
(0.026249,0.0248551)
(-0.00243811,-0.0279606)
(0.0308716,0.0224746)
(-0.024137,-0.0129323)
(0.0315987,0.0133844)
(-0.0238786,0.00590843)
(0.0328216,0.0084363)
(-0.00444799,0.0191111)
(0.0175002,0.00865722)
(0.00824459,0.00506836)
(-0.000687342,-0.00661403)
(0.0076562,-0.0222401)
(-0.0136186,-0.0207056)
(0.00695087,-0.0190359)
(-0.0195821,-0.021121)
(0.00610544,-0.00892939)
(-0.008689,-0.0136612)
(0.00534427,0.000623369)
(0.00672229,-0.000898691)
(0.00693019,0.00186703)
(0.024938,0.00758473)
(-0.00411148,-0.00530625)
(0.0296666,0.0044019)
(-0.0266065,0.000800782)
(0.034101,0.000733589)
(-0.0229781,-0.00784544)
(0.0496215,-0.0280566)
(0.00186985,0.0244983)
(0.0402668,0.0207823)
(0.00492884,-0.00345517)
(0.0233116,0.00352525)
(0.0181863,-0.0253567)
(0.00869441,-0.0143145)
(0.00866066,-0.0233715)
(-0.00145845,-0.0116234)
(0.00180808,-0.0154603)
(0.00336461,-0.0104915)
(0.0113517,0.010577)
(0.00446677,-0.0119565)
(0.014382,0.018055)
(0.0128115,-0.0166986)
(0.00905877,0.0136776)
(0.0184419,-0.00335328)
(0.013833,0.00815472)
(0.00492286,-0.012024)
(0.00202216,-0.0302909)
(0.00662167,-0.0267294)
(0.00404285,-0.00362152)
(-0.00149764,0.0261183)
(0.0161365,-0.00182887)
(0.0156181,-0.00177945)
(0.0155185,-0.0134038)
(0.0137667,-0.00400303)
(0.0121002,-0.0248685)
(0.0109901,-0.0110884)
(0.00814698,-0.0188405)
(0.00981847,-0.00546079)
(0.0178044,0.0100966)
(-0.007146,-0.0234592)
(0.0179262,0.0159969)
(-0.00445177,-0.0208138)
(0.0175525,0.0197949)
(-0.00337929,-0.0173561)
(0.0205435,0.0119639)
(-0.0109652,-0.00983582)
(0.0189635,0.0108165)
(-0.0155043,-0.0183955)
(0.00381602,0.0240924)
(-0.00255027,-0.00119441)
(0.0116872,0.0130513)
(0.0066327,0.0136876)
(0.0147538,0.00164599)
(0.017283,0.000142286)
(0.0137013,-0.00269656)
(0.00793561,-0.000254089)
(0.00552156,-0.00634542)
(0.010778,0.000632784)
(0.00558015,-0.00106528)
(-0.0126353,-0.0167373)
(0.0162446,0.0076275)
(-0.0195394,-0.0180517)
(0.0179861,0.00444593)
(-0.0106813,-0.0120827)
(0.0198391,0.0114813)
(-0.0036163,-0.0199541)
(0.0142371,0.0142455)
(-0.0126424,-0.0190469)
(0.0107412,0.0128479)
(-0.00330327,-0.014437)
(0.00731109,0.0120045)
(0.00341412,-0.00821653)
(0.00413097,0.00803673)
(0.00825883,-0.00322964)
(0.00994278,0.00362135)
(0.00506032,-0.00137133)
(0.00381095,0.00115519)
(-0.000699045,0.00195571)
(-0.00125693,0.000130119)
(-0.0099279,-0.00549852)
(0.00680144,-0.000381672)
(-0.018577,-0.00446411)
(0.0187682,0.000474166)
(-0.0141264,0.00109061)
(0.0150402,0.00190064)
(-0.00629018,-0.00445287)
(0.0168014,0.00644992)
(-0.00177946,-0.0165864)
(0.00494472,-0.00132105)
(-0.00768471,-0.0214133)
(0.00621475,-0.007314)
(-0.00626466,-0.011419)
(-0.00348771,-0.00239044)
(0.00134603,-0.000925397)
(0.00675167,0.00613046)
(0.00939457,6.4927e-05)
(0.00272286,0.00300267)
(-0.000164575,-0.00124345)
(-0.00085192,0.000218461)
(-0.00284,0.00196695)
(0.00544549,-0.0012079)
(-0.00541078,0.00883481)
(0.00603649,-0.00507632)
(-0.0063845,0.0114937)
(0.00638043,0.000899152)
(-0.00299889,0.00849139)
(0.00044097,0.000942627)
(-0.00667518,0.00315136)
(0.00554777,-0.00481662)
(-0.00686492,-0.00483492)
(-0.00639867,-0.014493)
(-0.00946733,-0.00581839)
(-0.00609921,-0.000803341)
(-0.000104959,-0.00011895)
(-0.000644022,-0.000355513)
(0.00464494,0.00418318)
(0.000336497,0.00551055)
(0.00273343,0.00206564)
(-0.00229883,-0.00961621)
(-0.00480706,-0.00745298)
(-0.00515825,-0.0211109)
(-0.00640681,-0.0113486)
(-0.0110205,-0.022987)
(-0.00342839,0.00108097)
(-0.0102229,-0.0186583)
(-0.0057458,0.00905056)
(-0.0138222,-0.0186897)
(-0.00202969,0.0145765)
(-0.0148171,-0.0160265)
(-0.00950653,0.0178298)
(-0.00861514,-0.0192583)
(-0.00663034,0.0167656)
(-0.00313714,-0.0145054)
(-0.000596874,0.00972304)
(0.0116604,-0.00383978)
(0.000254434,-0.00100554)
(0.00579386,0.00358411)
(0.00825197,-0.00179117)
(-0.00809371,-0.0168726)
(-0.00354206,-0.00932341)
(-0.019033,-0.0284636)
(-0.0031375,-0.00236573)
(-0.0109571,-0.0340291)
(0.00168889,0.00683434)
(-0.00602587,-0.0291584)
(0.0019821,0.0160399)
(-0.0131828,-0.014811)
(-0.00229473,0.0202669)
(-0.00470416,-0.012324)
(7.4324e-05,0.013499)
(-0.00405116,-0.0289339)
(-0.00405095,0.00593253)
(0.00134888,-0.0309111)
(-0.0034913,0.00261682)
(0.0128724,-0.0133179)
(0.00050907,-0.00248548)
(0.00900544,0.000149043)
(0.00174338,-0.00164264)
(-0.00819263,-0.0167974)
(0.00582306,0.00681823)
(-0.0123685,-0.0371287)
(0.00555755,0.00818294)
(-0.00611853,-0.0407076)
(0.00312237,0.0151258)
(-0.0113219,-0.0221089)
(0.0026542,0.0284576)
(-0.00189811,0.000801412)
(0.00541413,0.011907)
(0.00701767,0.0125225)
(-0.00538494,0.00826026)
(0.000347714,-0.0111678)
(-0.00761792,-0.00739219)
(-0.00611585,-0.0304737)
(-0.0112466,-0.0188821)
(7.89454e-05,-0.0215115)
(-0.0122653,-0.012182)
(0.00494005,-0.00365571)
(-0.00817404,-0.0043658)
(-0.000269627,-0.0124075)
(0.00342085,0.00742705)
(-0.00564996,-0.0228475)
(0.00417855,0.0141577)
(-0.016551,-0.0286814)
(0.00260701,0.0085909)
(-0.0286709,-0.00546978)
(0.0126186,0.00716825)
(-0.00397183,0.026932)
(0.0348532,-0.0264069)
(0.0152597,0.051828)
(0.00335494,-0.00765609)
(0.00403128,0.014145)
(-0.0036512,-0.00976904)
(-0.00536228,-0.0227514)
(-0.0115904,-0.0280969)
(-0.00544468,-0.0152249)
(-0.0145112,-0.0236891)
(-0.00690291,-0.0130083)
(-0.00835046,-0.00951604)
(0.00304531,-0.00286887)
(-0.00364463,-0.00024057)
(-0.00107384,-0.00264359)
(0.00382,-0.0114116)
(-0.018589,0.00942136)
(0.0129779,-0.00848814)
(-0.029898,0.00670137)
(0.0165814,-0.0437981)
(0.000240493,-0.0595828)
(0.0670863,-0.115784)
(0.0497886,0.0930911)
(0.0262491,0.068856)
(0.0167335,0.0233445)
(0.0242764,0.0203509)
(-0.00260864,-0.015216)
(0.0111438,-0.00821227)
(-0.00593586,-0.0214278)
(0.00187989,-0.0138524)
(-0.00200698,-0.0168462)
(-0.001105,-0.0083783)
(0.0112963,0.0046816)
(-0.0052292,-0.0144048)
(0.00906986,0.00752607)
(-0.00425646,-0.0166773)
(0.000687537,0.0195204)
(-0.000698374,-0.0158013)
(-0.0387573,0.00378528)
(-0.0241844,-0.0239033)
(-0.0297284,-0.140671)
(-0.0368464,-0.0401844)
(-0.0195064,-0.0360225)
(-0.0603191,0.140039)
(-0.0106586,-0.0228887)
(-0.0230019,0.0284003)
(0.0162301,-0.00900349)
(0.0189551,-0.00810686)
(0.00211031,-0.0173491)
(0.0138901,-0.00616466)
(-0.00664255,-0.0108852)
(0.0115249,-0.0102786)
(0.00900367,0.0087995)
(-0.0112377,-0.0209612)
(0.00698813,0.00902536)
(-0.0130007,-0.0246361)
(0.0154074,0.0201607)
(-0.009804,-0.0150435)
(0.00747913,0.0115625)
(-0.0225293,-0.0145456)
(0.0177253,-0.0236541)
(-0.0452047,-0.0309937)
(-0.0094712,0.0218492)
(-0.0239645,0.0337146)
(0.00802828,0.00722913)
(0.00390355,0.0194882)
(0.0190948,-0.00679145)
(0.0294374,0.0132699)
(0.0135159,-0.00229967)
(0.0231893,0.00420618)
(-0.00191273,-0.00315544)
(0.0128797,0.00578216)
(0.00254666,0.00217036)
(-0.014145,-0.0141181)
(0.000287768,0.0102867)
(-0.0107605,-0.017577)
(-0.00392421,0.010833)
(-0.0101474,-0.00718851)
(0.0105983,0.00838632)
(-0.0249818,-0.00433741)
(0.0121074,0.000365808)
(-0.0195764,-0.0122967)
(0.00398505,0.00650533)
(-0.0158938,0.00245717)
(0.00882073,-0.00799393)
(0.0155015,0.0198701)
(0.0142984,-0.00124294)
(0.0258182,0.00949353)
(0.00805234,0.000275815)
(0.0126649,0.0108367)
(0.000454603,0.00398309)
(0.00406204,0.00713549)
(-0.000332887,-0.00113461)
(-0.00436158,-0.0100294)
(-0.000311176,-0.000625901)
(-0.0174623,-0.0049792)
(0.00122824,0.00211486)
(-0.0153266,-0.00237338)
(0.000945352,0.000181536)
(-0.0131367,0.00774502)
(0.00606732,-0.000776148)
(-0.0184352,-0.00439316)
(-0.00328144,-0.00424565)
(-0.0100628,-0.0121488)
(0.00499943,-0.00668436)
(-0.000229174,-0.00476254)
(0.00542936,-0.0099975)
(0.00625516,0.00205402)
(0.0129322,-0.000905379)
(0.00296533,0.00781601)
(0.000220969,-0.00111899)
(-0.000971518,0.00922135)
(0.00209229,-0.00234696)
(-0.00158017,-0.00133188)
(0.00171235,-0.00165297)
(-0.00697091,-0.00185066)
(0.00265833,-0.00398435)
(-0.00595093,0.00551047)
(-0.000133088,-0.00101249)
(-0.0139636,0.0117294)
(0.00435818,-0.0060817)
(-0.011501,0.00282328)
(-0.00288221,-0.000747018)
(-0.00967082,-0.000804446)
(0.00385281,-0.0126597)
(-0.00898968,-0.00494722)
(-0.00451918,-0.00919922)
(-0.00216696,-0.00293384)
(0.00334383,-0.00419488)
(0.00113078,0.00575177)
(0.00263381,0.00120896)
(0.00287078,0.00750016)
(-0.00724572,-0.00298485)
(-0.00554875,-0.0148524)
(-0.0151726,-0.0128562)
(-0.00371677,-0.00682031)
(-0.00564259,-0.0149934)
(-0.00204534,-0.00498149)
(-0.00667021,-0.0199273)
(-0.00604699,0.00960633)
(-0.0129006,-0.0122678)
(-0.00930014,0.015628)
(-0.00589374,-0.0167954)
(-0.00256173,0.0152576)
(-0.00878828,-0.0186088)
(-0.00707467,0.00546682)
(-0.000658832,-0.013587)
(-0.00429703,0.00608074)
(-0.000277593,-0.00515291)
(0.00749592,0.0051463)
(0.00392211,-0.000904508)
(0.00425781,0.000222579)
(-0.0111567,-0.00457885)
(-0.00402555,-0.0066038)
(-0.00935762,-0.0202383)
(-0.00874847,-0.0138227)
(-0.00818881,-0.0235374)
(-0.00836152,-0.000976705)
(-0.00399333,-0.0257122)
(-0.00718574,0.0230458)
(-0.00521277,-0.0240878)
(-0.00302707,0.0237511)
(-0.000621371,-0.0182191)
(-0.0138545,0.00718908)
(-0.00362317,-0.024373)
(-0.00821508,-0.0048716)
(-0.00701642,-0.0257384)
(-0.00595906,-0.00700061)
(-0.000676309,-0.00962856)
(-0.00188611,0.00189791)
(0.00268596,0.00345)
(0.00854948,0.00162204)
(-0.00648381,-0.0130166)
(-0.0015999,-0.00321961)
(-0.00226382,-0.02624)
(-0.0112534,-0.00859029)
(-0.000391476,-0.0262204)
(-0.0146695,0.0125308)
(0.00241082,-0.0202305)
(-0.0129398,0.0265524)
(0.0156296,-0.000646564)
(-0.0138298,0.0269533)
(0.00534917,-0.0244346)
(-0.0289384,-0.0100901)
(-0.00291926,-0.0144965)
(-0.0278889,-0.0135786)
(-0.0143549,-0.0204879)
(-0.014437,-0.0189514)
(-0.0165474,-0.00719391)
(-0.00490719,-0.0087753)
(-0.00799237,-0.00295206)
(-0.00347324,0.00269585)
(-0.00355206,-0.0142457)
(-0.00666282,0.00247697)
(-0.00175166,-0.021613)
(-0.0143736,-0.00829803)
(-0.00572947,-0.00459519)
(-0.0257904,0.000447798)
(0.00892002,0.0233238)
(-0.0437428,0.0112826)
(0.0737745,0.13056)
(-0.00879074,0.057747)
(-0.0220619,0.0174979)
(-0.0734559,-0.0218392)
(0.00204634,-0.021336)
(-0.0249679,-0.0205991)
(-0.0186481,-0.00699956)
(-0.0183355,-0.0182566)
(-0.0250678,-0.00661967)
(-0.0128439,-0.0149782)
(-0.0178718,-0.00549672)
(-0.00365441,-0.00318806)
(0.00570613,-0.00928534)
(-0.0147688,-0.00695268)
(0.00249714,0.00604166)
(-0.0233697,-0.0192357)
(-0.00142867,0.0239145)
(-0.0292938,-0.0238673)
(-0.0435867,0.0643511)
(-0.0502942,-0.051517)
(-0.002543,-0.0190439)
(0.00815786,0.0159836)
(-0.0149661,-0.0105314)
(0.000514917,-0.000540438)
(0.0467668,0.0276837)
(-0.00912125,-0.0378708)
(-0.00490072,-0.0138239)
(0.00386034,-0.0100873)
(-0.0182537,-0.00578166)
(0.00198978,-0.00238718)
(-0.0194658,-0.011611)
(0.00307156,-0.00101048)
(0.00878201,0.00176555)
(-0.0226776,-0.0136481)
(0.0113767,0.00707503)
(-0.0166035,-0.0217727)
(-0.0124572,0.0426733)
(-0.00943061,-0.00440719)
(-0.0833234,0.113556)
(-0.0222532,0.0191558)
(0.00951138,0.0119397)
(0.0138842,0.00548099)
(0.0171883,-0.00649219)
(0.0176867,-0.0109612)
(-0.0123351,0.00525344)
(-0.0507748,-0.0453683)
(-0.00585828,-0.0103578)
(-0.0030844,-0.0120269)
(-0.00957937,0.0022741)
(0.014269,-0.00579008)
(-0.00882597,-0.00372217)
(0.0124703,0.0001189)
(0.0106705,0.00112252)
(-0.0180487,-0.0157693)
(0.00783727,0.00897574)
(-0.0182686,-0.0145264)
(-0.00370503,0.0179172)
(-0.00565361,-0.000702959)
(-0.0145308,0.018459)
(-0.0164287,0.0122877)
(0.00297858,-0.0456344)
(-0.0127192,-0.0361766)
(-0.0668448,0.082266)
(-0.0405635,-0.0513136)
(-0.0251661,0.0113933)
(-0.0120143,-0.0107803)
(0.00840546,-0.0101433)
(0.0183424,0.00692872)
(0.00676711,-0.0049956)
(0.0310583,0.00912179)
(-0.00671081,-0.00142054)
(0.0179604,0.00978189)
(0.00193826,0.000871934)
(-0.0118188,-0.0113635)
(-0.00549194,-0.00455652)
(-0.0175052,-0.0105887)
(-0.00552775,0.0104562)
(-0.0045113,-0.00717773)
(-0.00604631,0.00179176)
(-0.00915535,-0.00373581)
(0.00733089,-0.000887107)
(-0.0148046,-0.0125413)
(-0.0123852,0.00780362)
(-0.00586904,-0.00736796)
(0.0116086,-0.0190618)
(0.00527991,0.0123469)
(0.0159012,-0.0122498)
(0.0272117,0.0130265)
(0.0119287,-0.00602208)
(0.0222987,0.0111279)
(-0.00334055,-0.00559501)
(0.0111688,0.0120657)
(0.00176377,-0.00262119)
(-0.000592198,-0.00314993)
(-0.00733727,-0.00605781)
(-0.00181138,-0.00642959)
(-0.0181142,-0.00276175)
(-0.00924212,0.00256843)
(-0.0018669,-0.00431961)
(-0.00680914,-0.000786405)
(-0.00226338,-0.00707018)
(-0.0185907,-0.00769777)
(0.00209967,-0.00941403)
(-0.00475866,-0.00509148)
(0.0142329,-0.0153321)
(0.00698224,-0.00183603)
(0.0111118,-0.00810571)
(0.00475303,0.00083887)
(0.00899409,-0.010338)
(0.00772715,0.00543954)
(0.00572234,-0.0130033)
(0.00144623,0.0106411)
(-0.00197262,0.00206742)
(0.00230212,0.00361581)
(-0.00197609,-0.00468612)
(0.00421883,0.00153285)
(-0.00378669,-0.00167434)
(-0.000747654,0.00456296)
(-0.00511265,-0.00580967)
(-0.00839702,0.00683797)
(-0.00134364,-0.00825522)
(-0.00400034,0.002365)
(0.000821154,-0.0037742)
(-0.00748739,-0.00898806)
(0.00698566,-0.0108692)
(-0.000779715,-0.00760994)
(0.00536996,-0.0113198)
(0.00518735,-0.00366246)
(0.00874591,-0.00558468)
(0.00404523,0.0029922)
(-3.26903e-05,-0.00507595)
(-0.00111624,0.00731121)
(-0.011666,-0.00118422)
(-0.00620001,-0.0118681)
(-0.00946631,-0.00346297)
(-0.00869072,-0.00882484)
(-0.00230254,-0.00101633)
(-0.00432336,-0.00286248)
(-0.000145439,-0.00927128)
(-0.00572895,0.00580222)
(-0.00172823,-0.0114107)
(-0.0018341,0.0107899)
(-0.00182327,-0.0136149)
(-0.0087989,0.00542005)
(-0.00157687,-0.00954548)
(-0.00358818,0.00178155)
(-0.007161,-0.00931752)
(0.00283387,-0.000661964)
(-0.00308471,-0.00402384)
(0.00905291,0.00532247)
(-0.00443441,0.00431199)
(0.0111921,0.00333078)
(-0.0116482,-0.00247226)
(-0.0128552,-0.0160001)
(-0.00925779,-0.00752103)
(-0.0147324,-0.0104763)
(-0.000177892,-0.0135074)
(-0.0133053,-0.00227672)
(8.9266e-05,-0.014162)
(-0.00209787,0.0131437)
(-0.00259402,-0.0285287)
(-0.00291572,0.0189014)
(-0.00217231,-0.0237938)
(0.00324244,0.00951854)
(-0.00258178,-0.0161596)
(-0.00617037,-0.00716356)
(-0.00732799,-0.0109359)
(1.12482e-05,-0.00764505)
(-0.00834143,0.00511798)
(0.0138364,0.00408462)
(0.00218565,0.00772629)
(0.0094058,0.00643735)
(-0.00804966,-0.0115095)
(-0.0142836,-0.00698257)
(-4.95432e-05,-0.0122124)
(-0.0164532,-0.013082)
(0.00513955,-0.00778677)
(-0.0178143,-0.00397985)
(0.00536603,-0.0336735)
(-0.00792781,0.0149425)
(0.00882217,-0.0385165)
(0.0211491,0.0268674)
(-0.0149506,-0.0635283)
(-0.0117494,-0.00425864)
(-0.0105427,-0.0322465)
(-0.00564877,-0.00726582)
(-0.0186909,-0.00429143)
(0.00157773,-0.0163452)
(-0.00929395,0.00717757)
(0.0125516,0.00236099)
(-0.00853839,0.00769634)
(0.016695,0.0051464)
(-0.00505176,-0.0173361)
(-0.0148574,-0.00332433)
(-0.00419657,-0.0135505)
(-0.0327141,-0.012538)
(0.00640133,-0.0188693)
(-0.0305755,-0.0187567)
(0.0506685,-0.042033)
(-0.00905064,-0.00550901)
(0.0576042,0.00248652)
(0.0646386,0.0065121)
(-0.0637633,-0.113625)
(-0.0255101,-0.0387346)
(-0.0241826,-0.0608583)
(-0.00140143,0.00338747)
(-0.0222231,-0.0150484)
(0.0117295,-0.00924325)
(-0.0207442,0.00613663)
(0.00718361,0.000266986)
(-0.0151256,-0.000276974)
(0.00969175,0.00749065)
(-0.00358349,-0.00940211)
(-0.025914,-0.00551309)
(0.00191347,-0.00970993)
(-0.0420233,-0.025623)
(0.0362094,-0.0177111)
(-0.0402799,-0.0214701)
(0.117355,-0.102071)
(0.000275046,-0.0175274)
(-0.0113009,0.0036167)
(-0.0302464,-0.00483242)
(0.00200922,0.011168)
(-0.00866286,-0.0348761)
(0.0318387,-0.0182605)
(0.0455635,0.0564545)
(-0.0073897,-0.0105529)
(0.0213949,0.00611359)
(-0.0214616,-0.00144155)
(0.0219293,0.0120148)
(-0.0172468,-0.000606269)
(0.00816758,0.00726135)
(0.000830437,-0.00427734)
(-0.0234603,-0.00358572)
(0.000224012,0.00224282)
(-0.0310377,-0.000832985)
(0.0178786,-0.00409895)
(-0.00411907,0.0348689)
(0.0475104,-0.0584584)
(0.0577332,0.118187)
(-0.00231104,0.00341428)
(-0.0148609,-0.00403601)
(0.00901564,-0.00239477)
(0.0316587,0.0100692)
(-0.0295168,-0.0177493)
(-0.0054685,0.00105258)
(-0.0127127,-0.0157406)
(0.0248459,0.00562909)
(-0.00978253,0.00490435)
(0.0190588,0.00654619)
(-0.00821929,0.0088479)
(0.0185482,0.00395734)
(0.0025495,-0.000624006)
(-0.0190058,-0.00691546)
(0.000271718,-0.00142602)
(-0.0142274,0.00247522)
(0.011572,0.00277935)
(0.00617102,0.0261338)
(0.0234467,-0.0253153)
(0.0542043,0.0800769)
(0.0629677,-0.0385134)
(0.101486,0.0781114)
(0.00792594,0.0544287)
(0.0112351,0.0133678)
(-0.0206844,-0.00265624)
(0.00834274,-0.00441399)
(0.000988352,-0.009615)
(0.0253879,0.000418902)
(-0.00173997,-0.0067189)
(0.029968,0.0126391)
(-0.00744835,-0.000257355)
(0.0173528,0.0070325)
(-0.00172423,-0.00738438)
(-0.00849857,-0.000367361)
(-0.00644693,-0.00809443)
(-0.00308665,-0.00178742)
(-0.0157926,0.00276679)
(0.00176995,0.0213494)
(-0.00185718,-0.00324518)
(0.0146089,0.0143472)
(0.0133541,-0.00997233)
(0.0146149,0.00162709)
(-3.22255e-05,-0.000438674)
(0.00529458,-0.0185586)
(0.0110048,-0.0181303)
(0.0128677,-0.0034281)
(0.0139453,-0.0126585)
(0.022469,-0.00269564)
(0.00194456,-0.00406802)
(0.0205738,-0.00134573)
(-0.00171235,-0.00380107)
(0.00982771,0.00993397)
(0.000519355,-0.00727318)
(-0.00284358,0.00735077)
(-0.0124513,-0.0197335)
(0.00407092,0.0047888)
(-0.0164283,-0.00989918)
(0.0118186,0.00553844)
(-0.0149009,-0.00329173)
(0.00486202,0.00709105)
(-0.00409711,-0.0118665)
(0.013527,-0.00854671)
(0.00680395,-0.0108263)
(0.00875949,-0.0111789)
(0.0172876,-0.0128798)
(0.0152352,-0.0107308)
(0.0127471,-0.00637538)
(0.00545051,-0.00902883)
(0.00420964,-0.0166232)
(-0.000120154,-0.00467663)
(0.000213056,-0.0121244)
(0.00366533,0.0045377)
(0.000431805,-0.00637814)
(0.00239799,0.00179974)
(-0.00776626,-0.0150786)
(0.00593843,0.00595881)
(-0.0117915,-0.0133251)
(0.00766166,0.00393167)
(-0.00960997,-0.0111492)
(0.00448733,0.00368462)
(-0.0111114,-0.010126)
(0.00473267,-0.000715838)
(0.000815924,-0.0094988)
(0.0095031,-0.0045489)
(0.00975861,-0.00983999)
(0.0115547,-0.013227)
(0.00801914,-0.0106125)
(-0.00111465,-0.00871761)
(0.0074401,-0.0108084)
(-0.00260147,-0.00661939)
(0.000661617,-0.0104947)
(0.000407785,0.00631216)
(-0.0096321,-0.00043918)
(-0.00252101,-0.00722506)
(-0.00627068,-0.00127196)
(-0.00279547,-0.00865627)
(-0.00463682,0.00323258)
(-0.00691156,-0.00525216)
(0.00259084,0.00154879)
(-0.00631999,-0.00317492)
(0.00489171,-0.00283336)
(-0.0124431,-0.00844123)
(0.00553256,0.000534369)
(-0.000546729,-0.00805985)
(-0.00443327,0.0016401)
(-0.00136231,0.000858023)
(-0.00680745,0.000307077)
(0.00861277,0.00312533)
(-0.0129222,0.00403292)
(0.0104026,0.00741764)
(-0.00847828,0.00338834)
(0.00756364,0.00524178)
(-0.0114921,-0.00654699)
(-0.00793471,-0.0139756)
(-0.00810339,-0.000655256)
(-0.0111946,-0.0153959)
(-0.00373169,0.00808912)
(-0.0125695,-0.00909922)
(0.00226255,0.00322746)
(-0.0211387,-0.004499)
(0.00291189,-0.00567497)
(-0.00930845,-0.0109923)
(0.00431028,-0.00355075)
(-0.00710521,-0.0196419)
(0.00909293,-0.000927833)
(-0.00277708,-0.016243)
(-0.00364338,0.00915609)
(0.0106018,-0.00746982)
(-0.00444205,0.0147452)
(0.0162039,0.0115684)
(-0.00628074,0.0121079)
(0.0195574,0.0110236)
(-0.0121636,-0.01196)
(-0.0090191,-0.0131299)
(-0.0104555,0.000139947)
(-0.0148917,-0.0150527)
(-0.000615258,0.00655752)
(-0.0226178,-0.0119577)
(0.00430824,0.0057027)
(-0.023329,-0.00769677)
(-0.00311397,-0.01294)
(0.00940325,-0.00457864)
(0.007697,-0.00884648)
(-0.0060383,-0.0116253)
(0.00213799,0.00290473)
(-0.00807702,-0.0188692)
(0.00332626,0.0249976)
(0.00823014,-0.0205906)
(-0.00455326,0.0221751)
(0.0275095,0.00834281)
(-0.00579588,0.00922979)
(0.0241166,0.0137878)
(-0.0187669,-0.0151002)
(-0.0208206,-0.00670695)
(-0.0137621,-0.00724971)
(-0.0315443,-0.0185782)
(-0.00667231,0.0115587)
(-0.0460401,-0.0233169)
(-0.0019993,0.0075705)
(-0.00377089,-0.0129403)
(-0.0205147,0.0180242)
(0.0699504,0.0107355)
(-0.0107844,-0.00816623)
(0.00941061,0.0546626)
(0.0107223,0.0100773)
(-0.00180727,0.0130099)
(-0.0103879,0.0129008)
(0.0048666,-0.00235074)
(-0.0108058,0.0203318)
(0.0247871,0.00568309)
(-0.00939823,0.00241551)
(0.0204877,0.0117425)
(-0.00887588,-0.0188656)
(-0.0260152,-0.00556315)
(-0.0108585,-0.00850351)
(-0.0447289,-0.0154314)
(-0.00678109,0.013868)
(-0.0345222,-0.0249715)
(0.00186503,0.000470788)
(0.0349315,-0.00879709)
(-0.0853173,0.0478164)
(0.171233,0.0484712)
(0.0154719,0.041664)
(0.0521392,0.188448)
(0.0268444,0.0271796)
(0.0036229,0.0753781)
(0.00531736,0.020124)
(0.011314,0.0197611)
(-0.0121946,0.00723841)
(0.0134504,0.0215061)
(-0.0123539,0.00789084)
(0.0177251,0.0143288)
(-0.00118554,-0.0122064)
(-0.020873,-0.00162339)
(-0.0018183,-0.00508934)
(-0.0270509,-0.00781699)
(0.00700211,0.00769146)
(-0.0161271,0.0100132)
(-0.00439087,0.00109175)
(0.0044339,-0.0120608)
(-0.0540353,0.00884211)
(-0.0635391,-0.180044)
(0.00658054,-0.0443158)
(-0.185367,-0.0526395)
(-0.012572,0.000370351)
(-0.0578078,0.00360033)
(-0.0104037,0.0118234)
(0.000733412,0.00763648)
(-0.00361582,0.0102476)
(0.0261174,0.0162342)
(-0.00199745,0.00377937)
(0.0163686,0.0165726)
(-0.00243752,-0.00743813)
(-0.01344,0.00234869)
(0.000517356,-0.000495327)
(-0.0142188,0.00326834)
(0.00471903,0.0234527)
(-0.0013568,0.0170435)
(0.00336032,0.00895385)
(0.0215223,0.00887741)
(0.00183985,-0.00217352)
(0.0123221,-0.046382)
(-0.00893078,0.0098052)
(-0.0520332,-0.0430468)
(-0.00232437,0.000972101)
(-0.0148422,-0.00658771)
(0.00253214,0.00664892)
(0.0110967,-0.00384808)
(-0.00257293,-0.00387921)
(0.0216754,0.0162769)
(-0.00799767,0.00456249)
(0.0157629,0.00675507)
(-0.00468561,-0.0108637)
(-0.00186388,0.0116597)
(-0.00876427,-0.00662643)
(0.00484981,0.0164408)
(-0.00406251,0.00263028)
(0.0118637,0.0167842)
(-0.00700533,0.0199056)
(0.0129079,0.0161058)
(-0.00205159,-0.000327294)
(0.0175699,-0.0151536)
(0.00522346,-0.00806991)
(0.00670644,-0.00762028)
(0.0142536,-0.00316535)
(0.00884075,-0.0108252)
(0.00963222,0.00222917)
(0.00891351,-0.00661333)
(-0.00489671,0.00201245)
(0.00959161,0.00284854)
(-0.0085301,-0.00234446)
(0.0123496,0.00159933)
(-0.00365884,-0.000563974)
(0.0113246,0.0161315)
(-0.00924158,-0.0116445)
(0.0186417,0.0176677)
(-0.0130034,-0.0100354)
(0.0169368,0.0159978)
(-0.0147249,-0.00723045)
(0.0179457,0.00194678)
(-0.0115912,0.00372444)
(0.0250092,-0.00321342)
(0.00179552,-0.0073658)
(0.0239359,-0.0069635)
(0.012207,-0.00374063)
(0.0215988,-0.008533)
(0.0064277,-0.0037621)
(0.00482659,-0.00629939)
(0.00428874,-0.00514449)
(0.00206624,-0.00761416)
(-0.0013793,-0.00801239)
(0.00212242,-0.00140035)
(-0.00343749,0.000453083)
(0.0023854,0.0100778)
(-0.00388307,-0.00530972)
(0.0145677,0.0124297)
(-0.00897667,-0.0101339)
(0.0171202,0.0120065)
(-0.0163135,-0.00462845)
(0.015032,0.00326113)
(-0.0103755,-0.00604007)
(0.0211669,0.00437461)
(-0.00343762,-0.00199802)
(0.0202759,-0.00279919)
(0.00296776,-0.00454147)
(0.0122835,-0.00648741)
(0.00300921,-0.00758413)
(0.00525014,-0.0023596)
(0.00282989,-0.00258002)
(-0.00361346,-0.00673898)
(-0.00266504,-0.0055755)
(0.000308136,-0.000898937)
(-0.0113268,-0.00896878)
(0.00168158,-0.00717618)
(-0.00623571,-0.00523023)
(-0.00315241,-0.00568234)
(0.00175814,0.00105647)
(-0.00573996,-0.00671416)
(0.00229595,0.00275445)
(-0.00813738,-0.0184781)
(0.00204125,-0.000518929)
(-0.00580244,-0.0185242)
(-0.00151228,0.00649483)
(0.00127859,-0.0134859)
(-0.00320229,0.00364276)
(0.00489536,-0.00379553)
(-0.00741334,0.00631262)
(0.00638265,0.00835502)
(-0.0121848,0.0108761)
(0.00953424,0.0129384)
(-0.0100874,0.00218092)
(0.00916862,0.015017)
(-0.0160366,-0.00923061)
(-0.00644689,-0.00618971)
(-0.0135217,-0.00246151)
(-0.0097478,-0.0101215)
(-0.00801414,0.00851996)
(-0.0151647,-0.0136271)
(-0.00272258,0.0110958)
(-0.0179184,-0.0136537)
(-0.000743857,0.00403567)
(-0.0123013,-0.0268646)
(-0.00119072,0.00464264)
(-0.00650218,-0.026042)
(0.00464526,0.00866162)
(0.00103622,-0.0167662)
(0.00194836,0.00898592)
(0.0122605,-0.00277468)
(-0.0105134,0.0212205)
(0.0176021,0.0118702)
(-0.0135143,0.0114204)
(0.019145,0.0152548)
(-0.0182433,-0.0144721)
(-0.012093,-0.00625138)
(-0.0186125,-0.00216346)
(-0.0189775,-0.00952815)
(-0.011474,0.0106708)
(-0.0267076,-0.0138942)
(-0.00451687,0.00998294)
(-0.0279554,-0.0193797)
(-0.00426118,0.00699521)
(-0.0215094,-0.0261723)
(0.00611399,0.00998871)
(-0.0136414,-0.0332167)
(0.0165572,0.0187052)
(-0.00904464,-0.0266871)
(0.0074342,0.0238832)
(0.0156174,-0.0127388)
(0.00724458,0.0268996)
(0.0184069,0.00655008)
(-0.00212461,0.0105402)
(0.0196892,0.0149642)
(-0.0173851,-0.0167887)
(-0.0157246,-0.000744657)
(-0.0286328,-0.0118088)
(-0.0380226,-0.00915489)
(-0.0175674,0.00441702)
(-0.0443557,-0.0238861)
(-0.0106509,0.00829109)
(-0.0403712,-0.0193336)
(-0.0101935,0.0183722)
(0.00252206,-0.014058)
(0.0108429,0.0215663)
(-0.0217761,-0.00182824)
(0.014375,0.0182855)
(-0.00772472,-0.00473166)
(0.0144861,0.0223175)
(0.00850987,-0.00741529)
(0.00689338,0.0105509)
(0.0200521,0.00854709)
(0.00149185,0.00167632)
(0.0093982,0.0143206)
(-0.00433971,-0.0187777)
(-0.0233333,0.00105666)
(-0.0176879,-0.0186807)
(-0.0404946,-0.0118992)
(-0.0135122,-0.00189242)
(-0.0459273,-0.0072281)
(-0.00904127,0.0168327)
(-0.00924085,-0.0121558)
(-0.0176771,0.0230399)
(0.0322214,-0.00121815)
(0.0202349,0.0270417)
(0.00737899,0.0459953)
(0.0247345,0.0276112)
(-0.0185105,0.0276525)
(0.00886248,0.0110135)
(-2.07253e-05,0.0153794)
(0.00528396,0.0105598)
(0.00754069,0.0218129)
(-0.00538874,-0.00148723)
(0.00759794,0.0178583)
(-0.0015809,-0.0139171)
(-0.0165418,-0.00141077)
(-0.00789475,-0.0140826)
(-0.0235196,-0.00787184)
(0.00272355,0.0073905)
(-0.027479,-0.00626843)
(0.0010604,-0.000521813)
(-0.00151202,-0.00214294)
(-0.0161515,-0.000378795)
(-0.00927509,-0.052891)
(0.000695875,-0.00113456)
(-0.0565839,-0.0032792)
(-0.00220676,0.00760881)
(-0.0194456,0.00944708)
(0.000761072,0.0128799)
(0.00287884,0.00937909)
(0.00365637,-0.00227972)
(0.00500002,0.0234855)
(-0.000739215,-0.00444001)
(0.00603144,0.0146028)
(0.00391349,-0.00626773)
(-0.00506597,0.00762368)
(-0.00238609,0.00191406)
(-0.0119737,0.00299905)
(0.00687112,0.0180179)
(-0.000876363,0.00218393)
(0.0024965,0.0286333)
(0.0104897,0.00761063)
(-0.000838692,0.00870435)
(0.00152173,-0.0116822)
(0.00350606,0.000707056)
(0.00187475,0.00777367)
(0.00400343,0.0057195)
(-0.00341193,0.010527)
(0.00573739,-0.00522177)
(0.00360173,0.0137596)
(0.000417195,-0.00494559)
(0.00798578,0.0174118)
(-0.00685003,-0.00375797)
(0.0102233,0.0120347)
(0.00658034,-0.00152689)
(0.00575119,0.00959426)
(0.00252809,0.00356277)
(0.00770519,0.0111333)
(0.00127084,0.00804893)
(0.00369791,0.0117571)
(0.00197706,0.0208374)
(0.0189744,0.0171322)
(0.00230493,0.0201694)
(0.0232737,0.0154928)
(0.00859066,0.0051821)
(0.0155794,0.00866592)
(0.0128404,0.0085048)
(0.0147679,0.00483391)
(0.00905514,0.00972821)
(0.000561277,0.00435915)
(-0.00296466,0.0022773)
(0.00828752,0.00377236)
(-0.00296756,-0.00305654)
(0.00884185,-0.00101683)
(0.00153574,0.0075403)
(0.0118485,0.0141374)
(0.00512108,0.0028824)
(0.0205694,0.0130782)
(-0.00341424,0.00312987)
(0.0134141,0.0174522)
(-0.00791847,0.0077696)
(0.0167562,0.0175581)
(-0.00197508,0.0117534)
(0.0268796,0.0179595)
(0.00720003,0.0104493)
(0.027496,0.00794196)
(0.0141982,0.00302146)
(0.0123383,0.00656861)
(0.0100722,0.0017999)
(0.00371984,-0.00647537)
(0.0019718,-0.000659015)
(-0.00665362,-0.00924747)
(-0.000911577,-0.0108747)
(-0.000342394,-0.00168233)
(0.00267782,0.0042242)
(0.00581453,0.0112046)
(0.00278796,0.00664704)
(0.0100766,0.011068)
(-0.0045625,0.00231559)
(0.0144683,0.00781986)
(-0.00280595,-0.00240103)
(0.0128062,0.0154909)
(-0.00493628,0.0049391)
(0.0196915,0.0132255)
(0.00669499,-3.96806e-05)
(0.0193022,0.00556531)
(0.0055672,-0.000957123)
(0.0157831,0.00133989)
(0.00687806,-0.000976197)
(0.00328831,-0.00569051)
(0.00846995,-0.0105354)
(-0.00327492,-0.00992524)
(0.00102607,-0.0106249)
(0.000275004,-0.00135229)
(-0.00963885,-0.00402838)
(0.000230845,-0.00588319)
(-0.00918335,-0.0071127)
(0.00379218,-0.00479468)
(-0.00453254,0.000324905)
(0.00249026,-0.0126627)
(0.00195092,0.0030042)
(0.00409714,-0.015)
(0.001279,0.00539515)
(0.00244392,-0.0167975)
(0.00256217,0.00107482)
(0.00189079,-0.0109874)
(-0.000335294,0.00597074)
(0.00320597,-0.00286929)
(0.00278322,0.00817827)
(0.00767879,0.0131366)
(-0.001289,0.00642074)
(0.00826383,0.0133981)
(-0.0093818,0.00571229)
(0.00412139,0.0166044)
(-0.0158846,-0.010756)
(-0.00727102,-0.00345967)
(-0.0199185,-0.0111095)
(-0.00486252,-0.00173073)
(-0.0111136,0.00324863)
(-0.00895297,-0.0126896)
(-0.014103,0.0135554)
(-0.00929133,-0.0224976)
(-0.00780125,0.0125823)
(-0.00380775,-0.020091)
(-0.00572974,0.0164199)
(-0.00347495,-0.0265223)
(0.00755768,0.0122863)
(0.0012775,-0.0124905)
(0.00515088,0.0231855)
(0.00493678,0.00367087)
(0.00672901,0.019305)
(0.0122711,0.0194425)
(-0.00439026,0.00982559)
(0.013766,0.0190606)
(-0.0172885,-0.0106766)
(-0.0111149,0.000519852)
(-0.0262768,-0.0100586)
(-0.0225172,-0.00335625)
(-0.0204061,-4.31089e-05)
(-0.021994,-0.00976091)
(-0.0125817,0.00824188)
(-0.0171555,-0.0136373)
(-0.00841844,0.0145304)
(-0.013585,-0.0232797)
(-0.00242943,0.0156765)
(-0.0117939,-0.025754)
(0.0119681,0.019922)
(0.0039191,-0.024716)
(0.0189496,0.0214575)
(0.00397322,-0.00474085)
(0.00978235,0.0239442)
(0.0101585,0.0106908)
(-0.00142624,0.010512)
(0.0103837,0.0121267)
(-0.0186058,-0.0113624)
(-0.0197534,0.00257695)
(-0.0353927,-0.00748518)
(-0.0327717,0.0024901)
(-0.0254534,-6.87452e-05)
(-0.0467165,-0.0127803)
(-0.0107304,-0.00204164)
(-0.0301479,-0.020745)
(-0.00452255,0.00450247)
(-0.0155307,-0.0228368)
(0.00356375,0.00793777)
(-0.00645026,-0.0189859)
(0.0205694,0.0188434)
(-0.000298484,-0.013984)
(0.0192812,0.0181232)
(0.0118195,-0.00341052)
(0.0238627,0.0101534)
(0.00597096,0.00958101)
(0.0137507,0.000596096)
(0.00726163,0.0134652)
(-0.0151721,-0.0147919)
(-0.0243639,0.00260572)
(-0.0278126,-0.0123247)
(-0.0336695,-0.00450034)
(-0.0170809,-0.0050474)
(-0.0443983,-0.0111649)
(-0.00430015,0.000389144)
(-0.0168843,-0.00779845)
(-0.00176704,-0.00213138)
(0.00202956,-0.0129767)
(0.010263,0.0075685)
(-0.00535846,0.00760738)
(0.0136413,0.00541073)
(0.00240373,0.000946601)
(0.0094435,0.012046)
(0.00154102,0.0026499)
(0.0127273,0.00595842)
(-0.000713438,0.00841549)
(0.00696155,0.000787849)
(-0.00325842,0.00970567)
(-0.00551656,-0.0115626)
(-0.0161213,-0.000114991)
(-0.0103401,-0.0126012)
(-0.0217947,-0.00396565)
(-0.00500103,-0.00410174)
(-0.0163387,-0.00303722)
(-0.000908178,-0.000986836)
(-0.00572834,-0.00827028)
(-0.00527246,-0.00712738)
(0.00392666,-0.00444898)
(0.00219835,-0.00410042)
(-0.00103074,0.00506087)
(-0.000622958,0.00872064)
(0.000375172,0.0111358)
(0.00318575,0.00261791)
(0.00184546,0.00930228)
(0.00860245,0.00359202)
(-0.004506,0.00418079)
(0.00320168,-0.00928133)
(-0.000957174,0.00444147)
(0.000893327,-0.00213206)
(-0.00172444,0.00549976)
(0.00358,-0.00144089)
(-0.00140204,0.00231261)
(0.00572862,0.00371823)
(-0.00793274,-0.00511422)
(0.00972196,0.014716)
(0.00817813,0.00343057)
(0.00487122,0.0115157)
(0.0125206,0.00719889)
(0.00289415,0.0130331)
(0.00162148,0.0140458)
(-0.00106462,0.00698455)
(0.0019324,0.00972694)
(0.000752072,0.0061391)
(-0.00721528,0.0085589)
(-0.00217568,0.00398766)
(0.000706947,0.00753525)
(-0.00355024,-0.00405859)
(0.00640256,0.00322383)
(0.00568861,0.00307078)
(0.0109475,0.012306)
(0.00686929,0.00169382)
(0.00752982,0.000336799)
(0.0111748,0.00290734)
(-0.00181357,0.00858619)
(0.00811328,0.0133447)
(0.00495791,0.0109923)
(0.00732152,0.0145022)
(0.0148378,0.015222)
(0.00983879,0.0193364)
(0.0169828,0.0164594)
(0.00907407,0.0126837)
(0.00589286,0.01062)
(0.00481976,0.00962167)
(-0.00971222,-0.00108371)
(-0.00792604,0.00140856)
(-0.00113839,-0.00240779)
(-0.0140204,-0.00856119)
(0.00414263,0.00341534)
(0.00353303,0.00656665)
(0.00978455,0.0141772)
(0.00774858,0.0118023)
(0.0122642,0.0158528)
(0.00657042,0.00534797)
(0.00586717,0.0101959)
(0.0072931,0.0032478)
(0.0016118,0.0111475)
(0.00539391,0.0183197)
(0.0138617,0.0185259)
(0.0148063,0.00928369)
(0.017252,0.0120215)
(0.0139162,0.00595671)
(0.00638775,0.00910302)
(0.00848973,0.00231551)
(-0.00678178,0.000332687)
(-0.00270966,-0.00612943)
(-0.00382349,0.00138112)
(-0.00806738,-0.00540221)
(0.00297649,-0.00177939)
(0.00189827,0.0112138)
(0.00847948,0.00668944)
(0.00574204,0.00814759)
(0.0112284,0.00443122)
(0.00210577,0.00794793)
(0.00733467,0.0115617)
(0.000763808,0.00258631)
(-0.00217936,0.00776991)
(0.00554605,0.00274139)
(0.0079668,0.0149117)
(0.011196,0.00197061)
(0.0115229,0.0131533)
(0.0113143,-0.00549427)
(0.00960243,0.007004)
(0.00906356,-0.00805369)
(-0.00177551,0.00479906)
(-0.00265256,-0.00648116)
(-0.00216306,-0.00153987)
(0.00102537,-0.0076665)
(0.000437874,0.00515159)
(-0.000314075,-0.0013131)
(0.00488003,0.000818723)
(-0.00904872,-0.000751073)
(-0.00206763,0.000619091)
(-0.00319404,-0.00033498)
(0.00447919,-0.00571277)
(0.00312611,0.0049446)
(0.00125662,-0.00890795)
(0.00389014,0.00241124)
(-0.00184941,-0.00742797)
(0.00743302,0.00588618)
(0.00340913,-0.00392095)
(0.00377378,0.00644741)
(0.0033059,-0.000729853)
(0.0124276,0.00575896)
(0.00302737,0.00956064)
(0.00533219,0.00171692)
(0.00477444,0.00850455)
(0.00214845,0.00278106)
(0.0092063,0.0102919)
(-0.010849,-0.00826271)
(-0.00572217,-0.00408031)
(-0.0113501,-0.00973441)
(-0.00298587,0.00171157)
(-0.00489787,-0.00014796)
(-0.00328128,-0.00688237)
(-0.00201664,0.00793436)
(-0.000825634,-0.0114904)
(0.00247545,0.0108157)
(9.05054e-05,-0.0133465)
(0.00621943,0.0105427)
(-0.00359853,-0.0184099)
(0.0117848,0.0177878)
(0.000220067,-0.00508775)
(0.0169401,0.0181693)
(0.00389579,0.0057258)
(0.0147626,0.0105201)
(0.00357372,0.0142905)
(0.0022344,0.0108341)
(0.00513067,0.0103007)
(-0.00905138,-0.0110758)
(-0.00444158,-0.00073423)
(-0.0125082,-0.00896136)
(-0.0118051,-0.000389035)
(-0.00975379,0.000173335)
(-0.01434,-0.0072166)
(-0.00389158,0.00353074)
(-0.00862563,-0.0138894)
(0.000342735,0.00853719)
(-0.00546236,-0.0188295)
(0.0057268,0.0156086)
(-0.0002026,-0.0211985)
(0.0212867,0.0178225)
(0.00354027,-0.0166291)
(0.0185791,0.0176843)
(0.00594581,0.000160995)
(0.0194703,0.0173279)
(0.00742849,0.00762978)
(0.00843677,0.00739459)
(0.00740751,0.00409347)
(-0.00785216,-0.00489075)
(-0.0118212,0.00538347)
(-0.0211246,-0.00675893)
(-0.0211415,-0.000158141)
(-0.0126838,-4.64369e-05)
(-0.0234374,-0.00195312)
(-0.0042329,0.00166597)
(-0.0187735,-0.0137697)
(2.40938e-06,0.00365923)
(-0.00745986,-0.0163817)
(0.00658357,0.011789)
(-0.000872132,-0.0198199)
(0.014413,0.0150845)
(0.0112988,-0.00803985)
(0.0205888,0.0139447)
(0.00665414,0.000212757)
(0.0199743,0.0104078)
(0.00526683,0.0079898)
(0.0127464,0.00359669)
(0.000939921,0.00501797)
(-0.0101283,-0.0103219)
(-0.012144,0.000713343)
(-0.0119276,-0.0045114)
(-0.0237474,0.00212336)
(-0.00640101,0.000547237)
(-0.0220274,-0.00318828)
(0.00064561,-0.00183389)
(-0.0155756,-0.00776806)
(0.00382668,-0.00167042)
(0.00072086,-0.0159159)
(0.00377198,-0.000666136)
(4.35174e-05,-0.00991553)
(0.00970171,0.0103886)
(0.00646344,-0.00115515)
(0.0074111,0.00982845)
(0.00547967,0.00212582)
(0.0159451,0.00790455)
(-0.00161154,0.00484483)
(0.00900791,-0.000773923)
(-0.00356403,0.00855069)
(-0.00818813,-0.0132939)
(-0.00887316,0.00725784)
(-0.00845229,-0.00887798)
(-0.0126654,0.000648751)
(-0.000766009,-0.00782689)
(-0.01529,-0.00175643)
(0.00218923,-0.00798189)
(0.00086117,-0.00782108)
(-0.00126158,-0.0069782)
(0.00127012,-0.00978153)
(-0.00736738,8.224e-05)
(0.00740547,-0.00633946)
(0.00132476,0.00384829)
(0.00500593,-0.00318759)
(-0.00100904,0.00788839)
(-0.00172761,0.0038089)
(0.00747568,0.00368852)
(-0.00183554,-0.0027376)
(0.00428006,-0.00268411)
(-0.0015071,0.00349868)
(0.000735905,-0.00565291)
(0.000695495,0.00350807)
(-0.000946999,-0.00177779)
(0.00580854,0.00714365)
(0.00923074,-0.00401488)
(-0.0018191,-0.00233704)
(-0.000283433,0.00266665)
(0.00113725,-0.00635342)
(-0.00197657,0.00585602)
(0.00862075,-0.00252311)
(-0.00506139,0.00741977)
(0.00712442,0.000491932)
(-0.00659594,0.00873945)
(0.0020152,0.00184401)
(-0.00236696,0.00642468)
(-0.0085626,0.0053321)
(-0.00474709,0.00463082)
(-0.00180132,0.00399472)
(-0.00131681,-0.00689182)
(0.000907645,0.012287)
(0.000346322,0.00177785)
(0.00637849,0.00829741)
(0.00883155,0.00142867)
(0.00771744,0.00623389)
(0.00842606,-0.00439385)
(-0.00377606,0.00380437)
(0.00911184,-0.00126528)
(0.000818703,0.00156139)
(0.00402492,0.00530382)
(0.0110955,0.00584005)
(0.00438393,0.00707372)
(0.00832105,0.0118202)
(0.00312755,0.0100494)
(0.00138982,0.00307986)
(-0.000531385,0.00655529)
(-0.00429955,0.00110265)
(-0.0080706,0.00090556)
(-0.00402968,0.00114376)
(-0.00558476,-0.00460237)
(0.00523676,0.00820339)
(-0.00298181,0.00596168)
(0.00761364,0.00731312)
(0.00562471,0.00446953)
(0.00779977,0.0122048)
(0.00867901,0.00202238)
(-0.00151699,0.00738502)
(0.00602732,0.0026606)
(-0.00380333,0.00137347)
(0.00694762,0.0038164)
(0.00344368,0.011709)
(0.0149249,0.0110802)
(0.00685658,0.0121786)
(0.0120795,0.00607289)
(0.00174238,0.00948216)
(0.00571649,0.00545269)
(-0.00318257,0.00529284)
(-0.00127461,-0.00240545)
(-0.00545269,0.00360324)
(-0.00315711,-0.00115877)
(-0.00118779,0.0071115)
(-0.00463116,0.00158812)
(0.00980588,-0.00696808)
(-0.00245866,0.00384723)
(0.00414209,0.00220657)
(0.00304247,0.00550508)
(0.000159255,0.00445599)
(0.00642535,0.00178387)
(-0.00662154,0.00801622)
(0.00504235,0.00279224)
(0.000194703,0.0138911)
(0.00796185,0.00218225)
(0.00385525,0.00906321)
(0.006485,0.00101644)
(0.00222222,0.0129997)
(0.00472957,-0.00367598)
(-0.00127311,0.00514099)
(-0.00133343,-0.0040961)
(-0.00265836,0.0018848)
(-0.00197778,-0.000842779)
(0.000865501,0.00444881)
