(-0.0205223,-0.0113382)
(0.0127458,-0.0127105)
(0.0087292,0.011856)
(0.00421841,-0.00806768)
(-0.0109026,0.0125995)
(0.00997745,0.000733678)
(0.00387548,-0.00981476)
(0.0192174,-0.0198589)
(0.00147383,-0.0218341)
(-0.00821877,-0.0084571)
(0.00486489,-0.0200921)
(-5.96149e-05,0.0129234)
(-0.0248319,0.0131324)
(0.0010682,0.00212978)
(-0.0204995,-0.000984741)
(0.015605,-0.00163212)
(-0.0241691,-0.0260511)
(0.0123592,-0.0102889)
(0.0110345,-0.0190927)
(-0.0136965,0.0122312)
(0.00526917,0.00104477)
(-0.0241835,0.00290591)
(0.0167151,-0.0153894)
(0.00139523,0.00270736)
(0.0126278,-0.0135914)
(-0.01215,-0.00447017)
(-0.00675524,-0.0125535)
(0.00809461,-0.00908319)
(0.0128887,0.00277019)
(0.025452,-0.0134878)
(0.010131,-0.0131212)
(0.0188046,0.0136648)
(0.0136689,-0.00575286)
(0.00271404,-0.00674065)
(-0.0141404,0.0325118)
(-0.0100781,-0.0166238)
(0.00159305,-0.00323186)
(-0.0160262,-0.00502925)
(0.00208655,-0.0122825)
(-0.00860852,-0.0136301)
(0.00378042,-0.00861647)
(0.00419902,0.0144254)
(0.010343,0.000795456)
(-0.0102858,-0.00496889)
(-0.0190091,-0.012014)
(-0.0021411,0.00234572)
(-0.00792695,0.00593966)
(-0.00840993,-0.00123927)
(0.00837621,-0.00762353)
(-0.0122545,-0.0110566)
(-0.00884656,-0.00931562)
(-0.0191309,0.0100945)
(-0.0248505,-0.00568949)
(0.0106149,-0.00981275)
(-0.0142291,-0.0155161)
(0.0186026,0.0239812)
(0.0156731,-0.0217708)
(-0.0136329,-0.0196474)
(0.0020047,0.0200841)
(-0.00408916,-0.0243713)
(0.00540777,0.00015352)
(-0.0268038,-0.0024511)
(-0.00643253,0.0166045)
(-0.00506787,0.00236653)
(0.0148343,-0.00169096)
(-0.0174342,-0.00268263)
(-0.00495512,-0.0102771)
(-0.0166692,-0.032731)
(0.0113145,-0.00318067)
(0.00509556,-0.00470993)
(-0.000205833,0.018668)
(0.00320888,-0.00195506)
(-0.0061277,-0.00141082)
(-0.00925532,0.00813854)
(-0.0109926,0.0227167)
(0.0277139,-0.00885381)
(-0.022902,0.0125921)
(-0.00669913,-0.00743621)
(6.09633e-05,0.010619)
(-0.0143331,-0.00449666)
(0.0100377,0.0113911)
(0.00375391,0.009853)
(0.0212549,0.0171446)
(-0.00650162,-0.0107121)
(-0.0127118,0.022656)
(0.00333692,-0.0107723)
(-0.00295703,0.00882628)
(0.0031569,0.0144939)
(-0.00389983,-0.0225451)
(0.00686877,-0.0135845)
(-0.000299458,-0.00981948)
(0.0149465,0.0154311)
(-0.00255441,0.0126143)
(0.0103426,-0.014736)
(-0.0105597,-0.00500483)
(0.0140382,0.00631534)
(-0.0138467,0.0228238)
(0.00950619,0.00817872)
(-0.0180415,-0.0052047)
(0.00430578,-0.0116636)
(-0.0159421,-0.0112612)
(0.0240123,-0.0188999)
(-0.00380019,0.0199768)
(-0.0027174,0.000918589)
(0.00411061,-0.00700768)
(0.00750885,-0.00886144)
(0.00896734,-0.0127101)
(-0.00811545,0.0183725)
(0.0118886,0.00428623)
(0.0150583,-0.0378097)
(-0.00260183,-0.00227677)
(0.00543083,-0.0117219)
(0.00992121,0.00223135)
(-0.00385555,0.0165455)
(0.0238329,-0.0203794)
(0.022592,0.00679702)
(-0.0243269,0.00359554)
(0.011478,-0.0158292)
(0.0130231,0.00709168)
(-0.0217046,-0.0100709)
(0.00838206,0.0012974)
(0.00624522,-0.00567946)
(-0.00710727,0.00485502)
(-0.018067,-0.0121455)
(-0.0116182,-0.0279943)
(-0.00790092,0.000127026)
(-0.015841,0.00147248)
(0.027651,-0.00293711)
(0.00843613,0.0265362)
(-0.0137868,0.0112563)
(0.0121461,0.000191799)
(-0.0110561,0.0125294)
(-0.0253418,0.0212976)
(-0.00128566,-0.0221948)
(0.0150129,-0.0291691)
(0.0140761,-0.0171034)
(0.0188201,-0.00974679)
(-0.0185484,-0.00285684)
(0.0149667,-0.0193927)
(0.00733745,-0.0187848)
(-0.0128835,-0.00288565)
(0.0149139,0.0168552)
(0.0134436,0.00477064)
(-0.0130524,0.0325492)
(-0.0238222,0.0053201)
(0.00573819,0.00594828)
(-0.00441407,-0.010803)
(0.0115856,0.000231084)
(0.00379797,-0.00550269)
(-0.0126241,-0.0288304)
(0.00906878,0.0187387)
(-0.0147547,-0.00525431)
(0.0214023,0.00831962)
(0.000483724,0.0107838)
(-0.00746869,-0.0248003)
(0.00517752,0.0324518)
(-0.00458905,-0.0081302)
(0.00920686,0.00683045)
(-0.00143929,-0.0190901)
(0.00345393,0.0237885)
(-0.018991,-0.0120548)
(-0.00922281,0.000801369)
(0.0156776,-0.0110844)
(0.0167363,0.0224698)
(-0.0243823,-0.00794623)
(-0.0164698,0.0190086)
(-0.00429525,0.0123236)
(-0.00736826,-0.0155414)
(-0.0146703,0.0237936)
(-0.00167143,-0.00863546)
(-0.00180169,-0.00972365)
(-0.00235368,-0.0163515)
(-0.00310079,0.0304204)
(-0.0157328,0.0118617)
(0.00105313,-0.0048368)
(-0.0105945,-0.00466318)
(0.00479236,-0.000969326)
(-0.00674624,0.0104447)
(-0.00466852,-0.0275625)
(0.0220679,0.00292743)
(0.00491134,-0.0118103)
(-0.00716289,0.0128247)
(0.00969727,0.0270355)
(0.00808866,-0.0108168)
(0.00372353,-0.0148692)
(0.00156475,-0.0351477)
(-0.00987107,0.00719438)
(0.00153804,-0.0107801)
(-0.00393025,-0.00166633)
(0.00126677,-0.00894587)
(-0.00290824,-0.0150991)
(-0.0064898,0.0177608)
(-0.0205306,-0.0103511)
(-0.00868099,0.00968542)
(-0.00323627,0.0225408)
(-0.0110589,-0.013307)
(-0.00332082,-0.00811568)
(0.0221568,0.0178608)
(-0.00938914,0.0181098)
(0.00824899,0.00795973)
(0.0137726,-0.0104005)
(-0.0049186,-0.00319183)
(-0.00250866,0.00712875)
(0.00715519,-0.0187028)
(-0.0153862,0.0215818)
(0.000522161,-0.00705568)
(0.0326068,-0.0242505)
(0.00427517,-0.017759)
(0.0178175,-0.00136413)
(-0.0145553,-0.0105015)
(-0.00462343,0.0228613)
(0.0158721,-0.00798656)
(-0.019379,-0.00771901)
(-0.00264173,0.0159544)
(-0.0260438,-0.00205913)
(0.00474897,-0.00672812)
(-0.00843449,-0.00556901)
(0.0233373,0.00596027)
(-0.00794161,-0.0144179)
(-0.0191154,0.0133925)
(0.00409188,0.00790633)
(0.0053508,-0.00331579)
(0.0169119,-0.0153012)
(0.00156215,-0.00979274)
(0.00743725,-0.00595701)
(-0.00800267,-0.00262537)
(0.0159555,0.0134328)
(0.0227222,-0.0102297)
(-0.00242465,0.0055162)
(0.00492282,-0.0247407)
(-0.0112268,0.0296657)
(-0.0335545,-0.0053084)
(-0.00263084,0.0180668)
(0.00659616,0.0159044)
(0.00985106,-0.0297649)
(0.015107,0.00821863)
(-0.00698884,-0.00688905)
(0.00285387,0.0184755)
(-0.0131716,0.0228999)
(-0.0141309,-0.0151151)
(0.017851,0.0160473)
(0.00465696,0.0210356)
(-0.0175953,-0.0257275)
(0.0217091,-0.00748396)
(-0.00496659,-0.0175289)
(-0.00458764,-0.017414)
(0.00267335,0.00349493)
(-0.0207978,0.0219354)
(0.0269017,-0.00288718)
(0.00589693,-0.0124656)
(0.00630769,0.000383193)
(0.00128374,0.00535098)
(-0.00193486,-0.0110193)
(-0.00287588,0.0175768)
(-0.00847671,-0.0190663)
(0.0104018,0.0101549)
(-0.0111038,-0.0186646)
(0.00727935,-0.0223347)
(-0.0142584,0.0186555)
(0.0208566,0.00183139)
(-0.00351952,-0.00682923)
(0.00771495,0.00385953)
(0.00111501,0.00658343)
(-0.00576512,-0.01213)
(0.0110177,0.00599777)
(-0.0102407,0.0239321)
(-0.0252858,0.0108303)
(0.00116536,0.00641831)
(-0.00764655,0.00210699)
(-0.0083002,0.000192969)
(0.0266444,-0.000869605)
(-0.00342121,0.0240505)
(0.0202264,0.00281388)
(-0.00355115,-0.00747385)
(0.00361143,-0.0154747)
(-0.00573207,-0.0075753)
(0.000876092,0.00135733)
(-0.0225501,-0.00217606)
(0.0169388,-0.00463897)
(-0.00545112,-0.0302668)
(0.00466898,-0.0123837)
(0.0175652,0.0260204)
(-0.020797,0.0119543)
(-0.0157783,0.0163628)
(0.00772959,-0.00973915)
(-0.0168944,0.00414307)
(0.0166795,-0.000396578)
(-0.0412094,-0.00123842)
(0.00849347,0.0165418)
(-0.0204766,-0.00510576)
(0.0365897,0.0219852)
(0.016864,-0.00421645)
(-0.012929,0.00965118)
(-0.0154034,0.00175061)
(-0.0113019,-0.00523224)
(-0.00627405,0.0192166)
(0.0162577,-0.0057519)
(0.0120718,-0.00247327)
(0.0293088,-0.0042163)
(-0.0151171,0.00858102)
(0.00387025,0.0149483)
(0.00592371,0.0271985)
(-0.00156444,0.0179846)
(0.00423776,-0.00458353)
(0.0253613,-0.00542702)
(0.00532048,0.0149914)
(-0.0213387,0.00436589)
(-0.00135347,0.018659)
(-0.00359953,-0.00819448)
(-0.00297277,-0.0175452)
(0.0263563,-0.0203193)
(0.00637667,0.00505513)
(-0.0172502,-0.00713012)
(0.0119116,-0.013081)
(-0.00932073,0.0119065)
(-0.0278156,0.00633002)
(-0.0181068,0.0205288)
(-0.0149192,-0.0179428)
(0.00469518,-0.00959712)
(0.00728421,0.00348204)
(-0.00217393,-0.0022564)
(-0.0198643,-0.00270391)
(0.0129806,-0.00749573)
(-0.00590799,0.0267636)
(-0.0171855,0.0103458)
(-0.00556504,0.0202759)
(0.0139291,0.021971)
(-0.035065,-0.012383)
(0.0224835,-0.000796939)
(-0.00529125,0.00430399)
(0.00411701,-0.00449674)
(0.0199197,-0.00978693)
(-0.00408962,-0.0035946)
(-0.00435405,-0.0201775)
(0.0160336,-0.00329708)
(-0.0212691,0.0184842)
(0.0100747,-0.020323)
(-0.0269916,0.00578588)
(-0.00398423,-0.00327247)
(0.0138733,0.00296487)
(0.0297561,-0.0299082)
(-0.0128914,-0.000278597)
(0.00405066,-0.0203016)
(-0.0104608,0.00774047)
(-0.0048824,-0.000179168)
(-0.000543028,0.0111353)
(0.00784761,0.000369613)
(-0.00455308,1.52195e-05)
(0.00450625,0.0167024)
(-0.0338697,-0.0200145)
(-0.0107396,-0.00471826)
(0.00651121,-0.024926)
(-0.0151845,0.0122381)
(-0.0208683,0.0161542)
(-0.00438426,-0.00821618)
(0.0177829,0.0100202)
(-0.0339584,0.0138418)
(-0.0235221,0.00798893)
(0.0158895,-0.00974775)
(0.014208,-0.0196939)
(0.0156192,-0.00862533)
(-0.00427666,0.0166925)
(0.00406198,-0.0188478)
(0.00532528,0.0138533)
(-0.0173183,0.0098605)
(-0.00519996,0.00216359)
(-0.00386152,0.00658543)
(-0.00805819,-0.0174213)
(-0.0184175,-0.023191)
(0.00597505,-0.0274028)
(-0.0214745,-0.00825575)
(0.0103644,-0.0103882)
(-0.022583,-0.00600217)
(0.0036795,-0.00402701)
(-0.0073509,0.0199239)
(0.0213779,0.00641598)
(0.0170254,-0.0116216)
(-0.0195817,0.00462001)
(0.000421961,-0.00227155)
(0.0214908,0.00631324)
(0.00462828,-0.0245428)
(0.00914659,-0.00229339)
(-0.00168188,-0.0315837)
(0.000686433,0.0236487)
(-0.003071,-0.0126271)
(0.0017028,-0.000192526)
(-0.00685736,-0.0171039)
(0.00147558,-0.0048837)
(0.000134427,-0.00569998)
(-0.000156669,0.0230378)
(0.00639962,0.0090032)
(-0.0265461,-0.00537129)
(0.00487516,0.0129378)
(0.0128734,0.00278636)
(0.00421785,0.00786311)
(0.0183766,-0.00399577)
(0.0203039,-0.00666515)
(-0.00423413,-0.0117863)
(-0.0256005,-0.00902731)
(-0.0148728,-0.00470883)
(-8.35073e-05,0.00521734)
(0.00823335,-0.0154983)
(-0.00302293,0.00405881)
(0.0183548,0.000193464)
(-0.018494,0.0359658)
(0.00618662,-0.00740808)
(0.0241081,-0.0107057)
(0.00251436,0.00369386)
(0.010188,-0.0118459)
(0.0024535,-0.0203909)
(0.0128274,-0.0113917)
(0.0173354,-0.00137259)
(0.023131,0.0305108)
(-0.0169734,0.00297368)
(-0.0147678,0.0145457)
(-0.0220887,0.00721844)
(-0.0159468,0.00757866)
(0.00348834,-0.00867621)
(0.00164115,-0.00824947)
(0.00275198,-0.00261196)
(0.00275461,-0.0122518)
(0.00534772,-0.0289351)
(-0.00804146,0.00507208)
(0.00288865,-0.0154565)
(-0.00535865,0.00383974)
(0.000211543,-0.00404836)
(0.0230388,0.00695)
(-0.0148882,-0.00125436)
(-0.00185981,-0.00438862)
(0.0129902,-0.0160572)
(-0.0211072,-0.0257191)
(0.0216906,-0.0120879)
(-0.0129369,-0.012212)
(-0.0221057,0.0461024)
(0.0116889,-0.0253079)
(-0.00264611,0.000730471)
(-0.0316857,0.00693912)
(-0.00978881,0.001537)
(-0.0138089,0.0080902)
(-0.00721314,0.00396262)
(0.00746089,0.0030697)
(0.00481246,-0.00427714)
(0.00751375,-0.0233149)
(0.0168917,-0.00982261)
(0.0118927,0.00516263)
(-0.0226233,-0.00661137)
(0.00405265,0.00618459)
(-0.00262419,-0.0270087)
(0.0176532,-0.0202152)
(0.000853134,-0.00946895)
(0.00560488,-0.00890834)
(0.0117437,-0.00268567)
(-0.0299012,-0.00748979)
(0.00247915,0.0191233)
(-0.0106583,-0.0115867)
(-0.00749288,0.0259937)
(-0.0147495,-0.0159697)
(-0.00304104,0.000540466)
(-0.0216176,-0.0109423)
(-0.00884656,0.00781439)
(0.0114714,0.000460549)
(0.00108202,-0.00399311)
(0.0132789,-0.0354297)
(0.00139467,-0.0169962)
(-0.0168471,-0.012727)
(0.0100876,0.00221859)
(0.0181484,0.00298523)
(0.0172417,-0.0011175)
(-0.0175901,-0.0300055)
(0.00347558,-0.0026115)
(0.00896221,-0.00606671)
(0.00305868,0.00771891)
(0.00451345,0.0115679)
(-0.00848169,0.00330915)
(-0.0138546,-0.00155933)
(0.00922914,-0.0232212)
(0.00491225,-0.00870287)
(0.000585358,-0.029683)
(0.00345988,0.0206564)
(-0.0174857,-0.000393418)
(0.00156983,-0.0155723)
(-0.000749311,-0.000619993)
(-0.0101983,-0.00365336)
(-0.0291006,0.00471082)
(-0.00355172,0.0130382)
(-0.0122191,-0.00340615)
(0.00406679,-0.00980565)
(0.00251833,0.00456188)
(-0.00474939,-0.0274785)
(-0.000208731,0.000932516)
(0.00277107,0.000945987)
(0.0165012,-0.0054481)
(0.0185962,0.0125083)
(-0.0453982,0.000656644)
(-0.0111329,-0.00534885)
(0.00898219,0.0096517)
(-0.00422328,0.0104069)
(0.000734147,0.0242505)
(-0.0108784,0.00930168)
(-0.00803756,0.0110346)
(0.0170571,0.0286189)
(-0.0176305,0.00994982)
(0.00149362,-0.000365407)
(0.00608754,-0.000594009)
(-0.00065704,0.00566171)
(0.00913828,-0.0145625)
(-0.003159,-0.00750647)
(0.0107304,-0.0284108)
(-0.00270466,-0.0302977)
(0.0136866,0.00771685)
(0.00611608,0.00475825)
(0.00265193,-0.00217277)
(-0.0101076,-0.0355011)
(0.0107003,-0.00363387)
(-0.0205789,0.0274866)
(0.0146917,0.00722099)
(-0.00549042,0.00208562)
(0.00407743,-0.00612944)
(-0.0237043,0.00835621)
(-0.00940447,0.0046733)
(0.0090604,0.0167285)
(-0.00776935,0.0152326)
(-0.0158376,0.0159603)
(-0.00206489,-0.0309485)
(-0.0236457,0.00417416)
(-0.00668325,0.00822966)
(0.0199257,-0.026121)
(-0.0193013,0.0123822)
(0.00122785,0.000845337)
(-0.00950717,0.0270639)
(-0.00131964,-0.00139647)
(0.0064512,-0.00471171)
(-0.00497092,0.00568672)
(0.0161954,0.0353753)
(0.00279365,-0.0125691)
(-0.0145497,0.0189444)
(-0.0175033,-0.0119963)
(-0.0120902,0.0118884)
(-0.0173445,0.00909663)
(0.0122503,-0.0233281)
(-0.00800634,-0.024617)
(0.0162352,0.00426528)
(0.00570101,-0.00809997)
(0.0246366,-0.0166557)
(-0.00996001,0.0161273)
(0.0265596,-0.0102344)
(0.0155917,0.00187041)
(0.00572037,-0.0195553)
(0.0100169,0.020795)
(0.0131411,0.00754839)
(0.0106298,0.0111711)
(0.0110771,-0.0126672)
(0.0168262,0.0033561)
(-0.00149194,-0.0267304)
(-0.0215746,-0.0174218)
(-0.0170669,0.0118578)
(-0.034463,0.0237653)
(-0.00348128,0.000226283)
(0.00852901,0.00096753)
(0.0225308,0.0229224)
(0.00135049,0.00567716)
(0.00584531,-0.011714)
(0.00587441,-0.00470169)
(-0.000245155,0.0149591)
(0.00870561,-0.0116972)
(0.0266661,-0.00622981)
(0.0078531,0.0198638)
(0.00597834,-0.0191702)
(0.00364832,0.000682985)
(-0.00396182,-0.00582014)
(-0.00502316,0.000942139)
(-1.4885e-05,-0.0143331)
(0.0136775,0.00918776)
(-0.0100005,-0.0166941)
(-0.0201746,0.0156591)
(0.0207946,-0.00466469)
(-0.011248,-0.023759)
(-0.042566,0.0328893)
(0.0139927,-0.00242922)
(-0.00865137,0.00355671)
(-0.000545546,-0.00271206)
(-0.00957954,0.0130891)
(-0.0139768,-0.034781)
(-0.00292074,0.000598402)
(-0.0104318,-0.00514959)
(-0.0165564,-0.00460927)
(-0.00366709,-0.0345505)
(0.0142546,-0.0261609)
(-0.014097,-0.0426571)
(0.00944953,0.0293144)
(0.00387188,0.0118233)
(-0.0075521,-0.00994367)
(0.0109524,-0.0348973)
(-0.00823852,-0.0017575)
(-0.0168585,0.000523173)
(0.00935647,-0.00586759)
(-0.0220907,0.00649956)
(-0.00613424,-0.00256115)
(-0.0170118,0.000774392)
(-0.00118754,0.0186498)
(-0.000437335,0.0107769)
(0.00707282,0.0133432)
(0.000302201,-0.011701)
(0.0229806,-0.00934749)
(-0.00592177,-0.00413037)
(-0.0230308,-0.00197576)
(0.0114884,0.0105276)
(-0.00962821,0.00502456)
(-0.00504443,0.00397184)
(-0.0126447,-0.000982637)
(-0.00289723,0.00480333)
(-0.00938219,-0.0236373)
(0.00562079,-0.0112984)
(-0.00844628,-0.00771468)
(-0.0140688,0.0313257)
(-0.0233356,-0.00195369)
(-0.020585,0.00292323)
(0.00319244,-0.0200091)
(0.016935,0.000402908)
(0.0078748,-0.0190448)
(0.00445785,0.0263864)
(-0.00322726,-0.0284045)
(-0.0102959,0.00225391)
(0.0120809,0.0182085)
(-0.00290324,0.0399365)
(0.00100109,0.0121907)
(0.000869966,-0.00976234)
(-0.0171738,-0.00134107)
(0.00973639,-0.0107451)
(0.00814529,-0.00641869)
(0.00397862,0.0221838)
(0.00814987,-0.0204221)
(0.00734153,0.00659969)
(0.00637314,0.0168589)
(0.00337172,-0.00467481)
(-0.0138243,0.00208774)
(-0.0113318,-0.0143331)
(-0.0257421,0.0224845)
(-0.0129799,0.000247111)
(0.00271457,-0.0265216)
(0.00716704,-0.0145273)
(0.000879659,-0.0158621)
(-0.0218427,0.00726863)
(0.00583247,-0.0314315)
(-0.0130152,0.0109715)
(-0.0175891,-0.0210474)
(0.0217326,-0.0208074)
(-0.0162805,-0.00625945)
(-0.0198039,0.0153453)
(0.00098154,-0.00688998)
(-0.00832089,0.010284)
(-0.00105492,-0.0140172)
(0.0166373,0.0544581)
(0.0223698,0.00512107)
(0.000438031,-0.00796237)
(0.00828399,-0.0110498)
(0.0234654,0.0170387)
(0.0322983,-0.00347215)
(-0.00099359,0.018963)
(0.00424529,0.00589175)
(-0.00798126,-0.00991847)
(-0.0189433,-0.0294973)
(-0.00907094,-0.0117226)
(0.00460273,0.0037266)
(0.00274476,-0.0198701)
(0.0334425,-0.00177131)
(0.00406026,0.0220811)
(0.00790414,-0.000688379)
(0.00390314,0.0415932)
(-0.0307717,-0.0338334)
(-0.033157,-0.0465996)
(0.00341291,-0.0391839)
(0.024732,0.03486)
(-0.0130992,0.0354653)
(0.0216884,0.0409638)
(0.0113313,-0.0011498)
(0.0247803,0.022012)
(-0.0188472,-0.0217174)
(-0.00627455,0.0253451)
(0.00602874,-0.00118368)
(0.0126008,-0.016923)
(-0.0287965,-0.00964559)
(-0.00157545,0.0170535)
(-0.0145134,-0.00716696)
(-0.00885477,0.0219243)
(-0.0109334,0.00912821)
(0.0237949,0.0444893)
(-0.025104,-0.0175708)
(-0.0130941,0.00449066)
(0.0155362,-0.0452434)
(-0.0110984,-0.022615)
(0.0288399,-0.0294824)
(-0.00406633,-0.0748157)
(0.000212903,-0.0159699)
(0.0139686,-0.0203082)
(0.0110369,-0.031168)
(0.0178643,0.0240399)
(0.00619483,0.0234967)
(-0.00192142,0.00469104)
(0.0184176,-0.00357955)
(-0.0144849,-0.00958327)
(0.0185407,-0.000184337)
(0.00644513,-0.00064372)
(0.00126208,0.00693631)
(0.00912031,0.0196366)
(0.0107363,-0.0116957)
(-0.0560769,-0.0163541)
(-0.0159801,0.0183127)
(0.0161283,-0.022474)
(0.0231805,-0.0104948)
(0.0258559,-0.0160284)
(0.00709049,0.0172027)
(0.0427696,-0.0180567)
(-0.00274561,0.0117908)
(0.00972811,0.00194099)
(0.00478794,0.00131118)
(0.0229138,-0.00288072)
(-0.0303112,0.00217359)
(0.00376527,-0.0102567)
(0.00842557,-0.0128967)
(0.00295525,0.000730506)
(-0.00190968,-0.00687556)
(-0.00623482,0.0248619)
(0.00149182,0.0129827)
(0.000871673,-0.0325864)
(-0.0431145,-0.0106444)
(-0.00893225,-0.015692)
(-0.0171067,0.0115816)
(0.0213691,0.00879481)
(-0.00968386,-0.00704201)
(0.0145539,0.00647463)
(-0.0374447,-0.0364901)
(-0.0512516,0.0753676)
(-0.0294454,0.00609693)
(-0.0198379,-0.00393141)
(0.00281426,-0.000467246)
(-0.00323688,-0.014868)
(-0.0270678,-0.00857773)
(0.00551294,-0.0147144)
(-0.00216453,0.00254329)
(0.0122977,-0.00629745)
(0.0112134,0.010561)
(-0.0107777,-0.0098686)
(0.0130776,-0.0236897)
(0.0224869,0.0252347)
(0.0191761,-0.0442524)
(0.0149129,0.0102705)
(-0.006515,0.0136066)
(-0.025734,0.000855134)
(0.0315979,0.0115906)
(0.00243449,-0.0123738)
(-0.0221951,0.00124084)
(-0.0197197,-0.023956)
(-0.0208772,0.0149924)
(0.000203039,-0.0119102)
(-0.0050328,-0.0163509)
(-0.0140308,0.0073507)
(-0.00383367,-0.00362951)
(0.033859,0.0176647)
(-0.0226085,-0.0151967)
(0.00999794,0.00687866)
(0.00248409,0.0124095)
(0.00172584,-0.00622982)
(-0.0223823,-0.00388514)
(-0.00792739,-0.00270406)
(0.00594313,0.0204879)
(0.00527078,0.0262574)
(0.00117714,0.0171858)
(-0.0124528,0.00852014)
(0.000234856,0.0151668)
(0.00087658,0.0146189)
(0.0100785,-0.00677666)
(0.00961461,-0.00840146)
(-0.0080626,-0.0031703)
(-0.00132241,-0.00161512)
(0.0108362,-0.00388616)
(-0.0234932,0.00888165)
(0.0105913,-0.0132995)
(-0.00987511,-0.00175942)
(-0.00973382,0.0139176)
(-0.00418289,0.0108268)
(-0.00121856,0.00250628)
(-0.00654363,-0.011895)
(0.0210687,0.0032957)
(0.0154149,-0.019126)
(0.0115488,-0.0188872)
(-0.00734856,-0.0195447)
(-0.00699927,-0.034475)
(-0.0170112,0.00191703)
(0.0115525,-0.00483213)
(-0.0128788,0.00869796)
(0.0103755,0.000402287)
(0.0127651,-0.00206505)
(-0.00482525,0.0120148)
(-0.00353731,0.0197561)
(0.0118713,0.0158045)
(0.017948,0.0124089)
(-0.0104889,0.0191495)
(0.0233995,-0.00282717)
(-0.0120042,0.00938849)
(0.0243627,-0.00216854)
(-0.0129201,0.0240951)
(-0.00786132,0.0126209)
(-0.0036096,0.0132338)
(0.0192749,0.0198095)
(0.00694532,0.00410609)
(0.0331283,0.00450214)
(-0.00747899,0.0084412)
(0.012392,-0.00864854)
(-0.0131527,0.00284096)
(-0.00749148,-0.00851744)
(-0.0122609,-0.00219253)
(0.0145427,0.00811222)
(0.00131529,0.0150639)
(-0.0150009,-0.00952374)
(-0.0127732,0.00269147)
(0.00867515,0.012138)
(0.00873837,-0.0201957)
(-0.00311341,-0.00671058)
(0.00701599,0.00204271)
(0.028633,-0.0123071)
(-0.00437888,-0.0114188)
(0.0149469,-0.013226)
(0.0109337,-0.0128284)
(0.00976026,-0.0172353)
(0.00633789,0.025214)
(0.0177525,-0.0494848)
(-0.00820704,-0.00846406)
(0.0133766,-0.0107381)
(-0.0110466,-0.0128055)
(-0.0411682,0.0148146)
(0.00633162,-0.0220001)
(0.000330294,-0.0051098)
(-0.00723497,-0.0146173)
(-0.00255156,-0.0106979)
(0.00337489,-0.0141394)
(-0.00646785,0.00545112)
(0.00850127,-0.0199268)
(-0.00873229,0.0180798)
(-0.0184796,0.00751263)
(0.013218,-0.0288881)
(0.0209342,-0.0252842)
(-0.0102083,-0.00448467)
(0.0118789,0.0214207)
(0.0233601,-0.0236076)
(0.00280433,-0.00803356)
(0.0370327,-0.0164577)
(0.00905945,-0.00139544)
(0.00397496,-0.0444351)
(0.00451463,-0.00798068)
(0.00813909,0.0250724)
(0.0211712,-0.0302946)
(-0.00278374,0.0231553)
(-0.0148217,0.0380461)
(0.0143376,0.0148555)
(0.0113502,-0.00288709)
(-0.0174226,-0.0280126)
(-0.00927206,0.0238338)
(0.0120346,-0.00377297)
(0.0125917,1.4162e-05)
(-0.00879556,-0.00558435)
(0.000751228,0.0085289)
(0.00034731,0.00750742)
(0.00340162,-0.00190187)
(-0.00894006,0.00586452)
(0.0166952,-0.02441)
(0.00897658,0.0443517)
(0.0137007,-0.0026625)
(-0.0107466,0.0100866)
(0.00445369,0.00924521)
(-0.020225,0.0316397)
(0.00935089,-0.00529314)
(-0.068221,-0.0492505)
(-0.0196427,0.0197645)
(0.000768267,0.022558)
(0.00828119,0.0359659)
(0.0121213,-0.00263431)
(0.0222975,0.0101379)
(0.00872713,-0.00279334)
(0.00645337,-0.0152883)
(-0.0234868,0.0194061)
(0.00732856,-0.0188095)
(0.00961049,-0.0306129)
(-0.00726198,-0.0177471)
(-0.0162346,-0.00380673)
(0.00495328,-0.00525548)
(-0.00958075,0.0075188)
(-0.00379131,-0.00460322)
(-0.000917463,-0.0117228)
(-0.011879,-0.0380943)
(-0.0241763,0.00286473)
(-0.00616911,-0.0181127)
(0.0130951,-0.0193997)
(0.0118901,0.028683)
(-0.00831547,0.0186866)
(0.000635202,0.000358088)
(-0.00448216,0.00149821)
(0.0029266,0.0280434)
(0.00908431,-0.0163335)
(-0.00459123,0.010125)
(-0.0115788,-0.0208665)
(0.0111483,0.00783323)
(0.00109178,0.0354154)
(0.0224085,0.0101718)
(0.00788933,-0.00933251)
(-0.00520744,0.0231527)
(-0.00334141,-0.0206226)
(0.0122791,-0.0359257)
(0.00172744,-0.0216549)
(-0.00409073,0.00992545)
(-0.0083418,0.000451631)
(0.0109133,0.0209058)
(-0.0105387,-0.0184261)
(0.0164678,-0.0231439)
(0.0108458,-0.0151717)
(0.0167668,0.0181856)
(0.00552114,0.0026362)
(0.00311513,-0.0125014)
(0.0232586,-0.00475332)
(0.0163347,-0.0125089)
(-0.00102886,0.00615186)
(-0.0225368,0.00399465)
(0.00386928,-0.0115858)
(-0.0139636,0.0397901)
(0.0107333,-0.00741586)
(-0.0116687,0.0292583)
(-0.00343309,0.0470233)
(0.0680825,-0.0374923)
(-0.0125958,-0.01839)
(0.011148,0.0106708)
(-0.00901545,-1.38191e-05)
(0.0138493,-0.0178928)
(0.0330604,0.0585602)
(0.00129654,-0.0636701)
(0.00950651,0.018461)
(-0.0321109,0.00340978)
(-0.0176105,-0.0142165)
(-0.00520525,-0.0128225)
(-0.0295299,-0.00966028)
(0.0228915,0.0153759)
(0.00313416,0.0208244)
(0.0056343,-0.00288504)
(-0.012778,-0.00106664)
(-0.0080613,-0.00786829)
(0.0140854,0.0237321)
(-0.00386408,-0.0122888)
(0.00448834,-0.0042334)
(-0.0167067,0.00303668)
(-0.0023966,-0.00990448)
(-0.000149552,-0.00643879)
(-0.000774078,0.00601091)
(0.0172797,-0.00206428)
(-0.0127065,-0.0282206)
(-0.00705267,0.0163147)
(0.011011,-0.00247985)
(0.00692415,-0.00459622)
(0.00741706,-0.00487213)
(0.00329612,0.00242044)
(0.00161772,-0.000215309)
(0.00976467,-0.00953763)
(-0.0170189,0.0101184)
(0.0177057,-0.0129253)
(-0.00932855,-0.0119799)
(-0.0175442,-0.0106534)
(-0.00720891,-0.00462786)
(0.0261001,0.00939385)
(0.00461316,-0.00121121)
(0.00064112,-0.0142517)
(-0.0170922,-0.00833756)
(-0.00551554,0.048851)
(0.0246542,-0.0258799)
(-0.00281231,0.00275239)
(-0.00115622,-0.018811)
(-0.0250392,0.0200884)
(-0.0095604,0.00907515)
(-0.00377498,-0.00416978)
(-0.0225354,-0.0137928)
(-0.0191172,-0.00960753)
(0.0127746,-0.0151776)
(0.0156879,-0.0198907)
(-0.00767297,0.00898569)
(-0.0161515,0.00502505)
(0.00181292,-0.00868471)
(-0.00702295,-0.0174395)
(0.0208147,0.0122118)
(0.010756,0.00251823)
(-0.0158962,-0.00793894)
(-0.0278333,0.00925888)
(0.00907425,0.0136734)
(-0.0086086,-0.0084881)
(0.0156305,-0.0277178)
(-0.00505003,0.00697821)
(-0.00494928,-0.00854519)
(-0.00764567,0.00831601)
(0.00827046,-0.0149985)
(0.00638095,0.0154598)
(0.000993913,0.00936866)
(0.0136597,0.000314784)
(0.0286848,0.00264318)
(0.0109678,0.00455179)
(0.00875062,-0.0305975)
(0.00453748,0.00925097)
(-0.00457194,0.00935895)
(0.00862902,-0.00612845)
(0.00916117,0.0199931)
(-0.00317561,0.0031198)
(0.0215963,0.0317004)
(-0.0202697,-0.0228298)
(-0.00578058,-0.00104642)
(0.0149767,-0.0204885)
(-0.00391422,0.0160519)
(0.0077684,-0.0142212)
(0.0195906,-0.00492301)
(0.010759,0.0075247)
(-0.0142755,-0.00367221)
(-0.000318843,-0.0127778)
(0.00424292,0.0134981)
(0.00162222,-0.0201515)
(-0.00874612,0.0054305)
(-0.0225461,0.018426)
(-0.00160907,0.0222303)
(0.0165939,0.014043)
(-0.00436943,-0.00895255)
(-0.0136054,0.00330963)
(-0.0124732,0.0233484)
(0.0142584,0.000892393)
(-0.0213189,-0.00822788)
(0.0185905,-0.0228955)
(0.000499122,0.0022261)
(-0.0129446,0.0216706)
(0.0138224,-0.0140447)
(0.0140415,-0.0090695)
(0.000179513,0.00438113)
(-0.0094664,-0.00989429)
(0.0149058,0.0163902)
(0.020767,-0.00203372)
(-0.00101882,0.00232256)
(-0.00769228,-0.00174659)
(0.00278472,0.0195663)
(-0.00290133,-0.0257167)
(0.0220967,-0.0203988)
(0.0178522,0.0167566)
(0.00100058,0.0192125)
(-0.00712448,-0.0163203)
(-0.00193349,0.00118988)
(-0.00863095,0.0040869)
(0.00555653,-0.00630038)
(-0.0154224,0.0253105)
(-0.00998007,-0.0118897)
(0.00207437,-0.0159514)
(-0.00219867,-0.00195432)
(0.0108792,-0.00919605)
(0.00160948,0.00504613)
(-0.0145591,0.00698585)
(0.00350946,0.00512942)
(-0.0053021,-0.0126007)
(-0.0164123,-0.00431262)
(-0.00544682,0.0258475)
(0.0196884,-0.014792)
(-0.0341184,0.00909368)
(-0.0240245,0.00585816)
(0.00205012,0.014956)
(0.00808149,-0.00636087)
(-0.0130883,-0.0103953)
(-0.0173798,0.0266206)
(-0.00241124,-0.00781461)
(-0.031901,-0.0610096)
(-0.0555114,0.0345042)
(-0.00165691,-0.00116423)
(0.0272486,-0.0178093)
(0.00550013,-0.021835)
(-0.0040042,-0.00896236)
(0.0187576,0.0111499)
(0.0756403,-0.0216846)
(0.00327492,0.0247333)
(0.01536,0.0205356)
(-0.0224056,0.00359793)
(-0.0243667,-0.000224047)
(-0.00520709,-0.0100491)
(-0.00571627,0.0144838)
(-0.025987,0.00203824)
(0.0051286,-0.0166643)
(-0.00373804,0.000165919)
(-0.0113685,-0.0221926)
(0.00961426,-0.00350308)
(0.0269481,-0.014117)
(0.000827174,-0.00462215)
(0.0135089,-0.0311342)
(0.0133423,0.0067367)
(0.00123815,0.0161775)
(0.0377326,-0.0459031)
(0.0100103,0.00747745)
(0.0134976,0.00380326)
(0.0155054,0.00963243)
(-0.02765,-0.00430488)
(-0.00623289,0.0017359)
(-0.0143265,0.00512218)
(-0.0204763,-0.00924218)
(-0.00364388,0.0121229)
(0.00230119,-0.016774)
(0.00726506,0.0196825)
(0.0184118,0.00079692)
(0.00117028,-0.000764549)
(0.00548358,-0.00729417)
(-0.00581543,0.00797934)
(0.00679258,-0.00465282)
(-0.000105856,0.0269243)
(0.00701043,0.00392771)
(0.00293681,0.0103631)
(0.0039315,-0.0509986)
(-0.0040016,-0.00955347)
(-0.0187447,-0.00302185)
(-0.031364,-0.0106787)
(0.0297045,-0.0263797)
(0.030379,-0.00796776)
(0.0204884,-0.0148832)
(-0.0108479,-0.000229496)
(0.00747931,-0.00913507)
(0.00570312,-0.00267301)
(-0.0121965,-0.0135637)
(-0.0172553,0.0138888)
(-0.0160652,-0.0120246)
(-0.0298295,0.0404874)
(-0.00667956,-0.010381)
(0.00038227,0.000966454)
(0.0206376,0.0344919)
(0.00413422,-0.00508466)
(0.0462281,0.0426604)
(0.0055132,-0.00607523)
(0.0138929,-0.0117892)
(0.00169126,-0.00598149)
(-0.0169556,-0.0174208)
(0.00933984,-0.013313)
(-0.02811,-0.0201529)
(-0.0200934,-0.011597)
(-0.0257023,-0.0267814)
(0.00873199,-0.00107973)
(0.015439,-0.0261331)
(0.0189417,-0.012339)
(0.00896776,0.0218583)
(-0.00763337,0.0154144)
(0.00658692,0.00506755)
(-0.0244767,0.0418222)
(0.00993577,0.0252388)
(-0.00341664,-0.0163013)
(-0.0116307,-0.00749044)
(-0.0027061,0.0138567)
(-0.00232563,0.0106408)
(0.00106393,0.00184733)
(-0.00363283,-0.0182041)
(0.0153519,0.00863208)
(0.00688843,0.00873809)
(0.00604458,0.00907283)
(-0.021189,-0.0159591)
(-0.00131159,-0.0126692)
(-0.00767921,-0.0271289)
(-0.00766348,0.00908733)
(-0.0101678,-0.0019488)
(0.00239632,0.00140215)
(0.0186238,-0.0198684)
(-0.000856357,0.0209782)
(0.020396,0.00490738)
(-0.00429079,-0.0155711)
(-0.00839793,-0.00734563)
(0.00367934,-0.00316441)
(-0.0121944,-0.00695138)
(-0.000309057,0.0278794)
(-0.0114906,0.00182483)
(-0.00413342,-0.00200822)
(0.0144978,0.0123547)
(0.0225533,-0.00984004)
(-0.0135502,-0.00676434)
(0.0150326,0.00165601)
(0.0338167,-0.0193036)
(0.00793308,0.00199135)
(0.0223417,-0.024894)
(0.00822604,-0.0327446)
(0.0151177,0.00223002)
(-0.0085242,-0.00779811)
(0.0282455,-0.00365739)
(0.00420882,0.012782)
(0.000524914,0.0231743)
(-0.0226649,0.0134911)
(-0.0307551,0.011821)
(-0.00221451,0.00347217)
(0.0244128,0.0203231)
(0.0023604,0.0264207)
(0.00763097,-0.0128435)
(0.003338,-0.0131355)
(0.018939,-0.0192065)
(0.0101344,0.0170529)
(-0.0141326,-0.0158063)
(-0.00215954,-0.0267923)
(-0.00496484,0.0103401)
(-0.0131131,0.0354963)
(0.00442801,-0.0104675)
(0.000364635,-0.00722792)
(-0.010955,-0.00519576)
(0.00549651,-0.0198201)
(-0.011413,0.0119816)
(-0.000968712,0.00301477)
(0.00872106,0.0200721)
(0.0143328,-0.024884)
(-0.00054685,0.00195468)
(0.0130607,0.0206208)
(0.000102868,0.00103445)
(0.0232937,-0.00875402)
(0.00322625,-0.0104812)
(-0.00565839,-9.50755e-05)
(-0.00931267,0.00540736)
(0.00660898,-0.00989974)
(0.000754235,-0.00838522)
(0.0149108,-0.0287287)
(0.00131237,-0.0134644)
(-0.00964329,0.010564)
(-0.00540081,0.019471)
(-0.00872041,0.0182311)
(-0.0121975,0.00438062)
(0.00463695,0.0193342)
(-0.00759506,0.0103469)
(-0.00168442,0.0257504)
(-0.0149288,-0.0252533)
(-0.00790199,-0.0233251)
(0.00840722,-0.0119358)
(-0.0218449,-0.0078289)
(-0.00672617,0.0191079)
(-0.0246785,0.0187959)
(0.0152058,-0.00742524)
(0.0121628,0.0188806)
(0.00765155,-0.000480227)
(0.0176637,0.0108792)
(-0.00257363,0.0243337)
(-0.00803817,0.00146554)
(-0.0065964,-0.00208453)
(-0.00942563,-0.0162277)
(0.00939129,0.00480146)
(-0.000722817,0.00313288)
(0.0123202,-0.0294116)
(-0.00318042,0.000603791)
(0.0087675,-0.00216457)
(-0.00152217,0.0022987)
(0.000812725,-0.0172143)
(0.00624644,0.0101948)
(-0.0197574,0.0232023)
(0.00377786,0.017076)
(0.0151422,0.00699598)
(0.0327942,0.0330744)
(0.0377226,-0.00455705)
(0.0100048,-0.00591073)
(0.0026893,0.00737469)
(0.016965,-0.0211501)
(0.00929661,0.0178679)
(-0.0195715,-0.0218058)
(-0.0374876,0.00385185)
(-0.00517173,-0.0103624)
(0.00142066,0.0271237)
(0.00182711,0.0224008)
(-0.0222823,0.0297186)
(0.0061445,0.00331053)
(-0.0228496,0.0158085)
(0.00369901,0.00599765)
(-0.0338652,0.00805051)
(-0.0179976,0.0186898)
(0.0145449,-0.00151364)
(0.011659,0.0240393)
(0.0416736,-0.00653535)
(-0.014479,0.0288906)
(-0.0057237,0.0369491)
(-0.102957,-0.0465489)
(-0.0764975,0.00444841)
(0.0247993,-0.0672869)
(0.0255586,-0.00842628)
(0.0461532,-0.0209128)
(0.0209667,-0.00789688)
(-0.0143638,-0.0295661)
(-0.0171541,0.0159821)
(-0.007588,0.00541216)
(-0.00967953,0.0210852)
(-1.44384e-05,-0.000546085)
(-0.00248306,0.0177447)
(-0.0135602,-0.00402667)
(-0.00848273,-0.0222038)
(-0.0139494,-0.00716492)
(-0.00930946,0.025334)
(0.0123012,0.0232665)
(0.00459923,0.0296422)
(-0.0617846,0.0393581)
(-0.0423556,0.018179)
(-0.00853174,0.0258016)
(-0.00526387,0.0247978)
(-0.0061873,-0.000462206)
(-0.014453,0.026188)
(-0.00283114,0.10188)
(0.0283007,-0.0235154)
(0.0047429,0.00152718)
(-0.00124679,-0.0149116)
(0.00361885,-0.0275701)
(0.00688925,-0.000567844)
(0.0189495,0.00884134)
(-0.00254842,0.00398506)
(-0.018301,-0.0347277)
(0.0143569,-0.0334497)
(-0.000761495,0.00678594)
(-0.0128491,-0.00936545)
(-0.01998,0.00134366)
(-0.0196557,0.00371793)
(0.00170198,-0.0167747)
(0.0397814,-0.0216245)
(0.045047,-0.0148428)
(0.00732805,-0.0193597)
(-0.00679777,-0.0137428)
(-0.0204068,-0.0109239)
(-0.0156436,-0.00945707)
(-0.0222367,-0.0138441)
(0.0143349,0.0187541)
(-0.0215948,0.0199475)
(-0.000837288,0.00446592)
(0.00283647,-0.00725534)
(0.00755437,-0.00610984)
(-0.0094114,0.0102615)
(0.0250976,-0.0094697)
(-0.00671623,-5.03078e-05)
(-0.00967989,0.00836637)
(-0.0194289,0.00158827)
(-0.0302654,0.0178893)
(-0.0488617,-0.0159234)
(-0.0498845,-0.0614542)
(-0.0443614,0.0504418)
(0.030697,0.0523581)
(0.0248555,0.0413921)
(0.0184168,0.0242548)
(-0.0188489,-0.0727443)
(0.038638,-0.0322576)
(-0.0129253,0.0445418)
(-0.00687912,0.0131025)
(0.00953399,0.0159671)
(0.00420956,-0.00621331)
(0.0191393,-0.0104815)
(-0.00312967,-0.00755507)
(-0.0167846,0.00579353)
(0.00164034,0.00320565)
(-0.00393767,0.0152335)
(-0.000100476,-0.0243326)
(-0.00995083,-0.0188717)
(0.00948854,0.0154655)
(0.00343702,0.0148821)
(-0.0295311,-0.00491673)
(-0.0262655,-0.0451473)
(-0.0276301,-0.0254886)
(-0.0144814,0.00183906)
(0.0121662,-0.0270984)
(0.0209368,-0.00470908)
(0.0151045,-0.0136557)
(0.0166173,0.000840525)
(0.0206749,0.0103045)
(0.0170851,0.000520157)
(0.016156,0.00131026)
(0.0130426,-0.0130727)
(0.0103466,0.0126729)
(-0.020687,-0.0383263)
(0.00443398,0.00246744)
(0.00736689,0.00961834)
(-0.000859046,-0.00930658)
(-0.00548915,-0.00636987)
(0.00360095,-0.00570031)
(0.00446228,0.0120168)
(0.00519427,0.00741613)
(0.00489954,-0.00734025)
(0.0140172,-0.0036602)
(-0.00894129,0.00175849)
(0.0233798,-0.0163105)
(-0.0115816,0.0220516)
(-0.00016188,-0.0107924)
(-0.0208054,0.00715604)
(0.00249023,-0.0294252)
(-0.0170693,-0.0363548)
(0.0239808,0.0138529)
(0.00884837,0.00255662)
(9.3421e-06,0.000305108)
(0.0112713,-0.0112924)
(0.0224317,0.00106496)
(0.00517323,-0.000918624)
(0.00240345,0.00249394)
(-0.00826348,0.0183122)
(-0.00504515,0.00391106)
(-0.00479901,-0.0148035)
(0.0095185,-0.00260906)
(0.0110984,-0.00490393)
(0.00622259,0.00360475)
(-0.00424699,0.0157541)
(0.0152909,-0.0277218)
(-0.0144443,-0.0195001)
(0.0104147,-0.0178443)
(0.0119023,-0.0386217)
(0.00197562,-0.012918)
(0.00260039,0.0192185)
(-0.000541413,0.0183238)
(-0.0121272,0.0173026)
(0.0166531,0.0141427)
(-0.0375066,0.014601)
(0.0136654,0.0115282)
(-0.0099613,-0.00896993)
(-0.0020065,0.00164853)
(0.0246873,-0.00881698)
(0.0161864,-0.000266238)
(0.014399,0.014499)
(-0.00924811,0.00889687)
(-0.00725077,-0.000513305)
(-0.00536794,-0.00168852)
(0.00846309,0.0325147)
(-0.00485639,0.00157937)
(-0.00307605,-0.000158141)
(0.0284198,0.00571597)
(0.0182094,-0.000533709)
(-0.00996213,0.0275627)
(0.0291461,-0.0305018)
(-0.0158642,0.00819366)
(-0.00553891,0.00120828)
(0.010678,-0.0184118)
(-0.01852,-0.00161057)
(0.00107398,-0.0249207)
(0.00473403,-0.0211834)
(0.0244064,0.000968917)
(-0.000893957,0.0147153)
(-0.00941722,0.00668521)
(-0.00938014,0.0298494)
(-0.00783558,0.00123078)
(-0.00770092,-0.0195667)
(-0.00814128,-0.00925554)
(0.00426967,-0.0195846)
(0.00245856,0.022896)
(-0.00355322,-0.0152957)
(-0.000602235,-0.00559935)
(-0.0141609,0.00391264)
(0.0181091,0.0304299)
(0.0223731,0.0145797)
(-0.0033409,-0.0109645)
(0.00850747,-0.0158852)
(-0.0110608,0.00307074)
(0.016503,-0.00269956)
(0.0020989,0.00235573)
(-0.011176,0.0174212)
(0.00872901,0.00872578)
(-0.0300963,0.00224909)
(-0.003927,-0.0362484)
(-0.00228155,0.0122009)
(-0.00744564,-0.00459496)
(0.00524201,-0.0144384)
(0.00791354,-0.00153333)
(-0.00443777,-0.0114238)
(0.0117995,-0.0112463)
(0.0250298,0.000120796)
(-0.00214722,0.00867872)
(-0.00592625,-0.00810649)
(-0.00940236,0.0280855)
(-0.00160347,-0.0121692)
(0.00973226,0.014943)
(0.0141903,-0.0218041)
(0.0135902,-0.0311179)
(0.00176932,-3.73203e-07)
(0.0293613,0.00392519)
(-0.0127138,0.0161603)
(-0.0111742,-0.00678821)
(0.00340566,0.00993408)
(-0.00622012,-0.00101189)
(0.0272492,-0.0051219)
(0.0465893,0.00741671)
(0.0443953,-0.00875859)
(0.00451875,-0.00641009)
(0.00234673,-0.00632121)
(0.0282654,-0.00750739)
(0.014489,-0.00761543)
(0.0174307,0.000929255)
(-0.0108835,-0.00360606)
(-0.00273416,-0.0155667)
(-0.0057362,-0.0264662)
(-0.00751797,0.00581201)
(-0.0166693,-0.00420873)
(-0.00796804,0.0143706)
(0.0107664,-0.0105498)
(0.00294846,0.0144928)
(-0.00666705,0.00882266)
(0.0120562,0.0155493)
(-0.00375912,0.0211551)
(0.0077644,-0.00295408)
(0.0357137,0.0138605)
(0.00462012,0.00818508)
(0.0342181,-0.00763707)
(0.0147679,0.0143595)
(-0.0107927,-0.00798308)
(-0.0258578,0.00120178)
(-0.00740327,-0.0129599)
(0.000116141,0.0228587)
(-0.0361357,0.0104197)
(-0.0107411,0.00129001)
(-0.00763634,-0.00940809)
(-0.0112983,0.0348785)
(0.0198879,0.00546992)
(-0.00712869,-0.00638322)
(-0.0124863,-0.0266951)
(-0.00902882,-0.00919682)
(-0.00601142,-0.00195752)
(-0.0133923,0.0239418)
(0.0103524,0.0128366)
(0.0162702,-0.00299214)
(-0.0145205,-0.0251662)
(0.0120791,0.0096591)
(-0.0233341,0.0136562)
(-0.0215338,0.00548202)
(0.00653617,-0.00654361)
(0.000145647,0.0291585)
(-0.00694719,0.0358298)
(0.0304953,-0.00310854)
(0.0180164,0.00507648)
(0.0251288,-0.00419505)
(0.0451016,0.0122429)
(0.00446953,-0.0232445)
(-0.00179936,-0.00433023)
(0.0137826,0.000325904)
(-0.00548252,0.00915729)
(0.00171701,0.00463647)
(0.00148584,-0.0193976)
(0.0248061,-0.0103561)
(-0.00265643,0.00464291)
(-0.00529056,0.00336413)
(0.00879594,-0.0194755)
(-0.00551063,0.00263765)
(0.0114128,-0.00508876)
(-0.0215657,0.0230781)
(0.000532049,0.048888)
(0.0229745,-0.0325233)
(-0.00427338,0.0226513)
(0.0225266,0.00522622)
(0.0116367,0.0474251)
(0.0197822,0.0493176)
(-0.0140949,-0.0167369)
(-0.0239872,-0.00151779)
(-0.0152742,0.027817)
(-0.00739859,-0.00736306)
(-0.0330412,0.0113039)
(-0.0119574,-0.0232105)
(-0.00652555,-0.0152969)
(0.00909263,-0.00675548)
(-0.0100219,-0.00149525)
(-0.0135381,-0.00590867)
(-0.00903842,-0.00750912)
(0.0126228,0.014113)
(-0.00624913,0.00325731)
(0.0117193,0.0189374)
(0.0301428,-0.0106624)
(0.0180305,-0.00401908)
(-0.00582764,-0.00553258)
(-0.015425,0.0121417)
(0.00380722,-0.0100326)
(0.0195081,-0.0107383)
(-0.00259547,0.0124081)
(0.00694341,-0.00233868)
(0.0175194,-0.00063714)
(-0.00171159,-0.0151504)
(0.00196969,0.0158076)
(-0.0198594,0.00431049)
(0.011208,-0.0142517)
(0.00432169,-0.0225698)
(-0.00593603,-0.0181285)
(-0.0102438,0.0102859)
(0.00726599,0.00510551)
(-0.00733173,-0.00727255)
(-0.0123756,0.00825258)
(-0.00243306,-0.0159895)
(0.00315879,0.00312231)
(-0.0147125,-0.00406024)
(-0.00117648,-0.00785669)
(-0.00903023,-0.00254779)
(-0.00711685,-0.00419386)
(0.00886999,-0.00387856)
(0.00321413,0.00100039)
(0.013164,-0.0116254)
(-0.0016439,0.0158771)
(0.000906658,0.0193489)
(0.0213143,-0.0079173)
(-0.0260829,0.0214336)
(-0.00793809,0.00627108)
(0.0142062,0.00349988)
(0.00549408,0.00208142)
(0.00393775,-0.00537896)
(0.0200531,0.00842268)
(0.00816348,-0.00647915)
(0.0119629,0.0186388)
(0.0201682,-0.017958)
(0.0169673,0.00734737)
(0.0154617,-0.0114686)
(-0.00153364,0.0138116)
(0.0184063,-0.00835433)
(-0.00825118,-0.0142118)
(-0.0188738,-0.0216527)
(0.0115085,0.00796141)
(-0.0268577,-0.00998923)
(-0.00163665,0.0146258)
(0.00858636,-0.0179157)
(-0.00405873,0.0245569)
(-0.00629155,0.00773703)
(-0.0164083,-0.00617808)
(-0.00156505,-0.00832394)
(0.000135717,-0.00947492)
(0.00869038,0.00326547)
(-0.0209261,0.00533661)
(0.00132576,0.0236025)
(-0.0128535,-0.00949937)
(-0.000741648,-0.0207741)
(0.0108018,-0.00907984)
(0.013693,-0.00303784)
(-0.00910653,0.0190686)
(0.00495774,8.54261e-05)
(0.00494861,0.00727311)
(-0.0110485,0.00871728)
(0.0193219,0.00549138)
(-0.00119785,-0.00106373)
(-0.00804738,-0.0106675)
(0.00535028,0.0138359)
(0.0176796,-0.00360449)
(-0.0313185,0.00327843)
(-0.00795706,-0.00860237)
(-0.005579,-0.012345)
(-0.0215355,-0.00142798)
(-0.0220354,0.00526017)
(0.0122148,-0.00296032)
(-0.00590126,-0.0164759)
(-0.00797914,0.00600151)
(0.00331142,0.0111231)
(0.00612626,0.0112328)
(0.0197398,0.000622269)
(0.0016308,-0.0102204)
(0.0156858,0.0192182)
(-0.0129168,0.0220511)
(0.0248763,0.0240946)
(-0.00904025,-0.00692081)
(-0.0158817,0.00185607)
(0.00164355,0.0090781)
(0.000244948,0.0164016)
(0.000727705,-0.00636129)
(0.0269519,-0.00586887)
(0.00321208,-0.0117567)
(0.0188223,0.00525877)
(0.00136558,-0.00109124)
(-0.0253178,-0.0210346)
(-0.00283771,0.00517068)
(-0.0251931,0.0241829)
(0.0079323,-0.0174285)
(-0.00482743,0.00328635)
(0.0125222,-0.000822041)
(-0.00133064,-0.0196974)
(-0.00709563,0.0096924)
(0.0110262,0.0216543)
(-0.00993456,-0.032953)
(0.000857628,0.00603212)
(-0.00696878,-0.00639956)
(0.00254978,-0.0167204)
(-0.0115889,-0.014091)
(0.0149294,-0.0112202)
(0.0157468,0.00769962)
(0.0208654,0.0166132)
(0.0195879,0.00701018)
(-0.00674462,0.000481775)
(0.0170426,-0.00964611)
(0.00643416,-0.00146487)
(0.00770621,-0.0152635)
(-0.00904362,0.00374419)
(0.00651414,0.0167876)
(-0.00512433,-0.0103069)
(-0.00729805,-0.0102834)
(-0.00789147,0.00419468)
(0.0331076,-0.0116643)
(0.0126672,-0.00309793)
(0.00321699,-0.00646362)
(-0.0199445,0.00449242)
(0.0206359,0.0119342)
(-0.00524408,0.0333908)
(0.000930727,0.00396944)
(0.00500394,-0.0251438)
(0.00644493,-0.0181715)
(0.0194548,0.0314468)
(0.0109883,0.0157709)
(0.00910496,-0.00829546)
(0.0102262,-0.0126284)
(0.00729948,0.0147511)
(-0.0034414,0.0190382)
(0.0155107,0.0124972)
(-0.0147094,0.0180834)
(-0.0118754,-0.00591709)
(0.0189282,0.00572606)
(-0.0248729,0.00296499)
(-0.0138233,-0.0108533)
(-0.00297085,-0.00914312)
(-0.0132476,-0.00142922)
(0.00893285,-0.00339454)
(-0.0243448,-0.0192086)
(-0.0211925,-0.00263403)
(-0.00624282,0.0092974)
(-0.01315,0.0241289)
(0.0083665,-0.0054809)
(0.00674637,0.0440207)
(0.0221486,-0.0176743)
(-0.00635373,-0.00291447)
(0.00744193,0.00375357)
(-0.0241281,-0.0165203)
(-0.0139414,0.002553)
(0.00376063,0.0340285)
(-0.0124154,-0.0060791)
(0.00877577,0.0180359)
(0.0230198,-0.0111792)
(0.00288488,-0.0167629)
(-0.00892739,0.0162836)
(-0.0157707,0.0107197)
(0.0137727,0.0231587)
(-0.0168337,0.00215948)
(-0.00624536,0.0200744)
(-0.00661935,0.0210087)
(-0.0115123,0.0104228)
(0.00668944,-0.00916564)
(0.00882177,0.0237471)
(0.0190128,-0.0184182)
(0.0170691,-0.020087)
(-0.0108019,0.0202791)
(0.0179993,-0.00459388)
(0.00851748,-0.00692154)
(-0.019202,0.0024104)
(-0.00797261,-0.00572355)
(0.0273028,-0.0351762)
(-0.0307763,0.0130342)
(-0.0173119,-0.00988413)
(-0.000456784,-0.00173794)
(-0.0055687,0.0086648)
(0.010582,0.0233973)
(0.00772356,0.0107116)
(-0.0135001,0.00424096)
(-0.0204888,-0.0211267)
(0.0108857,0.00240332)
(-0.0289358,0.0036116)
(0.000710535,-0.0179953)
(0.0131276,0.00983661)
(0.00751508,-0.000289557)
(-0.00239841,0.0139293)
(-0.00128303,0.00412264)
(0.0169301,-0.0224519)
(0.00505644,-0.020992)
(0.000908693,0.0011341)
(8.39231e-05,-0.000930818)
(-0.0321848,0.0136549)
(-0.00399524,0.0230964)
(-0.00268482,-0.000532159)
(-0.0185196,-0.00678258)
(-0.0257583,-0.00316439)
(-0.0172491,-0.0107864)
(-0.0103962,-0.00662427)
(0.0158474,0.0137666)
(-0.0155185,0.00825862)
(-0.00165369,0.00386585)
(-0.00915535,0.0361687)
(0.0148971,0.0126125)
(0.0196978,-0.0028729)
(-0.0136351,0.0126809)
(-0.00984589,0.015335)
(-0.0105859,-0.0105512)
(0.00168787,0.0258662)
(0.00532668,-0.0102922)
(0.00874267,0.00820339)
(0.0149355,-0.0162975)
(-0.00882812,-0.000224471)
(-0.0156285,0.000303355)
(-0.0216643,0.0246585)
(0.030029,-0.00256357)
(-0.00912646,0.00254175)
(0.00431311,0.0240122)
(0.0105413,-0.0268708)
(-0.00611684,0.00348921)
(0.00450772,-0.0374257)
(0.00721609,0.00171427)
(0.00820431,0.0172292)
(0.0082602,0.0107732)
(-0.00718705,0.0167962)
(-0.0128822,-0.0133096)
(-0.0143084,0.0302536)
(-0.00198402,-0.0287562)
(0.0258409,0.00941461)
(0.00168915,-0.0182175)
(-0.00400723,0.0187839)
(0.00535886,-0.00260284)
(0.0199958,-0.014856)
(-0.00400741,0.00530849)
(-0.0251362,0.0111168)
(0.00522168,-0.0147166)
(0.0167388,-0.0142909)
(0.000870059,0.00725317)
(-0.00254034,0.0108878)
(-0.0162318,-0.00315193)
(-0.0102284,0.0150731)
(0.00718359,-0.0356921)
(0.000674948,0.00952275)
(-0.0234165,-0.00606883)
(-0.0191304,-0.00161544)
(-0.00481783,-0.000506726)
(0.00843671,0.00771209)
(-0.00412044,0.0286995)
(-0.0264027,0.0113231)
(-0.0196801,0.0162287)
(0.01523,0.0157302)
(-0.0172081,0.0044698)
(0.000909279,0.038315)
(0.00577166,-0.00192932)
(0.00833518,0.00776258)
(-0.00593333,0.0282417)
(-0.00857803,0.00654274)
(-0.00703005,-0.0144947)
(0.0192234,0.00477523)
(-0.004536,0.00159212)
(0.00905294,-0.00849202)
(0.00303864,-0.00400258)
(-0.0186799,0.00565733)
(0.0096811,0.0126575)
(-0.00437985,-0.0109568)
(-0.00131745,-0.00143174)
(-0.0213592,-0.00323414)
(0.00756857,-0.00650367)
(-0.0183419,-0.00452764)
(-0.0125921,-0.0219985)
(0.00396261,0.00519209)
(-0.0107955,-0.00439146)
(-0.0081942,-0.00958532)
(-0.00184008,-0.00227741)
(0.000166627,0.00263282)
(0.0165529,0.00151256)
(0.0147234,-0.0138531)
(-0.00555613,0.0128689)
(0.00458523,0.006372)
(0.0228671,-0.014854)
(0.0115595,-0.0241301)
(0.00507114,0.0101073)
(0.00512725,-0.0386055)
(0.00929997,0.00181842)
(0.0106805,0.0169706)
(0.0234578,0.0197477)
(0.027098,0.00849148)
(0.0180942,0.0148542)
(-0.00219036,0.00069091)
(0.00141461,-0.00448058)
(0.0153995,0.0232924)
(-0.0139734,-0.0193055)
(-0.00241658,0.0357128)
(-0.00598791,-0.0104406)
(-0.0144289,0.0262384)
(-0.00383157,0.00478915)
(-0.0235592,0.0178686)
(-0.0177231,0.00384697)
(-0.0022674,-0.0356581)
(-0.00941939,-0.000243641)
(-0.00437712,0.000459737)
(0.0165934,-0.00147577)
(-0.0161353,-0.00637925)
(0.00697105,0.0183161)
(-0.0108373,0.0137295)
(0.0115558,-0.0231722)
(0.000660804,0.0146276)
(0.00754003,0.00553797)
(-0.00150571,0.0364761)
(0.0124168,-0.00912096)
(-0.00170768,0.0226567)
(0.0102762,-0.000667808)
(-0.0203282,0.0170985)
(-0.0100221,0.0297381)
(-0.0012121,-0.00519339)
(0.000544759,-0.000940551)
(-0.00281149,0.0238308)
(0.00983842,0.0110466)
(-0.0114591,-0.00512696)
(-0.0114152,0.0145511)
(0.000918007,0.00775241)
(-0.0194258,0.00431365)
(-0.00910623,-0.00157317)
(-0.00309021,0.013606)
(-0.00361675,-0.00542068)
(0.0255036,-0.0138078)
(-0.000484028,0.00484369)
(0.00111286,-0.00366802)
(-0.0107882,0.00771756)
(0.00437773,0.0141126)
(0.0152173,0.00671954)
(0.000463267,-0.00743288)
(-0.0018069,0.0013977)
(-0.0165048,-0.011244)
(0.0111842,-0.0134635)
(0.0240697,0.0092621)
(-0.0255033,0.0200859)
(-0.00282287,0.0168415)
(-0.00671249,-0.0161566)
(0.00659613,0.00372292)
(0.00153065,0.0266798)
(-0.0237303,0.0145745)
(0.000315147,-0.0084689)
(-0.0143519,-0.011514)
(0.0122899,0.0151637)
(0.00197775,-0.00403522)
(-0.0221767,0.0062202)
(-0.00726776,0.0193469)
(0.00140846,0.00210284)
(0.000206068,0.00197878)
(0.021994,-0.0136235)
(-0.0183606,0.00681816)
(-0.00023863,0.0132862)
(-0.0188221,0.0392887)
(-0.00448143,0.0273004)
(0.0201337,-0.00261777)
(0.00592895,-0.00824148)
(-0.0115301,0.018992)
(-0.0132434,0.0418202)
(-0.0148508,0.0141571)
(0.0121705,-0.0020883)
(-0.00254425,0.0117692)
(-0.00446376,-0.0244591)
(0.00801291,0.00223761)
(0.011116,-0.000116672)
(0.0168194,-0.0202888)
(-0.0107488,0.0055311)
(0.00910589,-0.000122517)
(-0.0179322,-0.000733382)
(0.017409,-0.0213896)
(-0.0175373,0.00747487)
(0.0102289,-0.01719)
(-0.0158941,-0.0033677)
(0.0167377,-0.0128405)
(0.0104066,-0.0020454)
(-0.00691257,0.0198602)
(0.000171158,0.00566753)
(-0.00338153,0.0236992)
(0.000625028,-0.0178123)
(0.0219451,0.00499769)
(0.0180652,0.00432328)
(0.0124993,0.011411)
(-0.0136455,0.00311111)
(0.0148601,-0.00989411)
(0.0212807,0.00549187)
(-0.0054072,-0.00522184)
(0.00289201,0.0115387)
(-0.0121015,-0.0257912)
(0.00926295,-0.0335972)
(0.0170338,-0.00864313)
(0.00198914,-0.00318055)
(-0.00199928,-0.000465064)
(-0.0102303,-0.016274)
(0.0105744,-0.0143982)
(0.026279,0.00389226)
(-0.0125411,0.00248855)
(0.0213587,-0.0231431)
(0.00609186,-0.0151055)
(-0.0178321,-0.0162913)
(-0.00587563,-0.0154943)
(-0.00971271,-0.0109066)
(-0.0120813,0.0385881)
(-0.00317455,-0.020925)
(0.00610117,-0.0321009)
(0.0248626,-0.0167503)
(-0.00391135,0.0102286)
(0.0214324,-0.00102715)
(-0.00550749,-0.00862217)
(-0.00807082,0.00118041)
(0.0196464,-0.00022592)
(-0.0160882,-0.00241605)
(-0.00195548,-0.0040068)
(-0.0334535,0.00638744)
(-0.00401752,0.00237798)
(-0.0131706,-0.0216751)
(0.00118556,0.00450495)
(0.00732489,-0.0142493)
(-0.0125387,0.00991602)
(-0.00391663,0.0131987)
(-0.022598,0.0188339)
(-0.0119634,-0.0130659)
(-0.0143732,-0.0156244)
(0.00929389,0.00468446)
(-0.00227999,-0.00727819)
(0.00185345,-0.015771)
(0.0058469,-0.0071294)
(0.00838512,0.0162659)
(-0.00305216,0.00919223)
(0.00626508,0.019041)
(0.00900657,0.00102395)
(0.00618939,0.00188905)
(-0.0336657,0.00454336)
(-0.00370447,0.0107176)
(0.00766476,0.0156573)
(0.0123401,0.0248325)
(0.00460415,0.0133014)
(0.0157374,-0.0128054)
(0.0107941,0.00878832)
(-0.00375395,0.0252722)
(-0.00903249,0.0272127)
(-0.0210432,0.019299)
(0.00654991,-0.00895571)
(0.00282662,-0.000190706)
(0.00103981,0.0188894)
(-0.0270675,0.0309647)
