(-0.00206851,-0.00289695)
(-0.00124863,-0.00994947)
(-0.000391261,-0.0047976)
(0.00111914,-0.00958658)
(-0.00133327,-0.00529431)
(0.00153333,-0.00589815)
(-0.00252198,-0.00390951)
(0.00823797,-0.000480103)
(-0.00322379,-0.000546928)
(0.00900903,0.000224798)
(0.0060113,-0.000261716)
(0.00257,0.000368925)
(0.00232855,-0.00177029)
(-0.00483861,0.000776497)
(0.00234685,0.000888261)
(-0.00957155,-0.00709152)
(-0.00463876,0.00675797)
(-0.00414734,0.00140001)
(-0.00666337,0.00138933)
(-0.000683388,-0.0033218)
(0.00835381,-0.00108356)
(0.00188124,-0.0121819)
(0.0031483,-0.00678857)
(-0.00417607,-0.0181976)
(0.00274997,-0.00276386)
(0.00770268,-0.00819126)
(0.00607604,-0.00419592)
(0.00992595,-0.00198205)
(0.00650259,0.00163933)
(0.0118241,0.00430602)
(0.00446181,-0.00133062)
(-0.00271222,-0.00161175)
(0.00857643,-0.00351437)
(-0.0133449,-0.00504524)
(0.00364734,-0.00156042)
(-0.0190317,-0.00838874)
(-0.0015395,0.0104942)
(-0.00851385,-0.0074592)
(-0.00276729,0.00401494)
(-0.00677932,-0.00357979)
(0.00655,0.000267912)
(0.00419097,-0.0135287)
(0.00519131,0.00264699)
(0.0035083,-0.00821868)
(0.00472603,-0.00246346)
(0.00631013,-0.00508774)
(0.0020303,-0.000856621)
(0.0136551,0.00323623)
(-0.00243063,0.000332933)
(0.00883194,-0.000284665)
(-0.00169253,-0.00518693)
(-0.00471943,-0.0054797)
(0.00732878,-0.00361323)
(-0.021192,-0.011075)
(0.00193261,-0.0014139)
(-0.0214642,-0.00771889)
(0.00106517,-0.00339291)
(-0.0196591,-0.00651444)
(0.00266119,0.000759051)
(-0.00879324,-0.0045093)
(0.00742851,0.00401342)
(0.00611802,-0.00675027)
(0.011279,0.00628124)
(0.00907579,-0.00400626)
(0.00652084,0.00153274)
(0.0119493,0.00696066)
(-0.000498594,0.00244938)
(0.0116915,0.00646616)
(-0.00567175,0.00335327)
(0.00500485,0.0076282)
(-0.00828477,-0.00242786)
(-0.00643785,-0.00900311)
(-0.00938596,-0.014766)
(-0.0151473,-0.0156286)
(-0.00100989,-0.00415032)
(-0.0192934,-0.0149173)
(0.0104775,-0.00667579)
(-0.0136338,-0.00608455)
(0.00654409,-0.00322982)
(-0.0130603,-0.00525283)
(0.00558639,0.00299884)
(0.00435197,-0.00446308)
(0.0092568,0.0123499)
(0.00480936,-0.00113901)
(0.00286469,0.00660975)
(0.0128297,0.00611585)
(-0.0032066,0.00252811)
(0.0161459,0.0121589)
(-0.00798133,0.00444196)
(0.00404941,0.00838456)
(-0.0136797,-0.00510531)
(-0.00649264,0.000110816)
(-0.0133193,-0.00904761)
(-0.00759777,-0.0105613)
(-0.0101259,-0.0111826)
(-0.0151299,-0.0121188)
(0.0010168,-0.0068144)
(-0.0159672,-0.00946185)
(0.00640651,-0.00695031)
(-0.0105502,-0.00952721)
(0.00557327,0.00581408)
(-0.00402166,-0.00730792)
(0.0105369,0.00812083)
(0.000995747,0.000824803)
(0.00867647,0.00164679)
(0.00472452,0.0097668)
(-0.00247961,0.000297826)
(0.0074734,0.0123936)
(-0.0122412,-0.000180803)
(0.00598226,0.0157934)
(-0.0140468,-0.00311447)
(0.00116953,0.00338914)
(-0.0165117,-0.00510788)
(-0.00546469,-0.00398739)
(-0.0123161,0.00471808)
(-0.00434186,-0.0088092)
(0.000929309,-0.00451187)
(-0.0132912,-0.00345229)
(-0.000140327,-0.00732378)
(-0.00689879,-0.00789589)
(0.00751141,-0.00198504)
(-0.00293509,-0.00523841)
(0.0124718,-9.03262e-05)
(-0.0026449,-0.00415088)
(0.0124477,-0.00770145)
(-0.0039467,0.0021406)
(0.00115199,-0.00542021)
(0.00166476,0.00942945)
(-0.00670444,0.00256618)
(0.00147992,0.0144918)
(-0.00901195,0.000660545)
(-0.00125837,0.0132323)
(-0.0123308,0.0107968)
(0.00132919,0.00575057)
(-0.0139634,0.0107727)
(0.000727868,0.00485418)
(-0.00573769,0.00586462)
(0.0018144,-0.000236051)
(-0.00169965,-0.00208782)
(-0.00366313,-0.00235591)
(0.0105814,-0.0020796)
(-0.00619684,-0.00428526)
(0.0215748,-0.00619659)
(-0.00770681,-0.00782401)
(0.0149948,-0.00479648)
(-0.00850289,0.00282923)
(0.0116765,-0.00557627)
(-0.00563733,0.00645714)
(-0.000764261,-0.00379079)
(6.33329e-05,0.015072)
(-0.0128729,0.0027039)
(0.00412157,0.0206495)
(-0.00710462,0.00526991)
(0.00600813,0.0155593)
(-0.0106337,0.00841662)
(0.0116214,0.0071546)
(-0.00803398,0.00702883)
(0.00675152,-0.00105397)
(-0.00674317,0.00202754)
(0.00576121,-0.00541472)
(0.0115336,-0.00433855)
(-0.00221412,-0.00239143)
(0.0159046,-0.0116316)
(-0.00345546,-0.000121199)
(0.0175312,-0.00943474)
(-0.00185455,-0.0020239)
(0.0115011,-0.00859152)
(-0.00226183,0.00601476)
(-0.000434575,-0.00515522)
(0.0005077,0.0138135)
(-0.0065831,-0.00892639)
(0.00152709,0.0186549)
(-0.0098747,-0.00125193)
(0.0055648,0.0126238)
(-0.00806675,-0.000497884)
(0.00418378,0.00297864)
(-0.00979421,0.00266886)
(0.0123843,-0.00521775)
(-0.00546598,-0.000506976)
(0.00695241,-0.00423526)
(0.00508114,-0.00657874)
(-0.000781201,-0.00314789)
(0.0107267,-0.00928365)
(-0.00297233,0.00734025)
(0.0107158,-0.0111244)
(0.000812185,0.00681591)
(0.0117677,-0.00536167)
(0.00573582,0.00156043)
(0.00991415,-0.00647571)
(0.00115032,0.00656818)
(-0.00563514,-0.00626064)
(0.00564222,0.00170273)
(-0.000647228,-0.00913997)
(-0.000623494,0.00563436)
(-0.0076032,-0.00228329)
(0.0010688,-0.00186141)
(-0.00333555,-0.0019008)
(-0.00154023,-0.00492762)
(-0.00125158,0.000599854)
(-0.00123912,-0.00098014)
(-0.00272845,-0.00225033)
(-0.00190418,-0.00313736)
(-0.00484524,-0.00904238)
(-0.00466307,-0.00597441)
(-0.00174671,-0.00738054)
(0.00136347,0.0015102)
(0.00758327,-0.00310407)
(0.00389597,0.00583741)
(0.00599349,0.00435598)
(0.00775452,0.00670342)
(0.0049022,0.00606294)
(0.000814468,0.0023428)
(0.00577687,0.00224083)
(-0.00402625,-0.00822556)
(0.00579186,0.00148312)
(-0.00872157,-0.00899304)
(0.00435126,0.00329126)
(-0.00497516,-0.00796978)
(-0.00823368,0.00726002)
(-0.00710222,-0.00167215)
(0.003997,-0.00284631)
(-0.0026401,-0.0124103)
(-0.000362441,-0.00415341)
(0.00102818,-0.0129085)
(0.0104527,-0.0072887)
(0.00364249,-0.00390961)
(0.0112646,-0.0045189)
(0.0123182,0.00336231)
(0.00960998,0.0017862)
(0.00716538,0.00805774)
(0.00645775,0.00302657)
(0.00324825,0.00226688)
(0.00738531,-0.00844824)
(-0.0126972,-0.0109736)
(0.00669063,0.00226699)
(-0.0172086,-0.015749)
(0.00202324,-0.000258958)
(-0.0213294,-0.0108834)
(0.0049544,0.00681785)
(-0.00788942,-0.00795796)
(0.00661521,0.00379626)
(0.00813004,-0.0161399)
(0.0120464,0.00480541)
(0.00672818,-0.0139471)
(0.0128108,-0.00321486)
(0.0100018,-0.00152133)
(0.00848359,-0.00314818)
(0.014733,0.00544186)
(-0.00342268,-0.00502574)
(0.0020585,0.00831363)
(-7.13384e-05,-0.00358922)
(-0.00720091,-0.00223117)
(0.00218229,-0.0137031)
(-0.0241875,-0.00967126)
(0.00319693,-0.00888954)
(-0.037089,-0.0158514)
(0.0100242,0.00129513)
(-0.0257793,-0.0171853)
(0.0129483,-0.0017962)
(-0.0174971,-0.0119566)
(0.0126261,0.0101734)
(0.0117283,-0.0171943)
(0.0162321,0.0115798)
(0.0138305,-0.0104283)
(0.0118066,0.00397586)
(0.018011,0.000556299)
(0.00144531,-0.00169084)
(0.0118333,0.0111013)
(-0.00376536,0.00456381)
(-0.00179066,0.00967076)
(-0.0119642,-0.0114142)
(-0.0136553,-0.00954876)
(-0.0088165,-0.0140908)
(-0.0321333,-0.0137786)
(-0.00729752,-0.0145962)
(-0.0374896,-0.0142117)
(0.00665405,-0.00911583)
(-0.0321184,-0.0169061)
(0.0117797,-0.00716136)
(-0.018852,-0.0178933)
(0.0121508,0.0136622)
(0.00262704,-0.0117348)
(0.0153714,0.0173387)
(0.0155788,-0.00777913)
(0.00951192,0.00431649)
(0.0158846,0.00957706)
(-0.000168942,0.00193363)
(0.0164071,0.0187372)
(-0.00958961,-0.00701381)
(0.00598462,0.0182629)
(-0.0179172,-0.0127438)
(-0.0140498,-0.000994847)
(-0.0269813,-0.0257785)
(-0.0290136,-0.00738203)
(-0.0208702,-0.0116668)
(-0.0334246,-0.0131699)
(-0.00561449,-0.0112368)
(-0.0286496,-0.0154992)
(0.00825835,-0.00732601)
(-0.0207789,-0.0200319)
(0.0125002,0.00479939)
(-0.00206756,-0.0132822)
(0.0135935,0.0105216)
(0.00209692,-0.0128924)
(0.00661736,0.00399793)
(0.0084768,0.00497308)
(-0.00792369,-0.000124677)
(0.0139669,0.00906121)
(-0.0195946,-0.00166081)
(-0.000358056,0.0028376)
(-0.0285306,-0.0195862)
(-0.00184812,-0.00319034)
(-0.0244065,-0.0192249)
(-0.0133588,-0.00891764)
(-0.030341,-0.0111169)
(-0.0147624,-0.00627329)
(-0.00930374,0.000298612)
(-0.0158304,-0.00917407)
(0.00283091,-0.0102599)
(-0.00810354,-0.00875785)
(0.0141566,0.00178064)
(-0.00619223,-0.0133305)
(0.0223109,0.0067023)
(-0.00296169,-0.0126883)
(0.0115054,-0.00338995)
(-0.00145431,-0.000302868)
(0.00265068,-0.00674932)
(-0.000141805,0.00614786)
(-0.0157288,-0.00877583)
(0.00534248,0.0144946)
(-0.0245666,-0.012914)
(0.00270779,0.00954045)
(-0.0209724,-0.0144079)
(0.00122187,0.0046197)
(-0.0259223,0.00571295)
(0.00293141,0.00167286)
(-0.0201639,0.00324182)
(-0.0022819,-0.00240245)
(-0.00579229,-0.00182581)
(-0.00306696,0.000839592)
(0.0194813,-0.00391275)
(-0.00539619,-0.0111561)
(0.02503,0.0012202)
(-0.00669735,-0.00947445)
(0.0204933,-0.0021923)
(-0.000856068,-0.00651938)
(0.00406977,-0.00517309)
(-0.00280828,0.00121133)
(-0.0113115,-0.00696081)
(0.00231702,0.017836)
(-0.0121546,-0.00888706)
(-0.00132692,0.0209455)
(-0.0221326,0.0030017)
(0.010425,0.0143479)
(-0.0304692,0.00412095)
(0.0105838,0.00366034)
(-0.0189329,0.011827)
(0.0158689,0.00167763)
(-0.00674819,0.00101658)
(0.00668651,-0.00249444)
(0.011933,-0.0069779)
(-0.00351375,-0.00983367)
(0.0234111,-0.000336989)
(-0.00636955,-0.014224)
(0.0207036,0.00240694)
(0.00389634,-0.00684569)
(0.0045192,-0.00675412)
(0.00449139,0.0002022)
(-0.00172376,-0.00819553)
(0.00379725,0.0161022)
(-0.0161712,-0.00867875)
(0.00294418,0.0201498)
(-0.0157762,-0.00830498)
(0.000538226,0.013401)
(-0.0234791,0.00122495)
(0.01279,-0.00153613)
(-0.0180986,0.00166712)
(0.0143628,-0.00145047)
(-0.0120156,-0.000517192)
(0.00711609,-0.00327126)
(0.00886631,-0.00904763)
(0.000487301,0.00188252)
(0.0104599,-0.00554275)
(0.00204786,0.00387394)
(0.0157436,-0.00189801)
(0.00732787,-0.000259411)
(0.0104609,0.00132657)
(0.00685774,0.00401104)
(-0.00125893,-0.00588686)
(0.00456281,0.0099163)
(-0.00204331,-0.00888054)
(0.000125132,0.0115206)
(-0.0145762,-0.00736242)
(-0.000591838,0.00961248)
(-0.00885135,-0.00323111)
(-0.00144792,0.000246541)
(-0.00901243,-0.00138713)
(0.00488642,-0.00127323)
(-0.00684045,-0.00262286)
(0.00343827,-0.00253046)
(-0.00304235,-0.00446437)
(-0.0106879,-0.000832391)
(-0.00615573,-0.00717318)
(-0.00615622,0.000738984)
(-0.00227649,-0.00545948)
(-0.00100138,0.0140266)
(0.0076084,-0.00390166)
(0.00461189,0.011133)
(0.00369742,0.00519367)
(0.00676315,0.00716032)
(0.00333759,0.00300404)
(0.00443503,0.00193516)
(0.00639258,-0.00436501)
(-0.000222214,-0.00797238)
(0.00700605,0.00123196)
(-0.0069522,-0.0137439)
(0.00458922,0.00325813)
(-0.0104887,-0.00661285)
(0.000937538,0.00319951)
(-0.00527347,0.000892064)
(0.00566086,0.000148605)
(-0.00430097,-0.00765284)
(0.00577004,-0.00456499)
(0.00176857,0.00218671)
(0.0133843,-0.00498697)
(0.000986387,0.0105941)
(0.0122574,-0.00343141)
(0.00263991,0.0137595)
(0.00520385,0.00014677)
(-0.000447443,0.00924779)
(0.00361264,-9.90855e-05)
(0.00500753,0.00467024)
(0.0087082,-0.012202)
(-0.00299162,-0.0109451)
(0.00556823,-0.0141078)
(-0.0138522,-0.0142965)
(0.0097988,-0.00458065)
(-0.0163776,-0.0177881)
(0.0122488,-0.00124209)
(-0.0103897,-0.00688822)
(0.00724942,0.00209426)
(0.0110161,-0.01074)
(0.0124857,-0.00111031)
(0.00623886,-0.00518181)
(0.00806013,-0.00619503)
(0.00270893,0.00135027)
(0.0100387,-0.0121417)
(-0.00747385,0.00362131)
(0.00456525,-0.00277547)
(-0.00958752,0.00828614)
(0.00701859,-0.00821269)
(-0.0129295,-0.0112174)
(0.00861734,-0.0150742)
(-0.0177626,-0.0151103)
(0.011489,-0.0169003)
(-0.0268666,-0.018449)
(0.0133515,-0.0111118)
(-0.0260206,-0.0238037)
(0.0118344,-0.0049258)
(-0.0132422,-0.0162448)
(0.00974892,0.00687201)
(0.0089383,-0.0124407)
(0.0155981,0.0148479)
(0.0161696,-0.008978)
(0.00820016,-0.00190741)
(0.00795909,-0.00247699)
(0.00454735,-0.0086322)
(0.00306648,0.012149)
(-0.0035447,0.00659101)
(-0.0074783,0.0126837)
(0.00170652,-0.0108865)
(-0.0271421,-0.0141336)
(-0.00171944,-0.0135431)
(-0.0355278,-0.019535)
(-0.00164057,-0.0107706)
(-0.0445525,-0.0179324)
(0.00673201,-0.0097381)
(-0.0260472,-0.0181626)
(0.00950821,-0.00873532)
(-0.016086,-0.0179949)
(0.0136382,0.00860348)
(0.00951965,-0.0110402)
(0.011734,0.0161013)
(0.00889984,-0.0070628)
(0.0143015,-3.90814e-05)
(0.0163696,0.00996652)
(0.00750862,-0.000600646)
(0.0113517,0.0200065)
(-0.0175944,0.026128)
(-0.0248684,0.0118703)
(0.0101204,-0.0300145)
(-0.0142676,0.00729193)
(0.00116948,-0.0329982)
(-0.0293325,-0.0129849)
(-0.013556,-0.0160389)
(-0.034649,-0.00933777)
(-0.00576603,-0.0115822)
(-0.0295114,-0.0176007)
(0.00461761,-0.0065156)
(-0.0138037,-0.0135439)
(0.00750088,0.00891521)
(-0.00175957,-0.0107914)
(0.0102429,0.0113507)
(0.00615541,-0.00218433)
(0.00751155,0.0119696)
(0.00656225,0.00525219)
(-0.00530405,0.00530312)
(0.0100025,-0.000640771)
(-0.038693,0.0135076)
(-0.00313196,-0.0250054)
(-0.0188335,-0.0338385)
(0.0341295,-0.0137913)
(-0.0187823,-0.0348336)
(-0.0133863,-0.00923566)
(-0.01659,-0.0197584)
(-0.0241357,-0.0142832)
(-0.0145419,-0.00286753)
(-0.0130085,-0.00645546)
(0.00493972,-0.00111763)
(-0.0134191,-0.011614)
(0.00839455,0.00195768)
(0.000138239,-0.00979867)
(0.00887239,0.0104707)
(0.00124377,-0.00886048)
(0.0151582,0.00475282)
(-0.00127721,0.0062047)
(-0.00165133,0.00263506)
(0.00186281,0.0135491)
(-0.021518,-0.013572)
(-0.0062488,0.00790093)
(-0.0253311,-0.0269789)
(-0.00450073,0.00820115)
(-0.0139021,-0.026162)
(0.00143937,0.000279879)
(-0.0191761,-0.000395697)
(0.00814257,0.00150803)
(-0.0146431,0.00639972)
(0.0013805,0.00219935)
(-0.00541437,-0.000202054)
(0.00468231,0.000504025)
(0.0133831,0.0033374)
(-0.00695108,-0.0126532)
(0.0165079,0.0080352)
(-0.00055286,-0.00685657)
(0.0130004,0.00361978)
(-0.00205647,-0.00535077)
(0.00430288,-0.00677713)
(0.0046835,0.00160352)
(-0.00935403,-0.00899405)
(-0.00362737,0.0154919)
(-0.0193186,-0.0123257)
(0.00111468,0.0162057)
(-0.0161738,-0.0091228)
(0.00692893,0.0104359)
(-0.0190155,0.00606316)
(0.0172125,0.00659515)
(-0.0208171,0.00561865)
(0.0146168,0.00435126)
(-0.00445172,0.00405282)
(0.0118661,0.00483456)
(0.0134248,0.00417512)
(-0.000820896,-0.0110629)
(0.0177995,0.00590008)
(0.00557368,-0.00819321)
(0.0133071,0.00744936)
(0.0144808,-0.0119886)
(0.00477808,-0.00290781)
(0.00686761,-0.00404069)
(-0.00378325,-0.011151)
(0.00623949,0.00671158)
(-0.010283,-0.0131342)
(-0.0036913,0.0146119)
(-0.0197853,-0.00381984)
(0.00905588,0.00702229)
(-0.0244835,-0.000377)
(0.00956719,-0.00153302)
(-0.0167845,0.00875836)
(0.0236513,0.00968364)
(-0.00830882,0.00596908)
(0.0111685,0.00836214)
(0.00829571,-0.00097449)
(0.00283092,-0.000170855)
(0.00960801,0.00293682)
(0.00394883,-0.00318206)
(0.0047997,0.0027805)
(0.0133709,-0.0052863)
(0.00167685,0.000191786)
(0.0106264,-0.00164817)
(0.000125203,-0.00546601)
(0.00534709,0.00382529)
(-0.00625417,-0.00426075)
(5.78558e-05,0.0114357)
(-0.0102022,-0.00569266)
(0.00019946,0.00325783)
(-0.0126596,-0.000255355)
(0.00668248,-0.00313949)
(-0.0110603,0.00186868)
(0.00637516,-0.000341048)
(-0.0118355,-0.000473236)
(0.000888048,0.00320057)
(-0.000657808,-0.00118229)
(6.5063e-05,7.45669e-05)
(-0.00401849,-0.00598533)
(0.00340826,0.00710425)
(-0.00109212,-0.00745466)
(0.000266138,0.0132898)
(-0.00234144,-0.00720443)
(0.0042221,0.00637721)
(0.00310049,-0.00411598)
(0.000181322,0.00835213)
(0.00362594,-0.000640098)
(0.00523561,-0.00079267)
(0.00962557,-0.00528768)
(-7.41751e-05,-0.00216569)
(0.00616911,-0.00746253)
(-0.0101649,-0.00526714)
(0.00115822,-0.00341817)
(-0.00979966,-0.00452238)
(-0.00187845,-0.000435799)
(-0.00716394,-0.000448387)
(0.00349431,-0.00408415)
(0.0071634,-0.000400273)
(0.00692964,-0.00351602)
(0.00360013,-0.00112092)
(0.0103832,-0.00594511)
(0.000398785,0.00774738)
(0.00820218,-0.00821813)
(-0.00309211,0.00131979)
(0.00273513,-0.00207109)
(-0.000366023,-0.00130619)
(0.00699693,-0.005913)
(0.00380503,-0.00374319)
(0.0109574,-0.0114921)
(0.00291737,-0.00729675)
(0.0142662,-0.0117997)
(-0.0118652,-0.0113487)
(0.00464432,-0.00888999)
(-0.0151283,-0.00551647)
(0.00238583,-0.000119437)
(-0.0120669,-0.00730549)
(0.00274752,0.00181474)
(0.00821266,-0.00598326)
(0.00956688,0.00189001)
(0.0102033,0.000150489)
(0.00851806,-0.00796372)
(-0.00405129,-0.00770031)
(0.00680157,-0.0109084)
(-0.00869508,-0.00302445)
(-0.00420216,0.00684762)
(-0.00446742,-0.00437237)
(0.00435568,-0.00204077)
(-0.00694751,-0.0203803)
(0.00892786,-0.0093828)
(-0.00870593,-0.027389)
(0.00775359,-0.00623615)
(-0.0207345,-0.0178658)
(0.0076184,-0.00982137)
(-0.0170656,-0.0107654)
(0.00752564,-0.0010345)
(-0.0103912,-0.0112046)
(0.00789915,0.0065062)
(0.0120197,-0.00384689)
(0.0083998,0.0075585)
(0.00524765,-0.00877064)
(0.0122121,-0.00942021)
(0.00323655,0.00052853)
(0.00181428,0.00330146)
(0.00764805,0.00616422)
(-0.0243587,0.0474204)
(-0.0209585,0.0176181)
(0.0152435,-0.0169776)
(-0.00472044,-0.00934933)
(0.0148319,-0.0115482)
(-0.0196838,-0.0290526)
(-0.00428747,-0.000265211)
(-0.0364998,-0.0150961)
(0.0051289,-0.00685647)
(-0.0251312,-0.0127842)
(0.00648279,-0.00189529)
(-0.0122204,-0.00516369)
(0.0105136,0.00712151)
(0.00189407,-0.00051184)
(0.0164541,0.00477391)
(0.00825385,0.00558707)
(0.0164511,0.000737698)
(0.00928601,0.0110985)
(-0.0120523,0.00433905)
(0.00382696,0.013965)
(-0.0714793,0.147448)
(-0.138763,0.0178883)
(0.0755589,-0.11064)
(0.00555489,0.125615)
(0.0349137,-0.00872064)
(0.00705663,-0.00542098)
(0.00353563,-0.0128527)
(-0.0209486,-0.00842921)
(0.00121493,-0.00140889)
(-0.0160497,-0.00443253)
(0.00353074,-0.00220635)
(-0.00963686,-0.0082714)
(0.00523934,0.00624428)
(0.00357732,-0.000624669)
(0.010587,0.0194132)
(-0.00205774,-0.00254038)
(0.0098821,0.00171302)
(6.97946e-05,0.00412827)
(-0.00819038,0.00318105)
(0.0185563,-0.0105683)
(-0.0171127,0.115564)
(-0.021075,-0.168649)
(0.0591464,-0.0576651)
(0.210996,-0.0387595)
(-0.0129015,-0.0429159)
(0.0413622,-0.0366662)
(-0.0059378,-0.0188631)
(-0.00334813,0.00114089)
(0.00221363,-0.00425698)
(-0.00865351,-0.000806602)
(0.00217968,0.00107119)
(-0.00560546,0.000827595)
(0.00849871,0.00673688)
(0.000238627,-0.00592547)
(0.00623052,0.0143784)
(-0.00486198,-0.00533104)
(0.013028,0.0124284)
(-0.0125512,0.00732288)
(-0.00564311,-0.0113678)
(-0.0203225,0.00814104)
(-0.0298668,-0.0065373)
(-0.0351005,-0.016233)
(-0.0147316,-0.0217841)
(0.0335348,0.0269116)
(-0.00282289,-0.0183426)
(0.00747934,0.017614)
(0.00347794,0.00327716)
(0.0120081,0.00949489)
(0.00242823,0.00949824)
(0.00931265,0.00889281)
(0.00527315,0.00380412)
(0.00300805,0.00198459)
(0.00667227,-0.00142845)
(0.00104979,-0.00634315)
(0.0124447,0.0125272)
(-0.00519366,-0.00997483)
(0.0159763,-0.000374445)
(-0.00885419,0.000596159)
(0.00223957,0.00323932)
(-0.00792065,0.00963918)
(-0.0101396,-0.0103726)
(-0.0129403,0.0184238)
(-0.0142256,0.00220419)
(-0.0148061,0.0259977)
(-0.00910767,0.00634124)
(0.00881352,0.0129667)
(-0.00599513,0.019147)
(0.0113005,0.0133692)
(-0.00448789,0.0123888)
(0.0108101,0.0120406)
(-0.00409981,0.00611238)
(0.0102095,0.00695481)
(0.0155883,0.00562897)
(0.00645615,-0.00413414)
(0.0185121,0.00542598)
(0.00303227,-0.0105578)
(0.0164532,-0.00147181)
(0.00376461,-0.0152343)
(0.00525906,-0.010018)
(0.00309783,0.00110521)
(0.00456305,-0.00740397)
(-7.94756e-05,0.0162573)
(-0.00152429,-0.00192125)
(-0.000120044,0.0186743)
(-0.00563921,0.00289041)
(0.00150749,0.0147025)
(-0.0119798,0.00995528)
(0.0105474,0.00530867)
(-0.0115301,0.0102303)
(0.0053363,0.00930983)
(-0.00310874,0.0104203)
(0.00607577,0.00997699)
(0.0106773,0.00467327)
(0.00387739,0.00201772)
(0.00760049,0.002449)
(0.00729767,0.00367844)
(0.011484,-0.00124877)
(0.00399078,-0.000528046)
(0.00531772,-0.0047827)
(0.00403963,-0.00237652)
(0.00303691,-0.00461593)
(0.00429944,0.00883483)
(0.00578599,-0.00688366)
(-0.00112848,0.0140188)
(-0.0026019,-0.00797703)
(0.00183251,0.00715788)
(-0.00628492,0.000151866)
(0.00369706,-0.00332521)
(-0.00568543,0.00381972)
(0.00257976,0.000946755)
(0.00101145,0.00724395)
(0.00717496,0.00814265)
(0.00189528,-0.00350644)
(-0.00152132,0.00363928)
(0.000181263,-0.00974008)
(0.00596328,0.00417416)
(-0.00203713,-0.00650364)
(0.00210641,0.0113898)
(-0.00306245,-0.00971049)
(-0.00154659,0.00463714)
(-0.00339155,-0.00827315)
(0.00389036,0.00111928)
(-1.61882e-05,-0.00595025)
(0.00361801,-0.00222096)
(-0.000948644,-0.00844281)
(0.000494681,-0.00741683)
(0.00592905,-0.00702686)
(-0.00740088,-0.00435786)
(-0.000674033,-0.00975488)
(-0.00523186,0.00127526)
(-0.00113724,-0.00260258)
(0.0039096,-0.000506249)
(0.00634892,-0.00450833)
(0.0059358,-0.0032732)
(0.00794704,-0.00176319)
(0.00645076,0.00574248)
(0.00755217,-0.00435357)
(0.00268003,0.00278871)
(-0.00248384,-0.00926181)
(-0.000154573,-0.00284328)
(-0.00382652,-0.0100487)
(0.00057225,-0.00846763)
(0.00387998,-0.00887988)
(0.00821089,-0.0120173)
(0.0157848,-0.0140987)
(0.00732488,-0.0132339)
(0.0102759,-0.00957416)
(-0.00128559,-0.00805143)
(0.00691453,-0.00534103)
(-0.0106766,-0.00135378)
(0.00166475,-0.00105877)
(-0.00346471,0.00225628)
(0.00185871,0.000225971)
(0.000961075,-0.00419511)
(0.00442899,0.00604269)
(0.00423285,-0.0102912)
(-0.00220769,-0.00822453)
(0.00165515,-0.00594471)
(-0.00839059,-0.0117108)
(0.000861048,-0.0164302)
(-0.00618049,-0.00409245)
(0.0054703,-0.00491459)
(0.00268347,-0.0218154)
(0.0139385,-0.028301)
(0.0151795,-0.000994154)
(0.00866005,-0.0222412)
(0.0107113,0.000512347)
(-0.000709602,-0.0116947)
(0.00151704,0.00343479)
(-0.00936862,-0.00423076)
(0.000751862,0.00394998)
(-0.00815614,0.000984018)
(-0.000614407,0.00336463)
(-0.00418298,-0.00362901)
(-0.00180575,0.002804)
(-0.00263317,-0.001563)
(-0.00607442,-0.00491665)
(0.00248822,-0.00926671)
(-0.00085501,-0.0268785)
(0.0223341,0.000579759)
(-0.00920076,0.0406981)
(0.0741329,0.0113167)
(-0.048651,-0.0128729)
(0.043458,-0.0875615)
(0.00597381,0.0369266)
(0.0269072,-0.0345526)
(0.0164889,0.01753)
(-0.0135509,-0.0152893)
(0.00226379,0.0151538)
(-0.0164322,-0.0030085)
(0.00560261,0.00820137)
(-0.00368284,-0.000777698)
(0.00350258,-0.00210583)
(0.0036744,0.00685082)
(0.00973356,0.00666749)
(-0.00603033,0.00574963)
(0.00972645,-0.0262152)
(0.00329843,0.00869803)
(-0.00837523,-0.134842)
(0.0872608,0.00481384)
(0.0178927,-0.0128998)
(-0.00377112,-0.00614911)
(-0.0216455,-0.0060976)
(-0.0204036,0.010154)
(0.0248447,0.170918)
(0.0643917,-0.0159685)
(0.0044858,0.0436528)
(0.00766088,-0.00510238)
(0.0068624,0.0104859)
(-0.00822386,0.00288281)
(0.00243418,0.00930253)
(-0.00969613,0.00127619)
(0.00414685,0.00594318)
(-0.00597136,0.0025881)
(0.00373905,0.000755947)
(-0.00162275,0.00303258)
(0.0169688,-0.0118446)
(-0.00836607,0.0183186)
(-0.00376269,-0.0843362)
(0.090527,0.107156)
(0.010313,0.0173049)
(0.00898795,0.00424641)
(0.0145377,0.00405682)
(-0.0133056,0.000441526)
(-0.083438,0.0218699)
(-0.105889,-0.082565)
(-0.0151108,0.00810034)
(-0.018998,-0.0217996)
(0.00425757,0.00454802)
(0.00265307,0.00601563)
(0.00514726,0.00270614)
(-0.000390707,0.00305479)
(0.00155349,0.000881183)
(-0.00509635,-0.00348239)
(0.0109275,0.00956869)
(-0.0125567,-0.00204443)
(0.0110843,-0.0162954)
(-0.0292559,0.00463296)
(0.00591035,-0.0520035)
(-0.0285319,0.0325452)
(-0.0639896,-0.0521747)
(-0.0874614,0.0317618)
(-0.0257013,-0.00205662)
(-0.0217382,0.097515)
(-0.0310754,0.00830766)
(-0.0271897,0.0145063)
(0.00873365,0.0166748)
(0.00540542,0.0163247)
(0.0138002,0.0192838)
(0.00793422,0.00655538)
(0.00793692,0.00395827)
(0.000304093,0.00924848)
(0.00910394,-0.00309764)
(-0.00342749,-0.00345858)
(0.00748072,0.000171343)
(-0.00995473,-0.00993595)
(0.0116782,-0.0050781)
(-0.0203386,-0.000777571)
(0.00638549,-0.0182498)
(-0.0253163,0.0125934)
(-0.00169883,-0.0130482)
(-0.0241597,0.0187728)
(-0.0128263,0.011916)
(-0.0186086,0.0459586)
(-0.00169793,0.0286563)
(-0.00322576,0.0302359)
(0.00293502,0.0380168)
(0.0153589,0.0139679)
(0.00680984,0.0223923)
(0.00799891,0.0120902)
(0.00925758,0.00892024)
(0.00242638,0.00449783)
(0.0142976,-0.000922732)
(-0.00157551,-0.00688765)
(0.0148889,-0.00138033)
(-0.000496496,-0.00709618)
(0.0167301,-0.0102926)
(-0.010616,-0.00911385)
(0.00898147,-0.010142)
(-0.00905314,-0.00151447)
(0.00457511,-0.00241462)
(-0.00990647,0.0107664)
(0.00155036,0.0103244)
(-0.00924846,0.0255116)
(-0.000795647,0.0192114)
(0.00341888,0.0198519)
(0.000858387,0.0220838)
(-6.77911e-06,0.0124322)
(0.00411148,0.0156061)
(-0.00365628,0.00999578)
(0.0027498,0.0130809)
(-0.00111295,0.00764616)
(0.00927417,-0.00138434)
(0.0029539,0.00511431)
(0.0115698,-0.00742275)
(0.00309434,-0.00113299)
(0.00879579,-0.00535672)
(-0.000970769,-0.00576572)
(0.00799911,-0.00509628)
(-0.00672171,0.00183118)
(0.00866727,-0.00486744)
(-0.0071915,0.0106046)
(0.00754228,0.00167936)
(-0.00732361,0.0160869)
(0.00774549,-0.000322374)
(-0.0023971,0.0115749)
(0.00031439,0.00468672)
(0.00172603,0.00492707)
(5.32384e-05,0.00551136)
(-0.008714,0.00348466)
(0.00100569,0.00725895)
(-0.00094583,0.00281694)
(0.00449891,-0.0028827)
(0.00596755,0.00293861)
(0.00040517,6.75412e-05)
(0.00813558,0.00659669)
(-0.00616257,-0.0047581)
(0.00891705,0.00897091)
(-0.00569289,-0.00572028)
(0.00484299,0.00783569)
(-0.0068406,-0.00831668)
(0.00610719,0.000614236)
(-0.00436807,-0.00691713)
(0.00663134,-0.00680751)
(-0.00197374,-0.0137235)
(0.0017343,-0.00577921)
(0.00314245,-0.00900418)
(0.00460856,-0.00562358)
(-0.000359644,-0.00765675)
(0.00108548,-0.00098775)
(-0.00400999,-0.00973075)
(5.08673e-05,0.00117021)
(0.00465611,-0.00135524)
(-0.000556068,0.00285971)
(-0.000756048,0.00252677)
(0.0141935,0.000427479)
(0.000554718,-0.00165217)
(0.0130527,0.0100351)
(-0.00675075,-0.00854116)
(0.00125957,-0.00282459)
(0.000663992,-0.00570463)
(-0.00163463,-0.00954816)
(0.00812662,-0.0202381)
(0.00728694,-0.0111288)
(0.0105212,-0.0101408)
(0.0117263,-0.00468158)
(0.013108,-0.0101052)
(0.00378638,-0.00864244)
(0.000713341,-0.0117957)
(-0.00221837,0.00123637)
(-0.00312298,-0.00257275)
(-0.0027888,0.00143063)
(-0.00444211,0.00689775)
(0.00548,-0.00244721)
(-0.0104249,0.00554569)
(0.00835765,-0.00028555)
(-0.0161442,-0.00113077)
(0.00169454,-0.0136652)
(-0.000846994,-0.00163963)
(-0.00710709,-0.0188361)
(0.00922754,0.00453815)
(-0.0290239,0.00345089)
(0.0109204,-0.0192207)
(-0.0134653,-0.0104236)
(0.0141292,-0.00676007)
(0.00745377,-0.0156241)
(0.00787367,0.00292043)
(-0.000228081,-0.00489805)
(0.00645212,0.00572937)
(-0.00426272,0.00610249)
(-0.0027512,0.00695173)
(-0.00485013,0.00733194)
(-0.0059594,0.00832766)
(0.000783586,-0.00259507)
(-0.0142342,0.0104615)
(-0.00972843,-0.00424841)
(-0.00966332,0.0081335)
(-0.0113813,-0.0188691)
(-0.00233024,0.0277614)
(-0.0398506,-0.0171608)
(0.041383,0.0240289)
(-0.0658995,0.0832306)
(0.00212176,-0.0138727)
(-0.0811287,0.0164746)
(0.0222748,-0.00366467)
(0.0140875,0.0297674)
(0.00310492,0.01473)
(-0.00715876,-0.00418291)
(0.00230323,0.012272)
(-0.00662375,0.00680391)
(0.00412888,0.0133682)
(-0.00324752,0.00641897)
(-0.0039504,0.00439256)
(-0.00800843,0.00781941)
(-0.00155045,0.00897896)
(-0.0124818,0.00277703)
(-0.000164873,0.0263044)
(-0.0221662,-0.0177631)
(-0.057585,0.0512035)
(-0.0675344,-0.0921306)
(-0.0124613,-0.0142563)
(0.00349088,-0.00792725)
(-0.00740159,0.0142457)
(-0.0020181,-0.022971)
(0.0484185,-0.0536346)
(0.136209,0.123789)
(0.0123262,0.010315)
(0.0094213,0.0267194)
(0.00501557,0.0156027)
(-0.010468,0.00267974)
(0.00658859,0.00506598)
(-0.00491523,0.00242511)
(-0.00174766,-0.00224643)
(-0.00580471,0.00425726)
(0.00678025,0.00800195)
(-0.0231463,0.00383348)
(0.00844102,0.02447)
(-0.033481,-0.0178072)
(-0.0244365,0.1124)
(-0.0510355,-0.0486063)
(-0.000570609,-0.0257814)
(0.00193968,0.0176535)
(0.00404025,0.00980626)
(0.00810914,0.0016512)
(0.029638,-0.170089)
(-0.0592863,0.0105971)
(-0.00305384,-0.0220444)
(-0.0193385,-0.00316454)
(0.00214389,0.00307111)
(-0.00370658,0.000361066)
(0.0093714,0.00151615)
(0.00413725,0.00551205)
(0.0106138,-0.000689754)
(-0.00926105,0.00540688)
(0.0026231,-0.00113093)
(-0.0208701,-0.00337853)
(0.0134274,-0.00656684)
(-0.042139,0.000367754)
(0.0314295,0.0201813)
(-0.0412956,-0.0256021)
(0.0513407,0.0211513)
(0.0138126,-0.108806)
(0.0954745,0.0631376)
(0.10793,-0.0194444)
(0.0343664,-0.0186558)
(-0.000445071,0.00887908)
(0.00134299,0.0138472)
(0.00269885,-0.00210897)
(0.013137,0.0154929)
(0.00948117,0.00203532)
(0.00866859,0.00519253)
(0.00937864,0.00279087)
(0.00167762,-0.00694016)
(-0.00687088,0.000800534)
(0.010727,-0.00229881)
(-0.0172612,0.000184043)
(0.012817,-0.011827)
(-0.0283037,0.00323009)
(0.0163717,-0.017339)
(-0.0282807,0.00329432)
(0.0249928,0.00224833)
(-0.0128626,-0.00074587)
(0.0277975,0.0266526)
(0.0111774,0.0120009)
(-0.00204266,0.0186136)
(0.0057863,0.0106109)
(0.000702092,0.0270159)
(0.00367404,0.00464652)
(0.00917103,0.0195322)
(0.00847292,0.00292709)
(0.00575963,0.0073635)
(0.00171159,0.00284902)
(0.00751169,-0.00490442)
(-2.95083e-05,0.000960049)
(0.0113609,-0.00749909)
(-0.0054706,-0.00281484)
(0.00762557,-0.0143099)
(-0.0163814,-0.00338072)
(0.0110467,-0.0147661)
(-0.0162626,0.004952)
(0.00611199,-0.00675139)
(-0.00775838,0.00813194)
(-0.000488474,0.00470947)
(-0.00400059,0.0145664)
(0.000687638,0.0116397)
(-0.00247226,0.00917968)
(0.00559196,0.0164794)
(0.000950971,0.00536408)
(0.00840563,0.0163919)
(-0.00492558,0.00232858)
(0.00386572,0.00945727)
(-0.000339575,0.00456938)
(0.0039003,-0.00125297)
(-0.00219384,0.00521142)
(0.00370308,-0.0110096)
(-0.00160374,0.00469524)
(0.0124043,-0.0109352)
(-0.00516923,0.00224503)
(0.00394163,-0.00937819)
(-0.00938813,-0.000738282)
(0.00405704,-0.00113236)
(-0.00748445,0.00985574)
(0.00273799,0.00164435)
(-0.00919174,0.0141668)
(0.00994312,-0.000839908)
(-0.00216104,0.00862158)
(0.00572938,0.00593115)
(-0.00482719,-0.00180457)
(0.00860849,0.00857557)
(-0.00233778,0.000175835)
(0.00325806,0.00847763)
(0.00107182,0.00246688)
(0.00914266,-0.00334931)
(0.00347701,0.000635783)
(-0.00269848,0.000360918)
(0.0126019,-0.00169414)
(-0.00447666,-0.000191555)
(0.0167959,0.010792)
(-0.00903293,-0.000757239)
(0.0130207,0.0045872)
(-0.00531777,-0.00362583)
(0.00287989,-0.00278424)
(-0.00821161,-0.00737974)
(2.28931e-05,-0.00427736)
(-0.0098872,-0.0100073)
(0.00393477,-0.00459384)
(-0.00613024,-0.00886645)
(-0.00187646,-0.00674342)
(-0.00205019,-0.0140488)
(0.00296106,0.0014203)
(0.00274647,-0.00916401)
(0.00313482,0.00198104)
(-0.00195458,0.00122572)
(0.00745865,-0.0028574)
(0.00220438,0.0047327)
(0.0165431,0.00554163)
(-0.0092787,0.00473142)
(0.0222456,0.00563475)
(-0.0177228,-0.000250142)
(0.0118071,-0.00420906)
(-0.00761958,-0.00622119)
(0.00769585,-0.00319996)
(-0.00557099,-0.0200471)
(7.64407e-05,-0.0137932)
(-0.0012877,-0.0198854)
(0.0017528,-0.00846997)
(-0.0022009,-0.0185106)
(0.000448952,-0.00377389)
(0.00347122,-0.00956284)
(0.00194406,0.00297206)
(-0.00277266,-0.00632026)
(0.000708166,0.00705319)
(-0.0041651,0.00547905)
(0.000460223,0.00121377)
(-0.0134119,0.00326702)
(0.0107158,-0.00207465)
(-0.0164609,-0.0045169)
(0.013824,-0.0118418)
(-0.0134729,-0.00238541)
(0.00721202,-0.0147837)
(0.00372229,-0.00216571)
(0.00200808,-0.00491339)
(0.00384471,-0.0262479)
(-0.00723944,-0.00955125)
(0.00538389,-0.0216034)
(-0.00939063,-0.00622142)
(0.00463038,-0.00946724)
(0.00115208,0.0081648)
(0.00409618,-0.00884574)
(0.0032773,0.0171015)
(-0.000158582,-0.00130833)
(0.00123824,0.0119488)
(-0.0102867,0.00505569)
(-0.00243058,-0.0034059)
(-0.0151294,0.00104618)
(-0.000300898,-0.000826281)
(-0.00909988,-0.00251015)
(0.000815482,-0.00954327)
(0.0064965,0.0121272)
(0.00484756,-0.0090482)
(0.0418666,0.0146028)
(0.00700842,0.0413183)
(0.0154709,-0.0349801)
(-0.0264874,0.00481933)
(0.0120215,-0.0206539)
(-0.00686177,0.00457635)
(0.0035828,-0.00777003)
(-0.00686791,0.00390965)
(0.00346527,0.00345422)
(-0.00134551,0.0152777)
(0.00788184,0.00236531)
(0.00353574,0.0133969)
(-0.00492673,0.00314987)
(-0.00939759,0.00059469)
(0.00506609,0.00114661)
(-0.0155633,0.00520617)
(0.0111898,0.00734813)
(-0.00392337,-0.000539481)
(0.0191791,0.0312818)
(0.0258561,-0.00793191)
(0.108282,0.0267027)
(0.126051,0.0673759)
(0.0219254,0.0085117)
(-0.0309737,-0.0390232)
(0.0163249,-0.0402275)
(0.00839742,0.0251853)
(0.0122756,-0.00234414)
(-0.0109614,0.00102441)
(0.00481808,0.00589278)
(0.00232801,0.000444338)
(0.00721853,0.00216319)
(0.000804518,0.00449834)
(0.0025761,0.00325661)
(-0.020464,0.00265914)
(0.00284759,0.000128706)
(-0.0178087,0.00593274)
(0.00481173,0.00470559)
(-0.0161158,-0.000829046)
(-0.00929945,0.0259235)
(-0.00180649,-0.021019)
(-0.0372169,-0.0161924)
(0.0172245,0.0647818)
(-0.160376,0.0391379)
(-0.104863,-0.0371584)
(-0.0430425,-0.049123)
(-0.0534007,-0.0214043)
(-0.00101561,-0.0012229)
(-0.0138398,-0.0145825)
(0.00433477,0.00956461)
(-0.00357906,-0.00718686)
(0.00931729,0.00262108)
(0.00285796,0.000923385)
(-0.000298902,0.00622708)
(-0.00954946,-0.00324146)
(0.00876537,0.0032852)
(-0.0227867,0.00298143)
(0.000591561,-0.0151304)
(-0.0192195,0.000729013)
(0.00544309,-0.00627862)
(-0.00931178,-0.0100082)
(-0.00446526,0.00796933)
(0.0173008,-0.0140858)
(-0.0107376,0.0300064)
(0.0191775,-0.0213167)
(-0.00381226,-0.0047085)
(0.00113314,-0.0128364)
(0.00688542,0.0160174)
(0.00114569,-0.0180845)
(0.00742409,0.0168585)
(0.0115646,-0.00761846)
(0.000806335,0.00665482)
(0.00713794,0.00224435)
(0.00961919,0.000338663)
(2.60106e-06,0.00333107)
(0.00565935,0.000220528)
(-0.0145371,0.00341433)
(0.00885501,-0.0140049)
(-0.0205429,0.00496599)
(0.00187638,-0.0209228)
(-0.0114112,0.00450177)
(0.0020309,-0.00828703)
(0.00984359,-0.0070008)
(-0.0105415,0.00818034)
(0.0113442,0.00178036)
(-0.00666241,0.013092)
(0.000326636,-0.00821494)
(0.0017121,0.0219236)
(0.0105253,-0.00890201)
(0.00169213,0.0225026)
(0.00806065,-0.00471202)
(0.00662535,0.00529232)
(0.00435302,0.00562881)
(0.00799994,0.00616875)
(-0.000950506,0.00410992)
(0.0167204,-0.0056613)
(-0.00699208,0.00267561)
(0.0101758,-0.0156271)
(-0.0098609,0.00246585)
(0.00142954,-0.0258472)
(-0.00776572,-0.00165488)
(-0.00179949,-0.0132356)
(0.000269323,0.00340501)
(-0.00968899,0.00517527)
(0.00247108,0.00764905)
(0.0028809,0.00766289)
(0.000273603,-0.0015779)
(0.000555067,0.0204808)
(-0.00059826,-0.00471154)
(0.00941408,0.0151075)
(0.00291697,0.00277029)
(-0.00191235,0.00682488)
(0.00230037,0.00527128)
(0.00480988,-0.00130668)
(0.00416386,0.0112619)
(0.00791545,-0.00272175)
(-0.00129435,0.00970037)
(0.00798804,-0.016743)
(-0.00566566,0.00168849)
(0.000953607,-0.0145497)
(-0.00851117,0.00213073)
(0.00390462,-0.00533031)
(-0.00645986,0.0063395)
(0.00101455,0.00378987)
(-0.00112111,0.0112822)
(0.0073165,0.00937651)
(-0.0020906,0.00372566)
(0.00377247,0.00702225)
(-0.00226046,-0.00330996)
(0.00604457,0.0137086)
(-0.00351505,0.00264679)
(0.00400873,0.00574698)
(0.003083,0.00542502)
(0.00228382,-0.00301445)
(0.008794,-0.00115993)
(-0.00367021,-0.00750786)
(0.0148032,0.00304648)
(-0.0117889,-0.000534025)
(0.0147567,0.00211064)
(-0.0114493,-0.000378502)
(0.00569135,0.00163487)
(-0.00115017,-0.00140958)
(-0.0016875,0.00253421)
(-0.0024866,-0.00176457)
(-0.00781285,-0.00544196)
(-0.00919045,-0.00735169)
(-0.00111039,-0.00459232)
(-0.000179949,-0.00125294)
(-0.00356236,-0.00454073)
(0.000982084,-0.00522313)
(-0.000478376,0.00117548)
(0.00601275,-0.00218134)
(0.0013554,0.00306215)
(0.00616157,-0.00680734)
(0.0058873,-0.00196393)
(-0.00945667,-0.00220752)
(0.0150074,-0.00157831)
(-0.0240988,-0.0052652)
(0.0152725,0.00546528)
(-0.0233896,-0.000924555)
(0.0143942,-0.000712565)
(-0.00814202,-0.00281067)
(0.00174958,-0.0131822)
(-0.00409138,-0.0183905)
(-0.0112644,-0.00512656)
(-0.00257765,-0.0185658)
(-0.0065331,-0.00618864)
(0.000924625,-0.0128621)
(-0.000682062,-0.00507063)
(0.00640287,-0.0140667)
(0.00195299,0.0116192)
(0.00455149,-0.00567921)
(0.00221946,0.00525792)
(-0.00320238,-0.00420837)
(0.00631646,-0.000104078)
(-0.00861526,-0.00650499)
(0.0134061,0.00259033)
(-0.0199877,-0.00990186)
(0.0146665,-0.00432555)
(-0.0211035,-0.00832575)
(0.0170337,-0.0198457)
(-0.00722594,-0.00631578)
(0.00448747,-0.00935423)
(-0.00638186,-0.0212129)
(-0.0107676,-0.0120452)
(0.00102603,-0.0220475)
(-0.0148148,0.000339211)
(0.0073789,-0.0131364)
(-0.00551387,0.00576125)
(0.00262114,-0.00693432)
(0.000589817,0.0202215)
(0.00256836,-0.00335262)
(0.00290902,0.0151513)
(-0.00028767,-0.000859736)
(-0.00296375,-0.00294218)
(-0.00549259,-0.00600007)
(-0.000567477,-0.00362505)
(-0.00526308,-0.0136257)
(0.0073386,-0.0109422)
(-0.00912575,-0.0145797)
(0.0092003,-0.0125106)
(0.00782765,-0.0137478)
(0.00878303,-0.00016806)
(0.0055363,-0.0300158)
(-0.00425151,0.00559673)
(0.0103933,-0.0199512)
(-0.0165736,-0.000720719)
(0.00749231,-0.00521112)
(-0.0110203,0.00610955)
(0.0156114,-0.00207349)
(-0.00519359,0.0139515)
(0.00648912,0.000966545)
(-0.000890712,0.011464)
(0.00146698,-0.000385824)
(-0.00868008,-0.00139058)
(0.00333071,0.00116648)
(-0.0122282,0.00373752)
(0.0042212,-0.0135176)
(-0.000226882,-0.00194914)
(0.00970378,-0.00508211)
(0.0125468,-0.000166911)
(0.0291921,-0.00627463)
(0.0359393,0.0154403)
(0.0144637,-0.0224664)
(-0.0068559,0.00213661)
(0.0263294,-0.0159531)
(-0.0137926,0.00348938)
(0.0165182,0.00502991)
(-0.00658549,-0.00452763)
(0.00854313,0.00387453)
(-0.00507233,0.00284756)
(0.00851364,0.00264968)
(-0.0029447,0.0028062)
(0.00794506,0.0021748)
(-0.013717,0.000390922)
(0.00273923,-0.00268575)
(-0.0144294,0.00144545)
(0.013134,-0.0174422)
(-0.000123392,0.00318466)
(0.0112053,-0.0136215)
(0.0126042,-0.00602233)
(-0.0123159,-0.00952593)
(0.0112876,0.00651118)
(-0.021933,-0.00782008)
(-0.0182471,-0.015347)
(0.012691,-0.00785392)
(-0.0100588,-0.0176476)
(0.018107,0.00487789)
(-0.0115693,-0.0180473)
(0.0129778,0.00961213)
(-0.00274259,-0.00576614)
(0.0032708,0.00982395)
(-0.00352517,-8.75082e-05)
(0.00426999,0.00457848)
(-0.00749512,0.00248891)
(0.00697823,0.00543613)
(-0.0110497,0.00940573)
(0.0024447,-0.02115)
(-0.00489924,0.00571887)
(0.00527135,-0.0286128)
(0.00549306,0.00225364)
(0.000507303,-0.0111857)
(0.00827905,-0.00732027)
(-0.00406617,-0.0023504)
(0.00858869,-0.00290019)
(0.00822468,0.000237296)
(-0.0101759,-0.0110623)
(0.0138513,0.0129481)
(-0.00601915,-0.0202498)
(0.00723026,0.014922)
(-0.00358644,-0.00604799)
(0.00157635,0.00568608)
(0.0004916,0.000846343)
(-0.000935263,0.0054341)
(0.00388365,0.00215821)
(0.00777758,0.00477658)
(-0.00807896,0.00771414)
(0.0115419,-0.0125699)
(0.00052386,0.00723699)
(0.0042214,-0.0276426)
(0.000237865,0.00132212)
(-0.00358828,-0.0184106)
(0.00759468,-0.00236966)
(-0.0129358,0.00302182)
(0.00389433,0.00154752)
(0.00461653,0.00624129)
(-0.00478647,-0.0124376)
(0.00476613,0.0191311)
(-0.00137462,-0.014973)
(0.00751094,0.0161083)
(-0.00033359,-0.0109978)
(-0.00459626,0.0115763)
(-0.0044038,0.00224393)
(0.00723263,0.00719855)
(0.00746191,-0.000699059)
(0.00868644,4.4939e-05)
(0.00242878,0.00275802)
(0.0144414,-0.0203883)
(0.00199495,0.000459722)
(0.00507773,-0.0243917)
(0.00168604,-0.000210076)
(0.00443467,-0.0108099)
(0.00127403,0.00289387)
(0.000658142,0.00199614)
(0.00116253,0.0034585)
(0.000939212,0.0150144)
(-0.00294044,-0.00917799)
(0.0111472,0.0228109)
(-0.00379323,-0.0156708)
(0.00478631,0.026312)
(0.00172956,-0.00341976)
(0.0061979,0.0083259)
(0.00451007,0.0033332)
(0.00545237,0.00805598)
(0.00223214,0.00628272)
(0.010024,-0.00313459)
(0.00797162,0.00328455)
(0.00785743,-0.013931)
(0.00223358,0.0040137)
(0.00540394,-0.0191118)
(-0.0041061,-0.00447794)
(-0.000369313,-0.00693662)
(-0.00223978,0.00223481)
(-0.00434852,0.0145145)
(-0.00684827,0.00547694)
(0.00332369,0.0140434)
(-0.00309774,-0.00494091)
(0.00604407,0.020239)
(-0.00601966,-0.00244968)
(0.00799791,0.0189313)
(0.00202826,0.000815398)
(0.00422211,0.0118481)
(0.00349501,0.00111874)
(7.3958e-05,-0.00979031)
(0.00305867,0.000547)
(-0.0122913,-0.00752642)
(0.00842171,0.00165479)
(-0.0211331,-0.0123898)
(0.00432593,0.00290999)
(-0.0130798,-0.00478108)
(0.00186996,0.00119895)
(0.00351076,-0.00281111)
(-0.00361844,0.000554524)
(0.0069746,0.000614991)
(-0.0100064,0.00123199)
(0.000273314,0.00150302)
(-0.0107856,-0.00120671)
(-0.0032259,0.00458719)
(-0.00235729,-0.00121787)
(0.00197403,0.00281838)
(0.00287998,0.00632853)
(0.00531443,0.00157098)
(0.00142558,0.00216736)
(-0.00658529,-0.00788801)
(0.00536883,0.00083112)
(-0.0160472,-0.0175777)
(0.00820197,0.00384653)
(-0.0276338,-0.00877838)
(0.00773375,0.00391592)
(-0.0202693,-0.0136202)
(-0.0017086,0.00282617)
(-0.00302084,-0.00988089)
(0.00173132,-0.00352542)
(0.00392715,-0.00910488)
(-0.00771837,-0.00261259)
(-0.000143827,-0.0074149)
(-0.01279,-0.00187685)
(0.0073636,-0.00131772)
(-0.00546076,-0.00156833)
(0.00111662,-0.000142625)
(-0.00222035,0.010837)
(0.00258809,0.00104924)
(0.00106166,0.00943303)
(-0.00108569,-0.0109811)
(0.00706433,0.00292942)
(-0.0129571,-0.0104011)
(0.0075748,0.0038998)
(-0.0222246,-0.0151376)
(0.0102365,0.00660329)
(-0.0204255,-0.0138127)
(0.0137455,0.00231803)
(4.41806e-05,-0.0121986)
(0.0117027,-0.00812846)
(0.00412477,-0.016067)
(-0.00394501,0.00744616)
(0.00763705,-0.0107747)
(-0.0102048,0.0056139)
(0.00543166,-0.00313287)
(-0.0100922,0.00396617)
(0.00150775,0.00240553)
(0.0043346,0.0171796)
(0.000637785,-0.00580885)
(-0.000790249,0.0176692)
(-0.00253937,-0.00968775)
(0.000662576,-0.00393503)
(-0.00439155,-0.011388)
(-0.000488734,0.00178955)
(-0.010085,-0.0141609)
(0.0123148,0.00385324)
(-0.00815312,-0.0162893)
(0.0122428,-0.00322137)
(0.00442371,-0.013965)
(0.0104969,0.000908527)
(0.0125579,-0.0142826)
(-0.00555603,0.00443042)
(0.0102822,-0.00490629)
(-0.0132641,0.00807012)
(0.0103021,0.00140964)
(-0.0138798,0.00409518)
(0.00635363,0.00519112)
(-0.0108793,0.0113661)
(0.00584552,0.00322195)
(4.26716e-06,0.0120438)
(0.00813893,-0.00296363)
(-0.0037738,-0.00367798)
(-0.00505042,-0.00415306)
(-0.00140595,0.00658024)
(-0.00194636,-0.0134448)
(0.00564932,0.0131206)
(0.00296703,-0.0209951)
(0.0152085,0.00447395)
(0.0117489,-0.0131252)
(0.00538228,0.0125182)
(0.0191843,-0.0130473)
(-0.00140197,0.0106002)
(0.0270541,0.000969458)
(-0.0111839,0.00227185)
(0.0186259,0.00254432)
(-0.0184117,-0.00822981)
(0.0126438,0.00612118)
(-0.00782557,0.000150511)
(0.00552483,0.00931278)
(-0.0117145,0.00712324)
(0.00294982,0.000792543)
(-0.00307409,0.00254681)
(0.00929062,-0.00148125)
(-0.00680516,0.0107649)
(0.00489145,-0.0201093)
(0.00570357,0.00874526)
(0.0119843,-0.0293669)
(0.00928669,0.0110609)
(0.00589016,-0.0152598)
(0.00678412,0.00906948)
(0.0170218,-0.00770525)
(-0.00178015,0.0109441)
(0.0226368,0.00079953)
(-0.018509,-0.0073753)
(0.021229,0.00790998)
(-0.0187422,-0.0168193)
(0.00809595,0.00983332)
(-0.0195452,-0.00395669)
(0.00461795,0.00495226)
(-0.00870362,-0.000222997)
(0.00281585,0.00489717)
(-0.00153323,0.00641083)
(0.00470118,0.00220796)
(0.00338779,0.0110413)
(0.00748813,-0.0170983)
(0.00912768,0.0193575)
(0.00359396,-0.034457)
(0.0138647,0.00896919)
(-0.00101371,-0.0272919)
(0.00878689,0.0131801)
(0.00501767,-0.00609116)
(-0.00701056,0.00859737)
(0.0151926,0.000363749)
(-0.0170039,-0.00177545)
(0.0169646,0.0069041)
(-0.020714,-0.0154571)
(0.00648426,0.00553816)
(-0.0152281,-0.0147647)
(-0.0020518,0.0080874)
(-0.00938558,-0.000363464)
(0.00268363,0.00433312)
(0.00607834,0.00183131)
(0.0104891,-0.00521021)
(0.00779727,0.0132216)
(0.00800164,-0.0184537)
(0.0100561,0.0137914)
(0.00798509,-0.0255423)
(0.0127599,0.0136498)
(0.00240656,-0.0165079)
(0.00209999,0.00832165)
(0.00149581,-0.00171705)
(-0.00174015,0.00849505)
(0.00269389,0.00562893)
(-0.011923,-0.00598452)
(0.00533923,0.0152722)
(-0.0130826,-0.0203467)
(0.000446994,0.0194207)
(-0.0067196,-0.00990169)
(0.00166753,0.00677749)
(-0.00699026,-0.0046792)
(0.00571982,0.00656752)
(0.000609627,-0.000811479)
(0.0102869,-0.00837613)
(0.0103182,-0.00178181)
(0.0141387,-0.0152479)
(0.0117766,0.0067412)
(0.0104015,-0.021429)
(0.00509191,0.00459493)
(0.00976354,-0.00982405)
(0.00119251,0.00143476)
(-0.000591006,0.0103809)
(-0.00472791,0.000748792)
(0.00682401,0.0152657)
(-0.00878659,-0.0133638)
(0.00183924,0.0197585)
(-0.00207756,-0.0118675)
(0.00205077,0.0207187)
(0.00424207,-0.0112481)
(-0.00542918,0.0125744)
(-0.000580427,-0.00817648)
(0.0106723,-0.00295962)
(0.00196978,0.00349087)
(0.00918392,0.00167308)
(0.000808222,0.00482486)
(0.00807065,-0.0149004)
(0.00100608,0.0026164)
(0.00731667,-0.0103876)
(-0.00189072,0.00683435)
(0.00272446,-0.00416697)
(-0.000600163,-0.00140881)
(-0.000785131,0.0160789)
(-0.00270711,0.000603981)
(-0.00278052,0.0166143)
(-7.54515e-05,-0.0114952)
(-0.000136285,0.0233411)
(0.000571734,-0.0114656)
(-0.00222184,0.020299)
(0.00553811,-0.00753405)
(-0.00134161,0.00975772)
(0.00193807,-0.00573055)
(-0.00375198,-0.00770087)
(0.00211455,0.00576752)
(-0.0049972,-0.0101012)
(0.0122032,0.00141123)
(-0.014177,-0.00852797)
(0.00319413,-0.000725254)
(-0.010074,-0.00613089)
(-0.00094882,0.000949323)
(-0.00116292,-0.00133544)
(-0.00343714,-0.00289526)
(0.00307836,0.0036388)
(-0.0077175,-0.0030854)
(0.000931671,0.00543176)
(-0.0107185,-0.0019519)
(0.000214906,0.0110811)
(-0.00195033,-0.00110947)
(0.00744669,0.00690688)
(-0.000471979,0.00780804)
(0.00625581,0.010091)
(-0.000244123,-1.97362e-05)
(-0.00352967,-0.0089866)
(0.00575686,0.0030776)
(-0.0141369,-0.00878787)
(0.00704588,0.000476955)
(-0.022461,-0.00931333)
(0.00306605,0.00270304)
(-0.0198989,-0.00874008)
(0.000657716,-0.00026567)
(0.000128941,-0.00587538)
(-0.00105992,-0.00479703)
(0.00528314,-0.00202873)
(-0.0101304,-0.00475229)
(0.00598742,0.0052525)
(-0.00985673,-0.0045132)
(0.00216979,0.00626624)
(-0.00201889,-0.000954657)
(0.00484045,0.0114121)
(0.00582378,0.00779496)
(0.00549741,0.0029618)
(0.00072602,0.0106092)
(-0.0043633,-0.00593462)
(0.00157923,0.000857967)
(-0.0110234,-0.00487405)
(-0.000595822,0.0023092)
(-0.0155637,-0.00879127)
(0.00106836,0.00543938)
(-0.0113354,-0.00756589)
(0.00516245,-0.00125219)
(0.00473912,-0.00810663)
(0.00328724,0.00251702)
(0.0114696,-0.00565174)
(-0.00383747,0.00515723)
(0.00651454,0.00279295)
(-0.00710976,0.00405008)
(0.00453421,0.0117036)
(-0.0059005,0.0034108)
(-0.00280416,0.00745317)
(-0.00338966,0.0126061)
(4.14752e-05,0.00583607)
(-0.00422091,0.0148233)
(0.000417026,-0.00550568)
(-0.00316114,-0.00464192)
(-0.010952,-0.00617797)
(-0.00449406,0.00153634)
(-0.0102245,-0.00562889)
(0.00445985,-5.5416e-05)
(-0.00830905,-0.00947747)
(0.00477805,0.00120477)
(0.0107001,-0.00894859)
(0.00501735,0.000897987)
(0.0115293,-0.00556174)
(0.00113832,0.0100314)
(0.00979277,0.00215602)
(-0.00477768,0.00484932)
(0.00299235,0.00368209)
(-0.00941227,0.00191879)
(0.00430277,0.00877348)
(-0.00648715,0.0055765)
(0.00169784,-0.000363208)
(-0.00620174,0.0118107)
(-0.00217221,-0.00145925)
(-0.00039359,-0.00262567)
(-0.00611728,-0.000293992)
(-0.00107104,5.36374e-06)
(-0.00350905,-0.0065779)
(0.00660421,0.0108542)
(-0.00494041,-0.014678)
(0.00881375,0.00672697)
(0.00778112,-0.0104412)
(0.00755441,0.00637762)
(0.0137805,-0.00153318)
(-0.00109491,0.0062392)
(0.0158506,0.00600069)
(-0.0111983,-0.0024354)
(0.0116983,0.00849308)
(-0.0128974,-0.00749828)
(-0.000887762,0.0086038)
(-0.0181809,0.00453315)
(-0.000606786,0.00252866)
(-0.0101056,0.00285561)
(0.00392888,0.0033692)
(-0.00543329,-0.000339773)
(-0.00189054,0.0029504)
(0.00334491,0.00473546)
(0.00192695,-0.0116148)
(0.00700388,0.0112942)
(-0.00233281,-0.0226075)
(0.00916616,0.00298916)
(0.00540905,-0.0165766)
(0.00207796,0.0126852)
(0.012867,0.000974414)
(-0.00121351,0.0107972)
(0.0132408,0.00988547)
(-0.00947065,0.00124629)
(0.0089021,0.00966092)
(-0.0139634,-0.0122012)
(0.00152373,0.00522934)
(-0.011499,-0.00516867)
(-0.001999,0.00350364)
(-0.01378,-0.000219607)
(-0.00536419,0.00411847)
(-8.45954e-05,0.00181009)
(0.000248977,-0.00081123)
(0.004433,0.00958392)
(-0.00236445,-0.0111725)
(0.00890637,0.0125268)
(-0.000343189,-0.0208257)
(0.00917715,0.0131526)
(-0.00174186,-0.0185248)
(0.00411149,0.0118319)
(0.000737784,-0.00789552)
(-0.00664628,0.0138136)
(0.00441293,0.0011737)
(-0.00682938,-0.00330754)
(0.00259806,0.00508908)
(-0.00800585,-0.0158333)
(-0.00186891,0.00266539)
(-0.0102212,-0.00706364)
(-0.00222386,0.00132365)
(-0.00794392,-0.00609722)
(0.00658874,0.0100817)
(0.00258001,0.00545953)
(-0.000188576,-0.00447006)
(0.00754932,0.0043657)
(0.00502937,-0.0142439)
(0.00910455,0.00942401)
(0.00173213,-0.0206523)
(0.00600762,0.00842306)
(0.00210112,-0.0156827)
(0.00432943,0.0120455)
(0.000290585,-0.0038626)
(-0.00631474,0.00327286)
(0.00445017,0.00322609)
(-0.0069743,-0.00440373)
(0.000586975,0.00581981)
(-0.000981377,-0.0130937)
(-0.00189482,0.00594304)
(0.000744019,-0.00943583)
(-0.000230834,0.00489498)
(-0.000321298,-0.00861859)
(0.00615697,0.00397938)
(0.00541576,0.00382437)
(0.00876836,-0.000480055)
(0.00132471,-0.000930483)
(0.00409789,-0.0183089)
(0.00379314,0.00567174)
(0.00809338,-0.0150284)
(0.00143009,0.0098623)
(-0.000122625,-0.00723633)
(0.00311359,0.00323636)
(0.00533228,0.00224614)
(0.00080147,0.00361113)
(0.00805491,0.00363945)
(-0.00156108,-0.00815898)
(0.00300395,0.0100737)
(0.00084599,-0.00929347)
(0.00147785,0.0153057)
(0.00664811,-0.0119416)
(-0.00265134,0.00114699)
(0.000999469,-0.00969413)
(0.0113328,0.00259306)
(0.00654976,0.000263915)
(0.00621429,-0.00397358)
(0.00716899,0.00501459)
(0.00609965,-0.00664363)
(-0.00138891,0.000846862)
(0.00244341,-0.010848)
(-0.00122703,0.00628653)
(0.000341119,-0.00202841)
(0.000992091,2.33767e-05)
(-0.00206244,0.00449923)
(-0.000819132,-0.00178312)
(-0.00197397,0.0105344)
(-0.000106052,-0.0100229)
(-0.000965713,0.0139325)
(-0.000107247,-0.00634879)
(-0.00225136,0.0109177)
(0.00687231,-0.00915923)
(-0.00233615,0.00814013)
(0.00391608,-0.00375352)
