(-0.0112016,0.0145623)
(-0.00147533,-0.00386609)
(0.00357446,0.0149234)
(0.00144547,0.00434297)
(0.00607582,0.0246028)
(0.0146461,0.00739569)
(0.00347331,0.013808)
(-0.00744111,-0.00801948)
(0.0133766,-0.00359631)
(-0.00965033,-0.0021042)
(0.0170097,-0.013357)
(-0.0128852,-0.00554944)
(0.0245427,-0.00387651)
(-0.00912795,0.00550361)
(0.0107125,0.00759032)
(-0.00704517,0.010951)
(0.00518669,0.00837459)
(0.000225861,0.00581564)
(0.00760603,0.01069)
(0.00439726,0.00474082)
(-0.00438428,0.0113326)
(-0.000353692,0.00381564)
(0.0036553,0.0300923)
(0.0117901,0.00409589)
(0.0144703,0.0293003)
(0.00960414,-0.0158602)
(0.00962026,0.00934575)
(-0.00307783,0.000689942)
(0.0171236,-0.00134148)
(-0.0178278,-0.00958976)
(0.0182024,-0.00578102)
(-0.0149842,0.00128451)
(0.00731116,-0.00404751)
(-0.0113437,0.00644233)
(0.0127756,-0.0054005)
(-0.00647136,0.000183356)
(-0.00857764,0.00501535)
(-0.0113413,0.00267774)
(-0.00582008,-0.000240457)
(0.0028273,-0.000287696)
(-0.000354654,0.015464)
(0.0048721,-0.00539802)
(0.00236129,0.0268585)
(0.0182476,-0.00924857)
(0.00933318,0.0220481)
(0.01172,0.000355764)
(-0.000912125,0.0138252)
(-0.0082155,-0.00615278)
(0.00248675,-0.00138924)
(-0.00721823,0.006856)
(-0.0040712,0.00512785)
(-0.00196511,0.0110672)
(0.00370219,-0.0102581)
(-0.00323513,-0.00329748)
(0.00777006,0.00148289)
(-0.00643848,-0.0134587)
(-0.00493365,-0.00525505)
(-0.0067778,-0.0191461)
(0.00709868,-0.00458791)
(-0.00333315,-0.00928766)
(-0.00125845,0.0146123)
(-0.00748011,-0.00282835)
(0.00200302,0.0176705)
(-5.31739e-05,-0.00323044)
(-0.00376007,0.0243162)
(-0.000465697,-0.00382139)
(-0.00413127,0.0101263)
(-0.0235911,0.00472347)
(-0.0229775,0.00149226)
(-0.00465513,0.014004)
(0.000602043,0.00174692)
(-0.000236822,0.00755193)
(0.00468022,0.011921)
(0.0151225,-0.0100464)
(0.00973134,0.00108629)
(-0.0020473,-0.0172794)
(0.0112893,0.00151006)
(-0.0152342,-0.0131659)
(0.00300001,0.00154646)
(-0.0014825,-0.00228327)
(-0.00670695,0.00366986)
(-0.013164,-0.00724461)
(-0.0065728,0.0170626)
(0.00759979,-0.010918)
(-0.00427362,0.022181)
(-0.00568947,-0.00717758)
(-0.0162082,0.00673981)
(-0.0174664,0.00173133)
(-0.00428664,0.00161324)
(-0.0100462,0.0177044)
(-0.011871,0.00722333)
(0.0110105,0.0178216)
(0.0120245,0.0133677)
(0.0234367,-0.00289147)
(0.00643479,0.00836982)
(0.00859582,-0.0064136)
(0.00262976,-0.000288212)
(-0.0126875,0.00553325)
(-0.000312906,0.00894093)
(-0.00962091,9.22826e-05)
(-0.00935543,0.0144021)
(-0.0151244,-0.0152751)
(-0.0067326,0.0178009)
(-0.00384122,-0.0259675)
(-0.00884515,0.00254484)
(-0.00349563,-0.014372)
(-0.00775338,-0.0172742)
(-0.00953676,0.00571825)
(0.000898994,-0.01038)
(0.000121728,0.0113279)
(0.00442911,0.00549657)
(0.00173159,0.00779094)
(0.00357841,0.00877141)
(0.00954589,-0.00955706)
(0.00406886,0.00100799)
(-0.00468882,-0.00168754)
(-0.0138743,-0.00290711)
(-0.0138164,0.00911784)
(-0.0152682,0.00733497)
(-0.000306483,0.00881803)
(-0.00706037,0.0139784)
(-0.0126849,-0.004486)
(-0.0120473,0.00429798)
(-0.00826097,-0.0189166)
(-0.00679294,0.00361974)
(0.012121,-0.0127852)
(-0.00549757,-0.00990912)
(0.0069075,0.00363318)
(-0.00148177,-0.00646257)
(0.0167258,-0.00140534)
(-0.00164971,0.00361758)
(-0.00119226,-0.0158097)
(0.00302026,0.00561635)
(0.00874188,-0.0146641)
(-0.0107028,-0.0145473)
(-0.000994123,0.00879514)
(-0.0157468,-0.00468087)
(-0.00774319,0.00624102)
(-0.00866488,-0.00266608)
(0.00175479,-0.0100504)
(-0.00187487,0.0122349)
(-0.0127816,-0.0118068)
(0.00818075,0.00556696)
(-0.012096,-0.0104714)
(-0.00250973,-2.05403e-05)
(-0.00050494,-0.00169404)
(-0.00956147,-0.00165834)
(0.0145263,0.00679233)
(-0.00594281,-0.00271093)
(0.0164107,-0.00119701)
(-0.0112764,0.00633288)
(0.0111906,-0.0124434)
(-0.00425307,-0.00885266)
(0.0137563,-0.00778317)
(-0.0102175,-0.00722109)
(-0.00999498,-0.00195749)
(-0.0267836,-0.0077175)
(-0.0113904,0.00766925)
(-0.0147339,-0.00496461)
(-0.00307792,0.00121025)
(-0.000774581,0.00321863)
(0.00691971,-0.00713757)
(0.00348956,0.0112355)
(-0.0141912,-0.0186438)
(0.0068534,0.0172334)
(-0.00714503,-0.0137857)
(-0.00653821,0.0145432)
(-0.004908,0.00130626)
(-0.0131631,0.0115464)
(0.0129452,0.0055092)
(-0.0131562,0.0035396)
(-0.00445461,0.00366361)
(-0.0100693,-0.00968576)
(0.01764,-0.00822474)
(-0.0149197,-0.000302928)
(-0.0122898,0.00935572)
(-0.00470846,-0.00207711)
(-0.00278954,0.00226936)
(-0.00589652,-0.0098828)
(0.00287695,-0.00292129)
(-0.00731326,0.0066751)
(0.00481507,-0.00622087)
(0.0105605,0.00223501)
(-0.00703239,-0.00444806)
(0.00280901,0.0123825)
(-0.0150512,-0.00506378)
(0.00740964,0.0109722)
(-0.00665989,0.00375056)
(0.0019298,0.0135158)
(-0.00996326,0.00811982)
(0.00192018,0.0133437)
(0.00340422,-0.00237505)
(-0.00363019,0.00539684)
(-0.0024484,-0.000557317)
(0.00314967,0.00402826)
(-0.000289959,-0.01455)
(-1.12453e-05,0.000984016)
(0.00699356,0.00509241)
(0.000994112,-0.0109487)
(0.00240283,0.0106567)
(0.00632435,-0.00674967)
(0.00624159,0.00870551)
(0.00134587,0.00778084)
(0.0234993,0.0170596)
(0.00278896,0.0010201)
(0.0202116,-0.00586362)
(0.00888021,0.00563576)
(0.00421405,0.0111427)
(0.0197262,-8.29733e-05)
(0.00443963,-0.00342877)
(0.0242071,0.000618769)
(0.00174176,-0.00315331)
(0.0172179,0.00613165)
(-0.013421,0.00769824)
(0.0188182,0.0104039)
(0.000545635,0.00844893)
(0.00283268,0.00771298)
(-0.0136161,0.00936456)
(0.0050645,0.00647061)
(0.00165348,0.00383542)
(-0.0073937,0.00905247)
(0.0113971,0.00695814)
(0.00301997,0.0149018)
(0.0223148,0.00379906)
(0.0134524,0.00899268)
(0.0131033,-0.0102294)
(0.00498779,0.0200109)
(-0.0182492,-0.00924574)
(0.0113281,0.00376354)
(-0.0137001,0.00040608)
(0.00505758,0.00792182)
(-0.0230742,0.0178551)
(0.00948237,0.00673667)
(-0.0142179,0.00908836)
(-0.00282827,0.00761026)
(-0.0225774,0.00448226)
(0.00146808,0.0118579)
(-0.0154087,-0.00188894)
(0.0108613,0.00493079)
(-0.0129996,-0.00161234)
(-0.0115354,0.00170279)
(0.0137963,-0.00326598)
(-0.00211787,0.0260761)
(0.0139027,-0.00044972)
(0.00395068,0.0187795)
(-0.00731276,-0.0133159)
(-0.000439376,-0.00278482)
(-0.00729668,-0.00260849)
(-0.00786118,-0.00782749)
(-0.00898889,0.000967636)
(-0.00777578,0.00032763)
(-1.6146e-05,0.00498997)
(-0.00637539,0.0053364)
(-0.0102715,-0.00453035)
(-0.00120162,-0.000659794)
(-0.0333809,-0.0233626)
(0.000569032,-0.00245746)
(-0.0330553,-0.00786588)
(0.00240978,0.00716881)
(-0.0029881,-0.019009)
(-0.0110675,0.00761397)
(0.00699405,-0.00638511)
(-0.0123571,0.0304049)
(0.00348669,-0.00979132)
(-0.00500294,0.0267458)
(0.0118813,-0.00688461)
(-0.0166428,-0.00662066)
(0.0111748,-0.00188979)
(-0.00608265,-0.0179469)
(-0.00103044,-0.0051334)
(-0.0083892,-0.000123943)
(0.019859,0.00663727)
(0.0126686,-0.00120077)
(0.0182169,-0.0214478)
(0.00877626,0.0105092)
(-0.00720538,-0.0278887)
(0.00658051,0.00227035)
(-0.0321999,-0.0162437)
(0.000877277,0.00482901)
(-0.0115876,-0.00950688)
(-0.00876709,0.0117485)
(0.000588982,-0.00978619)
(-0.00777111,0.0413984)
(0.00726839,-0.0285825)
(0.00160886,0.024419)
(0.000295738,-0.0129242)
(0.00574983,-0.00322883)
(-0.0127731,0.00834687)
(0.0105393,-0.0110789)
(-0.00181248,0.0196951)
(0.0126207,-0.00971614)
(0.010267,0.0223372)
(0.0149502,0.0213853)
(0.0261124,-0.0149788)
(0.00256181,0.0094207)
(0.00758848,-0.0208018)
(-0.00497791,0.0109801)
(-0.0224557,-0.00825219)
(-0.00751908,0.0174158)
(-0.0135688,-0.00616152)
(-0.0271091,0.00647229)
(-0.00550855,-0.00170443)
(-0.00204194,0.0244918)
(0.00232999,-0.0171098)
(0.00546687,0.00201568)
(0.00176926,-0.0112558)
(0.016072,-0.0216054)
(-0.0076596,0.0167227)
(0.0186355,-0.0172922)
(-0.00180535,0.033181)
(0.0163198,0.0074385)
(0.0167134,0.0162217)
(0.0125683,0.0183726)
(0.0114163,-0.0141644)
(-0.00305484,0.00425395)
(0.00109356,-0.018509)
(-0.0190888,0.0113854)
(-0.0337617,-0.00100341)
(-0.0200487,0.0157126)
(-0.0091214,0.00204232)
(-0.0222744,0.015656)
(-0.00212521,0.00660947)
(-0.0189919,0.0164273)
(0.011736,0.00388107)
(-0.00296029,-0.00422617)
(0.00605471,0.00695606)
(0.010072,-0.0323676)
(0.00263021,0.0136486)
(0.0177314,-0.0225198)
(-0.00426638,-0.00217405)
(0.00893654,0.000441447)
(0.0098744,-0.0203433)
(-0.000304004,0.0094269)
(0.0213506,-0.0208002)
(-0.00937388,0.0166014)
(-0.00196959,-0.0141338)
(-0.0205376,0.0057168)
(-0.00931809,0.00272842)
(-0.0171632,0.021628)
(-0.00119628,-0.00952847)
(-0.0147918,0.00671196)
(-0.00591879,-0.00691234)
(-0.00550962,0.00407588)
(-0.00129421,-0.00355735)
(0.00703816,-0.000397322)
(0.0108507,0.00805616)
(-0.00916816,-0.0166196)
(0.025154,0.00378823)
(-0.00402918,-0.010097)
(0.0162136,-0.0201865)
(0.00216375,-0.00312789)
(0.0047971,-0.0296256)
(-0.00921669,0.0239339)
(0.0156918,-0.0262282)
(-0.00588316,0.0132362)
(0.00307616,0.00361364)
(-0.0211268,0.0208587)
(-0.0119148,0.00100076)
(-0.0231581,0.0041518)
(-0.00653918,-0.00793728)
(-0.0228372,0.00482452)
(-0.00523281,-0.0125093)
(0.00515292,0.00273207)
(-0.0159853,-0.00731748)
(0.00277427,0.00436568)
(-0.0157081,0.00404634)
(0.00349361,0.00309149)
(0.00935079,0.0179191)
(-0.00839026,0.00191495)
(-0.000865884,0.0044167)
(0.01004,0.00651787)
(-0.00695316,-0.00445339)
(0.000480154,0.0181637)
(0.00359634,-0.00511299)
(0.00425084,0.0150571)
(9.68751e-05,-0.00367477)
(-0.0168785,0.00919622)
(-0.00521115,0.00506613)
(-0.00984309,0.00243866)
(0.0130794,-0.000516995)
(-0.00614488,0.0023432)
(0.0105149,-0.00699201)
(-0.0104643,-0.00133461)
(-0.00278083,-0.00997276)
(0.00542057,-0.000128157)
(-0.000802754,-0.00165949)
(0.0086722,0.0053101)
(-0.0159698,0.009981)
(0.00182639,0.00529)
(-0.00535672,0.0163447)
(0.00682102,0.00385516)
(-0.0168656,0.0143057)
(0.000931636,0.0029515)
(0.00424217,-0.012994)
(-0.000586292,0.0111966)
(-0.00181428,0.00405738)
(0.00616829,0.00295089)
(0.00912205,-0.00205437)
(0.00950486,-0.0140325)
(0.015282,0.00900131)
(-0.00149465,-0.00108563)
(-0.000461419,0.0226379)
(0.00386012,0.003543)
(0.0174522,0.023565)
(0.00905769,0.00511125)
(0.027699,0.0149308)
(0.00823938,0.0106767)
(0.00819488,0.00499638)
(0.00242145,0.0124938)
(0.014104,-0.00349966)
(0.00360386,0.00754629)
(-0.00113252,0.00561559)
(0.00913527,-0.0140669)
(-0.000357121,0.0104714)
(-0.00945592,-0.00315581)
(-0.0110368,0.0200606)
(0.0050313,0.00643478)
(0.00432213,0.0103311)
(-0.000840377,-0.00312771)
(-0.0134576,-0.00138646)
(0.00262058,0.00709857)
(-0.00569377,0.0235087)
(0.00894116,0.019814)
(0.00396795,0.0277707)
(0.00895447,0.0241388)
(0.00535827,0.00135876)
(0.000488558,0.0212567)
(0.00236853,0.004068)
(-0.00131938,0.0150488)
(-0.00511051,0.0128144)
(-0.0101433,0.00966208)
(-0.00574747,0.0145438)
(-0.00944778,0.00111558)
(-0.0179263,0.035995)
(0.00492887,0.000815105)
(-0.0182949,0.0352764)
(-0.00340508,-0.00127529)
(-0.0256155,0.0245663)
(0.00382598,0.00140526)
(-0.0050187,-0.00984405)
(-0.00148146,0.0134038)
(-0.00193783,0.0175733)
(0.00357846,0.0367809)
(-0.000601327,0.00560063)
(0.00587654,0.0192272)
(-0.00412567,-0.0043842)
(0.00833715,-0.00387619)
(0.00471687,0.00404161)
(-0.00834494,-0.0260676)
(0.00769489,-0.00438349)
(-0.00961187,-0.0166158)
(0.00244347,0.0178355)
(-0.0180981,-0.0223278)
(0.000602499,0.00649012)
(0.000736133,0.00338645)
(-0.0231131,0.00405088)
(0.00096239,0.00400548)
(-0.0317143,0.00378937)
(-0.00976151,0.00636379)
(-0.0165831,0.00191477)
(-0.00622492,0.0109732)
(0.00650996,-0.00864343)
(-0.00622941,0.0350977)
(0.000179142,-0.00998121)
(0.00707654,0.0063093)
(0.00162951,-0.00695768)
(0.0134936,-0.0414297)
(0.0153147,0.0159014)
(0.02148,-0.072425)
(0.0113288,0.00504734)
(0.00462903,-0.0502142)
(0.0167829,-0.00914293)
(0.000543228,-0.0218247)
(0.0271215,-0.0202385)
(0.00513551,-0.0105662)
(0.00529968,-0.027239)
(-0.00957714,0.0123807)
(-0.0288039,-0.0131032)
(0.00224908,0.0139017)
(-0.0163455,-0.00677886)
(-0.0233894,0.00744349)
(-0.00243923,-0.0143563)
(-0.00677284,0.024206)
(0.0064912,-0.0220859)
(0.0275415,-0.00632758)
(-0.0158352,-0.00495731)
(0.0560497,-0.0505167)
(-0.0280764,0.0101272)
(0.0400162,-0.0547589)
(-0.00751754,0.0280276)
(0.0227247,-0.0178954)
(-0.00132578,0.0184605)
(0.0349587,-0.0143029)
(0.0219483,-0.0310732)
(0.0281406,0.0255825)
(0.0223795,-0.0455335)
(-0.00191762,0.00661669)
(-0.00513126,-0.021563)
(0.000398225,0.00830138)
(-0.00410155,-0.00532598)
(-0.0163396,-0.0025221)
(0.00185965,-0.00494476)
(-0.0101035,0.00101328)
(-0.00273027,-0.00549303)
(0.0281434,-0.0180605)
(-0.0168843,-0.00105986)
(0.036505,-0.0423399)
(-0.0392034,0.0321435)
(0.0097937,-0.0216192)
(-0.00990634,0.0297343)
(0.0340269,-0.0159942)
(0.0196226,0.0113131)
(0.0162396,0.0100559)
(0.019803,-0.0193639)
(0.0031787,0.00752223)
(0.00582638,-0.00999692)
(0.00133899,0.0173879)
(0.00681781,-0.00625305)
(-0.007216,0.0188212)
(-0.0088181,0.00429187)
(-0.0144997,0.00102592)
(0.0028067,0.0039786)
(7.74544e-05,0.00658995)
(0.0123685,0.0134337)
(0.0245934,-0.0166414)
(-0.0143597,-0.000709328)
(0.0233199,-0.0481181)
(-0.0363828,-0.000834482)
(0.0103944,-0.0429232)
(-0.0256927,-0.00766114)
(0.00872704,-0.0226889)
(0.0088129,-0.0281631)
(-0.00838123,0.00955291)
(0.00827965,-0.0294441)
(-0.00907175,0.0180521)
(0.028658,-0.0111245)
(-0.0194337,0.020919)
(0.0121619,-0.00338862)
(-0.0178397,0.0150353)
(0.0154447,-0.00318629)
(-0.0139354,-0.0106163)
(0.00384467,-0.00767145)
(0.0108273,-0.00815691)
(0.00850873,0.00224216)
(0.00714349,-0.011922)
(0.0161333,0.000854331)
(0.00590134,-0.0301047)
(0.00846854,-0.0233697)
(0.010775,-0.0244247)
(0.00183981,-0.035427)
(-0.0110546,-0.00745032)
(0.00721171,-0.0523556)
(-0.0212608,0.0178777)
(0.00854851,-0.0218783)
(-0.00292693,0.0381425)
(0.0298799,0.00265641)
(0.00868851,0.020226)
(0.0235391,0.00462523)
(-0.0125644,0.00381152)
(0.014315,-0.0113024)
(-0.00642225,-0.00225982)
(0.0025406,-0.0242108)
(-0.00909499,-0.0171372)
(-0.00153143,-0.0139052)
(0.00429856,-0.0105354)
(0.00718896,-0.00347815)
(-0.00522567,-0.00744035)
(0.0267721,-0.00938227)
(-0.00394844,0.00209193)
(0.00478971,-0.000905673)
(-0.00508066,0.0160428)
(-0.00336412,-0.00714507)
(-0.0103433,0.0384021)
(0.00482075,-0.0173517)
(0.0103374,0.0366683)
(0.00992163,0.00965544)
(0.0119947,0.0192191)
(0.0171212,0.00709661)
(-0.0125244,-0.00377467)
(0.0255298,-0.00486525)
(-0.01037,-0.00386077)
(0.003937,-0.00245275)
(-0.00990266,-0.0214978)
(0.0128785,0.0014929)
(0.00481832,-0.00929227)
(0.00477947,0.00643928)
(0.00831515,-0.00807514)
(0.00536489,0.0123572)
(0.00513968,-0.000192556)
(0.00177328,0.00995744)
(0.00828273,0.00578195)
(-0.00406767,0.0152372)
(-0.00432709,0.0218697)
(-0.00771006,0.00874717)
(0.00629028,0.0182117)
(0.0162078,0.00932008)
(-0.00751896,0.000136793)
(0.0110641,0.0107913)
(-0.00710187,-0.00784551)
(0.0159196,0.00334751)
(0.000996274,0.000769752)
(-0.00310686,0.00329063)
(0.0102309,0.00974163)
(0.0044037,0.00314276)
(0.00144623,0.014172)
(0.0224549,0.0043336)
(-0.00752052,0.0228764)
(0.0211415,0.00146669)
(-0.000145538,0.0171727)
(0.00235573,0.00238158)
(0.00317359,-0.000386436)
(0.00794887,-0.000944524)
(0.004273,-0.0127592)
(-0.0108603,0.00572871)
(0.00455533,-0.0153943)
(-0.0154588,0.0101985)
(-0.00797668,-0.0098483)
(-0.0152642,0.011385)
(-0.00585254,-0.00576942)
(-0.000318707,-0.0116675)
(0.0067616,0.0113523)
(-0.00965211,0.000429351)
(0.00571276,0.0197457)
(-0.00750773,-0.00345437)
(-0.00565248,0.016055)
(0.0163429,-0.00302129)
(-0.00430337,0.0187626)
(0.0133444,0.00330058)
(-0.011101,-0.000500649)
(0.0151553,0.00277886)
(-0.00525714,-0.00795948)
(0.00232778,0.0126147)
(-0.00446187,-0.0239013)
(0.000367838,0.0271821)
(-0.00480978,-0.0106418)
(-0.0236516,0.0262487)
(-0.0117146,-0.00518725)
(-0.00526115,0.00678461)
(-0.0181361,-0.00053282)
(-0.00921512,-0.00154961)
(-0.00414746,0.0216726)
(-0.00665916,0.00312646)
(0.0065776,0.0228174)
(-0.00690058,-0.00366075)
(0.00979934,0.00612657)
(-0.00509327,-0.00212644)
(0.00715977,-0.0287015)
(0.0361817,-0.000420796)
(8.32756e-05,-0.0445131)
(0.0158003,-0.00320722)
(-0.0104641,-0.0427043)
(0.00746931,0.00996025)
(-0.00416605,-0.0351096)
(0.0118798,0.0103566)
(-0.00170089,-0.00130328)
(-0.00651794,0.00971445)
(-0.00692914,0.00327104)
(-0.00499617,0.00244186)
(-0.0145316,0.0151254)
(-0.00677252,0.00600267)
(-0.00737258,0.0161253)
(-0.00117459,-0.00689277)
(-0.00106675,0.0138191)
(-0.00204825,-0.0199957)
(0.0162828,-0.0251239)
(0.00112748,0.00363573)
(0.037816,-0.0636782)
(0.0338687,0.0200729)
(0.0367031,-0.0814213)
(0.00274674,-0.00164837)
(-0.00234742,-0.0591882)
(0.00553297,-0.00310396)
(0.0150288,-0.0394127)
(0.0264074,-0.0240229)
(0.0238025,-0.00904695)
(0.0182867,-0.0222478)
(0.000528809,0.00157054)
(-0.00558452,-0.0147736)
(-0.00854142,0.00848424)
(-0.00988679,-0.012492)
(-0.00862164,-0.00733214)
(0.00681585,-0.0179184)
(-0.000716474,-0.00719608)
(-0.0118929,-0.0336877)
(0.0518852,-0.0264292)
(-0.0321639,-0.0032539)
(0.0465266,-0.00109207)
(-0.0476975,0.0172582)
(-0.0317056,0.0724346)
(0.0317989,-0.0378223)
(-0.040969,0.0598057)
(-0.0797102,0.0069406)
(0.0181727,0.0103897)
(-0.00361465,-0.0314214)
(0.0319011,0.0108773)
(0.0247663,-0.0385377)
(0.0157574,0.0157079)
(0.0139498,-0.0399437)
(0.0113967,0.00495962)
(-0.00291323,-0.0134135)
(-0.00643291,0.000351333)
(0.000118298,0.00171537)
(0.0176674,-0.0134251)
(-0.0130273,-0.00576401)
(0.0256098,-0.0471372)
(-0.0465567,0.00803034)
(-0.014597,-0.0550377)
(-0.0348474,0.00872495)
(-0.0175313,0.0661335)
(0.0424624,0.00565806)
(0.0137973,-0.029893)
(0.0276967,0.0273865)
(0.00846396,-0.037529)
(0.0265127,-0.00762533)
(0.0103304,0.00368762)
(0.0190098,-0.00428919)
(0.0112933,-0.00567751)
(0.00785434,-0.00381502)
(-0.000814253,0.0151054)
(-0.0074135,0.00452046)
(-0.00244867,0.00197769)
(0.00720249,0.00192941)
(0.0298285,-0.00702559)
(-0.0135552,0.00370182)
(0.0126635,-0.0338392)
(-0.0426502,0.000771518)
(-0.00529143,-0.0623115)
(-0.0553006,-0.0174979)
(-0.0268896,-0.0403634)
(-0.0420501,-0.0271456)
(0.0158951,-0.0281771)
(0.00809088,-0.037416)
(-0.0306549,-0.00209652)
(0.00529186,-0.021266)
(-0.00595845,0.0141517)
(0.014536,0.018855)
(-0.00510126,0.0158142)
(0.0214194,0.00382407)
(-0.00340662,0.0144717)
(0.00334894,-0.00114929)
(-0.000173238,0.00353211)
(-0.000694245,-0.0021128)
(0.0173689,0.00262139)
(0.00846753,0.00936702)
(0.0242605,-0.0197696)
(-0.00922171,-0.00756015)
(-0.00452678,-0.034007)
(-0.018577,-0.0283478)
(-0.0299363,-0.0352738)
(-0.0228217,-0.0500839)
(-0.0163855,-0.015155)
(-0.0134345,-0.0369335)
(-0.03277,0.0260569)
(-0.0111098,-0.023378)
(-0.0130477,0.0311171)
(0.0124737,0.0247321)
(0.0108041,0.0038784)
(0.0190074,0.000899801)
(0.00302425,0.0100657)
(0.014957,-0.0105222)
(-0.00410146,0.00299154)
(0.00514126,-0.0109807)
(0.0120633,-0.0115206)
(0.00363861,-0.00309744)
(0.007869,-0.003906)
(0.0204221,-0.00549828)
(0.0077156,-0.00593748)
(0.00838214,-0.0173348)
(-0.00156795,-0.00219435)
(0.0117657,-0.00306095)
(-0.0100679,0.0130369)
(-0.00470535,-0.00969035)
(-0.0282001,0.046043)
(-0.0109994,0.00791202)
(0.00617003,0.0429268)
(0.00822314,0.0270208)
(0.0070093,0.0180381)
(0.0116319,0.00357365)
(-0.00190471,0.00458149)
(0.0191526,-0.0107559)
(0.00432519,-0.00371178)
(0.00613146,-0.00389451)
(0.00427719,-0.0049543)
(0.0142804,-0.00443067)
(0.00247876,-0.00535792)
(0.0118905,0.00621819)
(0.0118595,0.008503)
(0.0168278,8.53024e-07)
(0.0190293,0.00745918)
(0.0218903,0.0136869)
(0.0086419,0.0152652)
(0.00288044,0.0126689)
(0.00150548,0.0401038)
(0.00303348,0.00763005)
(0.00880367,0.0283581)
(0.00947083,0.0182032)
(0.0127289,0.00743216)
(0.0126627,0.0104591)
(-0.0022356,-0.0137183)
(0.0220158,-0.00430757)
(-0.00513837,0.00351147)
(-0.000903281,-0.00503589)
(-0.00406787,0.0099002)
(0.00226094,0.00468995)
(0.00355698,0.00995914)
(0.0101814,0.0173609)
(0.00972727,0.0165182)
(0.0116085,0.0108426)
(0.00763036,0.0160904)
(0.00640708,-0.00451597)
(0.0135332,0.00120684)
(0.000713421,-0.0136745)
(0.000699601,-0.00417767)
(-0.00887577,-0.00263004)
(-0.00843106,-0.0164919)
(-0.0176773,0.00243851)
(-0.00143024,-0.0089371)
(-0.00330429,-0.00512172)
(-0.00302868,-0.00477958)
(-0.0101695,-0.0161209)
(-0.0144418,0.00957298)
(-0.00731141,-0.0159431)
(-0.002049,0.00748037)
(-0.00719367,0.00505197)
(0.0155117,0.00273)
(0.00981253,0.0241124)
(0.0163616,0.00113698)
(0.0365334,0.0233106)
(0.00604021,-0.010531)
(0.0091643,0.00946649)
(0.00739093,-0.00956286)
(-0.010353,0.0191875)
(0.00744297,-0.0168516)
(-0.0185468,0.00555612)
(0.00195875,-0.00332923)
(-0.0142626,0.00364974)
(-0.008945,-0.0140221)
(-0.0118821,-0.00669666)
(-0.00556065,0.00613927)
(0.00255146,-0.0194569)
(-0.0126724,0.017141)
(-0.00528459,0.0188832)
(0.00916534,0.00934645)
(-0.0123933,-0.00175795)
(0.0149311,-0.0185787)
(0.0285189,0.0308614)
(0.000488096,-0.0243672)
(0.0691466,0.0323795)
(-0.00103094,-0.0127394)
(0.0252972,0.0112388)
(-0.0174583,-0.0266787)
(-0.000378279,0.00156697)
(-0.0126497,-0.0205915)
(-0.0119231,0.0313472)
(-0.00163981,-0.00670563)
(-0.00350325,0.0121431)
(-0.015701,0.00517935)
(0.00322662,-0.00178245)
(-0.0157047,0.00508219)
(0.00376885,-0.00644412)
(-0.00335676,0.00289153)
(0.00510772,-0.00354315)
(-0.00211317,-0.00558822)
(0.0110554,0.00103728)
(0.00206663,-0.0135653)
(0.0382382,0.0136682)
(-0.0051315,0.031949)
(0.0555267,0.0243057)
(-0.0037249,0.0955077)
(-0.0883477,-0.0140052)
(-0.044889,0.0361874)
(0.0291009,-0.012143)
(-0.0125444,-0.0118674)
(0.000479141,0.00707592)
(0.00159588,-0.0213247)
(-0.00446086,0.00320022)
(-0.000133148,-0.00478728)
(0.00265142,-0.00668077)
(-0.0160437,0.0114559)
(-0.0090637,0.000605271)
(-0.0135084,-0.00813495)
(0.0154893,-0.00292752)
(0.0164026,-0.00901164)
(0.00380547,-0.0175805)
(0.00837972,0.00829249)
(-0.026995,0.00105707)
(-0.00672897,0.126695)
(0.0263496,0.0128177)
(0.00138414,-0.0307232)
(0.00380798,-0.000668438)
(0.0121841,-0.0177499)
(0.0089927,0.00596439)
(0.00803596,0.0446416)
(-0.011971,0.0233147)
(0.014974,0.0238642)
(-0.00593223,0.00235346)
(0.0191663,-0.00927417)
(-0.0026106,-0.00791425)
(-0.00586966,0.00459543)
(-0.0106582,0.00516306)
(0.00180209,-0.00276935)
(0.0043585,-0.00463571)
(0.00715214,-0.0128878)
(-0.0169588,0.00447893)
(-0.00621465,-0.0269711)
(-0.00895851,8.91776e-05)
(-0.0588608,-0.00137793)
(0.0639692,-0.060568)
(0.0204262,-0.0100091)
(-0.0106257,0.00760794)
(-0.0174232,0.00248481)
(-0.00489741,-0.0113082)
(-0.0280837,-0.018673)
(-0.0315337,0.0142814)
(0.012523,-0.0204826)
(0.0142072,0.0492232)
(0.00515974,-0.0067334)
(0.00878757,0.0155499)
(0.00640508,-0.00214276)
(-0.011411,0.0119473)
(0.00516642,0.0194752)
(0.00619632,0.00428081)
(0.00802306,0.0147112)
(-0.00232442,0.00855588)
(-0.0117398,0.00807775)
(-0.0108483,0.00848953)
(-0.0692919,-0.0218318)
(0.00826753,-0.00922763)
(-0.0288075,0.0108366)
(-0.0112536,-0.00536119)
(0.122445,0.0466483)
(0.021174,0.0662701)
(-0.0127634,-0.00659874)
(0.0104839,0.0242659)
(-0.0147327,-0.00576322)
(-0.00548446,0.0346194)
(0.00363167,-0.00992927)
(-0.000697605,0.0112644)
(-0.00517719,-0.00311922)
(-0.00637196,0.00485592)
(-0.00109646,0.0257031)
(0.0144016,0.00283063)
(0.00704433,0.00792289)
(0.000811044,0.00737161)
(-0.0165276,-4.95724e-05)
(0.00860941,-0.00224742)
(-0.0377536,-0.00737176)
(-0.0176477,-0.0282567)
(-0.0341383,0.00467674)
(-0.0158538,-0.026907)
(0.000245843,0.0114878)
(-0.0265446,-0.0148904)
(-0.0303807,0.0246119)
(-0.019316,0.00812088)
(-0.00170535,0.011264)
(-0.00761693,0.0144621)
(0.00319995,0.00234445)
(0.00597283,0.00656062)
(-0.00495106,-0.00937651)
(-0.00535531,-0.00836426)
(0.00107962,0.00815989)
(0.0084715,0.00715381)
(0.00108001,0.0137319)
(0.00778437,0.0144643)
(0.0033295,-0.00196113)
(0.00660652,0.00840346)
(-0.00158906,0.00734173)
(0.00372688,-0.015634)
(-0.00381266,0.00340205)
(-0.00872023,-0.0149091)
(-0.00153582,0.0129415)
(-0.000134082,0.0021275)
(-0.0111398,0.0338167)
(-0.00196042,0.00249885)
(-0.00263562,0.0160969)
(-0.0090534,0.014781)
(0.00583002,0.00527692)
(-0.00789658,-0.0128189)
(-0.0164382,-0.00617943)
(-0.00189806,-0.0131122)
(-0.00456177,0.00745414)
(0.00342381,0.00381527)
(0.00610768,0.00564663)
(0.00625123,0.00262846)
(0.00554234,0.0132213)
(0.00478116,0.00320934)
(0.00936073,0.0132618)
(0.00412245,0.00536357)
(0.0124859,0.00799991)
(0.0114179,0.0102685)
(0.0065466,0.00535678)
(-0.0015327,0.0161631)
(0.0107056,0.014549)
(0.00191606,0.0101585)
(0.00822764,0.00572991)
(0.00902721,0.0140958)
(0.00346648,-0.00411534)
(-0.00648697,-0.00364482)
(0.00300568,-0.00697997)
(0.00495204,-0.0144503)
(-0.00521365,-0.00586623)
(-0.00645139,0.0031424)
(-0.00156783,0.0104509)
(-0.000812331,0.0149408)
(0.00499168,0.0154542)
(0.00484774,0.0160802)
(0.0169041,0.0238812)
(0.00856004,0.00541936)
(0.0242683,0.0124548)
(0.00803324,-0.0145182)
(0.013902,0.00891337)
(-0.00356852,-0.00919881)
(0.00856987,-0.0070972)
(-0.0113672,0.00508904)
(0.000912828,-0.00615246)
(-0.0036782,-0.0081905)
(0.00331935,-0.00863111)
(-0.0152695,-0.00173252)
(0.00500153,-0.00257014)
(-0.00362999,-0.0166116)
(-0.0204573,0.0115081)
(0.00215529,0.000835682)
(-0.0125677,0.00941469)
(0.00300585,0.0101082)
(-0.00645554,0.00318236)
(0.00966284,0.0262241)
(0.00776718,0.00823512)
(0.033821,0.00795162)
(0.0140281,-0.00857893)
(0.00249493,-0.00382929)
(0.00487027,0.0119168)
(-0.0199799,0.0101174)
(0.00988243,0.00442363)
(-0.0207979,0.0165397)
(0.0175187,0.00175476)
(-0.0054321,-0.00117154)
(-0.00722052,2.87252e-06)
(0.00472019,-0.00458566)
(-0.00915229,0.00290821)
(-0.00737994,-0.00512758)
(-0.00990493,0.00458636)
(0.0116097,0.0136594)
(-0.012468,0.00759737)
(0.0105121,0.0163361)
(-0.0171035,-0.0169571)
(0.0247896,0.012285)
(-0.00529852,-0.0259123)
(0.0550484,0.0221088)
(-0.00226937,-0.0346889)
(-0.0169453,0.0143497)
(0.0201256,0.00625165)
(-0.0103323,0.0247961)
(-0.0105248,-0.00949695)
(-0.0303823,0.0201515)
(-0.00897432,0.00771371)
(-0.0126444,0.0140454)
(-0.0100181,0.00559074)
(0.00556759,-0.00664262)
(-0.0169257,0.0200052)
(0.0222241,0.00864764)
(-0.00777589,0.00171679)
(0.0157933,0.00894354)
(-0.0156713,-0.00523693)
(0.0189946,-0.0078723)
(-0.0223496,-0.032144)
(0.0334656,0.0112735)
(-0.0284084,-0.0582185)
(0.0300922,0.0263424)
(-0.0139233,-0.00973843)
(-0.0543778,0.0187126)
(0.0564888,-0.00715403)
(0.0676545,-0.0279223)
(-0.000824239,-0.0387297)
(-0.000805526,0.00467533)
(0.0147158,-0.0226611)
(-0.0249255,0.0170315)
(-0.00428893,-0.00777632)
(0.00379651,0.00803318)
(-0.0151759,0.00379354)
(-0.000882713,0.00153824)
(-0.00328375,-0.00240807)
(0.0210998,-0.00190639)
(-0.00769254,-0.00822616)
(-0.00824998,-0.00869914)
(-0.00597986,-0.0183203)
(-0.0146146,-0.00610662)
(-0.0067752,-0.0651744)
(-0.0711084,0.0103668)
(0.00328427,0.0123829)
(0.00843813,-0.000533579)
(-0.0153735,-0.00528736)
(-0.0067931,-0.00473921)
(-0.0156996,0.00902833)
(0.00560842,-0.0346641)
(0.000958622,-0.0347371)
(-0.021091,0.0205441)
(0.0190025,-0.0193797)
(-0.0173199,0.00713049)
(-0.00657373,-0.00799006)
(-0.00707941,0.00994719)
(0.0146083,0.0101174)
(0.00698182,0.00464846)
(0.00550806,0.0106307)
(0.00693441,0.00110451)
(0.00965889,0.0220991)
(-0.00778169,0.0329093)
(0.0537921,0.0129354)
(-0.0267002,0.0443743)
(-0.0125961,-0.00418643)
(0.0056082,-0.0272196)
(0.00931856,-0.00505439)
(-0.00712385,0.0206317)
(0.031273,0.0621807)
(0.0247848,-0.0444054)
(0.0334756,-0.0153865)
(0.00151805,0.0443555)
(0.0153522,-0.020568)
(0.00921758,0.0242436)
(-0.0131292,-0.0100297)
(-0.00524311,0.0130031)
(-0.00402146,0.0202612)
(0.0121423,0.00681869)
(0.00326471,0.0353673)
(0.00722051,0.0183487)
(-0.00369616,0.0308703)
(0.0239718,0.0263575)
(0.032752,0.0250407)
(0.0349242,0.0424165)
(0.0372373,-0.0149588)
(0.0366023,0.0158588)
(-0.0494372,-0.0231787)
(0.0229547,-0.0425099)
(-0.0446304,0.00751557)
(-0.0107446,-0.0300841)
(-0.00989542,0.0028727)
(-0.0117532,0.0213508)
(0.00925747,-0.0243131)
(-0.00816748,0.0166402)
(0.00471391,-0.0130577)
(-0.00283416,0.00536964)
(-0.0208802,0.0228593)
(0.00836072,0.0033798)
(-0.02411,0.0139816)
(0.0219551,0.0117192)
(-0.0198475,0.0305087)
(0.0177657,0.0142491)
(-0.0179989,0.0244414)
(0.0072752,0.0169825)
(-0.0238053,-0.0030152)
(-0.0338642,0.000713438)
(-0.0535735,0.016102)
(-0.0350644,-0.024025)
(-0.0263945,0.0161542)
(-0.0386847,-0.0027777)
(-0.0220398,0.00934901)
(-0.021615,0.033056)
(0.0061583,-0.00896263)
(0.00679434,-0.00133992)
(0.00779416,-0.0102976)
(-0.0101342,-0.00131149)
(-0.0205616,0.0138543)
(0.00706069,0.0190032)
(-0.00537322,0.00667953)
(0.00456292,0.0121593)
(-0.00598702,0.00905378)
(0.00616449,0.00730349)
(0.010765,0.0252776)
(-0.00802725,0.00790124)
(-0.0101709,0.00212268)
(-0.0248138,0.0127282)
(-0.0108201,0.00298169)
(-0.0334283,0.0123184)
(-0.0150672,0.0175231)
(-0.011792,0.0180506)
(0.00670595,0.00934225)
(-0.00795269,0.0116251)
(0.012849,0.00301589)
(-0.0174317,-0.00341225)
(0.000282184,-0.00393132)
(-0.0232436,-0.0124499)
(-0.00720676,-0.00167654)
(0.00212804,0.0151)
(0.00790607,0.0056057)
(-0.00384257,0.0102573)
(0.0108848,0.00559088)
(-0.00793424,0.02156)
(0.00191203,0.0033209)
(0.00241051,0.00623502)
(0.00275122,0.00650745)
(-0.00932924,0.0169679)
(0.00955164,0.006013)
(-0.00336166,0.0270838)
(0.0136919,0.01136)
(0.00753933,0.0139878)
(0.0152788,0.00111433)
(-0.00599395,0.00588281)
(0.00891085,-0.00291129)
(-0.00157451,0.000531281)
(0.010328,-0.00818981)
(-0.00281194,-0.00453378)
(-0.00244178,-0.00922575)
(0.00202335,0.00963684)
(0.00081401,0.00248848)
(-0.000148867,0.0143668)
(0.00333541,0.0140519)
(0.0100096,0.0105749)
(0.0178791,0.0142999)
(0.00537759,-0.00702874)
(0.0131644,0.00737188)
(-0.00703346,-0.0169556)
(-0.00134213,-0.000923725)
(-0.0162773,-0.00387251)
(-0.0082836,-0.0054933)
(-0.00292213,-0.0113736)
(0.00861152,-0.00832317)
(-0.0100596,-0.0163887)
(-0.0060286,0.00495213)
(-0.0130883,-0.0265461)
(-0.00124513,0.000586032)
(-0.00816792,-0.0301709)
(-0.0168668,-0.00271228)
(-0.0100855,0.00945299)
(-0.0179607,0.00863752)
(-0.00419818,0.0121938)
(0.00232622,0.0168672)
(0.00162737,0.0119881)
(0.0115748,0.00453538)
(-0.00166032,-0.00541448)
(0.0130803,-0.010781)
(-0.0171682,-0.0147206)
(-0.00710601,0.00348494)
(-0.0432002,0.00164705)
(0.0132369,-0.00177021)
(-0.0213143,0.00249541)
(0.0121822,0.000382327)
(0.00208248,-0.0102523)
(0.0036316,0.000110204)
(-0.0130068,-0.0200166)
(-0.016593,0.0201047)
(0.00937578,-0.0151934)
(-0.0133753,0.0055145)
(0.00545709,0.0132383)
(-0.00265527,0.0122064)
(0.00261632,0.00846256)
(0.00201518,0.0106884)
(0.0217849,0.0129738)
(0.00449179,-0.00385047)
(0.0163189,-0.0160116)
(-0.00984144,-0.00967069)
(-0.0164004,-0.0161077)
(-0.0186805,0.0235588)
(-0.0414647,0.00356782)
(-0.0280129,-0.0116882)
(-0.0321597,0.0203451)
(0.000607976,0.00479111)
(-0.00858393,0.00499534)
(-0.00805355,0.010263)
(0.00720257,-0.0141218)
(-0.0169853,0.010796)
(-0.000376582,-0.0163283)
(0.00278655,-0.0113276)
(0.0131582,0.005423)
(-0.00805514,-0.00839996)
(0.0260411,-0.00696748)
(-0.0170112,-0.00486227)
(0.0430909,-0.0248011)
(-0.0335268,-0.0181117)
(0.0279553,-0.0453163)
(-0.0167161,-0.0059695)
(-0.0182996,-0.0327833)
(0.00469314,0.0226272)
(-0.0140709,-0.00297302)
(-0.0378008,-0.0221273)
(-0.0342914,0.00774087)
(-0.0156592,-0.031621)
(-0.010015,0.00371165)
(-0.00626257,-0.00745792)
(0.00697712,-0.0178976)
(-0.0182306,0.00611933)
(0.0160945,-0.0146471)
(-0.00394883,-0.00559752)
(0.0123674,0.00332996)
(0.00343271,-0.00569945)
(0.0177811,-0.0101543)
(-0.0281104,-0.0219447)
(0.0104174,-0.0358996)
(-0.00594915,-0.0320933)
(0.0128135,-0.0594293)
(0.0374187,-0.0126875)
(0.0676574,-0.00519657)
(0.0343418,0.04294)
(-0.0234811,0.0496413)
(-0.026547,-0.0477733)
(-0.0180676,0.0382813)
(0.0128044,-0.0325852)
(-0.0203821,0.0183257)
(-0.00467324,-0.0219248)
(-0.00253462,6.14107e-05)
(-0.0245967,0.00740054)
(0.00302704,-0.0150314)
(-0.00367935,0.00109787)
(0.0137172,0.00183168)
(-0.0149072,0.0106584)
(0.0148866,0.00546902)
(-0.00441036,0.0166271)
(0.0104314,-0.0300916)
(0.025676,0.0343775)
(-0.0124465,-0.0183487)
(-0.0692386,0.0538908)
(-0.0561186,0.0974467)
(-0.0261728,-0.0125346)
(0.0114391,-0.0023029)
(-0.00104364,-0.0432259)
(0.0356346,0.00998344)
(0.0178532,-0.0291842)
(0.0119404,0.030992)
(0.00321364,-0.0143027)
(0.01093,0.0171549)
(-0.015255,-0.00699237)
(0.000858646,-0.00149555)
(-0.0134942,0.00660906)
(0.0193179,-0.00630985)
(-0.0273656,0.0128695)
(0.0226303,-0.00493357)
(-0.0224089,0.0427972)
(0.027301,0.00303115)
(0.0321097,0.0330361)
(-0.00201053,-0.00116707)
(0.0410213,0.000843046)
(-0.0163071,0.0224178)
(-0.00114046,-0.028659)
(-0.0170958,-0.0592991)
(-0.00484334,-0.0241556)
(0.0101902,-0.0143376)
(0.0244369,-0.0222752)
(-0.00198574,0.0185888)
(0.00364391,-0.0137735)
(0.00263894,0.0225307)
(-0.00522258,-0.0225095)
(-0.00648338,0.00953593)
(-0.0330421,-0.00329903)
(0.00949434,-0.00346379)
(-0.0414179,-0.00111748)
(0.0112442,0.00379101)
(-0.0306616,0.0111308)
(0.0217138,-0.0100418)
(0.00298779,0.0313057)
(-0.00541203,0.00726694)
(-0.0059505,0.0108945)
(-0.0495913,0.00577543)
(-0.00942773,-0.00462473)
(-0.0326984,-0.00141053)
(-0.0153521,-0.00161777)
(-0.0166533,0.0193022)
(0.00218124,0.00521098)
(-0.0083785,0.0279253)
(0.00506134,-0.0179778)
(-0.0100681,0.0265558)
(0.0161684,-0.013343)
(-0.0144652,0.0205053)
(-0.0176409,-0.00248569)
(0.00965787,0.00767317)
(-0.0113434,0.0148495)
(0.00132319,0.00849304)
(0.00520216,0.00356618)
(-0.0122808,-0.00172818)
(0.00533729,0.0145806)
(-0.00911875,-0.0126339)
(0.000159646,0.0161638)
(-0.051589,0.0162641)
(-0.0181764,0.00430143)
(-0.0289079,0.0155522)
(-0.00284851,0.0173792)
(-0.021487,0.0167992)
(0.00693975,0.00998151)
(-0.0130024,0.0276698)
(0.0240947,-0.00443749)
(-0.0149547,0.0144602)
(0.00867177,-0.00966744)
(-0.0134418,0.00525923)
(0.0131637,-0.0102951)
(0.0132169,0.012389)
(0.013074,0.0107496)
(-0.00332026,0.00823434)
(0.00882397,0.0110206)
(-0.00511933,0.00745131)
(0.0100809,0.0110965)
(-0.0248743,0.0175616)
(-0.00556753,0.00281804)
(-0.0194735,0.0189778)
(0.00132618,0.000897819)
(-0.0174205,0.0262197)
(0.0108392,0.00914435)
(-0.00816955,0.0298071)
(0.0105366,-3.12951e-05)
(-0.00293446,0.0255416)
(0.0146586,0.0010946)
(-0.000386094,0.00679126)
(0.0265476,0.0100097)
(-0.00448844,6.56022e-05)
(0.00151478,-0.0133152)
(-0.0108351,0.00574082)
(0.0174629,0.0010745)
(0.00854279,0.00192795)
(0.00995569,0.0045574)
(0.0205612,-0.00465854)
(-0.00248662,0.00583035)
(0.0194251,-0.00362912)
(0.00467322,0.00360946)
(0.0117468,-0.0209373)
(-0.022466,-0.00863853)
(1.49382e-05,-0.0159621)
(-0.00576148,0.00196807)
(0.0036861,0.00286428)
(-0.00893073,0.00505305)
(0.00748887,-0.000912622)
(-0.00498367,-2.5003e-05)
(-0.00822553,-0.0241302)
(0.00300005,-0.000958297)
(0.00289646,-0.0253283)
(-0.00536434,0.00155575)
(0.00175482,0.000419252)
(-0.00576979,0.00676)
(0.00384646,-0.00182849)
(-0.00856594,0.00738099)
(0.0154663,-0.0012383)
(0.0147157,0.00454563)
(0.000822983,0.00358582)
(0.015013,-0.0055568)
(-0.008039,-0.0060686)
(-0.0016833,-0.00126547)
(-0.00892941,0.00051233)
(-0.000463061,-0.00146399)
(0.0164063,0.00300029)
(0.0129054,0.014084)
(0.0238984,0.00443544)
(-0.0124362,-0.00173059)
(0.0160687,-0.00846814)
(-0.0145588,-0.000378203)
(0.00587633,-0.0232434)
(-0.00481503,0.00378795)
(0.00716928,0.00309905)
(-0.00860399,0.000881502)
(0.0147687,-0.000537461)
(0.0189823,0.0174873)
(0.0106832,0.0225265)
(0.0212103,-0.00755224)
(0.00375638,0.0151822)
(-0.000465162,0.0150314)
(-0.0118498,-0.00906404)
(-0.0225824,-0.000590889)
(-0.0184522,0.00218044)
(-0.0155402,0.00338133)
(0.00872625,0.0158623)
(0.0110774,0.0175111)
(0.0330023,0.0127421)
(0.00987535,0.00268636)
(0.0184384,-0.00877886)
(-0.0133732,0.000633744)
(0.0164491,-0.0183144)
(0.00296418,7.88766e-05)
(0.00370876,4.21409e-05)
(0.0202589,-0.00735913)
(0.00712075,0.0123546)
(0.00986391,-0.00524304)
(0.0299348,0.0132953)
(-0.00845865,-0.00887758)
(0.02058,-0.0262321)
(-0.0269482,-0.00269327)
(0.000413932,-0.0453001)
(-0.0571637,0.0264105)
(-0.0222519,-0.0343505)
(-0.0488472,-0.0175759)
(-0.0153738,-0.0151307)
(-0.00563097,-0.000981316)
(0.00547445,-0.00294829)
(0.00501141,0.00355576)
(0.0207457,-0.0136015)
(0.00419136,0.00717924)
(0.015012,-0.0172367)
(0.00352528,-0.00644688)
(-0.000265212,0.015574)
(0.00803908,-0.00348759)
(0.00817247,0.0124752)
(0.00712231,-0.00808984)
(0.0171018,0.00325589)
(0.000278757,-0.0248163)
(0.0149996,-0.0380829)
(0.0109218,-0.0143397)
(0.0193119,-0.0551527)
(-0.000336483,-0.00251097)
(-0.0100952,-0.0402589)
(-0.0254844,-0.0138404)
(-0.0116454,-0.0130183)
(0.0013758,-0.014255)
(0.00445069,-0.0078647)
(-0.00324929,0.0055343)
(0.0237445,-0.0132909)
(-0.0133291,0.00973919)
(0.014234,-0.00702348)
(0.00115124,-0.00665866)
(0.0124826,-0.00773767)
(0.00207573,0.0011008)
(0.010466,0.00590295)
(-0.0112603,0.00446032)
(0.0199137,-0.010098)
(0.0340683,-0.0108823)
(0.0127651,-0.0449056)
(0.0297916,-0.0194948)
(0.00366154,-0.0453676)
(0.0078519,-0.0458994)
(0.0215946,-0.0701754)
(0.00686581,-0.0294644)
(0.0289406,-0.0341394)
(0.0110991,-0.0165415)
(0.0382656,-0.00265699)
(-0.00179623,0.00927524)
(0.0346189,0.0127789)
(-0.0188267,0.00853614)
(0.0127714,-0.000164813)
(-0.00971728,0.00110333)
(0.00576438,-0.0172492)
(-0.0100331,-0.00512182)
(0.0123814,-0.0141623)
(-0.00842085,0.000668553)
(0.0119175,-0.0162017)
(0.0271745,-0.00901667)
(0.0223247,-0.0148558)
(0.039564,-0.0193807)
(-0.0111364,-0.0260246)
(0.0267537,-0.04272)
(0.021326,-0.0405179)
(0.0174028,-0.0295402)
(0.00775925,-0.0112882)
(0.00822175,0.000950021)
(0.0144182,0.0109863)
(0.00526999,-0.00201992)
(0.00913975,0.0102026)
(-0.00781536,0.00481347)
(-0.00031818,0.0162815)
(-0.0338841,-0.0088982)
(0.00479077,-0.00715144)
(-0.0306939,-0.00556379)
(-0.000698897,-0.0164725)
(-0.00778023,-0.00614075)
(0.00744104,-0.0297557)
(0.00353738,0.0045219)
(0.00619064,-0.0297643)
(0.00328461,0.00515319)
(-0.0225208,-0.00272105)
(-0.00608533,-0.00844639)
(-0.0171702,-0.00258516)
(0.00234992,0.00946129)
(0.0001937,0.0234455)
(0.00395628,8.94532e-05)
(0.00425368,0.0280792)
(-0.00244933,-0.00970484)
(-0.00456134,0.0316979)
(-0.00565924,-0.0196204)
(-0.00819256,0.0121865)
(-0.00692996,-0.0116435)
(0.00840362,0.00391862)
(-0.00506646,-0.0041888)
(0.00906553,-0.00776501)
(0.00864522,0.00942142)
(-0.00154594,-0.0121883)
(0.0193522,0.0140586)
(-0.0192465,-0.0144092)
(-0.0112645,0.0232949)
(-0.0298871,-0.00881051)
(-0.0149558,0.0175168)
(-0.0140115,0.000654972)
(0.00197614,0.0178198)
(0.00273136,0.0325469)
(-0.00142034,-0.00475792)
(0.002413,0.0234157)
(0.0125898,-0.000487421)
(-0.00252339,0.0235144)
(0.0141891,-0.00250215)
(-0.0112792,0.00395953)
(0.0102455,-0.00941374)
(0.0102507,-0.0069433)
(0.0191357,-0.00902998)
(0.00969078,-0.0152022)
(0.0210989,0.00632695)
(0.00905093,-0.000532017)
(0.0116962,0.01573)
(-0.00471939,-0.000964499)
(-0.00435631,0.0144802)
(-0.0113743,0.00297557)
(-0.010145,0.0210465)
(-0.00753576,0.011714)
(-0.00363585,0.0112711)
(0.00314319,0.025066)
(-0.00882319,0.0105408)
(-0.000135616,0.0255371)
(0.0140909,0.00309143)
(0.0183731,-0.00358828)
(0.0116748,-0.000156807)
(0.015628,-0.0131532)
(0.000525977,-0.0176044)
(-5.11156e-06,0.00398717)
(0.00754823,-0.00382274)
(-0.000556588,-0.0189608)
(0.0103979,0.00896584)
(0.0170166,-0.00859791)
(0.00379772,0.00723132)
(0.0170313,0.000134023)
(-0.00831328,0.0159989)
(0.016764,-0.00624148)
(-0.0101991,0.00368404)
(0.0027073,0.00495934)
(-0.0216606,-0.000729955)
(0.00690081,0.00656612)
(-0.0108688,0.00625723)
(0.017844,0.00744982)
(-0.00624457,0.00226342)
(0.0179916,-0.00545306)
(-0.00645311,-0.00391543)
(0.00613635,-0.0248367)
(-0.0100441,-0.00290474)
(-0.00627008,-0.0191896)
(0.00124784,0.00719422)
(0.000125943,-0.0312132)
(-0.00253483,0.0120229)
(0.0133485,-0.0138388)
(0.00596732,0.0130746)
(0.00864228,-0.00139722)
(0.0178358,0.0229184)
(0.00871209,-0.0147978)
(-0.00796244,0.0135362)
(0.00784203,-0.00451729)
(0.0033023,0.00238144)
(0.00972349,-0.00300869)
(0.00420365,0.00639606)
(0.0274403,0.00688488)
(0.000150881,-0.00617192)
(0.00949117,-0.00058964)
(-0.00139083,-0.0152761)
(0.00679383,-0.0121118)
(-0.019503,-0.000265812)
(-0.00193646,-0.0127945)
(-0.000361982,0.00298905)
(-0.000975709,-0.0158906)
(0.00163582,0.00398895)
(0.00244264,0.000819262)
(0.0274562,0.00501362)
(0.000266928,0.0167058)
(0.0178855,0.024843)
(-0.00479498,0.00154144)
(-0.00967562,0.0111859)
(0.00552517,0.00430716)
(0.0029636,0.00460774)
(0.00602762,0.0111056)
(0.0221918,-0.000904666)
(0.0230872,0.00731679)
(0.00782292,-0.00757091)
(0.0153991,0.00209066)
(-0.00465686,-0.00494013)
(0.00991431,-0.0138078)
(-0.00638933,0.0129326)
(-0.00958312,0.00264143)
(-0.00826262,-0.00241525)
(-0.0135218,9.35848e-05)
(0.00735321,-0.0045964)
(0.00367954,0.0107488)
(0.00313594,-0.00745428)
(0.00920684,-0.00221056)
(-0.00960848,0.0159606)
(-0.00845345,-0.0098373)
(-0.017606,0.0120479)
(-0.00804117,-0.00501811)
(-0.0157284,-0.00402003)
(-0.00522807,0.00631924)
(0.0154954,0.00860344)
(0.0115815,0.00962758)
(0.0214935,0.00311959)
(0.00830082,-0.00848183)
(0.000261805,0.00492536)
(0.0160624,-0.00172139)
(0.00175301,-0.00031627)
(-0.0123499,0.00873846)
(0.00910135,-0.00162333)
(-0.014828,0.0195958)
(0.00181964,-0.00867849)
(0.00585751,0.00989428)
(0.0102632,-0.0159778)
(0.00913193,-0.00226643)
(0.00739233,-0.0100552)
(0.00554702,-0.0194099)
(-0.0177976,0.0107404)
(-0.00350066,-0.0172721)
(-0.00846778,0.00730763)
(-0.00964229,-0.00126687)
(0.00514239,0.0093878)
(0.0183534,0.00367198)
(0.004887,0.0161923)
(0.0248654,0.0151312)
(-0.00688116,0.0122918)
(0.0119252,-0.00089376)
(0.00499066,0.0129397)
(0.001498,-0.00286463)
(0.00998078,-0.00176893)
(-0.0123406,-0.00263986)
(0.00916218,0.011556)
(-0.00304535,-0.000691405)
(0.012464,-0.00997647)
(0.0168408,-0.014566)
(0.0233817,-0.0147017)
(0.00964342,-0.0164385)
(0.00575436,-0.000736834)
(0.0201393,-0.034841)
(-0.00839503,0.00303785)
(0.0153165,-0.0137355)
(0.00356106,0.00573697)
(0.020521,0.00207038)
(-0.00105409,0.02087)
(0.0242175,0.00149094)
(-0.00549348,0.0134085)
(0.0166519,0.00435639)
(-0.00173249,0.00796276)
(-0.000187184,-0.00696276)
(0.00661678,-0.00247742)
(-0.00484383,-0.0230301)
(0.00676757,0.00711917)
(-0.00151064,-0.0220927)
(0.017143,0.000699351)
(0.0195392,-0.009131)
(0.023276,-0.0143857)
(0.011113,0.00326334)
(0.0096297,-0.00315178)
(0.011485,-0.0150043)
(0.0181405,0.00378398)
(0.025572,-0.00563383)
(0.0112256,0.00667029)
(0.0124268,0.00243811)
(-0.000806779,0.000458452)
(-0.0028165,0.00459336)
(-0.00983663,-0.00280707)
(-0.0117784,-0.00510071)
(-0.0168691,-0.00355813)
(0.0129349,-0.00949364)
(-0.0153059,-0.002577)
(0.0051217,-0.0112803)
(-0.00218076,0.0092545)
(0.000667212,-0.0227077)
(0.0108113,0.00970279)
(0.0117602,-0.0177643)
(-0.00321222,0.00586668)
(-0.00434787,0.013282)
(0.00229299,0.00585382)
(0.00142928,0.00545348)
(0.0089322,0.0129563)
(0.00799706,0.0279215)
(-0.000142024,-0.000191156)
(0.00925255,0.0171551)
(0.00629218,-0.000436809)
(-0.0252693,0.00701718)
(-0.00409743,-0.00359446)
(-0.0174442,0.000950695)
(-0.0131268,-0.00788505)
(0.0216969,0.00345484)
(-0.00209146,-0.0135475)
(0.0245874,0.00609189)
(-0.00170597,-0.0043048)
(0.0208192,-0.00780388)
(-0.000324461,0.00937868)
(0.00542153,-0.0157505)
(-0.00637736,0.0190536)
(-0.000624111,-0.0109228)
(-0.00899902,0.0224623)
(0.00180518,0.00432728)
(-0.000456266,0.012069)
(0.0159621,0.0213941)
(-0.00426493,0.0110519)
(-0.00488156,0.00952321)
(0.00632933,0.00779496)
(-0.0144306,0.000134679)
(-2.84695e-05,-0.00415466)
(-0.0146938,-0.0202076)
(0.0066297,-0.0100244)
(0.00295829,0.00194871)
(0.0073603,-0.0154093)
(0.0208098,-0.00304598)
(0.0108446,-0.00484669)
(0.0289542,0.00566265)
(0.00376687,0.00583034)
(0.0184895,0.00610515)
(-0.000278849,0.0188595)
(0.0118794,-0.00996222)
(-0.00476576,0.0215747)
(0.0118261,-0.000875706)
(-0.00705317,0.0153638)
(0.0185508,0.00646576)
(-0.00771821,0.0160646)
(0.00753786,-0.00330527)
(-0.00135516,0.00722924)
(-0.0023712,-0.0164591)
(-0.00188397,0.00634991)
(0.00934352,-0.0135674)
(-0.0105055,-0.0116077)
(0.00172578,0.00739586)
(-0.000855122,-0.00835029)
(0.0119773,-0.00360219)
(-0.00194387,0.0101146)
(0.011672,-0.00589031)
(-0.00557928,-0.000783173)
(0.0162388,0.0016124)
(-0.0101055,0.00980145)
(0.0152624,0.00936979)
(-0.0101338,-0.00188079)
(0.0179218,0.0119235)
(-0.00837418,-0.00727288)
(0.0162489,0.0064743)
(-0.00897538,0.00185333)
(0.024242,0.0136893)
(-0.0099866,0.0107347)
(0.0232625,0.000405823)
(-0.00246548,0.00560629)
(0.00128706,-0.0134421)
(-0.00361129,-0.00585461)
(0.00572046,-0.0140111)
(-0.00193696,0.00773842)
(0.000378017,-0.0178016)
(-0.0102996,0.0167626)
(0.00341435,-0.0083007)
(-0.00114883,0.0231951)
(0.0099138,0.00151373)
(0.00339561,0.0217744)
(0.0164004,-0.00105031)
(0.00787633,0.00667847)
(0.0134112,0.00504404)
(0.00892402,-0.0159056)
(0.0101991,0.00836623)
(0.00197183,0.00252407)
(0.0136552,-0.00704222)
(-0.00126957,0.00769114)
(0.0240168,-0.00147539)
(0.00378829,0.00284762)
(0.0123007,-0.0171935)
(-0.00849089,0.0101017)
(0.00503587,-0.0150869)
(-0.00879911,0.00835913)
(-0.00699106,-0.019493)
(-0.00091639,0.000948739)
(0.00659591,-0.00251769)
(0.0102821,0.00236897)
(0.00656572,-0.000809258)
(0.0283516,0.0185646)
(0.00866191,0.00370561)
(0.00602752,0.0103186)
(0.00552897,0.00145786)
(0.0105019,-0.0107003)
(0.0111637,0.0113992)
(0.0105688,-0.00645252)
(0.0181966,0.00552791)
(0.00576165,0.0141377)
(0.0174782,-0.00139013)
(-0.00297492,0.0110895)
(0.00788617,-0.00040638)
(-0.0174455,0.00404844)
(-0.00349491,-0.00269892)
(-0.00732685,0.00245735)
(-0.0018948,-0.00573911)
(-0.00706291,-0.00708022)
(-0.0062305,-0.0146764)
(0.01065,-0.00323677)
(-0.000550796,-0.00659409)
(0.00834543,0.0149999)
(-0.00825057,-0.00199832)
(-0.00322913,0.0103232)
(-0.00284761,0.0152585)
(0.00718033,0.00129328)
(-0.00262732,0.0180287)
(0.0052902,0.00765811)
(0.00670419,0.000992011)
(0.00355158,0.00869523)
(0.0127202,0.00990035)
(-0.00792037,0.0253188)
(0.00730229,0.00290851)
(-0.000612537,0.00464548)
(-0.0120919,0.006249)
(-0.0107563,-0.00287998)
(-0.0170442,-0.00905489)
(-0.00735464,-0.00492643)
(-0.00641595,-0.00399698)
(-2.58135e-05,-0.00164852)
(-0.000930955,-0.0106048)
(-0.00164233,0.0124178)
(0.00674603,0.00465641)
(0.00328142,0.017866)
(-0.0070553,0.0034977)
(-0.00528249,-0.00306315)
(-0.00417071,0.0139471)
(0.00106985,0.000976936)
(0.00215648,0.0106385)
(0.00571804,0.0182805)
(0.0089166,0.00590436)
(-0.00032643,0.0203783)
(0.000603307,-0.00055668)
(0.00272732,-0.004134)
(-0.00229319,0.00502967)
(0.0104845,0.00597001)
(-0.00403309,0.00398876)
(0.00553703,0.0109107)
(-0.00674256,-0.0139065)
(0.00304054,0.0117855)
(0.00384937,-0.0131774)
(0.0165485,0.0058356)
(0.00621432,-0.00381264)
(-0.0056212,0.00917089)
(0.0131048,-0.0100664)
(-0.00125063,0.0033406)
(0.00752813,0.0127969)
(-0.00608646,0.00375319)
(0.01086,0.00928992)
(-0.00336133,0.00798626)
(0.00307401,0.00438158)
(-0.000184128,0.0100474)
(0.00960233,-0.00170439)
(-0.00592823,0.00721274)
(0.0119432,0.0023077)
(0.00972758,0.0013671)
(-0.000657754,-0.0159728)
(0.00838344,0.0195563)
(-0.00217917,-0.0145426)
(0.0213703,0.020743)
(0.00129125,-0.00843992)
(0.00986261,0.0118885)
(0.00127885,0.0126486)
(0.00125349,-0.00229993)
(0.0057554,0.00907474)
(0.00930506,-0.000272969)
(0.0158951,0.012781)
(-3.87798e-05,-0.0106872)
(0.00822167,0.0125691)
(-0.00805446,-0.00140574)
(-0.0104744,0.00565152)
(-0.0121883,0.00765234)
(-0.0151694,0.00106533)
(-0.00199455,-0.00356377)
(0.0182951,-0.00160992)
(-0.00974614,0.00787677)
(0.011057,-0.0042912)
(-0.00589346,0.00868879)
(0.00461662,-0.0118398)
(0.00188715,0.0169602)
(0.00520163,-0.00189669)
(0.00166926,0.0139688)
(0.00447494,0.018294)
(0.00567346,0.00488719)
(0.00639721,0.0215296)
(0.0112289,-0.00746175)
(0.0169865,0.0258951)
(0.00573991,-0.00916023)
(-0.00735966,0.0169214)
(-0.00257363,-0.00524071)
(-0.018896,0.00595754)
(-0.00831133,-0.00220428)
(-0.0264375,-0.0151374)
(0.00159697,-0.00480738)
(0.00929741,0.00887865)
(-0.000249982,0.00503046)
(0.0174649,-0.000812002)
(-0.00835625,0.00809743)
(0.0188638,5.91937e-05)
(-0.00570613,0.0125262)
(0.00917604,-0.00302623)
(-0.00151386,0.0199137)
(0.0123065,-0.00204714)
(0.0103253,0.015143)
(0.0184359,0.000131697)
(-0.00126523,0.0115849)
(0.018136,0.00435562)
(-0.0031271,0.0142212)
(0.00692445,0.00865364)
(0.000467427,0.0072137)
(-0.0147866,-0.00219919)
(-0.00893462,0.0202822)
(-0.0156493,-0.0102091)
(0.0110033,-0.0153518)
(0.00488115,-0.000905671)
(0.00341231,-0.00373377)
(0.0126439,0.0135356)
(0.0053605,0.000595942)
(0.0195457,0.00993242)
(-0.0130721,0.00316164)
(0.0211545,0.0167041)
(0.00740472,0.0126445)
(0.0182701,-0.00872662)
(-0.00938489,0.0141097)
(0.0185425,0.00370574)
(-0.00876412,0.0152164)
(0.0126551,-0.002977)
(-0.00463619,0.00472188)
(0.00551165,-0.00154848)
(-0.00187364,0.0116522)
(0.00261849,-0.019394)
(-0.0071179,0.0106652)
(-0.00698924,-0.0163015)
