(-0.00455487,-5.4911e-05)
(0.000966415,0.0026479)
(-0.0021139,-0.000551112)
(0.00164625,-0.00447199)
(-0.00184125,-0.00607824)
(-0.00211314,-0.00764905)
(-0.00173945,-0.0151126)
(-0.00118229,-0.0057592)
(-0.00384185,-0.0106367)
(0.00109209,-0.000505642)
(-0.00123448,-0.0101317)
(-0.0013758,0.00292216)
(-0.00578345,-0.00664614)
(0.000904877,0.00278336)
(-0.00662002,-0.0032142)
(-0.00674062,0.00179789)
(-0.0075721,-0.0033683)
(-0.00294443,-0.000849937)
(-0.00402384,-0.00105162)
(-0.00406608,-0.00166829)
(-0.00319251,-0.00265115)
(0.00450526,-0.000828464)
(-0.00454716,-0.00451594)
(0.00366097,-0.00312318)
(-0.000820478,-0.00395409)
(0.0100292,-0.00931031)
(0.00135123,-0.00947693)
(0.00351235,-0.00541703)
(0.00521878,-0.0120661)
(0.00710008,-0.00257185)
(-0.0029778,-0.0110074)
(0.00148072,-0.0019685)
(-0.00694545,-0.0109229)
(-0.00877515,0.000284245)
(0.00130922,0.000507413)
(-0.00939504,0.00758849)
(-0.00759002,0.00265187)
(-0.00339694,0.00868058)
(-0.00618865,0.000646292)
(-0.00176073,-0.000539042)
(-0.0043336,0.0035213)
(0.00663595,-0.00259817)
(-0.011238,0.00174399)
(0.00414529,-0.00665778)
(0.00142347,0.000102857)
(0.000672882,-0.00842849)
(0.00981914,-0.00295152)
(0.0128082,-0.00762762)
(0.00732076,-0.00211136)
(0.00834684,-0.00341513)
(0.00504423,-0.00592551)
(0.00830578,-0.00745634)
(0.00104648,-0.00124353)
(-0.00545826,-0.00501753)
(-0.00324619,0.00676827)
(-0.0101476,-0.00268446)
(-0.0056568,0.00586267)
(-0.00682879,8.88971e-05)
(-0.00775315,0.00266143)
(-0.00463005,0.0101868)
(-0.00345131,0.00152244)
(0.00672373,-0.00519884)
(-0.00589849,-0.00427567)
(-0.000755957,0.00118571)
(0.000947696,0.000378639)
(0.00674415,-0.00714702)
(0.00311979,-0.00241699)
(0.0091268,-0.00474068)
(0.00623433,0.0043676)
(0.0132547,-0.00509032)
(0.00675481,0.00106305)
(0.0124813,-0.00748586)
(0.00599837,-0.000461633)
(0.000242511,-0.00369382)
(0.00801819,0.00491579)
(-0.00995629,0.000574282)
(0.000142774,0.0109188)
(-0.00392249,0.00203251)
(-0.0010842,0.00795226)
(-9.76251e-05,0.00378764)
(-0.0034856,-0.000590859)
(0.004742,-0.00310832)
(-0.00417166,-0.00174696)
(0.00342929,-0.00394431)
(0.000807428,-0.00643943)
(0.0045231,-0.00188625)
(0.0018098,0.000119773)
(0.00592981,-0.00196528)
(0.00569747,0.0079017)
(0.00259995,-0.00816064)
(0.00654744,0.00652396)
(0.00765996,-0.00416535)
(0.00885292,0.00266362)
(0.00563177,-0.00611545)
(0.00551772,0.00506234)
(0.0051764,-0.000872498)
(0.00764282,0.0121914)
(0.00745269,-0.000621484)
(0.00316962,0.011751)
(0.00717088,0.00234168)
(-0.00554699,0.00493027)
(0.00546712,-0.00933316)
(-0.0051035,-0.00290884)
(0.00989404,-0.00263511)
(-0.00291109,0.000898629)
(0.0102866,-0.00507717)
(0.000373321,0.00658736)
(0.00977282,0.000710196)
(0.00662467,0.0101787)
(0.0111508,-0.00630026)
(0.00769374,-0.00260635)
(0.0169862,-0.00339394)
(0.00531007,0.00118593)
(0.0136227,-0.000934653)
(0.00823158,0.000409061)
(0.017262,-0.00539675)
(0.00930175,0.0090332)
(0.0165763,-0.00740768)
(0.00313434,0.012671)
(0.00922845,-0.0069516)
(0.00378788,0.0126213)
(0.00682698,-0.00955465)
(0.000600485,0.0101402)
(0.0141317,-0.00412683)
(-0.00832574,0.00835933)
(0.019064,-0.00448956)
(0.00064078,0.0104723)
(0.020297,-0.00882542)
(0.00203934,0.00521755)
(0.0193026,-0.00572432)
(0.00670843,0.001721)
(0.0173465,-0.00414351)
(0.00740306,-0.00495507)
(0.0143138,-0.00439297)
(0.00828435,-0.00588192)
(0.0146713,-0.0092788)
(0.00798309,0.00836376)
(0.0183067,-0.00981596)
(0.0110965,0.0107275)
(0.0146275,-0.00302171)
(0.0048578,0.01476)
(-0.00424177,-0.00766022)
(0.00371736,0.0108067)
(0.00860509,-0.00883848)
(-0.00478558,0.0159504)
(0.017889,-0.00607595)
(-0.00747393,0.0118945)
(0.0221502,0.0001437)
(0.0018232,0.00387919)
(0.0195877,-0.0100241)
(0.000326961,-0.00408452)
(0.0165645,-0.0040301)
(0.00551402,-0.00552005)
(0.00603302,-0.00806568)
(0.0099536,-0.00561026)
(0.0092354,-0.0086362)
(0.00972399,0.00599061)
(0.0165378,-0.00404356)
(0.00572644,0.015228)
(0.0103431,0.000835641)
(0.0100614,0.0135635)
(-0.00265739,-0.00889408)
(0.000180205,0.0136497)
(-0.00337991,-0.00281248)
(-0.00195825,0.00473941)
(0.0067623,-0.007434)
(-0.00337513,0.00535575)
(0.0202205,-0.00871622)
(0.00227034,-0.00864751)
(0.0110515,-0.0039443)
(0.000596678,-0.00911848)
(0.0126361,-0.00127703)
(0.00580182,-0.00747071)
(0.000606007,-0.00170111)
(0.00318884,-0.00381365)
(0.00952152,-0.00271645)
(0.00929335,0.0102681)
(0.00878778,-0.00258329)
(0.00153807,0.0146414)
(0.00235023,0.00634913)
(0.00435247,-0.00224467)
(-0.00445093,-0.00341071)
(0.00190682,0.00418684)
(-0.0031636,0.000350725)
(-0.000359457,0.00206693)
(-0.00123915,-0.00555245)
(0.000332596,0.00449551)
(0.00536283,-0.00658468)
(-0.000538106,-0.00156677)
(0.00647214,-0.0103343)
(0.00152814,-0.0106753)
(0.00362404,0.00133849)
(0.00639812,-0.0109032)
(0.00159622,0.00316534)
(0.00785967,-0.00448827)
(0.00222966,0.00122067)
(0.00706344,0.0105425)
(0.00424937,0.000366952)
(0.00191254,0.00610473)
(0.00213391,0.00102132)
(-0.0065857,-0.00153624)
(-0.004023,0.000333899)
(-0.00550225,-0.00748225)
(-0.00629114,0.00377462)
(-0.00117761,-0.0161914)
(-0.000480038,0.00162056)
(-0.00532546,-0.0122592)
(0.00551185,0.00151245)
(-0.00335833,-0.0133285)
(0.00840332,0.00881986)
(-0.00857269,-0.0078352)
(0.00766538,0.00440109)
(0.000173686,-0.00263938)
(-0.0112467,0.0021862)
(-0.00164548,0.00773955)
(-0.0107718,0.00862818)
(-0.00512202,0.00527321)
(-0.00220097,0.0153092)
(0.000330349,0.00415352)
(0.00341565,0.00852305)
(-0.00554335,-0.00135971)
(0.00314639,4.6625e-05)
(-0.00776783,-0.00870228)
(0.00399477,-0.00334336)
(-0.00368279,-0.0118721)
(0.00392469,-0.00697346)
(-0.00013677,-0.0155412)
(0.0153791,0.00595516)
(0.000774925,-0.00701119)
(0.0211623,0.0116222)
(-0.00019735,-0.0105537)
(0.00864263,0.00127418)
(-0.00328379,0.000265782)
(-0.0107112,-0.00114848)
(0.00812739,0.0129229)
(-0.0149349,0.00591597)
(3.76837e-05,0.0146954)
(-0.00777531,0.0199202)
(-0.00383688,0.00905179)
(0.00677594,0.0181344)
(-0.00935507,-0.0023535)
(0.0142114,-0.0117)
(-0.0122214,-0.00384071)
(0.000752855,-0.00943318)
(-0.00694442,-0.00639375)
(0.00687279,-0.00965403)
(-0.00390009,-0.00370057)
(0.0159256,0.003711)
(0.00941749,-0.00109685)
(0.0255037,0.00479994)
(0.00927676,-0.00468466)
(0.00956287,-0.00295588)
(0.00940359,-0.000677831)
(-0.00386241,-0.00801374)
(0.00905957,0.0195868)
(-0.0182637,0.00189973)
(0.00285654,0.0199646)
(-0.00758526,0.00647346)
(-0.0060774,0.0164622)
(-0.00478303,0.010523)
(-0.0108244,-0.00711568)
(0.0110784,-0.00284771)
(-0.0136042,-0.00209773)
(0.0055828,-0.00470994)
(-0.0142743,-0.007206)
(0.00411425,-0.0034457)
(-0.00116164,-0.000135268)
(0.0224836,0.00468994)
(0.00397754,0.0119844)
(0.0197135,-0.00345924)
(0.0128602,0.00102567)
(0.0185445,-0.00510248)
(0.0237767,0.00110022)
(0.00706285,-0.00360609)
(0.0161394,0.0170084)
(-0.0100636,-0.00141818)
(0.0127274,0.0221598)
(-0.00744108,4.79885e-05)
(0.00246882,0.0144857)
(-0.000986028,0.00549216)
(-0.0077904,0.000932486)
(0.00962663,-0.0088637)
(-0.00962796,-0.00384704)
(0.00937564,-0.00312806)
(-0.0111265,0.00240644)
(-6.23333e-05,0.00106065)
(-0.00675083,0.00730391)
(-0.000804627,-0.00747381)
(0.00700907,0.0119748)
(-0.00118449,-0.0149232)
(0.0225928,0.00486492)
(0.00765692,-0.00935102)
(0.0305177,0.00671505)
(0.0204762,-0.00191902)
(0.031993,0.0073404)
(0.0147472,-0.00348647)
(0.0150354,0.0177831)
(0.00782362,-0.00398013)
(0.00294231,0.017584)
(-0.000996123,0.00276877)
(-0.00377436,6.83146e-06)
(0.0172753,-0.0090528)
(-0.00254469,0.00162156)
(0.0164374,-0.014595)
(-0.00920646,0.00375542)
(0.00329762,-0.0128014)
(-0.00563942,0.012345)
(-0.00928151,-0.0161618)
(0.00544291,0.011278)
(0.00450141,-0.0133123)
(0.00860906,0.00652777)
(0.017721,-0.000747819)
(0.020138,0.00445965)
(0.0203739,-0.00124412)
(0.0279852,0.00591258)
(0.0242149,-0.0148477)
(0.0283329,0.0192217)
(0.0211099,-0.011363)
(0.0117245,0.0165196)
(0.0153515,-0.00856192)
(0.00523987,0.00704583)
(0.0168743,-0.0112714)
(-0.000120062,0.00647287)
(0.0262845,-0.0150403)
(-0.00635098,0.0128539)
(0.0252631,-0.0091858)
(-0.00337137,0.0175583)
(0.019994,-0.0125474)
(0.0114857,0.0139183)
(0.0172503,-0.0174301)
(0.0101372,0.000295389)
(0.026018,-0.00337069)
(0.0154832,0.000555671)
(0.0133312,0.00138423)
(0.0253014,0.00136478)
(0.0224356,-0.0160209)
(0.0227114,0.0191829)
(0.0214946,-0.0165032)
(0.0145253,0.0222206)
(0.0117226,-0.0116431)
(0.0132987,0.00829157)
(0.0103037,-0.0107777)
(0.00425958,0.0113211)
(0.0262667,-0.00779297)
(-0.00838259,0.0233136)
(0.035959,-0.00759564)
(-0.00843335,0.0165035)
(0.0285439,-0.0125958)
(0.00652024,0.0158874)
(0.0338611,-0.00991384)
(0.0026918,0.00393315)
(0.0163398,-0.00582717)
(0.0121856,-0.00721257)
(0.0101709,-0.00366044)
(0.0124601,-0.00346103)
(0.00640255,-0.0136809)
(0.0128934,0.019227)
(0.0182265,-0.0141873)
(0.0110206,0.01388)
(0.00934452,-0.00154538)
(0.00825672,0.0127067)
(-0.00236706,0.00226873)
(0.0124595,0.014191)
(0.0127487,-2.21109e-05)
(0.0040082,0.0158606)
(0.0256292,-0.00878362)
(0.00431099,0.00846036)
(0.0280484,-0.00941725)
(0.00331581,-0.00304875)
(0.0265967,-0.00774969)
(0.00716666,-0.0129913)
(0.016465,0.00179834)
(0.00950929,-0.0198546)
(0.00610989,0.00316086)
(0.0110753,-0.00698195)
(0.0120352,-0.00130202)
(0.00751923,0.00458242)
(0.0115657,0.00158127)
(0.00635076,0.0106368)
(-0.000378011,0.0021382)
(0.000563618,0.00690533)
(-0.00221374,0.00556138)
(0.00462056,0.00587379)
(-0.00302713,0.00551734)
(0.012333,0.00926431)
(0.0102128,-0.00255634)
(0.0123282,0.00440706)
(0.0180017,-0.00988037)
(0.0119859,-0.00841028)
(0.0148128,-0.00787413)
(0.0132289,-0.0191399)
(0.0142942,-0.0013859)
(0.0123286,-0.0116823)
(0.00343605,0.00547997)
(0.00984162,-0.00887937)
(0.00203638,0.00297344)
(0.00768137,0.000482531)
(0.0048534,0.00299364)
(0.00349199,0.00707227)
(-0.00485454,0.00418575)
(-0.00869587,0.000508957)
(-0.00185612,0.00537869)
(-0.00483108,-0.00890381)
(-0.00218537,0.00681485)
(-0.00668229,-0.0107127)
(0.00263342,-0.000542866)
(-0.00529608,-0.0168141)
(0.00936817,0.0113369)
(-0.00432497,-0.00669064)
(0.0202471,0.0132815)
(-0.0015766,-0.00953414)
(0.00240696,0.00870871)
(-0.00178364,-0.00127242)
(-0.0105739,-0.00213344)
(0.00233351,0.00565499)
(-0.0143003,0.00338653)
(0.00454058,0.0117599)
(-0.00833143,0.0160973)
(-0.00215469,0.00732407)
(0.00358248,0.0176032)
(-0.00770462,-0.00132231)
(0.00620287,-0.00058638)
(-0.0113593,-0.0088618)
(-0.00352443,-0.00082553)
(-0.00218315,-0.0221492)
(0.00274279,0.00564164)
(0.00394151,-0.00526948)
(0.0142713,0.0180842)
(0.00383666,-0.0039516)
(0.0265108,0.0206463)
(0.0109806,-0.00418982)
(0.0160112,0.00737775)
(0.0150026,-0.0031865)
(-0.0145583,0.00149365)
(0.0176737,0.0138903)
(-0.0253544,0.00627447)
(0.0132857,0.0161293)
(-0.0118605,0.0148654)
(0.000887415,0.0115642)
(-0.0048826,0.0232271)
(-0.00796902,-0.00397891)
(0.00706032,-0.00858816)
(-0.00928257,-0.00787421)
(0.00325538,-0.00460886)
(-0.00958253,-0.0126494)
(0.000722166,0.0105415)
(0.00496336,-0.00885456)
(0.0267414,0.0247236)
(0.0147613,0.0096265)
(0.0338486,0.0220726)
(0.0144879,0.00155361)
(0.0283091,0.00834555)
(0.0220723,0.00117085)
(0.00125678,-0.00645029)
(0.0263553,0.0175335)
(-0.0206725,0.00396534)
(0.0167545,0.0248383)
(-0.0207152,0.00948446)
(0.00451345,0.0154574)
(-0.00407759,0.0122463)
(-0.00698386,-0.00641099)
(0.0106872,-0.00744386)
(-0.0203913,-0.0126638)
(0.000617478,0.00579355)
(-0.0215511,-0.0157263)
(0.0112794,0.0125355)
(-0.0156049,-0.00364884)
(0.0302164,0.00624728)
(0.0178689,0.0135953)
(0.0324803,0.000816553)
(0.0163269,-0.00752928)
(0.0384856,0.00233533)
(0.026868,-0.00385622)
(0.0237485,0.000546649)
(0.0247699,0.00532497)
(0.00158353,0.000358432)
(0.01517,0.022169)
(-0.0147033,0.000343244)
(0.00664559,0.0228422)
(-0.0152649,0.00671448)
(-0.00957753,-0.00930182)
(0.00851708,-0.0096142)
(-0.0222537,-0.014186)
(0.00264708,0.00439596)
(-0.0306894,-0.00238652)
(0.00703522,0.00323587)
(-0.0226679,-5.89042e-05)
(-0.00681735,-0.00763697)
(0.0186192,0.0181241)
(-0.00526969,-0.043658)
(0.00497318,-0.0108627)
(0.0265468,-0.0327858)
(0.020658,-0.00995871)
(0.0220017,0.00215178)
(0.0371657,0.00564608)
(0.0291426,0.00446298)
(0.0195041,0.0152901)
(0.00615507,0.00284798)
(0.00149605,0.0175228)
(-0.00228228,-0.00439274)
(-0.00843936,-0.00165092)
(0.0190608,-0.0131261)
(-0.01773,-0.00879123)
(0.0165105,-0.00682155)
(-0.0234072,-0.0010857)
(-0.00848482,-0.00833084)
(-0.021292,0.0105015)
(-0.0188327,-0.0184053)
(0.0102261,0.0220781)
(-0.0288489,-0.00372167)
(-0.0304249,-0.0152918)
(0.00648308,0.0321265)
(0.0127726,0.000959526)
(0.0271328,0.0188487)
(0.030855,0.00366783)
(0.0336628,0.0041817)
(0.0313692,0.00668882)
(0.0144147,-0.00976618)
(0.0143624,0.0172844)
(-0.00150444,-0.00854481)
(-0.00189129,0.00135019)
(0.0254386,-0.0157976)
(-0.0115299,-0.00216426)
(0.0315775,-0.0145095)
(-0.0114274,0.00950657)
(0.0188684,-0.00945789)
(-0.000115712,0.00647509)
(0.00429994,-0.0167614)
(-0.000306963,0.00796331)
(0.0138294,-0.00323021)
(-0.00763726,0.00973005)
(0.0261515,0.00889497)
(0.00402999,0.00661864)
(0.0198743,0.0150829)
(0.0301542,0.00253229)
(0.00903652,-0.00568758)
(0.0314953,0.0108925)
(0.00452256,-0.0147013)
(0.0162471,0.0137662)
(0.00648998,-0.0130092)
(0.00650607,-0.00314951)
(0.0257927,-0.0079319)
(0.00155033,0.00333023)
(0.0337699,-0.0115711)
(-0.00496764,0.00970281)
(0.0357228,-0.0103996)
(0.00492288,0.0145184)
(0.033527,-0.0149271)
(0.016291,0.00438669)
(0.0166544,-0.0130931)
(0.0131324,0.00213031)
(0.0142672,0.000158574)
(0.0140282,-0.011422)
(-0.00537079,0.0048567)
(0.0206899,-0.00630713)
(-0.00475919,-0.012459)
(0.0168619,0.00889671)
(-0.00176672,-0.00890397)
(0.0107121,0.0128114)
(-0.00501871,-0.0101401)
(0.00841794,-0.000884781)
(0.014345,-0.00361334)
(0.00563645,-0.00288215)
(0.0165524,-0.000629344)
(0.0114163,0.00897044)
(0.0324805,-0.0131187)
(0.0121976,0.00702585)
(0.0281899,-0.0178242)
(0.0174237,0.000886036)
(0.0221033,-0.00778127)
(0.0111627,-0.0116845)
(0.00991652,-0.00392922)
(0.0192357,-0.0161636)
(-0.0057362,0.00299166)
(0.0162626,-0.0117095)
(8.86232e-05,-0.00528862)
(0.0100913,0.00610879)
(-0.000761088,-0.00728671)
(0.0112074,0.00498628)
(-0.00792954,-0.0108783)
(-0.00141623,-0.00123252)
(0.00315954,0.00682091)
(0.00486957,-0.000491356)
(0.00464363,0.0024186)
(0.010772,-5.17809e-05)
(0.014793,-0.00718697)
(0.0175993,0.011399)
(0.0173621,-0.00770644)
(0.0119691,-0.00561723)
(0.0165168,-0.0110509)
(0.0190233,-0.0076062)
(0.00758024,0.000105481)
(0.0191157,-0.0123535)
(0.00131267,0.0028169)
(0.012786,-0.00554228)
(0.00444703,-0.00763827)
(0.00789734,-0.00277507)
(-0.00395491,-0.0064858)
(0.00539256,0.00267838)
(-0.00561823,0.00116506)
(-0.00597193,-0.00201255)
(-0.00215539,0.0105154)
(-0.00527168,-0.00689916)
(-0.0053942,0.00744345)
(2.54604e-06,-0.0132299)
(-0.0028728,0.00582255)
(0.00868644,-0.00262601)
(0.012895,0.00492782)
(0.00861701,-0.00276187)
(0.0201991,0.0049426)
(0.00677545,-0.00123392)
(0.0143125,0.0058294)
(0.00292984,-0.00234899)
(-0.00818573,-0.00320768)
(0.00764619,0.00349923)
(-0.0153974,-0.00283107)
(0.00397502,0.00524715)
(-0.00532445,0.0013793)
(-0.0013814,0.00316919)
(-0.00195663,0.0074121)
(-0.00275599,-0.0019415)
(-0.00156629,0.000697443)
(-0.00913899,-0.0102891)
(-0.00510979,0.00666043)
(0.000951808,-0.0171207)
(0.000675685,0.0127891)
(0.0166432,-0.0147471)
(0.024407,0.0113929)
(0.0210669,-0.00049791)
(0.0327499,0.0169724)
(0.0101877,0.00010385)
(0.0279687,0.00245206)
(0.0159675,-0.00314177)
(0.00241959,-0.00962033)
(0.0279854,0.00584378)
(-0.0183357,0.00319926)
(0.016642,0.00563068)
(-0.0124136,0.0123725)
(0.00722991,0.00500665)
(5.15206e-06,0.0106689)
(-0.0125672,-0.0111041)
(0.00131082,-0.00193811)
(-0.0113933,-0.0247261)
(-0.00294871,0.00513519)
(-0.00153997,-0.031899)
(0.0155244,0.0104493)
(0.0135098,-0.0211308)
(0.0286143,0.0151409)
(0.0262381,0.00801325)
(0.0438322,0.010341)
(0.00611731,-0.0058252)
(0.0350468,0.00625195)
(0.00761898,-0.0044546)
(0.00870544,-0.00558233)
(0.0247131,0.00433462)
(-0.0137925,-0.00156457)
(0.0239981,0.00705177)
(-0.0188709,0.00746691)
(0.00826072,0.00988753)
(-0.0106223,0.016223)
(-0.00945414,-0.0133063)
(0.00965243,0.00228197)
(-0.0216184,-0.0256246)
(0.00355119,0.00779406)
(-0.0204419,-0.0395589)
(0.0208631,0.00504377)
(0.00418068,-0.00898561)
(0.032276,0.0012959)
(0.0197386,0.0360194)
(0.0221302,-0.0373311)
(-0.00939354,-0.0179746)
(0.0244193,-0.028436)
(0.00809173,-0.0191004)
(0.00918587,-0.000830807)
(0.0132514,0.00222193)
(-0.00106877,0.00360185)
(0.0117898,0.00676555)
(-0.0104092,0.00553611)
(0.00647085,0.00211545)
(-0.0135418,0.00375009)
(-0.0173683,-0.0173827)
(0.00456343,0.00198698)
(-0.0283472,-0.0285105)
(0.00890956,0.00356061)
(-0.0368085,-0.0232034)
(0.00317309,-0.00191067)
(0.0154658,0.0136073)
(-0.00883207,-0.0471889)
(0.0529256,0.056917)
(-0.0359325,-0.147762)
(-0.0525375,-0.0836484)
(0.0427137,-0.0584794)
(-0.0292973,-0.0223944)
(0.0107457,-0.0189694)
(0.016128,-0.00404075)
(0.0137942,0.00438892)
(0.0182539,-0.00280876)
(0.00405395,0.00710823)
(0.00148552,0.00816906)
(-0.00362086,0.00324142)
(-0.0107113,-0.0138264)
(0.00926861,-0.00276248)
(-0.0251261,-0.0219566)
(0.00171078,-0.00235638)
(-0.0326889,-0.0126582)
(-0.0146765,-0.0150369)
(-0.00927794,0.00532149)
(-0.048261,-0.00427745)
(0.0371653,0.0454843)
(-0.102735,0.061507)
(-0.116688,-0.111544)
(0.00660147,0.15285)
(-0.0388276,-4.2994e-05)
(-0.013457,0.0376771)
(0.0283478,-0.00250333)
(0.0165631,0.0111151)
(0.0224097,0.000158033)
(0.00915219,0.0165833)
(0.0120861,-0.000112865)
(0.00321472,-0.0023415)
(-0.0125536,-0.0102602)
(0.0189114,-0.00687256)
(-0.0176033,-0.021755)
(0.0163975,-0.00177781)
(-0.0127521,-0.00866152)
(0.00634987,-0.013505)
(-0.00238645,0.0115456)
(0.00304362,0.00247739)
(0.0119394,0.0441339)
(-0.0140032,0.0246858)
(-0.0429122,0.0165534)
(0.0261489,0.0243872)
(-0.00282789,0.018466)
(0.00223802,0.00741353)
(0.0126826,0.00932562)
(0.00270946,0.00849395)
(0.0232225,-0.00697455)
(-0.00120063,0.00548195)
(0.0114744,-0.00517027)
(-0.00288304,-0.0048261)
(-0.00563195,-0.0184642)
(0.0130257,-0.00753019)
(-0.0091161,-0.016962)
(0.0261926,0.00149832)
(-0.00131445,-0.00930593)
(0.0247599,-0.00487004)
(0.0203948,0.00446716)
(0.0210574,-0.0035809)
(0.0296839,0.0107624)
(0.0217178,0.0137638)
(0.0158238,0.00968979)
(0.0141057,0.00235839)
(0.0133594,-0.000185455)
(-0.00368994,0.00639946)
(0.0180903,-0.000486037)
(-0.0160438,0.00493759)
(0.0136673,0.00300816)
(-0.0149208,-0.00174922)
(0.00403105,0.00212022)
(-0.00572526,-0.00635366)
(-0.00378362,-0.0127664)
(0.0108001,0.00592026)
(0.000314608,-0.0231354)
(0.00326734,0.00375007)
(0.0156348,-0.00686764)
(0.0184405,-0.00808534)
(0.0269147,0.00567263)
(0.0188333,-0.0092693)
(0.0299947,0.00150409)
(0.0131525,0.00221754)
(0.0325622,-0.0020849)
(0.000129082,0.00405729)
(0.0224317,-0.0118445)
(-0.00752828,0.0070017)
(0.0175493,-0.0038761)
(-0.0121456,-0.00127097)
(0.00750905,-0.000408848)
(-0.0133465,-0.0132039)
(0.00107274,0.00276718)
(-0.00755632,-0.00818033)
(-0.00506984,-0.005855)
(0.00295026,0.00615899)
(0.00318979,-0.0115429)
(-0.00207616,0.00872447)
(0.0122059,-0.00261481)
(0.00298465,-0.0010777)
(0.01918,0.00722693)
(0.00939924,-0.0127)
(0.0243574,0.00512402)
(0.00429701,-0.0128241)
(0.0241672,-0.00370007)
(0.000442158,0.00198186)
(0.023728,-0.00421166)
(-0.00645064,-0.00119714)
(0.0164292,-0.00495268)
(-0.00452749,-0.00305305)
(0.00778164,-0.00244349)
(-0.00677502,-0.0129263)
(0.00539481,-0.00049124)
(-0.00483166,-0.00456336)
(0.000866549,-0.00311167)
(0.00387211,0.0162832)
(-0.0026788,-0.00777027)
(-0.00429975,0.016251)
(0.00880241,-0.00383778)
(-0.00251205,0.01375)
(0.0114717,0.00429047)
(0.00759934,0.00424105)
(0.0122692,0.0101765)
(0.0194789,0.00165125)
(0.00249001,0.00334243)
(0.0186251,-0.0154219)
(0.00229562,0.000188444)
(0.00730445,-0.0114112)
(0.00624903,0.00261957)
(-0.00603394,-0.00692517)
(0.00699291,-0.00170226)
(0.000181342,0.00658718)
(0.00544779,0.00282283)
(0.00656597,0.00711522)
(-0.00642167,-0.00769132)
(0.000721117,0.0130146)
(-0.000482229,-0.0179262)
(-0.0103779,0.0137773)
(0.0144054,-0.0257108)
(-0.00690945,0.0167477)
(0.0145738,-0.0169459)
(0.0104219,0.0225948)
(0.0221955,0.0010944)
(0.0284192,0.00290491)
(0.00520268,-0.00271364)
(0.0241333,-0.00424124)
(0.00701856,-0.00404824)
(0.00907369,-0.017347)
(0.0230783,-0.00648991)
(-0.0104339,-0.00808737)
(0.0155401,0.000305596)
(-0.00707518,0.00137286)
(0.00670005,-0.00136257)
(0.00421867,0.00978715)
(-0.00752765,-0.0143104)
(-0.00180707,0.00646191)
(-0.00272987,-0.0423876)
(-0.00331957,0.00675475)
(0.00322762,-0.0521214)
(-0.00408542,0.0218159)
(0.0143614,-0.0294447)
(0.0133754,0.0131419)
(0.0111427,0.0205189)
(0.0134155,0.0155679)
(0.000972873,-0.00830502)
(0.00426319,-0.00166336)
(0.0085953,-0.0149301)
(-0.0137599,-0.00714098)
(0.0151505,0.00710862)
(-0.027463,-0.0133616)
(0.0175131,0.00125543)
(-0.0196749,-0.00667091)
(0.00974932,0.00176663)
(-0.00306022,-0.0027008)
(-0.0113555,-0.0232632)
(0.0043973,0.00317813)
(-0.016547,-0.051591)
(0.00510023,0.00685573)
(-0.0113298,-0.0546097)
(0.0145653,0.00567423)
(0.0237596,-0.00518319)
(-0.00169921,0.0096542)
(-0.0126535,0.0966032)
(-0.0298647,0.0186905)
(0.0149751,0.00391897)
(-0.0948921,0.0187772)
(-0.0193897,-0.0122145)
(-0.0455906,0.0256944)
(0.0170398,-0.00758003)
(-0.0311566,-0.0102387)
(0.003686,0.00477757)
(-0.0254431,-0.01393)
(0.00460172,0.00360869)
(-0.0141008,-0.00908121)
(-0.00816417,-0.0198186)
(0.0084413,0.000828083)
(-0.0289155,-0.042123)
(0.00343164,0.000123321)
(0.000772729,-0.0365849)
(-0.00404368,-0.00318523)
(0.106539,-0.0038034)
(0.011261,0.00313387)
(-0.0212691,-0.0179114)
(0.00582773,0.0251647)
(0.027048,0.00612569)
(0.0179133,0.00558062)
(-0.104218,0.0381739)
(-0.0598387,0.0235276)
(-0.00438007,0.00120278)
(-0.0200122,0.00512414)
(0.0154372,0.00347515)
(-0.0140285,-0.00424749)
(0.00805432,0.00485683)
(-0.00631817,-0.00231249)
(-0.0157444,-0.0159875)
(0.00186478,-0.00467179)
(-0.0276761,-0.0316556)
(0.00111693,-0.00511712)
(-0.0293714,-0.0336216)
(-0.0039151,-0.00637182)
(-0.0182995,-0.0594633)
(-0.0141362,0.0586881)
(0.00278398,-0.00310199)
(0.0237007,-0.0148759)
(0.0240548,-0.00173669)
(0.00951408,-0.00201195)
(0.00513302,0.0547929)
(-0.118236,-0.0374583)
(0.0263255,0.0149852)
(-0.0323378,-0.0169918)
(0.0266197,0.00279169)
(-0.0109282,-0.00699951)
(0.0070471,0.00235086)
(-0.00557645,0.00424219)
(-0.0118079,-0.0105142)
(0.00795198,-0.00205678)
(-0.0246927,-0.0176538)
(0.00523362,-0.0150446)
(-0.0206896,-0.0182585)
(0.00241058,-0.00571334)
(0.00924486,0.00449704)
(-0.0107838,0.00595431)
(-0.00119338,0.0715516)
(-0.0346712,-0.0301562)
(-0.0426915,0.0541428)
(0.0346365,-0.082445)
(0.00517099,0.0340125)
(-0.0329043,-0.0452058)
(0.0286064,0.00163509)
(-0.0256861,-0.0177175)
(0.0152499,-2.11268e-05)
(-0.0125289,0.00642726)
(0.0112587,-0.0072886)
(-0.00347011,0.00344621)
(-0.0145554,-0.0165108)
(0.0104683,-0.00362359)
(-0.00930907,-0.0256316)
(0.00554786,-0.00295425)
(0.00211397,-0.0144765)
(0.0215522,-0.00717212)
(0.0269764,0.000893818)
(0.0154503,0.0199027)
(0.0345166,0.0163231)
(0.0042221,0.0320534)
(0.0376082,0.00681898)
(0.00910927,-0.0100467)
(0.035942,-0.00318783)
(-0.0212918,-0.00824361)
(0.0208563,-0.00252829)
(-0.0220889,0.000267539)
(0.00849243,-0.00528362)
(-0.0129028,0.00387674)
(0.00346394,-0.00119082)
(-0.0083269,-0.00150632)
(-0.00714845,-0.0138142)
(0.000482975,-0.000860851)
(-0.00483783,-0.0254848)
(-0.00183401,-0.00465971)
(0.0148665,-0.0163984)
(0.00689348,-0.00389805)
(0.0315045,-0.00341502)
(0.0111852,0.00500164)
(0.0405943,0.00251468)
(0.00288152,0.0198575)
(0.0413581,-0.00313781)
(0.00482942,0.0158541)
(0.03379,-0.00138535)
(-0.0167979,0.0104336)
(0.0140191,-0.00570013)
(-0.0136445,0.00297528)
(0.00164401,-0.00288485)
(-0.0128079,-0.00949878)
(0.00284466,-0.00826072)
(-0.00651591,-0.00871216)
(-0.00551358,-0.0125214)
(0.00175254,0.00585186)
(0.00599303,-0.012943)
(-0.0109851,0.00654026)
(0.020183,-0.00589098)
(-0.00869361,-0.00519285)
(0.0259009,0.0062244)
(-0.00115998,-0.0029325)
(0.0266821,0.0045136)
(0.00311546,0.000737273)
(0.0296995,0.00504272)
(-0.00379067,0.00671933)
(0.0268905,-0.002471)
(-0.00114731,0.0125726)
(0.014102,-0.00260944)
(-0.0084786,-0.00253133)
(0.00796989,-0.00519756)
(-0.00669464,-0.00891676)
(0.00509238,-0.00173982)
(-0.00368492,-0.00118747)
(-0.00571726,0.00217498)
(0.00697689,0.0177616)
(0.000993091,0.00114358)
(0.00661058,0.0207782)
(-0.000251808,-0.000427458)
(0.00309754,0.0177273)
(0.00178938,0.00721735)
(0.0143248,0.0111034)
(0.00523714,0.00730175)
(0.01491,-0.000378718)
(0.00536521,0.00602143)
(0.0145419,-0.00397477)
(-3.70228e-05,0.00109391)
(0.00261087,-0.0053218)
(0.000965385,-0.000521194)
(0.00302375,-0.000636619)
(0.00100006,-0.00258791)
(0.00030841,-0.000297462)
(0.00690453,-0.00247044)
(-0.000420036,0.00482304)
(-0.00265341,-0.00357452)
(0.0025531,0.0173153)
(-0.00297085,-0.0166035)
(-0.00202865,0.0234372)
(0.00105993,-0.0223367)
(-0.00224648,0.0324769)
(-0.00463107,-0.0110365)
(0.010586,0.0224131)
(0.010644,0.00301829)
(0.0190317,0.0150637)
(0.00412904,-0.00149062)
(0.01944,-0.00810522)
(0.0104387,-0.00460199)
(0.004182,-0.00365062)
(0.0170927,-0.00182232)
(-0.00363552,-0.00744917)
(0.0140925,-0.0129574)
(-0.00377195,-0.00362077)
(0.00891707,-0.00569378)
(0.00106794,-0.00301444)
(-0.00708173,-0.0157686)
(-0.00979826,0.0113893)
(-0.0122715,-0.039221)
(-0.00958833,0.0178632)
(-0.0157585,-0.0513879)
(-0.00752081,0.021926)
(-0.0141372,-0.0303828)
(0.00413533,0.0302806)
(-0.00843662,8.78925e-05)
(0.0149283,0.0262816)
(0.0166403,-0.0141352)
(0.0106793,-0.0127634)
(0.00680344,-0.00162717)
(-0.00319797,-0.0160221)
(0.0260682,0.00157579)
(-0.0180843,-0.0159915)
(0.0137569,-0.000165212)
(-0.0158433,-0.0123857)
(0.00791111,-0.0063877)
(-0.00439061,-0.00532738)
(-0.0120354,-0.0204886)
(-0.00310623,0.00782665)
(-0.0249255,-0.047194)
(-0.0134592,0.00149283)
(-0.029164,-0.0493443)
(0.000310834,0.00845882)
(-0.013692,0.0110724)
(0.00356319,0.0110565)
(-0.0366317,0.00721623)
(0.0317947,0.0114024)
(0.0427697,-0.0586175)
(-0.0177874,-0.0437985)
(0.00352678,-0.0358442)
(0.0044307,-0.00625103)
(0.0142831,0.00703275)
(-0.0199006,-0.0198626)
(0.0212088,0.00831155)
(-0.0288432,-0.0170695)
(0.0112131,0.00240307)
(-0.0135995,-0.0153542)
(-0.0186279,-0.0212509)
(-0.00161994,-0.00613593)
(-0.0299175,-0.0309804)
(-0.00116902,-0.00880885)
(-0.0207535,-0.00643779)
(0.00441033,-0.0280837)
(0.0372883,0.0895793)
(0.00762678,-0.0626989)
(-0.0125899,-0.0162435)
(0.00603418,0.0072225)
(-0.000943361,0.0326296)
(-0.0161918,0.00620358)
(-0.0619858,-0.0347696)
(0.101932,0.0729747)
(-0.00423407,0.00363785)
(0.00182385,-0.00662792)
(0.0232892,0.0139242)
(-0.0158574,-0.0168387)
(0.0147423,0.00584057)
(-0.0149692,-0.00692367)
(-0.0166282,-0.0102751)
(-0.000970423,-0.00620742)
(-0.0363544,-0.0216033)
(-0.00476892,-0.0200595)
(-0.0430014,-0.0224213)
(0.00695407,-0.0218428)
(-0.0601901,0.0467414)
(0.0315387,0.026262)
(-0.00209603,-0.00480394)
(-0.00120702,-0.0296864)
(0.0101893,0.00410869)
(-0.0438941,0.000877381)
(0.0553594,0.00338054)
(0.094348,-0.015118)
(0.0348346,0.00615038)
(0.0151798,-0.00717536)
(0.0295243,0.00432182)
(-0.0135045,-0.00419019)
(0.0177032,0.0013747)
(-0.0101965,-0.00323421)
(-0.0240354,-0.00561958)
(-0.00253587,-0.00658415)
(-0.0245043,-0.0125376)
(-0.00417,-0.0157732)
(-0.0217493,-0.0197806)
(-0.000363174,-0.0227979)
(-0.00407588,-0.00420937)
(-0.0126266,0.0173339)
(0.00801408,-0.0769421)
(-0.022839,0.0356269)
(-0.0526222,-0.0766488)
(0.0623308,-0.00508021)
(0.0126203,-0.0245736)
(0.0277552,-0.0120687)
(0.0240692,-0.0149598)
(-0.0145983,-0.00807121)
(0.0210754,-0.00584379)
(-0.00866498,0.00294853)
(0.00383008,-0.00199793)
(-0.0107903,0.00287454)
(-0.0141852,-0.0090833)
(-0.0053134,-0.00655191)
(-0.0146098,-0.0168554)
(0.00272949,-0.0124902)
(-0.00656665,-0.0254467)
(0.00109028,-0.00939687)
(0.0174964,-0.0108345)
(0.000407754,0.00748899)
(0.0351318,-0.019327)
(-0.00828808,0.0323702)
(0.0237819,-0.0195253)
(0.0194365,0.00546279)
(0.0296113,-0.0198645)
(0.00421153,0.00448026)
(0.022375,-0.0264928)
(-0.00959795,0.0141199)
(0.00092132,-0.0206974)
(-0.00855166,0.00903164)
(0.00139662,-0.00549384)
(-0.0132282,0.00337111)
(-0.00992885,-0.0174707)
(-0.00197313,-0.00460655)
(-0.00448945,-0.0280602)
(-0.0153714,-0.00812584)
(0.0139535,-0.0241574)
(0.00115252,-0.00833831)
(0.0235505,-0.0091017)
(-0.00498648,0.00195397)
(0.0317407,-0.00553315)
(-0.00225244,0.0160562)
(0.042163,-0.00608098)
(0.00339321,0.015738)
(0.0380377,-0.0123036)
(-0.00275549,0.0125134)
(0.018634,-0.0202664)
(-0.0067256,0.00244845)
(0.00150478,-0.0167588)
(-0.00375048,-0.000255488)
(-0.00491524,-0.00171004)
(-0.006625,0.00129531)
(0.00126224,-0.00797481)
(-0.00132159,0.000584586)
(0.00364574,-0.0164289)
(-0.0118186,-0.0016445)
(0.0147201,-0.00792855)
(-0.017715,-0.00272556)
(0.0244616,-0.00233142)
(-0.00781876,-0.00264694)
(0.0203729,0.000770705)
(-0.0105803,-0.00150376)
(0.0288393,-0.00567961)
(-0.00230782,0.0060686)
(0.0232349,-0.00877402)
(-0.00536815,0.00301948)
(0.0137652,-0.0108272)
(-0.00512686,0.00122321)
(0.0023423,-0.00879855)
(-0.00615627,-0.00715797)
(0.00238702,0.00137826)
(-0.00457576,-0.00226992)
(0.000580589,-0.0018167)
(0.00797218,0.0167389)
(0.00110452,0.00111914)
(0.0109387,0.0176744)
(-0.00407376,0.0035606)
(0.00840516,0.020841)
(-0.0100518,0.0159319)
(0.00698693,0.00572232)
(-0.00277925,0.0163666)
(0.00668234,-0.000779038)
(-0.00246482,0.0057647)
(0.00191581,-0.00790019)
(-0.00128946,0.000951063)
(-0.00335616,0.00205401)
(-0.00352802,-2.08194e-05)
(0.00400235,0.00327303)
(-0.00187634,-0.00452378)
(0.00297112,0.00460192)
(-0.00308071,-0.00373735)
(0.000106172,0.00425889)
(0.00274978,-0.00486908)
(0.00468136,0.0185922)
(-0.00190788,-0.00829265)
(0.00214664,0.0293377)
(-0.00478333,-0.00877117)
(0.00495312,0.0296561)
(-0.00890867,-0.0043558)
(0.00822301,0.0262686)
(-0.00116681,-0.0020824)
(0.00418017,0.00966323)
(-0.000395673,-0.00208971)
(0.003769,-0.00379718)
(0.00895941,0.000854927)
(0.000759535,-0.00437252)
(-0.000781435,-0.00191973)
(0.00403283,0.00249197)
(-0.00205353,-0.00288567)
(0.000158916,-0.002613)
(-0.00171736,-0.00746074)
(0.000784843,-0.00113569)
(-0.00311348,-0.0054415)
(-0.00363216,0.0173801)
(-0.00511034,-0.0253349)
(-0.00677046,0.0207087)
(-0.0142085,-0.0220294)
(-0.00316164,0.0332904)
(-0.0259499,-0.0168201)
(-0.00399011,0.0307663)
(-0.00784941,-0.00399147)
(0.00152788,0.02274)
(0.00217794,-0.0118886)
(0.00769173,-0.00361493)
(0.00661059,0.00562962)
(-0.00147304,-0.00272221)
(0.0107191,0.0198261)
(-0.00323175,-0.00786545)
(0.00293493,0.00618867)
(-0.0113021,-0.00797706)
(0.00428627,-0.000345235)
(-0.00200696,-0.00446658)
(-0.00874772,-0.00520253)
(-0.0102056,-0.00356227)
(-0.0248594,-0.0277508)
(-0.0172357,-0.000491866)
(-0.0329421,-0.0327142)
(-0.0124209,-0.00373519)
(-0.0227673,-0.00299538)
(-0.0176846,0.00465963)
(1.17395e-05,-0.020817)
(-0.0145973,0.0206744)
(0.0190672,-0.059368)
(0.0255914,-0.0345062)
(0.00196103,-0.010147)
(0.0164395,-0.0113596)
(0.0184441,0.0169199)
(-0.0118618,-0.00791574)
(0.00759995,0.020026)
(-0.0171463,-0.0198012)
(0.0110283,0.0092176)
(-0.0145548,-0.0161442)
(-0.0178895,-0.00665156)
(-0.00231515,-0.0104255)
(-0.0297399,-0.0235349)
(-0.0128261,-0.0232987)
(-0.0249797,-0.0141936)
(-0.00596578,-0.0251283)
(0.0359151,0.021946)
(-0.0174534,-0.0396731)
(0.120303,-0.0329095)
(-0.0513826,-0.0259126)
(0.0373884,-0.107091)
(0.0459637,-0.0701491)
(-0.0228084,-0.041685)
(0.0496144,-0.0139993)
(0.00942055,0.0201913)
(0.00565782,-0.014981)
(0.0186772,0.0224751)
(-0.0184541,-0.0124872)
(0.0064635,0.0095776)
(-0.0130307,-0.0140945)
(-0.0163086,-0.00518992)
(-0.0102965,-0.0155173)
(-0.0307135,-0.018206)
(-0.00616182,-0.0272163)
(-0.0201511,-0.0172213)
(-0.00469059,-0.0252447)
(-0.00879904,0.0288441)
(0.00731884,0.011116)
(0.0624818,0.0867048)
(-0.0199892,0.0807378)
(-0.0434789,0.0253151)
(0.0749557,0.0434029)
(-0.0164001,0.0103722)
(0.0654069,0.0058142)
(0.00858778,0.0180735)
(-0.006223,-0.00855186)
(0.0092776,0.0165277)
(-0.0126541,-0.00379237)
(0.0076547,0.00818875)
(-0.01539,0.00488412)
(-0.0118331,0.00375169)
(-0.00417512,-0.00932419)
(-0.0212397,-0.00401704)
(-0.00436953,-0.0215046)
(-0.0160313,-0.0066661)
(-0.00693429,-0.0315542)
(0.00135085,0.00283237)
(-0.0124267,-0.00175664)
(0.00450703,0.0155132)
(-0.0110568,0.0515205)
(-0.0486864,-0.0115491)
(0.0338681,0.0331707)
(-0.0161171,-0.00155879)
(0.0104675,0.00149633)
(-0.000422683,0.00376558)
(-0.0130553,-0.000537815)
(0.00505745,0.00637239)
(-0.0207628,0.0128462)
(0.00138462,0.0069475)
(-0.0100756,0.0063154)
(-0.00786378,-0.00517326)
(-0.00618642,-0.00320552)
(-0.00778899,-0.0196142)
(-0.00328204,-0.0217004)
(0.00177755,-0.0168142)
(-0.00241076,-0.0243953)
(0.00872322,-0.00454208)
(-0.01393,-0.0060599)
(0.00800352,-0.00135495)
(-0.0119702,0.0223285)
(0.00345946,0.000984099)
(0.0152533,0.0285947)
(0.0072175,-0.0104004)
(-0.00462332,0.0119287)
(0.00411482,-0.0209927)
(-0.0102402,0.00866916)
(-0.00443943,-0.0153733)
(-0.0107061,0.0141569)
(-0.0102463,-0.000414615)
(-0.00960308,0.00871644)
(-0.000591689,-0.0044747)
(-0.00090453,-0.00273841)
(0.00145687,-0.0194775)
(-0.0127372,-0.01036)
(0.0132349,-0.0196024)
(-0.0157688,-0.0199338)
(0.0181225,-0.0143637)
(-0.0135045,-0.00580149)
(0.0197072,-0.00631852)
(-0.00918457,0.00536903)
(0.0255563,-0.011042)
(-0.00134379,0.0135459)
(0.0189123,-0.0129681)
(-0.000117184,0.0170708)
(0.00618127,-0.0238988)
(-0.00408502,0.00954164)
(-0.00188641,-0.00958579)
(-0.0071442,0.00429894)
(-0.00371091,0.000125997)
(-0.00580903,0.00345459)
(-0.000113306,-0.00928888)
(0.00113781,0.00106565)
(0.0112771,-0.00980694)
(-0.0128951,-0.00404068)
(0.0135344,-0.0101192)
(-0.0174173,-0.00605331)
(0.0165681,0.000752031)
(-0.012776,-0.00792318)
(0.0200603,-0.00340384)
(-0.00783433,-0.00378786)
(0.0240391,-0.00350668)
(-0.0028647,0.00216567)
(0.0190005,-0.0115018)
(-0.002897,0.00553591)
(0.014594,-0.0159897)
(-0.00615383,0.00162967)
(0.0042087,0.00449945)
(-0.0078595,-0.00070701)
(-0.00233918,0.0036894)
(-0.00366331,0.0025023)
(-0.00165447,-0.00860709)
(0.000493085,0.00236159)
(0.00414392,-0.00416329)
(0.00776763,0.0166553)
(-0.00253396,0.00504984)
(0.00838763,0.00960955)
(-0.0104609,0.00769646)
(0.00679018,0.000390538)
(-0.0075959,0.00772578)
(-0.00560989,0.00246123)
(-0.000493846,0.00444478)
(-0.00460491,-0.00208589)
(-0.00470568,0.0032738)
(-5.35253e-05,0.0049282)
(-0.00499956,0.00063254)
(0.00866056,0.0124236)
(-0.00877599,-0.00233279)
(0.0068017,0.00660713)
(-0.00781466,-0.00467329)
(-0.00214859,0.00233822)
(0.00598566,-0.00401687)
(0.00354912,0.0117499)
(0.00307926,-0.00162422)
(0.00744548,0.0204897)
(-0.00177598,-0.00336005)
(0.0110722,0.0234012)
(-0.00862376,0.00239449)
(0.00313052,0.0162109)
(-0.00135616,0.00340696)
(-0.00643793,0.00958503)
(-7.75338e-05,-0.0029972)
(-0.00541768,0.00324199)
(-0.00141105,0.00473567)
(0.000773073,0.0145723)
(-0.00623412,-0.00214737)
(0.0151493,0.0124674)
(-0.0100651,-0.00573478)
(0.0181106,0.00876601)
(-0.00799842,-0.0113869)
(0.00574101,-0.00537319)
(0.00153852,0.00699016)
(-0.0021603,0.0032935)
(0.00217796,0.000872708)
(-0.00128368,0.0179341)
(-0.0108436,-0.00927356)
(0.00868039,0.0245473)
(-0.0154427,0.00315645)
(0.00553415,0.0221155)
(-0.00724445,0.0105922)
(-0.00212718,0.0238122)
(-0.00275242,0.00749523)
(0.0012166,0.0126696)
(0.00374994,0.017828)
(0.00565345,0.0151119)
(-0.00307213,0.0146871)
(0.0104842,0.0159747)
(-0.0108752,-0.00669608)
(0.00940765,4.78208e-05)
(-0.00925517,-0.0113357)
(-0.00021942,-0.00601057)
(-0.00556751,0.00561668)
(-0.0071569,-0.00206755)
(-0.0146225,-0.00370086)
(-0.00847277,-0.00855133)
(-0.0181782,-0.00455241)
(-0.00336941,-0.000914599)
(-0.0218701,0.00696963)
(-0.00594874,0.00551532)
(-0.00879541,0.0124088)
(-0.00902907,0.00962326)
(-0.00545228,0.00149394)
(0.00924669,0.00684131)
(-0.00194408,0.0238539)
(0.00692653,0.0108171)
(0.00337093,0.0232563)
(0.0112803,0.00616466)
(0.00131377,0.00970542)
(-0.0043368,-0.00160422)
(-0.00646453,0.000998102)
(-0.0051416,-0.0129101)
(-0.00713181,0.00010558)
(-0.00589278,-0.0145733)
(-0.0213422,-0.0141012)
(-0.00251625,-0.0177267)
(-0.0165115,-0.016468)
(-0.00901625,-0.0214163)
(-0.00735973,0.0140998)
(-0.0156367,-0.0166552)
(0.0136414,0.00777727)
(-0.0346482,0.0010394)
(-0.0121403,-0.00492776)
(0.0142208,-0.0169664)
(-0.0185276,0.0219725)
(0.00488572,-0.00108474)
(0.0111157,0.0404669)
(-0.00653006,0.00323939)
(0.00808828,0.0145561)
(-0.00845612,-0.00405683)
(-0.00588261,0.00713274)
(-0.00774934,-0.00448167)
(-0.00280548,-0.00554115)
(-0.00569407,-0.011707)
(-0.0137549,-0.00900114)
(-0.00742589,-0.0266144)
(-0.00945836,-0.00511071)
(-0.00557112,-0.0301935)
(-0.00384859,0.0170646)
(-0.0126168,-0.0077892)
(-0.00901852,0.0494935)
(-0.0106585,0.0258659)
(-0.0454822,0.0241884)
(0.0128288,0.0219928)
(-0.0303582,0.0361657)
(-0.00159114,-0.00680322)
(-0.0101167,0.0387292)
(-0.0173194,-0.00137041)
(0.00099375,0.0175132)
(-0.0243335,0.00458619)
(-0.00195187,0.00581813)
(-0.0166264,-0.000673513)
(0.00181776,0.00215524)
(-0.0102461,-0.00641078)
(0.002133,-0.00348137)
(-0.00387173,-0.0305758)
(0.00495677,0.00190513)
(-0.00732614,-0.0375176)
(5.51514e-06,0.0163062)
(-0.0190667,-0.0185124)
(-0.0195969,0.0235995)
(-0.0238608,0.00985109)
(-0.0381752,0.022544)
(-0.00124811,0.0141939)
(-0.0378972,0.0184329)
(-0.0240869,-8.14481e-05)
(-0.00789594,0.0133287)
(-0.032133,0.00566785)
(-0.00873503,0.00456043)
(-0.023893,0.0105529)
(-0.0108586,0.00272586)
(-0.0209585,0.00895095)
(0.00830541,0.000793242)
(-0.00432422,-0.00160385)
(0.0127552,-0.00142444)
(-0.00641795,-0.0162882)
(0.0110998,-0.00391421)
(-0.00962227,-0.0343244)
(0.00874474,0.00135384)
(-0.0194733,-0.022951)
(-0.00352068,0.0086947)
(-0.0146068,0.00739692)
(-0.0163796,0.00366548)
(-0.0136502,0.00700223)
(-0.014311,0.00197253)
(-0.011258,0.00818683)
(-0.0178054,-0.00596733)
(-0.0146988,0.012504)
(-0.0112257,-0.00968664)
(-0.0221138,0.0128229)
(-0.00390152,0.00366559)
(-0.0171473,0.0157937)
(0.00477872,-0.00611202)
(0.00223252,-0.00702855)
(0.0165863,-0.00927305)
(-0.010789,-0.0117014)
(0.0123817,-0.00953127)
(-0.0204506,-0.0257971)
(0.0115699,-0.0012688)
(-0.0210166,-0.0135816)
(0.00743916,-0.000786628)
(-0.0208345,-0.00540069)
(0.00223706,0.00310617)
(-0.0080193,0.00157266)
(-0.00317717,-0.0158142)
(-0.00644378,0.0150008)
(0.00111112,-0.0149776)
(-0.011061,0.014722)
(-0.00998326,-0.000607723)
(-0.0274989,0.0143909)
(-0.00691179,-0.000178805)
(-0.0142215,0.00300158)
(0.00445109,-0.00714302)
(-0.00114219,0.000299434)
(0.00518137,-0.0106963)
(-0.0114841,-0.00505883)
(0.0112324,-0.00506682)
(-0.0181409,-0.00924134)
(0.0121956,-0.00457105)
(-0.019167,-0.0076598)
(0.011776,0.00140093)
(-0.0115016,-0.00794755)
(0.00702926,-0.00417289)
(-0.00492404,-0.000829285)
(0.0106513,-0.00737644)
(-0.00492886,0.00817329)
(0.00544388,-0.00960979)
(-0.0128654,0.00374051)
(0.00121404,2.37337e-05)
(-0.0145004,0.00766441)
(0.000130662,0.00390172)
(-0.0123095,0.0025841)
(0.00309787,-0.00649849)
(0.00712066,0.00173844)
(-0.00124963,-0.006727)
(0.00466782,0.0113479)
(-0.00201918,-0.0013806)
(-0.00114178,0.0136417)
(-0.0108079,-0.002221)
(-0.00811358,0.00259086)
(-0.00881587,-0.00389465)
(-0.0148618,0.000161538)
(-0.0072071,-0.00774463)
(-0.0127605,0.000765584)
(-0.00505927,-0.00304527)
(-0.00622383,0.00376565)
(-0.00352523,-0.00289278)
(0.00717764,0.00475053)
(-0.00514704,-0.00420562)
(0.0036314,-0.00351115)
(-0.00923705,-0.00494672)
(-0.00772938,-0.00136744)
(0.00133963,-0.00351916)
(0.00558877,0.00296329)
(0.00480494,-0.00102197)
(0.005275,0.0117817)
(-0.00878163,-0.00102335)
(0.00352657,0.00964739)
(-0.00842651,-0.00102144)
(-0.00354653,0.0048361)
(-0.0102172,0.00374416)
(-0.0163778,0.00729107)
(-0.0118569,-0.00879618)
(-0.0190035,0.0092687)
(-0.00942203,3.88987e-05)
(-0.00144207,0.0143405)
(-0.015144,-0.00116483)
(0.0133911,0.0068811)
(-0.0111484,-0.00372254)
(0.0079299,0.000799913)
(-0.00570944,-0.012365)
(-0.000686267,-0.00418301)
(0.00611658,0.00732327)
(-0.00417302,-0.00432254)
(-0.00867978,0.0120305)
(0.00773241,0.00194947)
(-0.00245133,0.00719654)
(0.00442275,0.00656844)
(-0.0166109,0.0205558)
(-0.000737572,0.00977885)
(-0.00962335,0.0208842)
(-0.00998498,0.0118472)
(-0.0109446,0.0137764)
(-0.011116,0.0156458)
(-0.0117177,0.0160861)
(0.00305099,0.0233985)
(-0.0162644,-0.000475251)
(0.0107001,0.0157589)
(-0.0173964,-0.0113831)
(0.00580788,0.00396772)
(-0.0117747,-0.0108178)
(-0.000217442,-0.00820228)
(-0.00712128,0.00679121)
(-0.0055667,-0.013834)
(-0.0129781,0.00397429)
(-0.00225999,-0.00940603)
(-0.0151165,0.00158507)
(0.00169849,0.00238115)
(-0.00180364,0.0183329)
(-0.00431488,-0.000629315)
(-0.0156862,0.0264189)
(-0.00992524,0.0151346)
(-0.0185264,0.0164065)
(-0.00224599,0.0168107)
(-0.0142816,0.0290313)
(0.00428224,0.0210518)
(-0.0118832,0.0207651)
(0.00548781,0.0162483)
(-0.0133954,-0.00822786)
(0.000879369,0.00137322)
(-0.0102295,-0.00892752)
(-0.00785259,-0.00555052)
(-0.00484315,-0.00193685)
(-0.0101345,-0.00871297)
(-0.0114231,-0.00734782)
(-0.00636122,-0.00695721)
(-0.00718672,-0.00229986)
(-0.00647854,-0.0129048)
(-0.0146562,0.0120757)
(-0.00748272,-0.00293976)
(-0.0167638,0.0228717)
(-0.0162016,0.00497508)
(-0.0276106,0.0207015)
(-0.0175459,0.00252874)
(-0.0174556,0.0410811)
(-0.0111835,0.00641528)
(-0.00897542,0.0351149)
(-0.0124977,0.00635734)
(-0.00755493,0.00923427)
(-0.0161986,0.00321783)
(-0.0128991,-0.000950446)
(-0.00382656,0.00475956)
(0.00228354,-0.0029703)
(-0.0135054,-0.0126843)
(0.00195662,-0.00746338)
(-0.00741019,-0.0134527)
(-0.00205573,-0.000361452)
(-0.00514835,-0.015454)
(-0.00785425,0.0158196)
(-0.00739723,-0.0114982)
(-0.0291873,0.0255338)
(-0.0199725,0.00765438)
(-0.0370546,0.028116)
(-0.0168637,0.0030843)
(-0.0246747,0.0425696)
(-0.0238674,-0.00124909)
(-0.00274311,0.0298701)
(-0.0317949,0.00414638)
(-0.00926122,0.0171607)
(-0.0243294,0.00778435)
(-0.00987849,0.00577178)
(-0.0136611,0.0048503)
(0.00668042,0.000666715)
(-0.00618779,-0.0031966)
(0.0124027,-0.00336276)
(-0.00618864,-0.0131922)
(0.0105696,0.00259679)
(-0.00443868,-0.0326515)
(-0.000980958,0.0114395)
(-0.0184143,-0.0178131)
(-0.0144631,0.0126844)
(-0.0254248,0.0020304)
(-0.0363234,0.0131261)
(-0.0273034,-0.001546)
(-0.0210722,0.0208537)
(-0.0272327,-0.000702752)
(-0.0189613,0.0181611)
(-0.0293709,0.0120182)
(-0.0109379,0.00613168)
(-0.0311223,0.00904787)
(-0.0086224,0.00681904)
(-0.0154927,0.0144531)
(0.0153351,-0.00545066)
(-0.00507437,-0.00336969)
(0.0202303,-0.0036308)
(-6.16884e-05,-0.013544)
(0.0210278,-0.000983498)
(-0.00965779,-0.0249681)
(0.00616845,0.00490622)
(-0.0214807,-0.0217688)
(-0.00970195,0.00117018)
(-0.0262163,-0.0055018)
(-0.0147957,0.00263502)
(-0.0174428,0.000967542)
(-0.0270063,0.00320262)
(-0.0169171,0.00699391)
(-0.0196976,-0.00624435)
(-0.0280548,0.0120334)
(-0.0220675,0.00209681)
(-0.0276734,0.0160434)
(-0.0109463,0.000631969)
(-0.0175706,0.0182293)
(0.0133417,-0.00218523)
(0.00498142,-0.0020536)
(0.0220759,-0.00920657)
(-0.00699115,-0.0123062)
(0.0174393,-0.00523335)
(-0.0166999,-0.0156048)
(0.00803464,-0.00938699)
(-0.0210329,-0.0147922)
(-0.0013213,0.00136677)
(-0.023143,-0.00365926)
(-0.00916012,-0.00338204)
(-0.0160581,0.00258381)
(-0.0119535,-0.00951052)
(-0.0153036,0.0149189)
(-0.0203041,-0.009582)
(-0.026422,0.0138493)
(-0.0108562,-0.0089209)
(-0.0282211,0.0147093)
(-0.00477672,0.00117331)
(-0.0168285,0.0109709)
(0.00538598,0.000109548)
(0.000652961,0.00170468)
(0.0093151,-0.00254323)
(-0.0119229,-0.00473765)
(0.00423089,-0.00630505)
(-0.0174534,-0.00857306)
(0.00793602,-0.00497509)
(-0.0218436,-0.00839196)
(0.00326031,-0.000100363)
(-0.0198786,-0.000861721)
(-0.00074731,-0.00263051)
(-0.0114333,0.00428974)
(-0.00261537,-0.00410221)
(-0.0137456,0.00435539)
(-0.00375957,-0.00910153)
(-0.0158972,0.00949335)
(-0.00640147,0.00290705)
(-0.0210869,0.0058245)
(0.00245278,0.00412902)
(-0.0181581,0.0093702)
(0.00384679,-0.0101491)
(0.00145346,0.000149811)
(0.00331662,-0.00604445)
(0.00491186,0.00281419)
(-0.00436653,-0.00230274)
(0.000859816,0.00763344)
(-0.00293423,-0.00261123)
(-0.00847643,0.00529196)
(-0.00590448,-0.00614274)
(-0.0171733,-0.00154335)
(-0.00604987,-0.0074143)
(-0.0185029,0.00246271)
(-0.00719281,-0.00543834)
(-0.00618231,0.00265323)
(0.000306319,-0.00185044)
(-0.0026249,0.00870415)
(-0.00383152,0.000471814)
(-0.00138023,-0.000430912)
(-0.0020377,-0.00163009)
(-0.000243942,-0.000539617)
(0.00173892,-0.00620932)
(0.00423996,-0.00097139)
(-0.00150967,-0.00106323)
(-0.000113167,0.00333336)
(0.00207922,-0.00138424)
(-0.00560802,0.00539184)
(-0.00624117,-0.0029832)
(-0.00937097,-0.00220714)
(-0.00314065,-0.000637084)
(-0.0185715,0.00143631)
(-0.00428074,-0.00975086)
(-0.0262654,-0.00239092)
(-0.0114045,0.000140261)
(-0.00580824,0.00542691)
(-0.00848563,-0.00391054)
(0.00304068,0.00687254)
(-0.00512286,-0.00270279)
(0.00031736,-0.00788649)
(-0.00633101,-0.00216503)
(0.000220613,-0.00755068)
(-0.00381276,0.00283056)
(0.00230469,-0.00453261)
(-0.00395669,0.00669289)
(-0.00276342,-0.00410172)
(-0.00777519,0.0114625)
(-0.000374587,-0.00537267)
(-0.00196814,0.0132283)
(-0.00124879,0.00129982)
(-0.00545666,0.0137234)
(-0.0145455,-0.000233072)
(-0.0080387,0.00634879)
(-0.0115835,0.010316)
(-0.00969464,0.00749335)
(-0.00578838,0.0130166)
(-0.0112592,-0.000698648)
(0.00344496,0.00896316)
(-0.0114022,-0.00199095)
(0.00225907,-0.000764981)
(-0.00160822,-0.00585009)
(-6.21656e-05,-0.00900158)
(-0.00591472,0.00172096)
(-0.00571987,-0.010247)
(-0.00830057,0.000706735)
(-0.00330008,-0.00791477)
(0.00351339,0.00584879)
(-0.00449333,0.000472671)
(-0.00261231,0.011634)
(-0.00529956,-0.00142774)
(-0.00601953,0.0169593)
(-0.00872681,0.00501894)
(-0.0118259,0.0110351)
(-0.010602,0.0051237)
(-0.0138212,0.0185696)
(0.000607213,0.0131111)
(-0.0140764,0.00342275)
(-0.00163302,0.00211725)
(-0.0125548,-0.0022852)
(-0.00420386,-0.00394152)
(-0.00890279,-0.00123746)
(-0.00397508,-0.00900067)
(-0.00170859,-0.00293223)
(-0.0114677,-0.00782659)
(-0.000926061,-0.00416469)
(-0.0114481,-0.00197137)
(0.000537439,-0.000965526)
(-0.0106601,0.00206364)
(0.00283115,0.00589407)
(-0.00801278,-0.00693917)
(-0.00713,0.0203846)
(-0.00821686,0.00245638)
(-0.0126791,0.0162616)
(-0.00923596,-2.98111e-05)
(-0.00830196,0.0254243)
(-0.00778304,0.00195933)
(-0.00788551,0.0125213)
(-0.0127785,0.000981382)
(-0.00628372,0.0098014)
(-0.0126777,0.00370684)
(-0.00877995,0.00201981)
(-0.00410291,0.00357508)
(-0.00453019,-0.00509633)
(-0.00625346,-0.0034362)
(0.00621449,-0.00346591)
(-0.0100367,-0.000668335)
(0.010465,-0.000949584)
(-0.00313372,-0.00509529)
(-0.00231616,0.00532386)
(-0.00680559,-0.0030531)
(-0.0109098,0.0171843)
(-0.0132496,-0.000706184)
(-0.017182,0.0144818)
(-0.0174568,-0.000650567)
(-0.00578096,0.0198425)
(-0.0156465,0.00237118)
(-0.0070124,0.0214695)
(-0.0208814,0.00129725)
(-0.00505006,0.0138514)
(-0.011758,0.00551084)
(-0.00824831,0.00459124)
(-0.00104993,0.00324635)
(0.0105614,-0.00253541)
(-0.00542357,0.00104461)
(0.0121577,0.00241624)
(-0.00045926,0.00220898)
(0.0129496,0.00412941)
(-0.0035869,-0.00556489)
(0.00367157,0.00243868)
(-0.00985729,-0.0142446)
(-0.00738172,0.00309474)
(-0.0189719,-0.0070447)
(-0.0110679,0.00407623)
(-0.0160677,-0.00944005)
(-0.00832886,0.00999167)
(-0.0131043,0.00285089)
(-0.0058194,0.00886943)
(-0.0118921,-0.000482705)
(-0.00847177,0.0100614)
(-0.00778485,0.00528622)
(-0.00614321,0.00486909)
(-0.00640217,0.00939606)
(0.00972138,0.0015164)
(0.00572646,0.000734609)
(0.0254333,0.000798333)
(0.00498554,-0.0067711)
(0.0203611,0.00427584)
(-0.0024507,-0.0115143)
(0.00807578,-0.00257146)
(-0.0135656,-0.0101375)
(-0.0030699,-0.00217593)
(-0.0132104,-0.00824086)
(-0.00520163,-0.00209817)
(-0.0188345,-0.000507515)
(-0.0128276,-0.00697803)
(-0.0112717,0.00360797)
(-0.0189569,-0.00422907)
(-0.0167908,0.0091835)
(-0.0116221,0.00222776)
(-0.0163673,0.00738682)
(-0.00457267,0.000392729)
(-0.00279086,0.0141525)
(0.0111116,0.00405512)
(0.00544228,-0.00386358)
(0.0176104,-0.000249699)
(0.000672361,-0.00675613)
(0.0206539,-0.00345992)
(-0.00576824,-0.0103857)
(0.00974618,0.000537868)
(-0.0149404,-0.0112464)
(0.0090378,0.000579621)
(-0.0173737,-0.00651723)
(-0.00346716,-0.00138903)
(-0.00912869,0.00254219)
(-0.0122474,-0.00889884)
(-0.0146748,0.0126678)
(-0.0124114,-0.0110912)
(-0.0166215,0.0157448)
(-0.0074172,0.00169785)
(-0.0218582,0.00374056)
(-0.00164158,0.00164378)
(-0.0151238,0.00888969)
(0.00114518,0.00473472)
(-0.00273446,-0.0019919)
(0.0056914,-0.0020637)
(-0.00721349,-0.00552249)
(0.0109765,0.000441282)
(-0.0122101,-0.00542479)
(0.00951655,-0.000299821)
(-0.0184384,-0.000549226)
(0.0054466,0.000359059)
(-0.0122218,0.00111512)
(0.00121551,0.00166043)
(-0.0140718,-0.000292169)
(-0.00601055,-0.00624833)
(-0.011717,0.00666287)
(-0.00621199,-0.00452626)
(-0.015617,0.00737911)
(0.000120818,-0.00541793)
(-0.0203122,0.00467571)
(-0.000156516,0.00133863)
(-0.0103898,0.00572567)
