(-0.0221968,0.0107075)
(0.0140653,0.00951878)
(-0.00285837,-0.00360109)
(-0.00184858,0.00666031)
(-0.0130791,0.0123913)
(-0.0117808,-0.0129564)
(-0.0068687,-0.00542151)
(0.0137666,-0.00381608)
(0.017289,0.00843867)
(0.00983817,-0.0129337)
(-0.020297,-0.00460716)
(0.00580999,-0.00978028)
(-0.0237046,5.59058e-05)
(0.00720361,0.0238481)
(-0.0288157,0.00187469)
(0.0279674,0.00523659)
(-0.00989197,0.00794856)
(0.000581116,-0.00142375)
(0.0284864,0.0139556)
(-0.0116219,-0.00476653)
(0.00167772,-0.000555183)
(-0.0218563,0.00381768)
(0.000226981,0.0129229)
(0.0197162,0.00957659)
(-0.00242957,-0.00323659)
(0.00269057,0.0119686)
(0.0169214,0.000842722)
(-0.00556522,-0.00430882)
(0.00232447,0.0128284)
(0.0190494,-0.012563)
(-0.0133298,-0.0082284)
(0.01926,-0.0168001)
(0.00513352,0.00533469)
(0.0134904,0.00934913)
(-0.00713343,-0.00468021)
(-0.0137284,-0.0014506)
(-0.0282201,-0.00997393)
(-0.0227555,-0.0059319)
(0.0243374,0.0163433)
(0.011081,0.0192956)
(-0.0018996,0.00076915)
(-0.00411572,-0.0136169)
(-0.00413928,-0.0141789)
(-0.00249997,0.0163054)
(-0.00349307,-0.00990474)
(-0.0164294,-0.00194931)
(-0.0105034,-0.0131648)
(-0.00551227,0.00886231)
(0.0311358,-0.00131501)
(-0.00961804,0.00680071)
(-0.0163729,0.00547521)
(-0.0188973,-0.0107625)
(-0.0250622,0.000405123)
(0.0242843,0.010815)
(-0.00777567,0.0177481)
(0.010081,-2.94791e-05)
(0.0300091,0.0160083)
(-0.00305669,0.00820606)
(0.0138147,-0.0193115)
(0.000517334,0.00880947)
(-0.00526667,-0.00166403)
(-0.0233402,0.0141256)
(-0.0151554,-0.00921731)
(-0.0167911,0.0176468)
(0.00498876,-0.0140634)
(-0.0193284,-0.010865)
(0.00833975,0.00265048)
(-0.023084,0.0276841)
(-0.00200054,-0.0013368)
(-0.00559122,-0.0104058)
(0.00602481,-0.0111464)
(0.0191238,-0.0177284)
(0.00029323,-0.00437004)
(-0.0101713,-0.0104129)
(0.0107198,0.00233607)
(0.0150005,0.00098231)
(-0.0233341,-0.0140273)
(0.0242531,0.00501081)
(-0.0123283,-0.00238955)
(-0.00639397,0.0232527)
(0.0162473,0.00119273)
(-0.00360977,-0.0113973)
(0.00370869,-0.0317494)
(-0.0188271,9.19643e-05)
(-0.0190486,0.00657122)
(-0.0166329,-0.000663334)
(0.00274536,-0.00176527)
(-0.0171701,-0.0225035)
(0.00549703,0.00516353)
(0.000304135,0.00313825)
(-0.0162277,-0.00130765)
(0.0150731,-0.00693377)
(-0.0149953,0.00357348)
(-0.0106397,0.0134787)
(-0.019629,0.00397239)
(0.00875611,-0.00786274)
(-0.00473861,-0.0107859)
(0.00881942,0.010017)
(-0.0210523,-0.00294029)
(-0.0036362,0.0186)
(-0.0162493,0.0261079)
(0.040323,0.00286777)
(0.00477065,0.00242711)
(0.00435147,0.0258716)
(-0.00798076,-0.0004604)
(0.00137332,-0.00449626)
(-0.0066917,0.00845123)
(-0.00818964,-0.00221455)
(0.0225844,-0.000277229)
(0.0087827,0.0122468)
(-0.0118499,0.00529964)
(-0.00249125,-0.00199064)
(0.0068811,0.00557476)
(-0.00181157,-0.00415306)
(0.0277549,-0.000101526)
(0.0144866,-0.0224706)
(-0.0162652,0.00635567)
(0.0283579,0.0180104)
(-0.0118889,-0.00267289)
(-0.0342071,0.00496422)
(0.0258228,0.00913925)
(0.0205613,0.013169)
(-0.014746,0.00103622)
(0.00227006,0.014485)
(-0.0138706,0.01872)
(-0.0104671,2.00153e-05)
(-0.0150852,-0.003649)
(0.0316837,0.000955043)
(0.00851049,0.00329488)
(-0.025259,-0.00576576)
(-0.00741823,-0.0140256)
(0.00558246,-0.0185941)
(-0.0198683,-0.00326172)
(0.00819422,0.00623752)
(0.0180831,0.00993713)
(0.00392538,0.0247645)
(0.0130236,-0.00851824)
(-0.024019,0.00426627)
(-0.00302132,0.0031463)
(0.0149772,0.00508889)
(-0.0236189,-0.00321475)
(0.0181746,0.00569322)
(-0.00532513,-0.0238753)
(-0.0290213,0.00231671)
(-0.0153711,0.00839901)
(-0.00126615,0.0150154)
(-0.00667527,0.0071322)
(0.0112654,0.0132757)
(-0.00960078,-0.00473385)
(0.0206703,0.0253989)
(-0.00238628,-0.00804426)
(-0.0283074,0.000352252)
(0.0238388,-0.00359177)
(-0.000990483,-0.00491676)
(0.0213009,0.0169107)
(0.00630042,-0.00858862)
(-0.00777248,-0.000988779)
(0.00232978,-0.00255261)
(-0.00591598,0.0053659)
(0.0179437,-0.0137218)
(-0.00842623,0.00129993)
(0.0100429,0.00990997)
(0.0127381,-0.0135298)
(0.0237613,-0.0213642)
(-0.0228946,0.0117558)
(-0.0159895,-0.00303382)
(-0.0136701,-0.000157616)
(-3.30121e-05,-0.00682396)
(-0.010744,-0.000118715)
(-0.0170044,-0.00857491)
(-0.00191337,0.00331437)
(0.0101381,0.00780325)
(0.00385016,-0.0122747)
(-0.00855988,-0.00641435)
(0.00828361,-0.00391319)
(0.014034,-0.00256868)
(0.0145603,0.00829655)
(0.010623,2.66627e-06)
(-0.0081319,0.00537424)
(0.00621104,-0.0157492)
(0.00603581,0.00203765)
(0.00927469,-0.0150636)
(0.00958975,-0.0192493)
(-0.0081667,-9.96021e-05)
(0.00754806,0.0108179)
(0.0120786,0.0216111)
(-0.0108015,-0.0106575)
(-0.000615737,0.000330933)
(-0.00490381,0.00543079)
(-0.0126763,0.0037281)
(-0.00305603,0.0152393)
(0.00370291,-0.0106663)
(-0.0295147,0.0115922)
(-0.0164724,-0.0152624)
(-0.011857,-0.0129422)
(-0.0180276,-0.000949033)
(-0.0173673,0.0049459)
(-0.000106096,-0.0126742)
(0.00103497,-0.0221758)
(0.0031991,0.00834234)
(-0.00190909,0.00218555)
(-0.010909,0.00324762)
(-0.00174069,0.0149485)
(0.0184792,0.00656097)
(-0.0195798,-0.00143993)
(0.00523451,-0.00464311)
(0.0309714,0.00379034)
(-0.000442757,0.0175191)
(0.00707644,0.00705378)
(-0.0090903,0.00884644)
(-0.0238646,-0.0063415)
(0.0081708,-0.0104727)
(-0.0042024,0.0171131)
(-0.00493554,-0.0199593)
(-0.0102264,0.0157209)
(0.0179675,0.00665739)
(-0.0136439,0.0044638)
(0.00706738,0.0042381)
(0.00376285,0.00536898)
(-0.0112479,-0.00310328)
(-0.00286701,-0.0138218)
(-0.00442624,-0.0127685)
(0.0143224,-0.000590108)
(0.0165348,0.0112877)
(0.00292103,0.00412907)
(-0.000629809,0.00162484)
(-0.000859684,-0.00137118)
(0.0177365,0.000715651)
(0.0126591,-0.00894915)
(0.0103753,0.0123561)
(-0.0325958,3.69716e-05)
(-0.0188099,0.00311089)
(-0.021421,-0.0071876)
(-0.00863708,-0.0200839)
(-0.0176941,0.0126523)
(0.01137,0.00347529)
(0.00155694,0.0191126)
(-0.0184082,-0.00139229)
(-0.0342123,-0.0027456)
(-0.00436423,0.00802037)
(0.00828498,0.00565557)
(0.0122337,-0.00668436)
(-0.0268858,0.0132374)
(0.0197084,0.00191506)
(0.0074481,7.21285e-05)
(-0.0107502,-0.000893773)
(-0.000350354,0.0105358)
(-0.00875604,-0.00132827)
(0.0121124,-0.00133512)
(0.0103955,0.00127283)
(0.00213181,-0.0025373)
(0.0142279,0.00495865)
(-0.0109196,0.00543567)
(-0.00893761,-0.00408939)
(-0.027066,-0.00722707)
(-0.00685347,-0.00528612)
(-0.0109059,-0.00037588)
(0.0225439,0.0206052)
(-0.0252164,-0.0106698)
(0.0376792,-0.00677534)
(-0.018917,6.38915e-06)
(0.0177793,-0.00125366)
(-0.0160899,-0.00438372)
(0.00668648,0.00287321)
(0.0266371,0.0160686)
(-0.00052734,-0.020908)
(-0.0182498,0.0102995)
(-0.0032191,-0.00737138)
(0.000865666,-0.00162206)
(0.000741654,0.00165264)
(0.033064,-0.000292986)
(-0.00777012,-0.022234)
(0.011301,-0.00480718)
(-0.0151481,-0.00253231)
(0.0108379,0.00507498)
(0.00179984,0.00156812)
(-0.0039894,-0.0115819)
(-0.00707892,0.00569305)
(0.0192985,-0.00155623)
(-0.0161293,-0.000531575)
(0.00927425,0.00713277)
(-0.00986986,-0.0216328)
(-0.00633988,0.0054354)
(0.00907411,-0.0209383)
(-0.00394642,0.00784422)
(-0.0236177,-0.00703685)
(0.0255457,0.0131598)
(-0.0298354,0.017709)
(-0.0186095,-0.0100953)
(-0.00996343,-0.00349173)
(0.0170774,-0.00257237)
(0.0036311,-0.00884637)
(-0.0141805,-0.00861614)
(-0.00743001,-0.0021061)
(-0.0014035,0.0196274)
(-0.0146553,0.00480425)
(-0.00773493,0.00617402)
(0.0105499,0.00877665)
(0.021296,0.00452164)
(-0.00943225,-0.0101959)
(0.0215801,-0.00819287)
(0.00356727,-0.0138435)
(-0.00163142,0.0109698)
(-0.00541144,0.00234071)
(0.028385,-0.00205774)
(0.00901345,-0.0149238)
(-0.00445648,0.00509622)
(0.000538707,-0.0228524)
(0.00398501,0.0128964)
(-0.0130128,0.00528411)
(0.0235434,0.00568533)
(0.0040823,0.0132751)
(0.0073939,0.00356637)
(0.0222862,0.00344229)
(-0.0141478,-0.016794)
(-0.0172239,0.00441541)
(-0.0172324,-0.00806206)
(0.000123522,-0.00290824)
(0.00887173,-0.0123573)
(-0.0067354,0.00298882)
(-0.00744602,0.00987796)
(-0.00209965,-0.00651645)
(-0.000920498,-0.000410639)
(-0.00177652,-0.0147883)
(-0.00571147,-0.00753376)
(0.0026196,-0.00302963)
(0.0177692,-0.0152986)
(-0.0153278,0.0169009)
(0.00335647,0.00186943)
(-0.0138181,-0.00983289)
(0.00752316,-0.00393924)
(0.0186325,0.00276107)
(-0.0203707,0.0127165)
(-0.024145,0.0173917)
(0.0123212,-0.00491383)
(-0.024537,-0.0146231)
(-0.00114862,0.00270332)
(-0.0195362,-0.0168056)
(-0.0162219,-0.0037035)
(0.00305753,0.00274386)
(0.028324,0.00417433)
(0.0112205,0.0052287)
(0.02244,0.0186487)
(-0.012674,0.00215141)
(-0.000802688,-0.021081)
(-0.00278705,-0.016642)
(0.0247315,-0.00953176)
(0.00661494,0.00433816)
(-0.000988872,-0.000687192)
(-0.0112937,0.0108429)
(-0.00532043,0.0114486)
(0.00136064,0.0126192)
(-0.0222712,-0.0106589)
(-0.0201937,-0.0352512)
(-0.0130439,-0.00414127)
(-0.0156065,-0.0168083)
(-0.0506007,-0.0227198)
(-0.0133718,-0.00158506)
(-0.0142518,0.000109067)
(0.0179755,0.0190758)
(0.0011684,-0.0194386)
(0.00693458,0.00889304)
(-0.0189085,0.0028333)
(0.0118366,0.00984836)
(0.0120952,-0.00345874)
(0.0158002,-0.0024111)
(0.00266441,0.0164304)
(-0.00520322,0.00538797)
(-0.0192471,0.0124374)
(-0.0310096,0.013818)
(-0.00278807,0.0153383)
(0.0188061,0.00539334)
(-0.00665531,-0.00062561)
(0.0158083,-0.00099591)
(-0.00415648,0.000755519)
(0.0119018,0.0114843)
(0.0300134,-0.00409189)
(-0.00916812,0.000334694)
(-0.0105031,0.00784933)
(0.0422763,-0.0053635)
(0.0276491,0.00530632)
(0.0168017,-0.00482221)
(0.00404957,0.0227619)
(-0.000143147,-0.0123152)
(-0.00735261,-0.00294801)
(-0.00232553,-0.000401736)
(-0.00306261,0.00591819)
(-0.0161622,-0.00137238)
(0.00447235,0.000584711)
(0.0117489,-0.00395918)
(-0.0127765,-0.0134687)
(-0.0216579,-0.00758079)
(-0.00832817,-0.00534493)
(0.00263673,-0.00880708)
(0.000558836,-0.0124108)
(0.000484417,-0.0107858)
(0.0063099,-0.00314176)
(-0.00368951,0.00541965)
(-0.0311911,0.00119091)
(-0.0065477,0.0189771)
(0.0183416,0.0108297)
(0.0036885,0.00777171)
(0.0182896,-0.0064731)
(0.0144115,-0.0163639)
(-0.0172383,-0.0114323)
(-0.0132842,0.00544326)
(0.0100747,0.00364596)
(0.00772031,-0.0153626)
(-0.00978687,-0.000177017)
(-0.00747281,0.00256962)
(0.0126106,0.00763274)
(0.00266335,0.000855107)
(-0.015656,-0.0198702)
(-0.000655021,-0.0142313)
(-0.0114948,-0.00327566)
(-0.00217227,-0.00706076)
(0.0151484,0.00249901)
(0.0101185,-0.00393639)
(0.019117,0.00884932)
(0.00508211,0.0103712)
(-0.00735995,-8.17147e-05)
(0.0177973,0.021337)
(0.0048865,0.0005233)
(0.0147085,0.0178707)
(0.0115873,0.00771244)
(-0.0150242,0.00665542)
(0.0202425,-0.00673256)
(-0.00561685,0.00653101)
(0.008726,-0.0176237)
(0.0123954,0.00660472)
(0.00461562,0.0272813)
(0.00388062,-0.00613041)
(-0.00722575,0.0211564)
(-0.0218376,-0.0177834)
(0.0110304,-0.00488221)
(-0.0060561,0.0117119)
(-0.0147824,0.0138301)
(-0.0173436,0.00354476)
(-0.00733698,-0.00961905)
(-0.000474872,0.00508663)
(-0.00461467,-0.00774373)
(-0.0136912,-0.0085952)
(0.00996214,0.0203863)
(0.00880755,7.40694e-05)
(0.0282751,0.0242819)
(-0.029821,-0.00103048)
(-0.0276289,-0.00262544)
(0.0226521,0.0244022)
(0.0128097,0.0112151)
(-0.000883006,0.0122807)
(-0.000505059,0.0122536)
(0.0259218,0.0140409)
(-0.00856687,0.00315628)
(-0.00988255,-0.00583294)
(-0.00371806,0.0213367)
(-0.00192476,0.0171832)
(-0.0128063,-0.00745766)
(-0.00715597,-0.00500714)
(-0.0204296,0.00929457)
(-0.00332929,-0.00770981)
(0.0118192,0.00641591)
(0.00905503,0.0125436)
(-0.00147028,0.036439)
(-0.00178627,0.0106711)
(-0.019828,0.0223927)
(0.0156286,-0.00284708)
(-0.0318109,-0.0160482)
(0.0167636,-0.00963162)
(0.0301117,0.0308485)
(-0.0110081,0.000500746)
(0.0174537,-0.0110166)
(0.0168868,0.011756)
(0.00787457,-0.00585507)
(0.0300679,-0.00755586)
(-0.0175255,0.0124829)
(-0.00813243,0.0125576)
(0.00417412,0.00308528)
(0.0063609,0.00134141)
(0.0134041,0.00577898)
(0.00359199,0.0225441)
(0.00213482,0.0162586)
(-0.000408509,-0.00771901)
(-0.0137559,0.0198461)
(-0.0104926,0.00487871)
(0.0132179,-0.000542721)
(-0.00447689,-0.0140084)
(-0.00190353,-0.0106183)
(0.0231752,-0.00404906)
(-0.0148687,0.011208)
(-0.0293831,0.000318604)
(-0.00844749,0.00675575)
(-0.00878546,0.00439137)
(0.0242367,-0.00590188)
(-0.00644513,-0.0165355)
(-0.0192734,-0.00147907)
(-0.00358983,-0.00246181)
(-0.0183096,-0.0083895)
(0.0135544,-0.00939808)
(0.0155555,0.00634111)
(-0.00883809,-0.009088)
(0.0134805,0.000745829)
(-0.0049335,-0.00059758)
(0.00881857,-0.00224011)
(0.0017578,-5.00056e-05)
(-0.00288595,-0.00635286)
(-0.0180073,-0.00524527)
(-0.00141319,0.0142878)
(-0.0130187,-0.00947017)
(-0.0190083,0.0242318)
(-0.0372953,-0.00687464)
(0.0244704,-0.00794843)
(-0.00232589,-0.00383028)
(-0.015146,-0.00704105)
(-0.00407174,-0.00978141)
(0.00554616,-0.0232296)
(0.00383291,0.0102408)
(-0.0229621,0.0122624)
(0.015123,0.0170166)
(-0.0241862,-0.00579959)
(0.00504469,0.00831299)
(-0.0217113,-0.0112517)
(-0.0218653,-0.021962)
(-0.0320244,0.00428765)
(-0.00635293,0.0130816)
(0.00738003,-0.00892781)
(-0.0010871,-0.00187312)
(0.0309094,0.0183472)
(-0.0166429,0.00576362)
(0.010789,0.0258787)
(-0.0415344,-0.026118)
(-0.0019729,-0.0125108)
(0.00823613,-0.00169563)
(0.0100901,-0.0226294)
(0.05149,0.00794729)
(-0.0104607,0.0228368)
(-0.0159999,-0.0111343)
(-0.014318,0.0115823)
(-0.0107645,-0.0183301)
(0.0112783,-0.00687637)
(0.0212545,0.00192263)
(-0.00284029,0.0120961)
(0.0101562,0.00131137)
(0.00725318,0.0124166)
(0.0164801,-0.0151429)
(-0.00869964,0.0106004)
(0.0311051,-0.0051488)
(-0.00643496,-0.0145484)
(0.0099629,0.0300923)
(0.00708549,-0.0017669)
(-0.0217246,0.0162492)
(0.00771985,-0.00343237)
(0.0161986,-0.0124185)
(0.00540107,-0.000327865)
(-0.00382171,0.0231881)
(-0.00590646,0.0262355)
(-0.0176528,-0.0209722)
(-0.0417677,0.00456943)
(-0.00699756,-0.0158803)
(0.00294927,-0.008208)
(0.0123449,-0.00488701)
(-0.0120549,-0.00732315)
(0.00922813,0.00976475)
(0.00574347,-0.0109163)
(-0.022258,-0.00542959)
(-0.00370652,0.00250282)
(0.0296212,0.00457518)
(0.00245462,-0.00621189)
(0.00335496,0.0146811)
(-0.000514823,-0.00567721)
(-0.0106128,0.00978344)
(0.00238465,-0.00170837)
(-0.00856102,0.00549655)
(0.0241314,-0.00914431)
(-0.00128195,-0.0061329)
(0.00379662,-0.0210838)
(0.00628286,0.00370658)
(-0.00752438,0.00790301)
(-0.04967,-0.0115531)
(0.00375171,0.00697549)
(-0.0202836,0.0145499)
(0.0112806,0.00557856)
(0.00449596,-0.00926725)
(-0.023522,0.0193093)
(-0.0170559,-0.00379959)
(-0.00775753,0.000404724)
(-0.00627853,0.00708078)
(0.00121053,0.00856736)
(0.0088953,0.0079644)
(-0.00868937,0.0148005)
(-0.0183559,-0.0210742)
(0.0099076,0.00590419)
(0.0164595,0.0144849)
(0.0222828,0.0189606)
(-0.0108418,-0.000848462)
(-0.017133,-0.00269091)
(0.0042171,-0.00074648)
(-0.00575934,-0.00583896)
(-0.0169512,0.00905279)
(-0.0164059,0.0176373)
(-0.0221404,-0.0216626)
(-0.0032414,0.00822316)
(0.00120005,-0.0115257)
(0.0285718,0.0136248)
(0.0165221,0.00666096)
(0.00950186,0.012797)
(-0.0123932,0.00184047)
(0.0238144,-0.00184632)
(-0.000177508,0.00186523)
(-0.022085,-0.00495343)
(-0.0063418,-0.00141185)
(-0.0191525,-0.00901666)
(-0.0113277,0.00535359)
(-0.0039114,0.00676093)
(-0.00687828,-0.00476056)
(-0.019903,-0.0175659)
(0.00224722,0.00568925)
(-0.00292101,0.00986391)
(0.00272622,0.0169662)
(0.0148421,0.0089297)
(0.00432323,0.0109616)
(-0.00944786,-0.0148991)
(0.0137506,0.00724321)
(0.0145577,-0.0119673)
(0.00765791,0.00328046)
(0.00108967,-0.0170378)
(0.000431078,-0.000184072)
(-0.00208866,-0.000868469)
(0.00238011,0.0142014)
(0.0114037,0.00853552)
(-0.0180402,0.0137323)
(-6.97014e-05,0.000620144)
(0.00823637,0.0142216)
(0.0247541,0.0126465)
(0.00637507,-0.0112946)
(0.00483833,-0.0079596)
(-0.0230515,0.0193085)
(0.0036031,0.0053162)
(-0.00967125,0.011703)
(-0.0221272,0.0171355)
(0.00835564,0.0128385)
(0.0104407,0.0024015)
(0.00435211,0.0117929)
(-0.00262138,-0.00132509)
(0.00998749,0.0151951)
(-0.031513,-0.0144987)
(0.00113896,0.0297503)
(-0.0198916,-0.0110906)
(0.0216423,-0.013803)
(-0.0147596,0.0117547)
(-0.0143967,-0.0103241)
(-0.0132381,-0.00679538)
(0.0360147,0.00267264)
(0.0239807,-0.0174959)
(0.0402172,0.00120123)
(0.0142026,0.0122251)
(0.00984517,-0.0106798)
(0.0202005,-0.00109959)
(0.0275109,0.00587265)
(0.00491324,0.00139318)
(0.00494669,-0.00397101)
(-0.00575312,0.0132068)
(-0.00330839,0.0315216)
(-0.0179135,-0.000867699)
(0.00317148,0.0152102)
(-0.0110843,-0.00749018)
(0.0288541,-0.0348558)
(0.0338814,-0.0279441)
(-0.0189628,-0.0896899)
(0.0803529,-0.0536922)
(-0.0579393,0.0218117)
(-0.1221,-0.0566971)
(-0.0498619,0.0198721)
(0.00538665,-0.0269638)
(0.0100185,-0.0275458)
(0.0284768,-0.0123053)
(0.0327127,-0.0207109)
(0.0137864,-0.0222951)
(-0.0140761,0.00638101)
(-0.0070834,-0.0076987)
(0.00010989,0.0234527)
(0.02082,0.0255525)
(-0.00460313,0.00980602)
(-0.0158348,-0.00421114)
(-0.0109094,0.0013662)
(-0.00641956,-0.0314342)
(0.0189134,0.0181736)
(0.0897992,-0.0572645)
(0.00709314,0.0609769)
(0.00863653,-0.0127449)
(0.024797,0.0115953)
(-0.0299497,-0.00400169)
(0.00634639,0.00146271)
(-0.0879736,0.0427992)
(-0.0206412,0.0510503)
(0.020171,0.0125861)
(0.0247244,-0.0183559)
(0.0145705,0.00500603)
(-0.00418018,-0.0361423)
(-0.00165691,-0.0124003)
(0.0149254,0.0056256)
(-0.0228093,0.00769618)
(0.00521138,-0.00440533)
(-0.000137207,0.00279832)
(0.000257873,0.0112623)
(0.0158738,-0.0159675)
(0.00246593,-0.0223268)
(-0.0232326,0.0311902)
(0.0448948,-0.00572387)
(0.0108162,-0.0247161)
(0.0237466,0.0176666)
(0.000235375,0.0393343)
(0.000282088,-0.00689822)
(-0.0302601,0.037816)
(-0.0653037,-0.0352085)
(0.0232015,-0.0247283)
(0.027353,0.00382531)
(0.029311,-0.00898167)
(-0.0206207,0.00509333)
(0.00983629,0.00690039)
(0.00191935,0.00529919)
(-0.0118297,-0.0093896)
(0.011855,0.0101407)
(-0.0053798,-0.0063525)
(-0.0151718,-0.0217166)
(0.000848475,0.0249279)
(-0.0163443,0.0070157)
(0.0043967,0.103509)
(-0.0398919,-0.0458811)
(-0.0157799,-0.000246555)
(0.040733,0.028476)
(-0.00760181,0.0262366)
(-0.143904,0.04856)
(-0.0075387,-0.074147)
(0.0506094,0.0237031)
(-0.00618383,-0.00637642)
(0.0148396,0.0217321)
(-0.0165204,0.00518755)
(-0.0168632,-8.21831e-05)
(0.00626372,0.00702141)
(0.00195171,-0.0030641)
(-0.000668255,0.0188443)
(0.0209993,0.000822948)
(-0.0224576,0.00836995)
(0.00880054,0.0107185)
(0.0135705,-0.027478)
(0.0143775,0.0249901)
(0.0109825,0.013706)
(-0.0116298,-0.0154279)
(-0.00166909,0.0135014)
(0.00717811,-0.0267418)
(0.0252646,0.0164963)
(-0.0138685,0.00788829)
(0.00776162,0.00208822)
(0.0167463,0.0114193)
(-0.0063838,0.0123684)
(0.0083532,0.0159583)
(-0.00823653,-0.0149203)
(-0.016047,0.012534)
(0.0295711,-0.0323967)
(-0.0172836,0.024321)
(0.00692337,-0.00107743)
(-0.00544274,-0.00388702)
(0.00452969,0.0268032)
(-0.0290275,-0.0108439)
(-0.00831914,-0.012161)
(0.0202991,-0.0109879)
(0.0109752,-0.011105)
(-0.0173511,0.009601)
(-0.0324858,-0.00100304)
(-0.0228563,0.00597594)
(0.0243203,-0.0154226)
(0.0208096,-0.00212387)
(0.0105818,-0.0138106)
(-0.0124947,0.0190831)
(-0.0280418,0.00467859)
(-0.0130582,-0.00300216)
(0.00311532,-0.00133746)
(-0.0141703,0.0128304)
(-0.0219797,0.00324787)
(0.0190114,-0.0106197)
(0.00322207,-0.0170658)
(0.00219198,0.00928017)
(-0.0192761,0.0254657)
(0.0212636,-0.0172499)
(0.0173145,-0.0061972)
(0.0185458,-0.00442298)
(-0.00960437,0.000703716)
(-0.00413116,0.0156714)
(-0.00868869,-0.00262003)
(0.00659789,0.0135669)
(-0.0118357,-0.00437275)
(0.0215595,0.0151271)
(0.0221255,0.00918954)
(-0.00506418,-0.00376647)
(-0.00596568,-0.012316)
(-0.00352637,-0.0212527)
(0.0214599,-0.0131609)
(-0.00621019,-0.0144856)
(0.00252834,-0.00810112)
(-0.0137546,-0.0039747)
(0.0145708,-0.00882487)
(-0.00636664,-0.00113734)
(-0.0187782,0.000129561)
(0.00566084,-0.00628977)
(0.000461041,-0.0171717)
(0.0198645,0.000219196)
(0.012032,0.00170992)
(-0.0133543,0.000702206)
(0.0137375,0.00879194)
(-0.0130745,-0.00242631)
(-0.00461038,0.00560233)
(-0.0116731,-0.00939611)
(0.0138665,0.00226442)
(0.00704377,-0.00244301)
(-0.0263524,-0.00466828)
(-0.0119039,0.00475835)
(0.0147123,-0.00265976)
(-0.00152319,0.022282)
(0.0128282,-0.00456708)
(0.00411711,0.00533305)
(0.0127448,-0.00776876)
(0.00306568,0.00671456)
(0.0140199,0.0104805)
(0.0301277,0.0137141)
(0.00821883,0.00489138)
(-0.000404976,-0.0203069)
(0.0342555,0.0172643)
(-0.0195921,-0.0127402)
(-0.00235714,-0.00488128)
(-0.016825,0.0159175)
(-0.00859322,0.0117816)
(0.0100405,0.00015086)
(-0.00327454,-0.00260007)
(0.00863246,0.0155296)
(0.00588935,0.00163839)
(-0.000311071,0.00660557)
(-0.0260269,-0.00111643)
(-0.00182254,-0.000333478)
(-0.0119368,-0.00388512)
(-0.0111203,0.00881635)
(0.018589,0.00864673)
(0.0190043,0.0113959)
(0.00145629,0.0258903)
(0.0169025,-0.00957303)
(0.0320124,0.00112929)
(0.0299345,-0.0154103)
(0.0415235,0.0157444)
(-0.0243714,-0.0141607)
(-0.00204683,0.0255264)
(0.0151513,-0.0314522)
(0.00531453,-0.0164455)
(0.0197522,0.0283916)
(-0.00273723,-0.0152919)
(-0.0471868,-0.0218608)
(-0.00954943,-0.00907557)
(-0.0161561,-0.00840768)
(0.00912589,0.00328784)
(0.0144056,-0.00750697)
(0.0157232,0.00231439)
(0.0334793,-4.27111e-05)
(-0.0176594,0.00398612)
(0.00250678,0.0144843)
(-0.0154537,-0.00220856)
(-0.0143942,-0.00706372)
(0.00326291,-0.00763166)
(0.00424622,-0.0194502)
(-0.00102304,-0.0310144)
(-0.0727386,0.0501651)
(-0.0176606,0.00317191)
(0.0134072,0.0169806)
(-0.0066651,0.00787522)
(0.0192302,0.0165484)
(-0.0281931,0.044583)
(-0.0466708,0.0331231)
(-0.0134006,-0.0109991)
(-0.0202464,-0.0133593)
(0.0178553,0.00431993)
(0.0157182,-0.00977459)
(0.0144451,0.0128328)
(-0.00122337,0.00942828)
(-0.0288917,-0.0135165)
(0.0157669,0.0137536)
(0.00255678,0.021815)
(-0.0154503,0.00667822)
(0.00627667,-0.011738)
(-0.00683452,-0.0190685)
(-0.0101029,-0.0022953)
(-0.0307636,0.0191274)
(-0.0115816,-0.00285227)
(0.0154053,0.0123509)
(-0.053749,-0.00554157)
(-0.0298374,0.0100302)
(0.0089324,0.00873792)
(-0.000760455,-0.0226093)
(-0.00973507,-0.00768026)
(-0.00871057,-0.0113017)
(-0.00414365,0.00112659)
(-0.00549234,-0.015901)
(0.012563,0.0182416)
(-0.00586654,0.00109476)
(-0.00482999,0.0145375)
(0.0152622,-0.0132798)
(-0.00727861,-0.0148224)
(0.010832,-0.0138692)
(0.00634698,0.0192637)
(-0.00230443,0.0023928)
(0.00277237,0.017001)
(0.00389883,0.0132097)
(-0.00579228,0.0261274)
(-0.0203175,-0.00750508)
(-0.0203609,-0.00701293)
(2.83178e-05,0.00112228)
(-0.0255065,0.00304188)
(-0.0258457,0.0114258)
(0.00519263,0.00387489)
(0.0100772,0.0082102)
(0.00962838,0.00286892)
(0.00908453,0.000770965)
(0.00414628,0.00923105)
(0.00947848,-0.0150226)
(-0.0106497,0.0164677)
(-0.0207401,0.00800851)
(-0.0122582,0.0182065)
(-0.0187163,-0.0331712)
(-0.0205303,0.0165078)
(0.00132586,-0.0238932)
(-0.0416017,-0.032055)
(-0.0121843,0.0720302)
(-0.021163,0.00488445)
(0.00990937,0.0171826)
(0.016717,0.0163004)
(-0.0146689,0.00916418)
(0.0179899,0.0280629)
(0.0220958,-0.0256041)
(0.00738666,-0.00329276)
(-0.0130527,0.014887)
(-0.0223384,0.00233348)
(-0.00899171,0.00942894)
(-0.0253877,0.0133034)
(0.00718121,-0.0270397)
(-0.00120716,0.00299703)
(-0.000819318,0.00074243)
(-0.0197998,0.00551905)
(-0.0294776,-0.0116243)
(0.0195675,-0.00381533)
(0.0231389,-0.00618122)
(-0.00116399,0.01464)
(0.00595644,0.000325314)
(0.00190273,0.0157279)
(0.0206718,0.0251038)
(0.0171522,-0.0091971)
(0.0271607,0.000507969)
(0.00236977,0.0257374)
(-0.000856458,0.0128246)
(0.00111168,0.013318)
(-0.00408161,0.00468657)
(0.0031166,0.00467208)
(-0.00360083,-0.0115972)
(0.024251,-0.00247585)
(0.0130081,-0.00414451)
(-0.0025629,0.00979822)
(0.0128726,0.0137032)
(0.00490679,0.00141538)
(-0.00969823,0.0267524)
(-0.00196747,-0.0160829)
(0.0079923,0.000583461)
(0.00192318,-0.00163114)
(0.00606916,-0.0010629)
(0.0150528,-0.0160295)
(0.00464663,-0.0201888)
(0.0207358,0.011072)
(0.0181279,0.0183598)
(-0.0132067,0.0135786)
(-0.0148168,0.00857497)
(-0.00608385,-0.0149636)
(0.00878393,-0.0119074)
(-0.00856494,0.0148744)
(0.000730754,-0.00162068)
(0.0114022,0.00206551)
(0.0233865,0.00675017)
(-0.00992602,0.00779014)
(-0.00710162,0.0142646)
(0.0023091,-0.000297184)
(-0.000382919,0.00551747)
(0.0187706,-0.0241247)
(0.00127055,0.00410558)
(-0.0130606,0.000781065)
(-0.017772,-0.00684472)
(0.00902635,-0.012497)
(-0.00639438,0.0227565)
(0.0036181,0.00764462)
(0.0015137,0.00328333)
(-0.00248286,0.00823757)
(0.00245381,-0.0156796)
(0.000603308,0.00807765)
(-0.00551746,-0.0249618)
(0.00127432,-0.000149585)
(0.0237258,0.0100376)
(0.0126091,-0.0046534)
(0.00813642,-0.00764651)
(0.012587,0.0059524)
(-0.00970781,-0.00614935)
(-0.00550853,0.012189)
(0.00386571,0.00607352)
(-0.0280181,-0.021988)
(0.0067104,-0.00796045)
(-0.00188581,-0.0171619)
(-0.0232529,-0.000492632)
(0.00658491,0.00368834)
(-0.00120098,-0.000938465)
(-0.0111992,-0.0170165)
(0.005205,0.0111914)
(0.00315252,-0.0195414)
(0.0129138,-0.0101383)
(0.00221436,0.00718603)
(0.0258553,0.00333898)
(0.0173637,0.00223503)
(0.0150509,0.0038101)
(0.0187075,-0.00717784)
(-0.0262579,-0.0122633)
(-0.00995977,-0.00979997)
(0.00118384,-0.0119076)
(-0.012333,0.0101541)
(0.0131727,0.00874837)
(-0.00519302,-0.0213066)
(-0.00793779,-0.00300074)
(-0.0166076,0.00368256)
(-0.00428802,0.0244697)
(0.0044025,0.012465)
(-0.0148821,-0.0147079)
(0.0133835,0.0102098)
(0.00402086,0.00466681)
(-0.0137695,-0.00408131)
(0.0126254,-0.000302002)
(-0.00438401,-0.0165151)
(0.0114336,0.000572146)
(-0.00863651,-0.00138565)
(-0.0108253,0.00150455)
(-0.0161949,-0.00933774)
(-0.0118067,0.0181839)
(0.0208531,-0.00150242)
(0.0060396,0.000419214)
(0.00684453,-0.00644755)
(0.000319698,0.0114927)
(0.00278589,0.0175142)
(-0.0243675,0.00129569)
(0.00504624,0.0260787)
(0.0108539,0.00172018)
(-0.00193311,0.0183871)
(-0.00848957,0.0232274)
(-0.0191061,0.0191281)
(-0.0151951,-0.01372)
(-0.00845349,-0.0128806)
(0.00249134,-0.00124063)
(0.00936806,-0.0117116)
(0.0167457,-0.000303069)
(-0.0295341,0.00219601)
(0.0055417,-0.000528837)
(0.0146413,0.000737219)
(-0.0294235,-0.00124292)
(-0.0229464,-0.00536285)
(0.0148169,-0.00086981)
(0.0191662,0.012708)
(-0.00899495,0.0110823)
(-0.00595393,0.00324594)
(0.0329804,0.0182304)
(-0.03164,0.0277307)
(0.031887,0.0105477)
(-0.0103238,0.0107952)
(-0.00185559,0.010845)
(0.0204413,-0.000126773)
(0.00165442,-0.0055465)
(0.0458249,0.00739842)
(0.0177644,-0.0480407)
(-0.0174649,0.0028771)
(0.0239517,-0.00373595)
(-0.00575706,0.0182044)
(-0.00436495,0.0121005)
(0.0191997,-0.00103483)
(-0.0035524,-0.000940331)
(-0.00874419,0.011096)
(0.00766888,-0.00735572)
(-0.00431684,0.00620552)
(-0.0225497,0.00630376)
(-0.00420865,0.00263691)
(0.0326987,0.0113675)
(0.0117882,0.00707639)
(0.00795273,0.0139278)
(0.00112552,0.00965279)
(0.00701746,-0.00352093)
(0.02318,0.000726924)
(0.00359593,-0.019435)
(0.021024,-0.00680761)
(0.00337972,-0.03129)
(-0.0368346,0.0163315)
(0.0174539,0.00998033)
(0.0174163,0.003898)
(-0.00990195,-0.000749263)
(-0.0134675,-0.0027462)
(-0.0248526,-0.00463902)
(-0.00128007,-0.012617)
(0.00560559,-0.00416909)
(-0.00160607,0.00257102)
(0.0132975,0.0198418)
(0.0126837,-0.015082)
(0.0174865,-0.0268927)
(0.00432104,-0.0247873)
(0.0235097,-0.0266888)
(-0.027775,-0.00047083)
(0.00138751,0.0171295)
(0.0340548,0.000295621)
(-0.017183,0.00183601)
(-0.00298316,-0.0075026)
(0.0389702,-0.00199018)
(0.0171968,0.025486)
(0.00043418,-0.0008585)
(-0.00185157,-0.00079665)
(0.0115491,0.000386258)
(-0.00596207,-0.007079)
(0.0123066,-0.00193077)
(-0.00497038,0.00183236)
(-0.00579649,0.0141308)
(-0.031005,-0.0203127)
(-0.00275068,0.0154813)
(0.00737584,-0.000546986)
(-0.0156018,-0.0340765)
(-0.0307718,-0.0523369)
(-0.0734163,0.0486556)
(0.00424479,-0.024604)
(0.040467,0.0177004)
(0.0181178,-0.00451222)
(-0.0199231,-0.00377344)
(-0.00806233,0.0203082)
(0.0991304,0.0468911)
(-0.0177521,0.00637985)
(-0.0356569,0.0240801)
(-0.000700983,-0.00567324)
(0.00793946,0.00468115)
(0.00373663,0.00866067)
(0.0123632,-0.0187862)
(-0.00942867,0.0117591)
(0.0149795,-0.0149826)
(-0.0107415,-0.0141292)
(0.0182693,-0.00222464)
(-0.00642306,-0.000615549)
(-0.0311909,-0.00892286)
(-0.00220687,-0.00926153)
(-0.00722276,-0.00200999)
(0.0453531,-0.000778517)
(-0.000210863,0.00062758)
(-0.0015179,0.0169609)
(-0.000167363,-0.0119001)
(0.018259,0.00774753)
(-0.0214701,-0.000376675)
(-0.00311263,-0.0050911)
(-0.027963,0.000196269)
(-0.008525,0.000683374)
(0.00340296,0.00727982)
(-0.00612586,-0.0055375)
(0.00338668,-0.0116088)
(-0.0183355,-0.0207619)
(0.0181194,-0.00682464)
(0.0128929,0.00444165)
(-0.0156366,0.00188229)
(0.00854096,-0.0107129)
(-0.00974399,-0.00348913)
(0.00130908,-0.0319851)
(-0.00353483,-0.00758349)
(0.0249542,0.00423834)
(0.0232082,-0.00168016)
(0.0353472,0.0139251)
(-0.0221621,-0.0169628)
(-0.00389894,-0.00770853)
(0.0164608,0.00259205)
(0.0106706,0.00648114)
(0.0254715,0.0180848)
(0.0183452,0.0161988)
(0.00370646,-0.0041312)
(0.00528328,0.00920661)
(-0.00579952,0.000109808)
(0.00123346,-0.0115039)
(-0.021294,-0.00889398)
(-0.00424905,-0.0143664)
(-0.017541,-0.0112709)
(0.00957684,-0.0134464)
(0.0166436,-0.0105153)
(0.00894463,0.00426663)
(-0.00677034,0.0017598)
(0.0206611,-0.0199185)
(0.0231308,0.000899944)
(-0.00899279,-0.0144695)
(-0.0275213,0.0218922)
(-0.0162948,0.0247846)
(-0.0023625,0.00495346)
(0.0104129,-0.0051945)
(0.0253136,0.0188411)
(0.0112236,0.00868452)
(0.00117112,0.00414882)
(0.00723427,0.0225658)
(-0.00160104,0.000360438)
(-0.00394375,-0.00234086)
(0.000413239,-0.00710467)
(0.00832316,0.0126858)
(0.0106366,0.0196573)
(0.0174134,0.00535721)
(0.0112925,-0.0184763)
(0.00255658,0.0183148)
(0.00521957,0.00138811)
(-0.00539516,0.00842291)
(-0.0348682,-0.00495144)
(-0.0116139,-0.00678948)
(-0.0210848,0.011063)
(-0.0109125,0.0278957)
(0.0106209,0.0166977)
(-0.00657976,0.00462766)
(0.00212293,-0.0129818)
(-0.0178044,0.00714839)
(0.00416014,-0.00739898)
(0.00622212,-0.0172144)
(0.015261,0.00762681)
(0.0103088,-0.00290438)
(-0.00901397,0.00589691)
(-0.0181153,0.0268705)
(0.0307906,-0.000704824)
(-0.0104123,0.00353674)
(0.0181943,-0.0120765)
(-0.0116232,0.00567792)
(0.0114494,-0.0200439)
(0.00702728,0.004482)
(0.00283749,0.00286004)
(-0.0178774,0.00102559)
(0.000455196,-0.00770052)
(0.00312708,0.0101033)
(0.0165541,-0.00812442)
(0.00468809,0.0256007)
(0.0132468,-0.00816684)
(-0.00708873,0.00704901)
(-0.00163032,0.0163047)
(0.00573187,0.002609)
(0.031265,0.0227407)
(-0.000822074,-0.00144797)
(0.023864,0.013685)
(0.00975824,-0.0137074)
(-0.00562181,-0.0127859)
(-0.0145799,-0.00204048)
(0.0129241,0.0130846)
(-0.00703552,-0.0145458)
(0.0183789,0.00628497)
(0.0125083,-0.0160409)
(-0.00918562,-0.034069)
(-0.0126254,0.00584026)
(-0.00773221,0.00170959)
(0.00727654,0.0163342)
(0.00374397,0.00709785)
(0.0282371,0.00637214)
(0.0107704,-0.00782031)
(-0.00459837,-0.000159921)
(-0.0160218,-0.00202115)
(0.00525462,-0.0148142)
(-0.00999307,0.00612086)
(0.000260927,-0.000550542)
(-0.0195045,0.00689431)
(-0.00441045,-0.00706762)
(0.0117845,0.00340541)
(-0.0121271,0.00878867)
(0.025202,0.013805)
(0.00544338,-0.0159583)
(0.026115,-0.00523423)
(0.0317434,0.0569617)
(-0.0153324,-0.0315989)
(-0.0272653,0.000772145)
(0.00331045,0.0161406)
(-0.0684571,0.0455211)
(0.0215347,0.0289379)
(0.0274194,0.0224116)
(0.0340001,0.00646302)
(-7.43426e-05,0.00827549)
(0.00400979,-0.0156686)
(0.00960365,0.00253327)
(-0.000870418,0.000222597)
(-0.00810224,0.0139155)
(-0.00736784,-0.00902116)
(0.00406722,0.0112801)
(-0.0401094,-0.00611446)
(0.0106418,-0.0286907)
(0.00369232,-0.0165696)
(0.0221603,-0.0106534)
(0.0494938,0.0597078)
(0.0183688,0.0221209)
(0.00102156,0.00550747)
(0.0121586,-0.00394972)
(-0.00677452,-0.00754466)
(-0.023217,0.011053)
(0.0130639,-0.0557092)
(-0.0143244,0.00624638)
(0.0195115,0.0176663)
(0.014695,0.0358974)
(0.0134688,-0.00236712)
(0.0104178,0.00464435)
(0.0106272,0.00117883)
(-0.018343,0.00364689)
(0.0109108,0.0100142)
(0.00413094,-0.0093785)
(-0.0110031,-0.0118649)
(-0.00314661,0.0225051)
(0.0119355,-0.00359784)
(-0.0631924,-0.0325437)
(-0.119273,0.0534483)
(-0.000870486,-0.01663)
(0.00403957,0.0237778)
(0.00843028,0.0127465)
(-0.034011,-0.0147317)
(-0.0368646,0.0294998)
(-0.0158214,-0.0220471)
(0.0101007,-0.0190414)
(-0.0313702,0.00184182)
(-0.00608527,0.00822833)
(-0.00644566,0.00731082)
(0.00385399,0.0115488)
(0.0167337,-0.0111982)
(0.0165634,0.0160738)
(-0.00535438,-0.0155267)
(-0.0280018,-0.0120913)
(-0.00542015,0.00518635)
(0.00572175,-0.00108004)
(-0.000167308,-0.0086642)
(0.0458988,0.0820002)
(-0.0958132,-0.0516864)
(0.0177317,0.0329108)
(0.00807148,-0.025758)
(-0.0253129,-0.00816829)
(0.0852821,0.0484627)
(0.0347288,-0.0355841)
(-0.0309213,0.024208)
(-0.0100415,-0.0201569)
(-0.0305623,-0.0183279)
(0.00589485,0.0156502)
(0.00196566,-0.00389229)
(-0.00682431,-0.000103071)
(-0.0121379,-0.00828083)
(0.0104777,0.0225676)
(-0.00663909,-0.0253728)
(0.0166509,0.000215814)
(-0.00905786,0.00987559)
(0.00524547,-0.00520631)
(0.00971144,-0.000857537)
(0.0171291,0.018317)
(0.00137812,0.0225645)
(0.0131659,0.0374208)
(-0.00555512,-0.00465038)
(-0.00967973,-0.00910983)
(0.0409646,0.0283031)
(0.0246728,-0.0211051)
(-0.029524,-0.0287778)
(-0.0114473,0.0168242)
(0.026325,-0.011598)
(-0.00289629,-0.00296389)
(-0.00137557,0.00685589)
(-0.0099894,-0.0243295)
(0.0168849,0.013407)
(0.00258084,-0.0177717)
(0.0118209,-0.00184007)
(-0.0043172,0.0158336)
(0.00717419,0.0110666)
(-0.0149072,-0.00645757)
(-0.00231609,-0.00230183)
(-0.00120767,-0.00361045)
(0.018785,0.00552294)
(0.0266774,-0.00543088)
(0.00283502,0.00848816)
(-0.0017386,0.00475257)
(-0.00374579,0.0057329)
(-0.0154092,0.016435)
(-0.00224476,-0.0066327)
(0.00865424,0.00918551)
(-0.0113202,0.00786076)
(0.00617655,-0.0101594)
(0.00826517,-0.00400969)
(0.000410163,-0.00803468)
(0.00347516,0.00706481)
(0.0240532,-0.00907962)
(0.00507623,0.0063625)
(-0.000328947,0.0100131)
(-0.00338496,-0.0111174)
(0.0203295,0.00942444)
(-0.000354734,-6.90606e-05)
(0.0161838,-0.00960277)
(0.00377637,-0.00252013)
(0.0126032,-0.0149085)
(0.00860482,0.00349868)
(0.003939,0.00485548)
(-0.00894523,0.0135466)
(-0.0106953,-0.00148167)
(0.0144072,0.0192619)
(0.00382532,0.00343848)
(0.0178775,-0.00604539)
(-0.011286,-0.00667013)
(-0.00923583,-0.0152714)
(-0.00568452,-0.00147368)
(-0.0258054,-0.00652311)
(0.00349368,-0.0119831)
(-0.022956,-0.000899601)
(0.00669928,-0.00319891)
(-0.000261062,0.0193729)
(-0.00106449,-0.0155037)
(0.022807,-0.0114987)
(-0.0126638,0.00440837)
(-0.0114523,-0.0127686)
(0.00364917,0.0184602)
(0.000453784,-0.0239413)
(0.00342002,-0.00944331)
(-0.00690247,-0.00831242)
(0.0464163,0.00195949)
(0.0166715,0.00770324)
(-0.0279175,0.00530687)
(0.047999,0.0055034)
(0.00998293,-0.0139428)
(0.0151604,-0.000331801)
(0.0161433,0.000220483)
(0.00825782,0.00608178)
(0.00152101,-0.0120029)
(-0.00199278,0.000602951)
(0.00693184,0.00240895)
(0.0121715,0.00112435)
(-0.0249114,0.00668968)
(0.00657721,-0.0142811)
(-0.00401916,-0.000484035)
(0.003117,0.0259583)
(-0.00493904,0.00614988)
(0.00475851,0.00819721)
(-0.00795403,-0.0188359)
(-0.0193862,-0.0111635)
(-0.0106739,0.000836944)
(-0.0363219,0.00137662)
(0.00842727,0.00539716)
(0.00890116,-0.0219172)
(0.0181718,0.00991314)
(0.00775426,0.0136792)
(-0.00251237,0.000614091)
(0.0151813,0.00174658)
(0.00618171,0.0116225)
(-0.0202515,0.00484282)
(0.0191314,-0.0058339)
(-0.0121882,-0.0171134)
(-0.0139879,0.0142431)
(-0.00757355,-0.0135685)
(-0.00942769,0.00389042)
(-0.00592141,0.0120383)
(0.00823567,0.00499021)
(0.000893625,0.00874201)
(0.00874244,0.011256)
(0.00458618,-0.00625368)
(0.0184241,0.0121624)
(-0.0016959,-0.0169655)
(-0.000280332,-0.0152346)
(-0.0228014,-7.95621e-05)
(0.000380988,-0.0128929)
(0.0093851,0.0130214)
(0.00326672,0.023959)
(0.00462819,-0.0132443)
(0.0361126,-0.00901706)
(-0.0230417,-0.0139168)
(-0.00439625,0.00420956)
(-0.000618659,-0.0100918)
(-0.00316362,-0.0164477)
(0.00362237,0.0068455)
(0.00192475,-0.00986447)
(0.0276092,0.00350021)
(0.00188544,-0.0189452)
(-0.00305604,0.000619109)
(-0.00482973,-0.00522238)
(-0.0226249,-0.0107167)
(0.0287803,-0.0107403)
(0.0342283,0.0156001)
(0.030552,0.019715)
(-0.00712274,0.000643032)
(-0.026083,0.00157578)
(-0.029669,-0.00166823)
(0.0161637,-0.0204131)
(0.00258415,0.0147845)
(-0.000881213,-0.0144906)
(-0.0215277,0.0027482)
(0.00834096,-0.00138755)
(0.000983049,-0.014482)
(-0.0247822,0.00306636)
(0.0262678,-0.00768264)
(-0.012311,-0.0164827)
(0.0215413,-0.00110351)
(-0.00637349,-0.018807)
(-0.0162094,-0.0089877)
(-0.0213788,0.0105347)
(-0.00299517,0.00410667)
(-0.0204116,0.00911659)
(-0.00932227,0.00932975)
(-0.00598833,-0.0119353)
(0.00384016,-0.0041345)
(-0.00899002,-0.0075906)
(-0.00609629,-0.0272942)
(-0.0214139,-0.00208711)
(-0.00621542,0.00699725)
(0.00809535,-0.00188011)
(-0.00601101,0.000549322)
(-0.0120977,-0.00817556)
(0.0121834,0.000350697)
(0.0428684,0.0154694)
(0.0319832,-0.00136495)
(0.0233445,0.00409553)
(-0.00389631,0.00169846)
(0.00744562,-0.00366485)
(0.0147868,-0.00118593)
(0.0138947,-0.0222075)
(0.00716314,-0.0132002)
(0.0358597,-0.015347)
(-0.0144373,0.00551982)
(0.0198941,-0.0107068)
(0.0282406,-0.00154668)
(-0.00101774,0.0234739)
(0.00488977,-0.00381254)
(0.0118689,0.00692873)
(-0.00966373,-0.0139877)
(0.00650903,0.00692066)
(0.0103263,-0.00201247)
(0.00137029,0.000130404)
(-0.00468785,-0.00814441)
(-0.00785602,-0.00587583)
(0.00793235,0.0302541)
(0.0364986,0.0206634)
(0.0260786,-0.00240006)
(-0.0198088,0.0264845)
(-0.0170602,-0.0346664)
(-0.00989343,-0.0196452)
(0.0175741,0.027846)
(0.0354623,-0.0296169)
(-0.0078049,-0.00466723)
(-0.00268267,-0.0052289)
(-0.0233869,-0.0072607)
(-0.00848393,0.0066605)
(-0.00789213,-0.0110161)
(-0.00847444,0.006398)
(-0.0166156,-0.000335395)
(0.0125897,0.0152406)
(0.00304933,0.00915801)
(0.00493729,0.0209897)
(0.00781875,0.00567477)
(-0.00303763,-0.00194839)
(-0.0125646,-0.00696206)
(-0.0178427,-0.00870811)
(0.00998481,0.0151615)
(0.014689,-0.0138524)
(-0.00660571,0.00410188)
(0.0035833,-0.00356993)
(0.0231484,0.00187993)
(-0.0045466,0.0143395)
(0.00910507,-0.00151202)
(0.0265242,0.0147299)
(-0.00843173,-0.00709081)
(0.00206888,0.00816199)
(0.0244828,0.00523953)
(0.00911095,-0.0095513)
(0.0244836,0.00338486)
(-0.0235471,-0.00406319)
(0.0191991,0.0077394)
(0.0221924,0.0244072)
(0.00564741,0.00810657)
(-0.0224882,-0.00772826)
(0.0137471,0.00430312)
(-0.00283001,-0.00210259)
(-0.00420914,0.0162765)
(-0.00621814,0.020387)
(0.0208877,-0.000905503)
(-0.017014,0.0111655)
(-0.00435515,-0.00890889)
(-0.0137381,0.0106527)
(0.00135904,0.0120877)
(-0.000665049,0.00138718)
(0.0095866,0.0128786)
(-0.00496312,-5.37135e-05)
(-0.00771829,-0.0042194)
(-0.0203166,-0.0122531)
(0.0167085,0.00313316)
(-0.0274172,-0.00459256)
(0.00603366,-0.00644903)
(0.0177789,-0.00207768)
(-0.00924451,-0.0110887)
(0.00389726,0.00200411)
(0.0125477,0.00558873)
(0.00343476,0.0136073)
(0.0162175,-0.00137575)
(0.0243644,0.00273757)
(0.0170114,-0.0172911)
(-0.0138108,0.00640618)
(0.0177999,-0.0256134)
(0.0113389,0.0123859)
(-0.00953077,0.0295554)
(-0.0240271,0.00707723)
(0.0100289,-0.00393513)
(-0.00776789,0.0168275)
(0.00348247,-0.00951082)
(0.0282151,-0.00573199)
(0.000769411,-0.0095704)
(-0.0131357,0.000523917)
(-0.0289779,-0.0101315)
(0.0285896,0.0120991)
(0.00374923,-0.00114855)
(0.0272184,0.00344585)
(-0.0209053,0.00713946)
(-0.0015063,-0.00716318)
(0.00130772,0.00385808)
(0.000822375,0.0023578)
(-0.0113993,-0.00228175)
(0.0377108,-0.00907783)
(-0.0102626,-0.00589261)
(0.00719082,0.00126882)
(-0.00604007,0.00253701)
(0.00653031,-0.00432132)
(0.0322291,-0.00561852)
(-0.00753072,0.00753818)
(-0.00454941,0.0084608)
(-9.1044e-05,-0.014365)
(0.0211251,0.00365193)
(-0.0113823,-0.00679912)
(-0.0088919,-0.0065554)
(-0.0189262,-0.0172965)
(-0.0119137,0.0158258)
(-0.0171456,0.0125712)
(-0.00458111,-0.0106418)
(-0.0018282,0.00200323)
(-0.0153071,-0.0133938)
(0.00874419,0.00128858)
(0.0110609,0.0103756)
(0.0106073,-0.00163888)
(-0.0192432,0.0030672)
(-0.00202491,-0.00749378)
(-0.0157424,-0.00725114)
(-0.00638755,-0.0102089)
(-0.00612459,-0.00196648)
(-0.00701362,-0.00435012)
(-0.00536775,0.00684257)
(0.00637633,-0.0103144)
(0.00684623,0.0116517)
(0.0143515,-0.0122455)
(-0.00178422,-0.00367473)
(0.0178187,-0.0111997)
(0.016552,0.00454211)
(-0.0112557,0.0425643)
(0.0136321,-0.000331132)
(-0.020318,-0.0183441)
(0.0111737,0.0122373)
(-0.0200201,0.0107137)
(-0.0140917,-0.0194641)
(-0.0182204,0.00645735)
(0.00760592,0.00437994)
(-0.0263189,-0.00978263)
(-0.00392982,0.0168837)
(-0.0122887,0.0049036)
(0.0120552,0.00038911)
(0.00149836,0.0120506)
(-0.0117583,0.00989918)
(0.0226382,0.00675467)
(0.026573,-0.0107031)
(0.00119455,-0.00660468)
(0.00665776,0.00132626)
(0.010492,0.00360961)
(0.0218218,-0.00375571)
(0.0103445,0.00450179)
(0.0278402,-0.00667167)
(0.00507358,0.00946034)
(-0.016525,-0.0100116)
(-0.00104867,-0.00278989)
(0.00635627,0.00493447)
(-0.0063198,0.0221043)
(0.00443282,-0.00292581)
(0.0133411,-0.00391599)
(0.0108808,-0.00969917)
(-0.000611992,-0.00592558)
(0.00820705,0.0133656)
(-0.0069978,-0.0141831)
(0.011249,0.00405499)
(-0.0118921,0.00738469)
(0.0097254,0.0107398)
(0.0107078,-0.0172338)
(-0.0109426,-0.0224002)
(0.00810595,3.72237e-05)
(0.00677305,0.0154628)
(-0.013061,-0.0147746)
(-0.000357168,-0.0286583)
(-0.00267058,9.76405e-05)
(-0.00772003,-0.0172922)
(-0.00200319,0.0083461)
(-0.0156809,0.000271051)
(-0.00361986,0.0185281)
(-0.0229394,-0.0029547)
(0.0106933,0.00388473)
(-0.0118363,0.0170789)
(-0.0260742,0.00252115)
(-0.0108291,-0.00553887)
(-0.0415721,0.0191932)
(-0.0280444,-0.00171704)
(0.00253662,-0.0053535)
(-0.0194667,0.0155366)
(0.0125256,-0.0316109)
(0.0196055,0.0155184)
(0.00318526,0.0112789)
(0.0161048,-0.0208082)
(0.00309926,0.00630628)
(-0.00653859,0.0189688)
(0.0181614,-0.00914017)
(0.0183385,0.0151778)
(0.023034,-0.0332085)
(0.0225722,-0.0124528)
(0.0010187,0.00584295)
(-0.0123555,-0.0115303)
(-0.0130095,0.00149745)
(0.0131742,-0.0169275)
(-0.0116687,-0.00450089)
(0.00113674,-0.0147522)
(-0.0110144,0.00710819)
(0.00314346,-0.00750466)
(-0.0188762,-0.0071729)
(0.0104466,-0.0209259)
(0.0230745,-0.00102952)
(0.0236258,0.00817459)
(0.00658115,-0.0118922)
(0.00450504,-0.00274071)
(0.0114374,0.00421516)
(-0.00535476,0.00993246)
(-0.00628431,-0.00688405)
(0.0140183,0.0193476)
(-0.0149706,-0.00490632)
(-0.0162412,0.0104028)
(-0.0107655,0.0151423)
(-0.00472456,-0.00122604)
(0.0234909,0.00246002)
(-0.00382183,-0.01315)
(-0.0205765,-0.015986)
(-0.0166484,0.00788033)
(0.0217044,-0.0214364)
(0.00958845,0.00343937)
(-0.00127761,0.0159326)
(0.00693637,-0.0231063)
(0.00730602,0.00606826)
(0.0124182,0.00242015)
(0.00159726,0.00606395)
(0.0160921,0.0168038)
(0.00641378,0.0138451)
(-0.00324286,0.00927145)
(-0.000135997,0.00762423)
(-0.023013,0.00712182)
(0.00440539,-0.0106362)
(-0.0050929,0.00478131)
(-0.00841018,0.0205707)
(-0.0294942,0.00207676)
(-0.00345206,0.00656579)
(-0.0221276,0.00664656)
(0.0100288,-0.0116442)
(-0.0142645,-0.00496644)
(-0.00427306,-0.00684961)
(-0.00496455,-0.0127172)
(0.0102428,0.00499066)
(0.0217558,0.00616956)
(-0.0207937,0.0178932)
(0.031508,-0.0127735)
(-0.0148811,-0.00152039)
(-0.0118534,-0.0128311)
(0.00876027,0.0109963)
(0.0166266,0.00383357)
(0.000365188,0.0113685)
(-0.0102955,0.00898575)
(-0.019599,-0.0117324)
(-0.0198136,-0.00858921)
(2.20039e-05,-0.0010784)
(0.000546374,0.0131987)
(0.00699723,-0.00465087)
(-0.00291838,0.0233857)
(-0.0160255,-0.018898)
(-0.011098,0.0296258)
(0.01294,0.00575538)
(0.00237911,-0.0199718)
(0.0161495,0.00112613)
(0.0040331,-0.00474562)
(-0.00173955,0.00260133)
(0.00132175,-0.0192498)
(0.00210439,0.016974)
(0.026699,-0.0274374)
(-0.0220028,-0.00811808)
(0.0104017,-0.00563601)
(0.0039214,0.0179818)
(0.0140421,0.00310534)
(-0.00914803,0.00115576)
(-0.0132337,0.0043054)
(0.00309298,3.72317e-05)
(-0.00194025,0.0107212)
(-0.00514066,-0.00232514)
(0.00433347,0.000231684)
(-0.0129133,0.00554382)
(-0.00575027,0.00467159)
(-0.0157699,0.0183765)
(0.0160639,-0.0115237)
(-0.000557676,0.00284949)
(-0.0248817,0.013101)
(0.00879031,0.00674335)
(0.0248229,-0.00897077)
(-0.00904497,-0.0100903)
(-0.0171255,0.014468)
(0.00564494,-0.0101981)
(-0.00468461,-0.00765671)
(-0.0180787,-0.000182865)
(-0.00986794,-0.0123451)
(0.00478256,-0.0229748)
(0.0144664,-0.00219032)
(0.0124693,0.000860382)
(-0.0042802,-0.0049061)
(0.0233975,-0.00453446)
(0.00832392,-0.0189444)
(-0.00825407,0.01534)
(0.00537756,-0.00649638)
(0.0185501,0.00753047)
(-0.02107,0.00979984)
(-0.00887088,-0.0135465)
(-0.00509344,0.0225338)
(-0.00580057,0.0113679)
(-0.0176228,-0.00571551)
(0.0170429,-0.0178124)
(0.0127914,0.0137525)
(-0.00129749,0.0185259)
(0.0120679,0.0103275)
(-0.026149,-0.00611557)
(-0.0117571,-0.00349424)
(-0.0115044,-0.0150022)
(-0.0133615,-0.0232965)
(0.0140924,0.00310905)
(0.0193794,0.000756532)
(0.00136871,0.00460527)
(0.000479191,-0.00752711)
(0.0280957,0.000950373)
(0.0185041,0.00504894)
(-0.0149969,-0.00718551)
(-0.000414307,0.0122795)
(0.00936257,-0.028767)
(-0.000291983,-0.00513718)
(0.0300904,-0.00323522)
(0.0203014,0.0104817)
(0.0245226,-0.00224151)
(0.0110161,0.0154549)
(0.00463572,0.0114592)
(0.0153027,-0.000266611)
(-0.0052667,-0.000628297)
(-0.00235657,-0.0267946)
(-0.0211163,-0.00735654)
(-0.002549,-0.00274809)
(-0.004847,0.00157441)
(-0.0226291,0.00788018)
(-0.0189375,0.0141277)
(-0.00537295,0.0121319)
(-0.00725427,0.00762823)
(-0.00045696,0.00201805)
(0.0404254,-0.0086122)
(0.0043394,0.00100335)
(-0.00150184,-0.00595449)
(-0.00749425,-0.0144237)
(0.0275744,0.0126749)
(-0.00117093,-0.0019075)
(0.0347303,-0.00335143)
(0.00881904,-0.00357701)
(0.0200952,0.0178248)
(-0.000964168,-0.0177188)
(0.0106449,-0.00318834)
(-0.00113073,-0.00783592)
(-0.00836621,-0.00729648)
(-0.00595617,-0.000600966)
(0.00271903,0.00759246)
(-0.0238003,-0.00700014)
(0.018813,-0.00265132)
(-0.0122241,0.00636074)
(-0.00330016,-0.00505389)
(0.00779284,0.00366093)
(-0.0120528,0.00580176)
(-0.0328427,-0.00879207)
(0.0220885,-0.0149983)
(-0.0201532,-0.00658299)
(0.0188674,0.00675308)
(0.00445515,-0.00366908)
(0.00508589,0.00986851)
(0.0128707,-0.0142562)
(0.00782765,-0.00262003)
(0.00833268,0.00404929)
(0.00274447,0.0101447)
(-0.0172691,0.00413798)
(0.00410122,0.018505)
(-0.0011935,0.0196318)
(0.0101644,0.00623619)
(-0.024099,-0.0111868)
(-0.015389,-0.00391556)
(-0.0115959,0.018697)
(0.0127653,0.00667444)
(0.000934697,-0.00515069)
(-0.0129764,0.00497943)
(-0.00357226,-0.000712903)
(-0.0191545,0.000793853)
(0.00969553,-0.013288)
(0.0160297,-0.00945913)
(-0.0149135,0.00988559)
(0.00352176,-0.00402124)
(0.0172593,0.0016226)
(0.00252174,0.00656091)
(0.0122803,0.0011979)
(-0.000204458,-0.0067298)
(0.000464673,0.00558915)
(-0.0156778,-0.0172489)
(-0.00700982,-0.0175795)
(0.0102594,-0.0105373)
(0.0151878,-0.00643536)
(-0.00788927,-0.0168119)
(-0.01143,-0.00869458)
(-0.0152492,0.00771349)
(0.00247972,-0.00914839)
(0.00154877,0.000966148)
(0.0222861,0.0115233)
(0.0136974,0.00666672)
(0.0168376,-0.00956114)
(0.0117485,0.0114562)
(-0.00314099,0.00316401)
(-0.00912772,-0.00263467)
(0.00732879,0.0152581)
(0.0084178,0.0260714)
(-0.0198219,0.01042)
(0.00788034,0.00492831)
(-0.0139622,-0.00983202)
(0.00528005,-0.0107531)
(0.0206359,-0.00555573)
(-0.0233608,-0.00701529)
(0.000471612,-0.00290595)
(-0.00982796,-0.00776628)
(0.00897549,0.00576607)
(0.0235671,-0.00913263)
(0.00559459,0.00823344)
(0.00234933,-0.011119)
(-0.0044402,0.00118121)
(-0.0150809,0.0144668)
(0.0078949,0.00128522)
(-0.0106371,-0.0053684)
(0.00794421,-0.00569849)
(-0.0195,0.00590371)
(0.0107728,0.00454838)
(0.0263917,0.0256399)
(0.00273178,-0.00772369)
(-0.000125403,-0.00082511)
(-0.0216624,-0.00232585)
(-0.00331283,0.00420898)
(0.0321483,0.0100252)
(-0.0228718,0.00626893)
(0.0152398,-0.000416104)
(0.000322816,-0.00241665)
(-0.00568521,0.00186682)
(0.00781579,0.0105001)
(-0.025967,-0.00798835)
(-0.0125875,-0.0164227)
(-0.00427,0.005668)
(0.00396642,0.00877239)
(0.0241955,0.0195293)
(-0.00907753,0.00363712)
(0.0188999,0.000696468)
(0.00179769,0.0263251)
(-0.00889233,-0.00237058)
(0.0169204,7.89849e-05)
(-0.0162302,-0.0145801)
(-0.0116441,0.0084348)
(-0.0264304,-0.00493473)
(0.0024347,0.00493832)
(0.00776921,0.028569)
(-0.0202665,-0.0082682)
(0.012049,0.0126286)
(0.000337387,0.0119998)
(-0.0159491,0.00590007)
(-0.0202383,0.00064508)
(-0.0218412,0.0118152)
(-0.00979495,0.0161712)
(-0.00219014,-0.00487476)
(-0.021953,0.0194093)
(0.00534033,0.00954107)
(0.0093496,0.00475028)
(-0.0104891,-0.009827)
(-0.00145275,-0.0111871)
(-0.00793037,-0.00219729)
(0.0179896,-0.00159397)
(-0.00556623,-0.00384103)
(-0.036225,0.00735659)
(-0.0249381,-0.00842101)
(-0.00154918,-0.0178366)
(0.0141875,-0.00589756)
(-0.00475606,-0.016072)
(0.0165439,0.0258291)
(0.0105995,-0.0129268)
(-0.012723,-0.00411844)
(0.000461238,-0.0196177)
(-0.00595448,-0.00158657)
(-0.00954404,0.00533402)
(0.00136677,-0.00586134)
(0.00473115,-0.0113734)
(-0.00305693,0.00692974)
