(-0.00741666,0.00411706)
(-0.00218935,0.00756483)
(-0.0042305,-0.00106543)
(-0.0115051,-0.00116234)
(-0.00102032,-0.000484028)
(0.00160363,0.00545118)
(0.00136895,-0.0082585)
(0.0246322,0.012238)
(0.0108433,-0.00409899)
(0.0210991,-0.00432858)
(0.00747361,-0.0033886)
(0.0247354,-0.00657798)
(0.00684561,0.00827557)
(0.00870077,-0.0105409)
(0.00841773,0.00594398)
(-0.0029122,0.00485228)
(-0.0131573,0.00477277)
(0.00637001,0.000650662)
(-0.0151558,-0.00477159)
(0.024923,-0.00478429)
(-0.00209931,-0.00430496)
(-0.0215536,0.00811304)
(0.00773058,-0.00339841)
(-0.0145641,-0.000676091)
(0.0177283,0.00627816)
(0.00794622,0.0102252)
(0.0158982,-0.000599697)
(0.0176673,0.0046152)
(0.0125582,-0.0106541)
(0.0137292,0.0100129)
(0.0223663,-0.00923471)
(0.0229983,0.0192014)
(0.0190348,0.00596394)
(0.010795,0.00799657)
(0.00903303,0.0126408)
(0.00538051,0.0230589)
(0.00884666,0.00383059)
(0.0190986,0.0125218)
(-0.0115701,0.0014685)
(0.0113738,0.00690543)
(0.00590027,-0.00999707)
(-0.0110527,0.00467643)
(0.00779615,-0.00427619)
(-0.00206887,-0.0206193)
(-0.000699242,0.00696443)
(0.00635115,-0.0129537)
(0.00755111,-2.73073e-05)
(0.0106521,-0.00924634)
(0.00420256,-0.00714075)
(0.00147336,0.000297034)
(0.0158766,-0.0053899)
(0.0117215,0.00146531)
(0.0132168,0.00227264)
(-3.91625e-05,0.00355634)
(0.0165031,0.0104827)
(0.00396971,0.0162939)
(0.00596557,0.0144931)
(0.0217463,0.0178748)
(-0.0038978,0.00287342)
(0.0204853,0.0196897)
(-0.00361201,-0.0188054)
(-0.00208608,-0.00508996)
(-0.00734465,-0.0213514)
(0.000858469,-0.0294839)
(0.0075223,-0.0080167)
(-5.33846e-05,-0.0191258)
(0.00405077,0.00388181)
(0.00925398,-0.0159966)
(0.00829769,-0.00491129)
(-0.000612467,-0.00536377)
(0.00127391,-0.000788779)
(0.00162711,-0.00363031)
(0.000948414,-0.00719941)
(0.00354775,-0.00486939)
(0.0116915,0.00395829)
(0.0119215,0.0034003)
(0.00953638,0.0113544)
(0.0327549,0.0230719)
(-0.000386729,0.00534875)
(0.00902758,0.0157314)
(-0.005685,-0.00991282)
(0.00431351,-0.00298734)
(-0.00632118,-0.0152006)
(-0.0015482,-0.0141764)
(-0.00441248,-0.0162644)
(-0.00239202,-0.0118065)
(0.00860613,-0.00964787)
(0.000371484,-0.022682)
(-0.00240825,-0.00163292)
(-0.00181966,-0.0113615)
(-0.00151407,-0.00541927)
(0.000519128,-0.014333)
(-0.00496327,-0.0189468)
(0.0147811,-0.00507596)
(0.00520959,-0.00197736)
(0.0355735,0.000260336)
(-0.00730768,0.0206903)
(0.0235153,0.00884388)
(0.0116005,-0.00296562)
(0.0155721,0.016918)
(-0.00816867,-0.0111104)
(-0.0128871,-0.00515065)
(-0.012659,-0.0125627)
(-0.0154292,-0.00958764)
(-0.00660428,-0.0123728)
(-0.0104007,-0.0061763)
(0.0053844,-0.00488621)
(0.00046168,-0.0243239)
(0.00359299,-0.000646772)
(0.000762054,-0.00971423)
(-0.00808354,-0.00359021)
(0.00329905,-0.00590966)
(-0.00754444,-0.016093)
(0.0114724,5.90892e-05)
(0.00152199,-0.0115041)
(0.0178119,0.000721527)
(0.0117679,0.00282874)
(0.00679768,0.0125434)
(0.00943767,0.0136488)
(-0.00363638,0.0051533)
(-0.00749446,-0.0048491)
(-0.00269409,-0.0113371)
(0.00218199,-0.00440559)
(-0.0147578,-0.00491312)
(-0.0131883,-0.0269101)
(-0.0129776,-0.00412299)
(0.0148746,-0.000456776)
(-0.0238622,-0.00859479)
(0.00225362,0.0019238)
(-0.00611841,0.00116531)
(0.000774742,-0.00345185)
(0.000362945,0.00481813)
(-0.00270026,-0.0112875)
(0.00871634,0.0161122)
(0.00824752,-0.00585314)
(0.0227441,0.0134817)
(-0.000324092,-0.00747023)
(0.00481879,0.0102284)
(-0.00175833,0.00384435)
(0.00345327,0.0129831)
(-0.00263871,0.00563825)
(0.0173406,-0.0119903)
(0.0101307,0.00841534)
(-0.00172448,-0.00614396)
(0.00835556,-0.0180193)
(-0.0146483,0.00528369)
(0.0246302,-0.0109785)
(-0.0123135,-0.00641641)
(0.0222108,0.00327644)
(-0.0222997,0.00470034)
(0.0016927,0.00499958)
(0.00447204,0.00670374)
(0.00344479,0.00061401)
(0.000156827,0.0151988)
(0.000536365,0.00658924)
(0.0194185,-0.00417186)
(0.00843185,-0.0156911)
(0.000292156,0.00236599)
(-0.00142626,0.00333297)
(-0.00423783,0.000957977)
(-0.00184209,-0.00106695)
(0.00695387,-0.00379581)
(0.0188006,-0.0145053)
(0.00387057,-0.0179649)
(0.031258,-0.0187622)
(-0.0106012,-0.00564499)
(0.0239802,-0.0265719)
(-0.0098021,-0.0223566)
(0.0148003,-0.00537376)
(0.00265558,-0.00745175)
(0.00880386,-0.00377745)
(0.00147934,-0.00171856)
(-0.00593881,0.0115561)
(0.000953817,0.00213006)
(-0.00706799,0.0021325)
(0.00283497,-0.0171491)
(-0.00465254,-0.00317666)
(-0.00491929,-0.0133947)
(0.00225061,0.000447355)
(-0.00276001,-0.000753179)
(0.00228768,-0.00124393)
(0.0026446,0.00166607)
(0.0128999,-0.00388794)
(-0.00225012,-0.00734991)
(0.028365,-0.0104925)
(-0.00761713,-0.0111228)
(0.0267541,-0.00802544)
(-0.00237078,-0.0105611)
(0.0121739,0.00304455)
(0.0115897,-0.0159336)
(0.00945881,0.014126)
(0.0100414,0.00559338)
(0.00416755,0.0128014)
(0.000445023,0.00771032)
(-0.0163875,0.00503188)
(0.00142195,0.0118443)
(0.00169525,-0.000626407)
(-0.0214614,0.00514798)
(0.00210898,0.00921373)
(-0.00287557,0.00763134)
(-0.0129246,0.00868407)
(-0.00589827,-0.00392751)
(-0.00344883,0.0160828)
(0.00164681,0.00949952)
(0.0057296,0.00789238)
(0.0150315,0.00905566)
(0.00277362,0.0124543)
(0.0106659,0.0170713)
(-0.00123298,0.00968598)
(0.0150437,0.000290503)
(-0.0138757,0.00500746)
(0.00685349,0.00369167)
(-0.013076,0.00583169)
(-0.00222943,-0.00805365)
(-0.00616357,0.00332384)
(-0.0107851,0.000335887)
(-0.00775826,-0.012377)
(-0.00323428,0.00159827)
(-0.0168193,-0.0138654)
(0.00663034,-0.00424097)
(0.00734797,-0.00421558)
(-0.00313875,0.00512818)
(0.00589258,0.010525)
(-0.00517694,-0.00556022)
(-0.000907061,0.00814413)
(0.0101526,0.000962609)
(0.00130762,0.0119247)
(0.00679268,-0.00800205)
(0.0124463,-0.00429051)
(-0.0141077,0.0023641)
(0.00902716,0.000292395)
(-0.0143985,0.00393286)
(0.00839535,0.00192595)
(-0.00643657,0.0168712)
(0.000877274,-0.00431046)
(-0.0145643,0.0313536)
(-0.0229314,0.00186724)
(0.00918371,0.021932)
(-0.0171317,0.00189002)
(0.0141364,0.0101791)
(0.000574444,-0.0117966)
(-0.00668875,-0.00352483)
(-0.00607453,-0.0072316)
(0.00562444,-0.0266887)
(-0.0163054,-0.00127634)
(0.0153143,-0.0185389)
(-0.0014869,0.0138546)
(0.00933015,-0.0111408)
(0.000474623,0.00672863)
(-0.0118341,-0.0114998)
(0.0239197,0.00230862)
(-0.0168646,0.00790027)
(0.0113706,0.00651513)
(-0.0268608,-0.00650334)
(0.00611882,0.000178974)
(0.00139704,0.0152803)
(-0.00571797,0.00188596)
(0.0216616,0.0217499)
(-0.012467,-0.00245153)
(0.00907296,0.024244)
(-0.0117335,-0.0207427)
(0.000909711,-0.0142327)
(-0.00235266,-0.0235416)
(0.00429109,-0.022164)
(-0.0206229,0.00490528)
(-0.000780922,-0.00759022)
(0.00357422,0.0217947)
(0.00281477,0.00108424)
(-0.00137222,0.00254926)
(0.00761023,0.00683743)
(0.0078059,-0.00224546)
(-2.34057e-05,0.00545535)
(0.0024281,-0.00277399)
(-0.00186926,-0.00483745)
(0.00499955,0.00154503)
(-0.00218668,0.00258465)
(0.007168,0.0032025)
(0.0202798,0.0120067)
(-0.00818594,-0.00246427)
(0.0164667,0.0295818)
(-0.0100133,-0.00663172)
(-0.000512915,-8.60513e-05)
(-0.0131077,-0.013273)
(-0.00818763,-0.01639)
(-0.000489279,0.00829319)
(0.00373392,-0.00990101)
(0.0088698,0.00854804)
(0.00249551,-0.00760676)
(0.000484205,0.00806675)
(0.0031907,-0.0160856)
(0.0222838,-0.00464104)
(0.00278619,-0.0123016)
(0.0101516,-0.0227541)
(-0.00244253,-0.0131654)
(-0.00316625,-0.00400913)
(0.0185277,0.00633811)
(-0.00968256,0.00102789)
(0.010602,0.0145433)
(0.00516109,-0.002892)
(-0.00267286,0.0159266)
(-0.0156555,0.00178262)
(-0.00498059,-0.00362434)
(-0.0110241,-0.00716856)
(-0.0191011,-0.00191338)
(-0.0106299,-0.00530162)
(-0.00158834,-0.00209905)
(0.0279276,0.0219391)
(0.00687716,-0.0302431)
(-0.00103568,-0.00437561)
(0.0336483,-0.0140567)
(0.00187947,-0.0196777)
(0.0153582,-0.00333231)
(-0.00115397,-0.0222062)
(0.00248442,0.00834193)
(-0.0070527,-0.014991)
(0.00655851,-0.000698003)
(-0.0122415,-0.00264363)
(0.0192193,0.000894242)
(-0.00712039,0.00230463)
(0.00537311,0.00704775)
(-0.00985036,0.00574296)
(-0.00756479,-0.0101586)
(-0.011852,-0.00264811)
(-0.0151964,0.00058938)
(0.00532975,0.00134413)
(-0.0130446,0.00404083)
(0.0190898,-0.00391638)
(0.000425369,-0.010463)
(0.0195617,0.00548036)
(0.0110562,0.00241453)
(-0.00132106,-0.0161171)
(0.0066011,-0.0045412)
(0.00756131,-0.0193806)
(-0.000612118,0.0207483)
(-0.00358395,-0.0142519)
(0.0142089,0.00880668)
(0.00581004,-0.0169538)
(0.00250303,0.00911713)
(-0.004386,-0.00983646)
(-0.00725569,-0.000371148)
(-0.00472283,0.0103718)
(0.00423779,-0.00852541)
(0.0111922,0.00464565)
(0.00239957,0.00145269)
(0.0187432,-0.0178987)
(-0.00720121,0.0112925)
(0.0315589,-0.012015)
(-0.0273622,0.0230355)
(0.0258329,-0.010804)
(-0.0114838,0.00843858)
(0.013855,-0.0103931)
(-0.0163768,0.0109272)
(0.00974296,-0.0116747)
(-0.0098734,0.0119573)
(0.0194652,-0.0113952)
(0.00827225,0.00396246)
(0.00487642,-0.0259875)
(-0.00381782,-0.0213031)
(0.00816676,-0.0183056)
(-0.00611781,-0.0032914)
(0.00383589,-0.00571031)
(0.0203505,0.00249426)
(0.0089824,-0.0169757)
(0.0105673,0.00132151)
(0.0298168,-0.0297)
(0.0129344,-0.00802559)
(0.0320946,-0.0168223)
(0.00142435,0.00705068)
(0.0264582,-0.00701252)
(0.00301609,0.00952756)
(0.0162874,0.007258)
(0.00549482,0.003308)
(0.0122593,0.0110093)
(-0.0097944,0.00129847)
(-0.0182827,0.0135931)
(-0.00668531,-0.0240742)
(0.00208088,-0.0163991)
(-0.0114757,-0.0179639)
(-0.0114481,-0.00857826)
(-0.00738692,-0.0127308)
(-0.00256036,-0.00237835)
(0.0162357,0.00780742)
(0.0221676,0.00173544)
(0.00922158,0.00492871)
(0.0258382,-0.00847167)
(0.00448065,-0.0056208)
(0.0036508,-0.00310111)
(0.0122844,-0.00809844)
(0.00041785,0.0083514)
(0.0155839,-0.00628476)
(0.00382901,0.0190372)
(0.0259594,-0.00570488)
(0.00145779,0.0281072)
(0.000497662,0.00406067)
(-0.0128761,0.0173461)
(-0.0174333,-0.00287686)
(-0.000496463,0.0121805)
(-0.00665268,-0.010014)
(-0.00901596,0.00648104)
(0.0037108,-0.00614893)
(-0.00467465,0.00894353)
(-0.0056184,-0.00882923)
(0.00396809,0.00241972)
(-0.0013632,-0.00312715)
(-0.00314277,-0.00201863)
(-0.00146216,0.00105727)
(-0.0181408,0.00258507)
(-0.00297604,-0.00266202)
(-0.00947074,0.0205882)
(-0.00543223,0.00582135)
(-0.0292652,0.0164085)
(-0.00275787,0.00212443)
(-0.00569143,0.0222822)
(-0.00458024,-0.00210834)
(0.0145701,0.000117255)
(0.00482801,0.00630517)
(-0.00459462,-0.0202462)
(0.000198907,0.00471977)
(0.0020774,-0.0130381)
(0.00173595,0.00350107)
(0.00341228,-0.00918716)
(-0.00168446,-0.00379145)
(0.00601669,0.00343441)
(0.0017377,-0.0132711)
(-0.0015493,-0.00569987)
(-0.00673274,-0.0126119)
(0.00272076,0.00455752)
(-0.026913,-0.0139616)
(-0.00803241,0.0174579)
(-0.0407426,-0.0115007)
(0.00873033,0.0182872)
(-0.0310704,0.00186456)
(-0.00332494,0.0329325)
(-0.0209897,-0.0108832)
(0.004012,0.0153343)
(0.00192179,0.00687247)
(-0.00810993,0.000498739)
(0.00477826,-0.00681188)
(-0.006061,0.00434707)
(0.00301333,0.00491287)
(-0.00155763,-0.0224509)
(0.00200498,-0.0158607)
(-0.0155559,-0.01432)
(0.0077466,-0.0199165)
(-0.0311698,0.00546026)
(0.0114447,-0.00643702)
(-0.00883589,0.0312361)
(-0.00110481,-0.00314277)
(-0.0128362,-0.00262467)
(-0.0153011,0.0190639)
(0.0104692,-0.000626667)
(-0.00848106,0.0110356)
(0.00961292,0.0139293)
(-0.0191195,0.00330497)
(0.011087,0.0103701)
(-0.00856368,-0.00766835)
(-0.00947516,0.0172263)
(0.0125151,0.00325652)
(0.0017088,-0.000584038)
(0.0109277,0.0101768)
(-0.00443831,-0.00933917)
(0.0124066,-0.0119424)
(-0.0215278,-0.00898991)
(0.0138045,-0.0120906)
(-0.0201913,0.0241251)
(0.0182804,-0.00442042)
(-0.0181435,0.0020995)
(0.0201401,0.0107718)
(-0.0334221,-0.0197836)
(0.0308594,0.0154891)
(-0.00285667,-0.0266209)
(0.0323006,0.0380385)
(-0.00838531,-0.0227263)
(0.0160936,0.025238)
(-0.00762091,0.00911339)
(-0.00485197,0.0195784)
(0.0109972,0.0139877)
(0.0172257,0.00514267)
(0.00347675,-0.00140054)
(0.0023938,0.0107634)
(-0.0175046,0.00554802)
(0.00490371,-0.00682019)
(-0.0101541,0.0100614)
(0.0129695,-0.00835743)
(0.00813922,0.0132292)
(0.0190636,-0.0128469)
(0.000978843,0.0359532)
(0.00485233,-0.0228669)
(-0.0289643,-0.0226392)
(0.033561,-0.00848243)
(0.0203248,-0.0222188)
(-0.032465,0.00630084)
(0.0164197,-0.00345068)
(0.00627576,0.0239877)
(-0.00352556,0.00069946)
(-0.00541799,0.0124093)
(-0.00310048,0.0171832)
(-0.00983213,0.00746214)
(-0.000882604,0.00498102)
(-0.00520917,0.00566986)
(-0.0159778,0.00467279)
(-0.00101349,0.000799096)
(-0.0186697,0.00316948)
(-0.00726142,-0.00618039)
(-0.00442415,0.0272768)
(0.0063677,-0.014048)
(-0.01105,0.0125653)
(0.0214656,-0.0245768)
(-0.029042,-0.0342492)
(0.00239493,0.0010015)
(-0.0376876,-0.0596976)
(0.00498325,-0.0246917)
(-0.0484476,-0.0323146)
(-0.0140925,0.0246027)
(-0.0164928,0.00254056)
(-0.0155347,0.0222007)
(-0.0105909,-0.00456333)
(-0.0112573,-0.00505451)
(-0.00369509,-0.00168041)
(0.00335898,-0.00322925)
(-0.0234138,0.00862474)
(-0.00666163,-0.00460239)
(-0.0130669,0.0066449)
(-0.0150429,0.0155748)
(-0.0109562,0.00112552)
(-0.00116405,0.00495093)
(0.00413341,0.00616103)
(0.00780584,-0.0220881)
(-0.015193,-0.0124926)
(0.0110289,-0.0111187)
(-0.0251915,-0.0297277)
(0.0281271,-0.0226554)
(-0.0243238,-0.0280107)
(-0.0108013,0.014158)
(-0.00235152,-0.0122759)
(-0.0086744,-0.000902667)
(-0.00744061,-0.0277714)
(-0.0190551,-0.00842154)
(0.00191948,-0.0146085)
(-0.00853801,-0.00447702)
(-0.00959531,0.00232091)
(-0.00347694,0.0141412)
(-0.00543464,-0.00993829)
(-0.0118793,0.0118887)
(0.0121906,-0.00417037)
(-0.00697726,0.0266946)
(0.0201978,-0.00581294)
(-0.0231179,0.0176842)
(0.00243428,-0.000891468)
(-0.0152479,0.0279556)
(-0.0242051,-0.0133846)
(-0.00585628,-0.00105836)
(0.00370334,-0.0150063)
(-0.0166026,0.0252709)
(0.00385237,-0.0189037)
(-0.000879795,-0.000156289)
(0.00936436,-0.0355267)
(-0.00681666,-0.0162881)
(0.00641791,-0.0287814)
(-0.0237249,-0.00651165)
(-0.000351494,-0.00591791)
(0.00644479,0.0190262)
(0.00618701,-0.0219647)
(0.00484321,0.0133551)
(0.0206337,-0.0353686)
(0.00782321,0.0157075)
(0.0162774,-0.00795516)
(-0.013649,0.0234337)
(0.013416,0.00743037)
(-0.0170822,0.0103088)
(0.00156243,0.0052346)
(-0.0104021,0.0169513)
(0.00107057,-0.00358468)
(-0.0166961,0.00991072)
(-0.00694829,-0.0106623)
(0.00566459,-0.0174598)
(-0.00507665,-0.0158811)
(-0.0078072,-0.0319307)
(0.00356374,-0.0170229)
(-0.00952991,0.00435802)
(-0.00155556,6.09033e-05)
(0.0135817,0.015824)
(0.00531606,-0.0161253)
(-0.010971,0.010269)
(-0.00157529,-0.00995401)
(-0.00086841,0.00644108)
(0.00022257,0.000574299)
(-0.00323389,0.00557471)
(-0.00842994,0.0144521)
(0.00857097,0.00108003)
(0.00223108,0.0249709)
(0.00303428,0.00273623)
(0.00545289,0.01704)
(0.00214529,-0.00341938)
(-0.0281442,0.0225841)
(-0.0168536,-0.0194269)
(-0.0188376,0.00463581)
(-0.0069657,-0.0178227)
(-0.00590369,0.00473398)
(0.0102887,-0.00902223)
(-0.00740294,-0.00940974)
(0.000299169,0.00343111)
(0.00107873,0.00535994)
(0.00186933,-0.00721886)
(0.00646282,-0.00764499)
(-0.002382,-0.00772102)
(-0.00606173,-0.00684559)
(-0.00748685,0.00146807)
(-0.0204566,0.00442207)
(-0.00517816,0.0136698)
(-0.0165375,0.00457718)
(0.000882832,0.0157045)
(-0.00137097,0.0285774)
(-0.00678232,0.006103)
(0.0213043,0.00778408)
(-0.00635343,0.00833899)
(0.0265692,-0.0123738)
(-0.0211286,0.00542449)
(0.00937452,-0.0118543)
(-0.0133436,0.00462579)
(-0.00439959,-0.0209739)
(-0.000477094,0.000178653)
(-0.0036459,-0.0142621)
(-0.0109429,0.0105256)
(0.00164485,-0.00953993)
(-0.0150302,0.00220361)
(0.0022099,-0.00341817)
(-0.01951,-0.00304576)
(-0.0149906,-0.0128684)
(-0.0292664,0.0280099)
(-0.0201893,0.00673639)
(-0.0100495,0.0171095)
(0.00417614,0.026169)
(-0.0273026,0.0223625)
(0.0233331,0.0027137)
(-0.0148958,0.0048265)
(0.013778,0.00049537)
(-0.0320457,-0.00286195)
(0.00764399,-0.000565391)
(-0.0165737,0.00184569)
(-0.010481,-0.0140115)
(0.0115205,-0.00359404)
(-0.0195118,-0.0167953)
(0.0084648,0.00824721)
(-0.0184107,0.00324607)
(0.0114105,-0.00273305)
(-0.0049645,-0.018462)
(0.00381365,0.0308365)
(-0.0152849,-0.0424986)
(0.00642544,0.0327314)
(-0.0179157,-0.0343315)
(0.00811195,0.0437718)
(-0.00618372,0.00229588)
(-0.0133078,0.020231)
(0.0126334,0.0100858)
(-0.0335073,0.0125196)
(0.00680627,0.0131269)
(-0.015989,0.0034746)
(0.00771874,-0.00147116)
(-0.000739477,0.00988369)
(-0.00953503,0.00482841)
(0.0162318,-0.0014945)
(-0.00174526,0.0121082)
(0.0157697,0.0115241)
(0.00632499,0.00215225)
(0.0177498,0.00586902)
(0.011404,-0.0157338)
(0.0330704,0.0174848)
(-0.0469604,-0.0619843)
(0.0683365,0.036498)
(-0.00589896,-0.0500172)
(0.0648247,0.0482083)
(-0.00554301,-0.0258309)
(0.0785427,0.0338471)
(-0.0176094,-0.00803188)
(0.0084458,0.0140828)
(0.00394192,0.0089923)
(-0.00217912,0.0041794)
(0.0126031,-0.000548529)
(0.0165766,0.0102156)
(-0.00637568,0.0163876)
(0.00497558,0.00492249)
(0.01289,0.0105052)
(-7.38285e-05,0.00620302)
(0.022522,0.0183412)
(-0.000683528,-0.0204104)
(0.0114011,-0.0198092)
(0.0116776,-0.0185982)
(-0.0619912,-0.0323185)
(0.0439191,-0.0369621)
(0.0493921,0.079244)
(-0.114087,0.00399665)
(0.0211417,0.0118068)
(-0.00798537,0.0271946)
(0.0159715,0.00117626)
(0.0141475,0.0217927)
(0.00713872,0.00678058)
(-0.000600558,-0.00106467)
(0.00834398,0.00495584)
(0.00766336,0.02309)
(0.000817501,0.00692043)
(-0.0017071,-0.00261439)
(0.00756528,0.0135233)
(-0.00544095,0.00384072)
(-0.00482077,0.0103244)
(-0.00434224,-0.027029)
(-0.0313071,-0.0172513)
(-0.00817845,0.00754136)
(0.0936435,0.0472404)
(-0.0769778,0.0824919)
(-0.00287755,0.0290655)
(0.0861751,-0.0725396)
(-0.0626002,-0.0511674)
(-0.016176,0.0250254)
(-0.0438636,-0.0204013)
(-0.0195696,0.0251695)
(-0.0104116,0.00261704)
(-0.0105266,0.00746631)
(0.0115075,0.0158125)
(0.00397285,-0.00471397)
(-0.00251298,-0.00135317)
(-0.00446718,0.0161444)
(-0.00268593,0.0182538)
(-0.00163853,0.002847)
(0.00584415,0.0216557)
(-0.00881638,-0.0169645)
(-0.0412673,-0.00307049)
(-0.00732942,-0.0281321)
(-0.0245708,-0.017808)
(-0.0130288,0.0130262)
(-0.0354323,-0.0117735)
(0.0431917,-0.0431568)
(-0.0481484,-0.014903)
(0.0146553,0.0227915)
(-0.0170027,-0.00101262)
(-0.0269254,0.0115542)
(0.004891,-0.0154954)
(-0.0195632,-0.014941)
(0.00773271,-0.00713673)
(-0.0100402,0.00224384)
(0.00485578,0.00967227)
(0.00872493,0.0094006)
(0.00846747,0.00109705)
(0.0126166,0.0169184)
(0.00638638,-0.0116358)
(0.00635352,0.00528741)
(-0.0107452,-0.00232895)
(0.016261,0.00896721)
(-0.0152145,-0.00236806)
(0.0204097,0.00930559)
(-0.0332458,0.00974666)
(0.0404029,-0.0117038)
(-0.0212835,0.015826)
(-0.00502789,0.00263939)
(0.00311847,-0.00568076)
(0.00185985,-0.0103569)
(0.00616506,-0.0288314)
(-0.00668003,-0.00276678)
(0.0153465,-0.0242597)
(-0.0142878,0.00732495)
(-0.00473736,-0.00795555)
(0.0116405,0.000272198)
(-0.00425055,-0.0184626)
(-0.000313209,-0.0101626)
(-0.000279944,-0.0170427)
(0.0109303,0.000870293)
(-0.00177722,0.000832847)
(0.0161583,0.00236085)
(-0.00458067,0.00671096)
(0.0229673,0.0138822)
(-0.01732,0.0156708)
(0.00160315,-0.00323961)
(-0.0139935,-0.000408413)
(0.00268538,-0.00244103)
(-0.0180277,-0.0122425)
(0.0125276,-0.0146048)
(-0.00200927,-0.0250528)
(-0.00943275,-0.0232214)
(0.0111312,-0.0188655)
(-0.0142849,-0.00656935)
(-0.0107517,-0.00775483)
(0.00444348,0.00159975)
(-0.0178083,-0.0168289)
(-0.00679591,-0.00383968)
(-0.0106638,-0.0211081)
(-0.000675052,-0.00506975)
(-0.0133964,-0.0107588)
(-0.000685475,-0.00304998)
(-0.0005211,0.0107436)
(0.0154054,0.00247636)
(-0.00102943,0.0030301)
(0.0245435,-0.0102913)
(-0.00711931,0.00026743)
(-0.0110992,-0.0110968)
(-0.0386635,0.0101166)
(0.00185782,-0.0165544)
(-0.0243339,0.0104265)
(-0.00858998,-0.0156154)
(-0.00956374,-0.00722128)
(-0.00644885,-0.000290789)
(0.00226486,8.08634e-05)
(-0.0112847,0.00272784)
(0.0148114,-0.00378724)
(-0.0124598,-0.00138239)
(-0.00013276,-0.00265118)
(-0.00146852,-0.0127608)
(-0.0174614,0.0010151)
(0.00983691,-0.00715436)
(-0.023136,0.00269295)
(-0.00663524,0.00459014)
(-0.0183501,-0.00116671)
(0.00378736,0.00357306)
(-0.000181242,-0.00180175)
(-0.00222526,0.00854211)
(0.0237255,-0.00747285)
(0.00302711,0.0105065)
(0.0063319,-0.0110025)
(-0.0132062,0.00537296)
(0.0102392,-0.0149237)
(-0.011998,-0.0107787)
(-0.00274066,-0.0193692)
(-0.00613735,0.0025691)
(-0.00142859,-0.000146752)
(-0.00974559,0.0128345)
(-0.00564858,-0.011175)
(-0.0127018,-0.00469368)
(-0.00497068,-0.00121988)
(-0.0163286,0.00703384)
(-0.0226169,-0.0161363)
(-0.0210585,0.0174061)
(-0.0290424,-0.0196426)
(-0.00531189,0.00694391)
(0.00143058,0.00556934)
(-0.00482292,0.0104918)
(0.0160012,-0.00930375)
(-0.00491486,0.0173008)
(0.0284384,-0.00700097)
(-0.0196213,-0.00960318)
(0.00959607,-0.00925737)
(-0.0128257,-0.00313078)
(-0.006558,-0.00181677)
(0.0114504,-0.00119525)
(-0.00725577,0.00199858)
(0.00157772,0.0112072)
(-0.00341466,-0.00681305)
(-0.00227721,0.0140074)
(0.0100491,-0.00320459)
(-0.0170872,0.0324962)
(0.0038553,-0.0109331)
(-0.0316457,0.011082)
(-0.0254706,-0.00830915)
(0.0163208,0.00806592)
(-0.0130915,0.000150496)
(0.0150675,-0.00648734)
(0.0044814,-0.0047893)
(-0.0146706,-0.00275149)
(0.00791519,-0.00607151)
(-0.0164484,0.00680705)
(0.000598236,-0.00754463)
(-0.000575193,0.0104184)
(0.00575903,0.0167498)
(0.0176056,-0.000928538)
(0.0106835,0.0157307)
(0.00179448,0.0196566)
(0.0161371,0.00853998)
(0.00215487,0.0223298)
(0.0458964,0.0299268)
(-0.0218824,0.0248215)
(0.0452249,0.0112653)
(-0.110536,-0.116343)
(0.0161556,0.0464881)
(0.026157,0.0192342)
(-0.0242297,0.0300411)
(0.0850568,-0.0440396)
(-0.00630498,-0.0144373)
(0.043153,-0.00469311)
(-0.00846189,-0.0091568)
(0.00872499,-0.0026437)
(-0.00127319,-0.00646611)
(0.00120323,0.0133854)
(-0.000140746,0.0064615)
(0.00703733,0.013736)
(0.0121534,0.0156798)
(-0.00944061,0.00810483)
(0.0294856,0.00673519)
(-0.043914,-0.00319996)
(0.0104035,0.0105482)
(-0.0450945,0.0382498)
(-0.0022743,0.000210267)
(0.0145506,0.0114898)
(-0.0161288,-0.0226006)
(0.00110148,0.00518881)
(0.0827368,0.0423599)
(0.00808127,-0.043638)
(0.00725461,-0.0191639)
(0.0418423,-0.00947312)
(0.00251829,-0.00266901)
(0.00717548,-0.00676591)
(0.014381,-0.000785717)
(-0.00190384,0.00438583)
(-0.0122281,0.00426225)
(0.00551318,0.00308942)
(-0.00856611,0.00559211)
(-0.0101717,-0.00657412)
(-0.00395181,0.000385761)
(-0.0208645,-0.0109677)
(-0.0540026,-0.0326382)
(0.0966957,0.00891741)
(0.00881145,0.00179383)
(0.00350221,-0.0127519)
(-0.00628094,0.0036337)
(-0.00265496,0.00824449)
(-0.0261883,-0.0427566)
(-0.0321518,0.00459105)
(-0.0196156,-0.0344164)
(-0.0198706,0.00727097)
(-0.00236077,-0.00518701)
(-0.0181115,7.95304e-05)
(0.00227743,0.00914291)
(-0.00543558,0.0011411)
(0.00338169,-0.0061685)
(0.0112817,0.0205203)
(-0.00405757,0.00999176)
(-0.02004,0.0207188)
(0.00294343,0.0147546)
(-0.0341476,-0.0257859)
(-0.00285813,0.00523884)
(-0.0293162,-0.0573826)
(-0.0457764,-0.0200496)
(-0.00896256,-0.00426779)
(0.0829634,-0.00501365)
(-0.0191242,0.0211731)
(-0.000149952,0.022727)
(0.00298769,-0.00727137)
(0.00218034,0.00486525)
(-0.0137365,0.0132919)
(0.0125404,0.00419204)
(-0.0302824,0.00806857)
(0.0113166,0.00877429)
(-0.0109179,0.00298193)
(-0.000524169,-0.0138491)
(0.0242457,0.0214186)
(-0.0182207,-0.0123402)
(0.00529502,0.0223807)
(0.00280672,0.00389542)
(-0.0099234,0.00996704)
(0.00309804,-0.0231412)
(-0.00778187,0.00289322)
(0.0121562,-0.0137468)
(-0.00207956,0.00871191)
(0.0116595,0.02129)
(0.0169234,-0.0142241)
(0.00339035,0.0175054)
(0.00646424,0.00100326)
(0.0120333,0.0173263)
(0.00487196,0.00397244)
(0.00470484,0.00169076)
(-0.00255128,0.00821899)
(0.00521793,-0.0103937)
(-0.00128186,0.0118467)
(0.00749522,-0.00618846)
(0.0156719,-0.00290233)
(-0.0168634,-0.0212192)
(-0.00348014,0.00707787)
(-0.00912082,-0.0174128)
(0.00369109,-0.00573755)
(0.00572557,-0.0032841)
(0.00464185,0.00968471)
(0.022309,0.00133572)
(0.0127776,0.00776293)
(0.00835284,0.00338552)
(0.00661717,-0.00820406)
(0.0102225,0.0205627)
(-0.00520994,-0.00299364)
(-0.00676759,0.0132334)
(0.0202116,-0.00471254)
(0.00647045,0.002941)
(0.00946671,-0.00699495)
(0.00359528,-0.00378842)
(-0.0176641,0.0123362)
(-0.00060093,0.00157778)
(0.00186921,0.00221961)
(-0.0143335,-0.0111406)
(-0.0113619,-0.00784103)
(-0.00842546,-0.00830872)
(-0.00219015,-0.0171252)
(-0.00527993,0.00110644)
(0.00599116,-0.0180912)
(0.0142118,-0.00311624)
(0.0160266,-0.0125677)
(0.018402,0.00979109)
(0.00209572,-0.0134854)
(-0.00824491,0.0132286)
(0.00552443,-0.00862621)
(-0.0184764,0.0178618)
(0.0105776,-0.00768405)
(-0.0169626,0.0114343)
(-0.00455976,-0.000816226)
(-0.00436746,-0.00141684)
(-0.0119187,-0.00139348)
(-0.00346782,0.00151947)
(-0.00880294,0.00547668)
(0.00910471,0.00249289)
(0.00474131,0.014489)
(0.00910608,-0.00669263)
(0.0023859,0.00145163)
(-0.00979101,-0.00166539)
(0.00716266,0.00403415)
(-0.0265558,0.00472494)
(-0.0125376,0.00437139)
(-0.0110436,-0.00499427)
(-0.00018319,0.00539847)
(-0.000566366,0.00541064)
(0.00305666,0.00345886)
(0.0102901,-0.0116015)
(0.00224842,0.00667534)
(0.0158101,-0.0126037)
(-0.0064368,-0.00796913)
(0.00274978,-0.00803976)
(-0.00602687,-0.000642187)
(-0.00894434,-0.012604)
(-0.00506307,0.00861624)
(0.00483184,-0.00462631)
(-0.00675518,0.0333574)
(0.0170695,-0.00649932)
(0.00649627,0.015182)
(0.0111481,0.00999441)
(-0.0120586,0.0120672)
(-0.0131392,0.00605472)
(-0.00580928,0.00795627)
(-0.0262206,-0.00301785)
(0.00481162,0.000284953)
(-0.00479076,-0.00221892)
(0.00739152,0.0122762)
(0.0160097,-0.010703)
(0.00320068,0.0146621)
(0.0258259,-0.0180948)
(-0.0079305,-0.000721711)
(0.0145196,-0.00786627)
(0.00598582,-0.00841266)
(-0.0077273,0.000757241)
(0.000185982,-0.000638156)
(0.00596789,0.00173676)
(-0.00254647,0.00779593)
(0.00676786,0.0108432)
(-0.00830949,0.00335387)
(0.0238173,0.0197667)
(0.00486511,0.0134578)
(0.00339129,0.0186728)
(0.00535274,0.0123727)
(-0.00651701,-8.00225e-05)
(-0.0229588,-0.0108956)
(-0.0270374,0.0203188)
(-0.00849421,-0.0261698)
(-0.00438893,-0.000530951)
(-0.000278065,-0.00218275)
(0.0183409,-0.0234318)
(-0.0102299,0.00633412)
(-0.00377559,-0.0142449)
(-0.00539135,0.0153155)
(0.0149779,-0.00285972)
(0.00617087,0.00388283)
(0.0195368,0.0194072)
(-0.00936766,0.0200822)
(0.0304094,0.009329)
(0.0246134,0.0230606)
(0.0225342,0.00984099)
(0.0480542,0.0491108)
(-0.0693315,-0.0094524)
(0.0889451,0.0803605)
(0.00974852,-0.0319837)
(-0.0632785,0.0142543)
(-0.0539266,-0.00156186)
(-0.0195623,-0.0346521)
(-0.0308277,0.00165278)
(0.0151058,-0.0336274)
(-0.00964129,-0.0148989)
(-0.00222074,-0.00266155)
(-0.00868203,-0.0129212)
(-0.00558356,0.0147256)
(-0.0065101,0.00268179)
(0.00557395,-0.0049023)
(0.0232901,-0.00996785)
(-0.00150431,0.00170988)
(0.0179401,-0.0172821)
(0.00878295,0.00417393)
(-0.0630353,-0.00806665)
(0.0460382,-0.0570293)
(0.0215059,0.00492211)
(-0.0253096,-0.00140889)
(0.00358076,-0.00519399)
(0.0273205,-0.0159739)
(-0.0255245,-0.0430102)
(-0.0734554,0.0576266)
(-0.0263648,-0.0130565)
(-0.00577525,-0.0145121)
(-0.00464575,-0.0127093)
(-0.0122903,-0.00308411)
(-0.00586272,-0.00958855)
(-0.0185393,0.00777112)
(-0.0181546,-0.00500116)
(-0.00641114,-0.0135845)
(-0.0210644,-0.00641223)
(-0.00870911,-0.00986424)
(0.00605087,-0.0224757)
(-0.0201004,0.003618)
(0.0616185,0.069788)
(-0.0243077,0.0274431)
(-0.0198778,-0.0286381)
(-0.00625672,-0.00451814)
(0.00465437,0.00980359)
(-0.00519911,0.000594705)
(0.0357393,0.0487118)
(0.0726134,0.00558108)
(0.000223172,-0.000837499)
(0.00685213,-0.0121627)
(-0.00673163,0.00484028)
(-0.0292481,-0.00364715)
(0.000519135,-0.00337017)
(-0.0191932,0.00431135)
(-0.0264612,0.00926896)
(-0.0112809,0.00609484)
(-0.0199696,0.00818904)
(-0.0221989,-0.00105538)
(0.0115925,0.0177562)
(-0.0328665,-0.0343753)
(0.0599373,0.0292736)
(-0.0333206,-0.0291114)
(-0.0140967,0.0485404)
(0.0384734,0.0210122)
(-0.0354599,-0.0232093)
(-0.0118235,0.0278264)
(-0.00847297,0.03966)
(0.035366,-0.0634455)
(0.00678738,0.0345692)
(-0.000272074,-0.0184805)
(0.00740378,0.0107034)
(-0.0165994,0.00971959)
(-0.0130477,0.0103323)
(-0.000879906,0.0183628)
(-0.00167565,-0.0153248)
(0.0103363,0.0116974)
(-0.019285,-0.00593479)
(0.00535911,0.0184496)
(-0.0120499,0.00258191)
(-0.00784493,-0.013041)
(0.0232703,-0.0118798)
(-0.00645552,0.00351701)
(0.0405448,-0.00812472)
(0.0097297,0.00335128)
(0.0224058,-0.00910759)
(-0.000306465,-0.042214)
(0.00494906,0.0247728)
(0.00234141,-0.0231933)
(0.0103658,0.0103687)
(0.0209488,-0.00355324)
(-0.00390458,0.00848566)
(-0.000246805,0.0332544)
(-0.0110666,0.0229685)
(-0.0120486,0.0179088)
(-0.000727508,-0.0112249)
(0.00863563,0.013323)
(-0.0124296,0.000305087)
(-0.00168521,0.018938)
(0.00168883,0.00164308)
(0.00449661,-0.0078161)
(0.00789111,-0.00484205)
(-0.00833863,-0.00552634)
(0.0277884,-0.0132032)
(0.00334481,0.00370016)
(0.0146474,-0.0147393)
(-0.0129959,-0.0232866)
(0.0201299,0.00966596)
(-0.000982005,-0.00633627)
(0.0304841,0.019251)
(0.0154605,0.000300383)
(0.00293304,0.020357)
(-0.0147149,-0.000725337)
(-0.00519426,0.0203683)
(-0.00466319,0.00302377)
(0.0109044,-0.00873602)
(-0.00519492,0.00082906)
(-0.00148394,-0.00202561)
(-0.0119702,0.00785269)
(-0.00352165,-0.000176207)
(0.00904967,-0.0170096)
(0.00762976,-0.00140397)
(0.0079998,-0.025724)
(0.0169195,-0.00422465)
(0.0106388,-0.0305678)
(0.0132509,-0.00542275)
(-0.00778279,-0.0324394)
(0.0141538,0.0150632)
(-0.0050714,-0.0179305)
(-0.00510101,0.0200197)
(0.00412673,0.000164104)
(-0.00629507,0.0178916)
(-0.0103479,-0.00765697)
(-0.00948868,0.00675118)
(-0.0248239,-0.00457523)
(-0.00657582,0.00791969)
(-0.00429851,-0.00692367)
(-0.000346481,0.00389039)
(0.00477468,0.00577852)
(0.00385457,0.000224428)
(0.0136953,0.00741842)
(-0.0048517,-0.00818399)
(-0.00719727,0.00735624)
(-0.0154744,0.000248737)
(-0.00754855,0.00071041)
(-0.00379339,0.00646585)
(-0.0150409,0.00199383)
(-0.00704254,-0.00936603)
(-0.00791006,0.0142621)
(0.00670441,-0.00852417)
(-0.0132107,0.00783527)
(0.0058849,-0.0141209)
(-0.00944431,-0.00496463)
(0.00244686,-0.0054143)
(-0.00213956,0.000678143)
(-0.0134827,0.0102568)
(0.000797024,-0.00247198)
(0.00651183,0.0139249)
(0.0165146,0.013583)
(-0.000223432,-0.00169889)
(0.0112297,-0.00252445)
(0.00248274,-0.000918441)
(0.00227172,0.00112028)
(-0.0149709,0.00201559)
(-0.0123954,-0.0032805)
(-0.00398383,0.00656816)
(0.0138587,-0.000473386)
(-0.00862777,0.00627348)
(0.00440797,0.0173706)
(-0.000669825,-0.0181371)
(-0.015317,0.0190802)
(0.0120431,-0.0175748)
(-0.0175599,-0.00491205)
(-0.00133231,-0.00683528)
(-0.00362845,0.00222112)
(-0.0125542,0.012015)
(0.0125234,-0.0103698)
(-0.00947699,0.0217705)
(-0.00778863,-0.0077267)
(0.0130366,0.0145632)
(-0.0041913,-0.0107467)
(0.0335032,0.0104941)
(-0.0180482,-0.00316823)
(0.0444396,0.0167819)
(0.00102533,-0.0389888)
(0.0138097,0.0173341)
(-0.012022,-0.0373349)
(0.0130169,0.0168167)
(0.00927268,-0.0108973)
(0.000689766,-0.0140616)
(-0.00433108,-0.000669599)
(0.013938,-0.0183162)
(-0.00862381,0.0118683)
(-0.00625988,-0.0168057)
(0.00163814,0.0139402)
(-0.0103383,0.000504062)
(0.00854376,-0.00960907)
(0.00463214,0.0212637)
(-0.0223647,0.0197095)
(0.0103969,0.011036)
(-0.0320297,0.0196677)
(0.0372966,-0.0341376)
(-0.00737271,-0.00597519)
(0.0299227,-0.0137331)
(0.0246165,-0.030574)
(0.0410134,0.0147253)
(-0.0580019,-0.0225834)
(0.0188731,-6.47075e-05)
(-0.0105951,-0.0489032)
(-0.0166566,-0.0206372)
(0.0165091,-0.0152923)
(-0.00817821,-0.0215318)
(0.0100948,0.00623434)
(-0.00913713,-0.00879096)
(-0.000780557,0.0203084)
(-0.00155317,-0.0135295)
(-0.000745513,-0.00233735)
(-0.000299737,-0.00891864)
(-0.0154392,0.00401022)
(0.00499264,-0.0395494)
(-0.0244921,-0.016307)
(-0.0394427,-0.102721)
(0.000202883,-0.0344465)
(-0.0330682,-0.0393802)
(0.00867352,-0.0283141)
(-0.00850386,0.104383)
(0.0270422,0.0588635)
(-0.0208265,-0.0203816)
(-0.0270063,-0.00237915)
(-0.00309544,-0.0230807)
(0.00816473,-0.0255664)
(-0.00655384,-0.0163045)
(-0.0145298,-0.0107341)
(-0.00838007,-0.00334645)
(-0.0219657,-0.00398181)
(-0.00300279,-0.0102056)
(-0.0117497,-0.00923022)
(-0.0104051,-0.0254113)
(-0.0175643,-0.00793065)
(-0.0344399,-0.0394007)
(-0.0299118,-0.00268333)
(-0.00825611,-0.0430563)
(-0.0444213,0.0317992)
(0.0697066,0.0939211)
(0.0309271,0.00170848)
(0.00950987,-0.0582623)
(-0.0248911,-0.0277234)
(-0.00348937,-0.0369521)
(0.0124583,-0.0296049)
(0.00553228,0.00191806)
(-0.0151628,-0.040173)
(-0.00468075,-0.00720835)
(-0.0314982,-0.0152718)
(-0.00322661,-0.0173233)
(-0.0190366,0.00879169)
(-0.00383338,0.0163597)
(-0.00821346,0.00847792)
(-0.00280326,0.00871968)
(-0.0100238,0.00998847)
(-0.00119355,-0.00722766)
(-0.037798,-0.0155868)
(-0.00589871,-0.0286077)
(-0.0284952,-0.00344246)
(0.00898775,0.0268572)
(0.00589983,0.00963987)
(-0.04472,-0.0444326)
(-0.0229989,-0.0153944)
(-0.017506,0.0158545)
(0.00457442,-0.0356587)
(0.00519401,0.0177109)
(-0.0192189,-0.0217678)
(0.00639398,0.000768672)
(-0.0192771,0.0125898)
(-0.0149861,0.00888432)
(-0.0031963,0.0136903)
(-0.000503429,0.00751802)
(0.0069467,-0.00965615)
(-0.00632998,0.0146831)
(0.00649843,-0.00149125)
(-0.00385338,0.00336379)
(-0.00591614,-0.00758165)
(0.00992937,-0.0247357)
(0.00413289,0.00867849)
(0.0187364,-0.0210667)
(0.0140099,0.0251022)
(-0.00763171,-0.0280133)
(0.00235191,-0.00174796)
(0.0150294,0.0225789)
(0.0039596,-0.00625455)
(0.0352851,0.0219118)
(-0.0234912,-0.00235066)
(-0.00149723,0.0344834)
(-0.0260339,0.0218508)
(-0.0265168,0.0239861)
(-0.00907718,0.0161538)
(0.0176981,0.00597665)
(0.0044875,0.00115756)
(0.0131575,-0.00627983)
(0.00749551,-0.000622185)
(-0.00366628,-0.00596654)
(0.0020958,-0.0106318)
(0.0056655,-0.00726358)
(0.00890977,-0.00101972)
(0.0110444,-0.0136225)
(0.00740578,-0.00937059)
(0.0146687,-0.00473307)
(-0.00260049,-0.0153433)
(0.0250128,0.017795)
(0.00188309,-0.0154259)
(0.0165136,0.0204224)
(-0.00493503,-0.00166915)
(-0.0146253,0.012419)
(-0.00965885,-0.00600182)
(-0.0221474,0.0173645)
(-0.0271063,-0.00756812)
(0.0124387,0.00672011)
(-0.0089143,0.0057377)
(0.00847323,-0.0112615)
(-0.0126384,0.00690404)
(0.013691,-0.0176224)
(0.0108526,-0.0208746)
(0.00334904,0.00203455)
(0.00111129,-0.0322609)
(0.0170542,0.00166195)
(0.0114297,-0.0235745)
(0.00993628,0.005817)
(0.00964374,-0.0285719)
(0.00648358,0.00974813)
(0.0108597,-0.0129776)
(-0.00397589,0.00512808)
(0.00649374,0.000751259)
(-0.0166297,-0.00720372)
(-0.0158957,-0.00466901)
(-0.0188605,-0.00614898)
(-0.0167921,-0.00991618)
(-0.0171802,0.0114082)
(-0.00867027,0.00903846)
(-0.00325816,0.0036046)
(0.00732684,0.00931284)
(0.00943429,0.00273156)
(0.00249646,0.000642245)
(0.00923438,-0.00581897)
(0.00330973,0.00493085)
(-0.00947731,0.0047937)
(-0.00757804,0.00654837)
(0.0110033,0.00406186)
(-0.0026792,0.00335125)
(-0.00141461,0.00722423)
(-0.0126366,0.00448489)
(0.00869929,-0.0143435)
(-0.00623972,0.00168383)
(-0.0104997,-0.0164498)
(-0.0011204,0.000386276)
(-0.00704731,-0.000160557)
(0.00964376,0.0114119)
(0.000995436,0.00482263)
(-0.00625769,0.0163342)
(0.00075236,0.0187292)
(0.0010662,0.00474993)
(-7.39047e-05,0.000318783)
(0.00787477,-0.00267454)
(-0.00828983,-0.00504455)
(-0.00825195,-0.000519137)
(-0.00745982,-0.00371718)
(0.00895733,0.00804083)
(-0.00348942,0.00848963)
(0.00243067,0.0170591)
(-0.00251036,0.00501172)
(-0.00363587,0.0336259)
(-0.00443977,-0.0122325)
(-0.0252771,0.0218271)
(0.00455214,-0.00334804)
(-0.00998796,0.000104411)
(-0.00227727,0.00561241)
(0.00831798,0.00395711)
(-0.00896309,0.0146564)
(0.00343497,0.000682433)
(-0.00756191,0.0191574)
(0.00392419,-0.00297612)
(-0.00930552,0.0141653)
(-0.000204395,-0.00468741)
(0.00127202,0.0177286)
(-0.00431202,0.00469925)
(0.0176916,0.00689608)
(-0.0033256,-0.0100546)
(0.0188733,0.0221868)
(0.0285598,0.00123156)
(-0.0101927,0.0243844)
(0.012717,0.0115882)
(-0.0017126,0.00306702)
(-0.011134,0.0251784)
(0.000254442,-0.00811055)
(-0.00923804,0.0181616)
(0.00169584,0.00824184)
(-0.000336581,0.0136073)
(-0.0113214,0.000494797)
(0.00912229,-0.0106319)
(0.000783399,0.0177221)
(-0.00485292,0.00724584)
(0.00956425,0.00485898)
(-0.017185,0.0125223)
(0.0196149,-0.0253212)
(-0.0348676,0.00924296)
(0.0460926,-0.0069772)
(-0.0185018,-0.0228791)
(0.055119,0.0024853)
(-0.0053559,-0.0297206)
(0.0183728,0.000744853)
(0.027071,0.0034214)
(-0.0319429,0.011362)
(0.0249698,-0.00174519)
(-0.00195814,0.0123395)
(0.0168729,0.024591)
(-0.00953826,0.021279)
(0.000966378,0.0224878)
(-0.0108069,-0.0117866)
(0.00766618,-0.0132888)
(0.00157067,-0.0115334)
(0.003651,-0.0112709)
(-0.00653561,-0.014813)
(-0.0242574,0.00307189)
(-0.0148055,-0.0503831)
(-0.0339085,-0.00693519)
(0.00584981,-0.0406453)
(-0.0103357,-0.000327502)
(0.0111422,-0.00350859)
(-0.0124035,0.0202689)
(0.0228392,-0.0109689)
(0.00294778,0.0126847)
(-0.0103151,-0.0128328)
(0.00937681,0.0143105)
(-0.00608007,0.00860981)
(0.00317234,0.00525704)
(0.00304503,0.00470133)
(-0.00231172,0.00982282)
(-0.00587375,-0.0105462)
(-0.0139803,-0.00406976)
(0.00512598,-0.0132744)
(0.00101575,-0.0089543)
(-0.00295397,-0.0279572)
(-0.00488599,0.000449994)
(-0.0213237,-0.0495094)
(-0.0115447,0.034243)
(-0.0242406,0.00547015)
(0.00283945,0.0113302)
(-0.0329282,-0.034546)
(-0.009739,0.0313486)
(-0.010283,-0.00818033)
(0.00263161,0.00383632)
(-0.0151639,-0.00153039)
(-0.00758917,0.00209428)
(-0.00477463,0.00284551)
(-0.00609227,0.007428)
(-0.00824317,-0.000108915)
(-0.00562519,0.00390683)
(0.00670168,0.0148321)
(-0.00624829,0.00219673)
(4.35892e-05,0.00974941)
(0.000477897,0.00751561)
(-0.00854624,-0.00657604)
(0.00954638,0.00190821)
(-0.0110975,-0.0238204)
(-0.00543197,0.0186414)
(-0.0214095,-0.00994238)
(0.0227714,0.0303027)
(-0.0337557,-0.00795997)
(0.000474318,-0.0025294)
(-0.0203329,0.0206865)
(0.00229396,-0.0224651)
(-0.00468086,0.018299)
(-0.0142083,-0.00236089)
(-0.0113917,0.00742376)
(0.00043599,0.00925103)
(-0.0213165,-0.00793508)
(0.00923402,0.00879643)
(0.0244381,0.00925602)
(0.0027711,0.00418483)
(0.0165006,0.0073666)
(0.0134447,0.00254016)
(0.00971201,0.00953812)
(0.0104318,0.00849841)
(-0.000309478,-0.00495895)
(0.0165248,0.0189979)
(-0.0140707,0.00258087)
(0.0238003,0.00322123)
(-0.00518757,0.0183732)
(0.0122637,7.15993e-05)
(0.00789329,0.0408868)
(0.00117698,-0.024629)
(0.0163105,0.0313055)
(-0.000521095,0.00222573)
(-0.00857341,0.0150052)
(0.0173247,0.00393519)
(-0.0305738,0.0190919)
(-0.00108067,0.000602908)
(0.0236994,0.00531065)
(-0.00796885,-0.00636853)
(0.021373,0.00518576)
(-0.00335115,0.00962891)
(0.00341707,-0.0179576)
(0.00326572,-0.000312237)
(-0.00430777,-0.00167403)
(-0.00246189,0.00891481)
(0.0129742,0.00129626)
(0.0122536,0.00986883)
(-0.00248419,0.012445)
(0.00122144,-0.0208208)
(0.00922227,0.0191792)
(0.00469882,-0.028876)
(0.000300741,-0.000395318)
(0.0183432,-0.014666)
(-0.0201818,0.00772155)
(-0.00289487,-0.015229)
(-0.0201839,-0.00110162)
(-0.00994783,-0.00394176)
(0.0111797,0.00465067)
(-0.0207341,-0.000336977)
(0.0146091,-0.00947672)
(-0.0190863,0.00226763)
(0.00959079,-0.00414294)
(0.00442711,-0.0135062)
(-0.00157699,-0.00480055)
(-0.00168461,-0.0124227)
(0.00130959,-0.00281469)
(0.00426733,-0.00967798)
(-0.00862726,-0.00656893)
(0.0110818,-0.0138695)
(-0.00269673,0.00640286)
(0.0221703,-0.0198335)
(-0.0115004,-0.000128127)
(-0.00112794,-0.0120261)
(-0.0291837,-0.00809606)
(-0.000486548,0.011001)
(-0.0236951,-0.00845829)
(-0.00537959,0.00521492)
(0.00353291,-0.00159593)
(-0.0142566,-0.00155543)
(0.000662953,0.00338961)
(-0.00969399,-0.00343764)
(-0.00350002,-0.00287006)
(-0.0023305,-0.00410104)
(0.00106467,0.0032035)
(-0.000419222,-0.00759581)
(0.0138944,-0.000957943)
(0.00962609,-0.00608534)
(0.00746933,0.00826939)
(0.0112154,-0.0155614)
(-0.00507045,0.0131669)
(-0.0111078,-0.0148951)
(-0.0144345,-0.017124)
(-0.00278662,-0.0136952)
(-0.0248167,-0.0185219)
(0.00325007,0.00732534)
(-0.017046,-0.00158722)
(0.0087111,0.0196908)
(0.0104433,0.00301187)
(-0.0110379,0.0114917)
(-0.00104666,-0.00144118)
(-0.00609337,0.00623281)
(-0.0123304,0.00984879)
(0.000515623,-0.00085376)
(-0.00675881,0.00116312)
(0.0007024,-0.00246862)
(-0.00419323,-0.0226695)
(-0.00321564,0.0129428)
(0.00386699,-0.0089097)
(-0.00189379,0.0178883)
(-0.013915,0.00492421)
(-0.0173712,0.0152398)
(-0.0158278,0.00539735)
(-0.0245973,-0.000543071)
(-0.0111217,-0.00972004)
(0.00910014,-0.0123193)
(-0.0081518,0.0127654)
(0.0240223,0.00674596)
(0.00940981,0.00792019)
(0.00216031,0.0007683)
(0.0187796,0.0146639)
(0.00256006,-0.00597489)
(-0.00125871,0.00505555)
(-0.00177451,0.00163315)
(-0.0149243,0.00269729)
(0.0126581,0.00564609)
(0.00877656,0.000500795)
(0.00467498,0.00706907)
(0.0175334,-0.00523182)
(0.00940306,0.0203209)
(-0.00354392,0.0204504)
(0.0120767,0.0298026)
(-0.0301411,0.00361495)
(-0.0156989,0.0153061)
(-0.00434524,-0.00669267)
(0.008308,-0.000882424)
(0.00291586,-0.000805386)
(0.0239228,0.000942963)
(0.00053296,-0.000285852)
(0.00854953,-0.0120227)
(0.0193983,0.0173909)
(-0.00374194,-0.0156054)
(-0.00455303,0.0113771)
(-0.00656961,0.0141673)
(0.00101143,-0.0158551)
(-0.00725755,0.0150992)
(0.0270485,-0.00647813)
(-0.0108232,-0.00803911)
(0.0274089,0.00703214)
(0.0226209,-0.00230114)
(-0.0102374,0.0216704)
(0.0231377,0.00595925)
(-0.0153728,0.0275959)
(0.0183295,0.00395937)
(-0.00483907,0.0184022)
(0.0270664,0.0006948)
(0.00235713,0.00323198)
(0.0202448,0.0206331)
(-0.00717405,-0.00543574)
(0.014795,-0.00880563)
(0.00953344,0.00953722)
(0.00963303,-0.0132291)
(0.00580064,0.000357473)
(-0.0104045,0.00674433)
(-0.00519254,-0.0200442)
(-0.0179014,0.00252846)
(-0.00232663,-0.0125774)
(-0.0149802,-0.000967419)
(0.0197615,-0.0237453)
(-0.00778426,0.00790234)
(0.00395333,-0.0181842)
(0.0198974,0.0211864)
(-0.00205757,-0.00011829)
(0.0282195,0.0205277)
(0.00154936,0.0124199)
(0.0185927,0.00497266)
(-0.000477952,0.00542413)
(0.0120661,0.00523427)
(-0.00256352,-0.00738989)
(0.00436232,-0.00167727)
(0.010628,-0.00861279)
(0.00308,-0.0170958)
(-0.00127299,0.00759723)
(-0.00260614,-0.00649312)
(-0.00767848,-0.0134002)
(-0.0179642,0.00669681)
(-0.00689985,-0.00638191)
(-0.00559841,0.00707882)
(-0.0123246,-0.00120527)
(-0.00343515,0.0070617)
(-0.0123004,-0.0128691)
(0.00401004,0.000191591)
(-0.00816682,-0.00160607)
(0.00373837,0.0205309)
(-0.0169302,0.0130643)
(-0.000830628,0.0143938)
(-0.00904533,-0.00515458)
(0.00370434,0.0136035)
(0.00128934,0.00180235)
(0.00634717,0.00789356)
(-0.0063998,0.00965915)
(0.0209232,-0.00799635)
(0.000299904,-0.000218615)
(-0.00525577,-0.0082384)
(0.00429991,-0.00746941)
(-0.00246409,0.00660424)
(-0.0120043,-0.00105003)
(0.0039582,-0.00404477)
(-0.00507209,0.00627118)
(0.000915271,-0.00944302)
(-0.0100489,0.00975231)
(-0.000194527,-0.00965184)
(0.00201575,0.00363327)
(0.0100402,0.0197492)
(-0.0143368,0.0107981)
(0.0142615,0.00609583)
(-0.014165,-0.00047871)
(-0.000783428,0.0113317)
(0.0131143,0.0124748)
(0.000348208,0.00360189)
(0.00869391,0.0135779)
(0.00922103,0.0214106)
(0.00409696,0.0146401)
(0.000359982,0.0150033)
(0.0122702,7.01276e-05)
(-0.0232288,0.00825899)
(0.00105046,0.00411333)
(-0.0138982,-0.000744396)
(0.00373452,0.0227883)
(-0.0135403,-0.0150082)
(0.0252217,0.0202065)
(0.00300707,-0.0298689)
(0.0131221,0.00938122)
(0.0108092,0.00648049)
(-0.013534,0.0128142)
(0.0119409,-0.00177235)
(-0.0200708,0.0119983)
(-0.00242824,0.0102416)
(0.0135465,0.0205302)
(0.000406382,0.00660608)
(0.0171327,-0.000290371)
(-0.00277952,0.0137939)
(0.00180151,0.000694415)
(-0.00814441,0.0222183)
(0.00550033,-0.00121969)
(-0.028043,0.00153232)
(0.010179,-0.00869833)
(-0.0187044,0.00381083)
(0.00371339,-0.0034503)
(-0.0197286,-0.0126839)
(0.00947254,0.000242055)
(-0.00342055,-0.0289896)
(-0.00380721,-0.00552288)
(0.0139343,0.000508636)
(-0.0117213,0.00430729)
(0.0126443,0.00338903)
(-0.00675941,-0.00141476)
(-0.00641223,0.0128902)
(0.0194911,0.00978117)
(-0.0205866,-0.00103714)
(0.010214,0.00699203)
(-0.00993343,0.00930899)
(0.00917792,-0.000817507)
(-0.00964167,0.00660452)
(0.000255404,0.00275348)
(-0.00794817,0.00348418)
(0.00206424,-0.00956977)
(0.00120887,0.00718373)
(0.0019071,-0.00251537)
(0.0101334,-0.000922838)
(0.00717577,0.000272351)
(0.0114031,-0.00957813)
(-0.00698818,0.00143515)
(0.0026659,-0.00264402)
(-0.0122476,-0.00460726)
(0.00921316,0.0191531)
(-0.0157539,-0.0153415)
(-0.0015794,0.0159293)
(0.0219896,0.00403483)
(-0.00407284,-0.011705)
(0.00935812,0.000120995)
(9.5321e-05,-0.00585261)
(0.00212283,0.00737803)
(-0.00260801,-0.000877579)
(-0.00721691,-0.0105848)
(0.00944367,-0.00598494)
(0.00121689,-0.00612695)
(0.0126324,-0.0090177)
(-0.00880887,-0.00139126)
(0.0110074,-0.0152691)
(-0.0127822,0.00842766)
(0.007273,-0.0146694)
(-0.0122429,-0.0140752)
(-0.00715782,-0.00689504)
(-0.0223349,-0.0118029)
(-0.00587234,0.00767371)
(-0.00949544,0.00812005)
(0.00622683,0.00472548)
(0.00964785,0.00383621)
(0.00135126,0.000384945)
(0.0203972,-0.00056765)
(0.00466015,-0.00205692)
(-0.00643111,0.00591131)
(0.00975973,-0.00272978)
(-0.00978891,0.00383813)
(0.00618113,-0.0014077)
(0.000205536,-0.0201525)
(0.0059868,0.00254406)
(0.00145918,-0.0109866)
(-0.00174764,-0.00299693)
(-0.0118194,0.0190039)
(-0.0142357,0.00610825)
(-0.0150192,-0.0130838)
(-0.0130775,-0.0109888)
(-0.0152539,-0.0149184)
(0.00502131,0.0108209)
(-0.00625563,0.00624778)
(0.00579875,0.00271202)
(0.0220183,0.0130998)
(-0.00156443,-0.0003997)
(0.00972596,0.00691653)
(0.0072673,-0.00350738)
(-0.00076194,0.00534448)
(0.00589689,0.0112119)
(-0.00219307,0.00293388)
(0.0199555,0.00199561)
(0.00575441,-0.0192747)
(0.000341843,-0.00190924)
(0.022544,-0.0085166)
(-0.00027288,0.00591834)
(-0.00730888,0.00270354)
(-0.0063257,0.0150062)
(-0.00623535,0.00592664)
(-0.00497318,-0.0103037)
(-0.00714325,-0.0242181)
(0.0135685,-0.013911)
(-0.00118121,-0.0210952)
(0.0216504,0.00315812)
(0.00579451,0.00650688)
(0.00796328,-0.012127)
(0.00877814,0.0192841)
(-0.00296549,0.00363227)
(-0.015478,0.000533697)
(-0.00484852,0.0175701)
(-0.0145862,-0.011336)
(0.00246583,0.00898959)
(0.00959733,0.00157438)
(-0.00395341,-0.00740868)
(0.00704695,0.00198394)
(-0.000107912,-0.00812639)
(0.0034331,0.0226254)
(0.000347757,0.00807128)
(-0.00234412,0.0214672)
(0.00283255,0.00293032)
(0.0184292,-0.00103667)
(0.0141628,0.00588262)
(0.0134511,-0.0202444)
(0.0142001,0.00196704)
(-0.0111562,0.00403951)
(0.00317226,-0.00335278)
(-0.00172968,0.00489981)
(0.00656871,0.00202366)
(-0.0106254,-0.000593588)
(-0.0117073,0.0101686)
(-0.00775043,-0.0159549)
(-0.0100903,-0.00367977)
(0.00284683,-0.0156865)
(-0.0120073,0.00267027)
(0.00477905,0.00147274)
(-0.00824239,0.000817765)
(-0.000593629,-0.00763204)
(-0.00398105,0.0171722)
(0.00159207,0.0174935)
(0.00472108,0.0144426)
(0.0187787,0.00685678)
(0.00604885,0.00997326)
(0.00566677,-0.00629578)
(0.00469003,0.00981692)
(-0.0256694,0.00918551)
(0.00821157,0.0069122)
(-0.0144102,0.00488401)
(0.00415427,0.00163058)
(-0.00556202,0.00518043)
(-0.0140584,-0.0103055)
(-0.000742001,-0.0186701)
(-0.0138446,0.00119561)
(-0.00763358,0.00786224)
(-0.00625625,-0.00584138)
(-0.00333402,0.0128367)
(-0.00318108,-0.0099634)
(-0.00936982,-0.00345086)
(0.00284429,0.00339589)
(-0.00859109,-0.00507232)
(-0.00203439,0.0207974)
(-0.00917053,0.00607578)
(4.28921e-05,-0.00229248)
(-0.00390589,0.00457491)
(-0.0119092,0.0137761)
(-0.00440185,0.00281021)
(0.00545163,0.0051932)
(-0.00793995,0.00969903)
(0.018078,-0.00316588)
(0.00377641,0.00589285)
(0.00634137,-0.0146217)
(0.0135515,0.00109816)
(-0.0126443,-0.0170097)
(0.00365608,4.37457e-05)
(-0.00345949,-0.00525931)
(0.00605675,0.0115587)
(0.00481225,-0.0147811)
(-1.7289e-06,0.00192151)
(0.0182704,-0.0110695)
(-0.0126439,0.000423307)
(0.00785143,0.00306075)
(-0.020696,0.00140328)
(-0.0102189,-0.00191729)
(-0.0178786,-0.00732086)
(-0.00516786,-0.0049501)
(0.0009445,0.0230201)
(0.00113206,0.00267959)
(-0.00595195,0.0161927)
(0.00986962,0.00119294)
(0.0088679,0.00637547)
(-0.000740247,0.00239918)
(0.0118808,-0.00270822)
(-0.0124371,0.0020924)
(-0.00569098,-0.00837845)
(-0.0152024,0.0058819)
(0.0129031,0.0103757)
(-0.0184213,-0.00831944)
(0.00998708,0.0032461)
(0.00863321,-0.0243281)
(-0.00538851,-0.00778709)
(0.0188242,-0.00938279)
(-0.0196556,-0.00619758)
(0.00880535,-0.0123616)
(-0.00961079,-0.0129461)
(-0.000293669,0.00306234)
(0.00140271,0.0144448)
(0.00486465,-0.00102859)
(0.00392328,0.013917)
(0.0133314,0.00964625)
(0.000945473,0.00663006)
(-0.000985424,0.00908611)
(0.0131101,-0.0159908)
(-0.0212681,-0.00321894)
(0.0096534,-0.0251316)
(-0.0222728,0.00359033)
(0.00987843,-0.00528449)
(-0.0186952,0.00597091)
(0.0152016,-0.00334604)
(0.00106435,-0.0125768)
(0.00464206,-0.00590732)
(0.000463115,-0.00285846)
(0.00397678,-0.0112965)
(0.00407894,0.0129528)
(-0.00681101,-0.0175943)
(-0.00362621,0.00153613)
(0.00509445,0.0188778)
(-0.0140784,-0.00517141)
(0.00348225,0.0171026)
(-0.0206534,0.00248655)
(0.0030513,0.0086947)
(-0.00015812,0.00551615)
(0.00719014,-0.0166042)
(-0.0131809,0.00663498)
(0.00767505,-0.0231707)
(0.0051054,0.0131726)
(0.0131668,-0.0154501)
(0.00992506,0.0161001)
(0.026326,0.00885767)
(0.0169701,0.00734053)
(0.0055064,-0.000403078)
(-0.00354159,-0.000561698)
(0.00184404,-0.000976312)
(0.00176647,0.0062652)
(-0.000125523,-0.0167544)
(-0.0061953,0.00652909)
