(-0.00195581,0.00221907)
(-0.001009,0.00234238)
(0.000867034,0.00472858)
(-0.000137443,0.00569105)
(0.00124626,0.00711722)
(-0.00153292,0.00271283)
(-0.0019293,0.0114371)
(-0.00474735,0.00922905)
(0.00196856,0.00416358)
(0.000998659,-0.000125204)
(0.00662077,-0.0111589)
(-0.00262779,-0.000651321)
(0.0116573,-0.0115153)
(0.0016815,-0.0014439)
(0.00971011,-0.00782943)
(-0.00143699,9.95474e-05)
(0.0048176,-0.00256837)
(0.00173788,-0.00446396)
(0.00401711,0.000233407)
(-0.00236453,-0.000522542)
(0.00340472,1.53061e-05)
(-0.00297081,0.0033473)
(0.00376103,0.00400235)
(0.00305482,0.0030499)
(-0.000158699,0.00787039)
(-0.00120316,0.0100609)
(0.000293199,0.0122414)
(-0.0017083,0.00351246)
(-0.00100524,0.0059039)
(-0.00476656,0.0075847)
(0.00415052,-0.00618934)
(0.00184008,0.00475886)
(0.0061274,-0.00916448)
(-0.00567202,0.00141085)
(0.00493272,-0.0106115)
(-0.00694739,0.00180662)
(0.00087976,-0.000923533)
(0.00316906,-0.00667474)
(0.000854795,-0.000900857)
(0.00681193,-0.00590007)
(0.00894055,-0.00137276)
(-0.000144274,0.00107581)
(0.00712685,-0.00589197)
(-0.00102575,-0.00349434)
(0.000592093,-0.00133853)
(0.00501256,-0.00738912)
(-0.00102409,0.00237558)
(-0.00328523,0.00324495)
(0.00812564,0.00519374)
(-0.00308245,0.00435995)
(0.00227927,-0.00251776)
(-0.00498396,0.00768425)
(0.00298437,-0.00209702)
(-0.0016663,0.00656241)
(0.0041067,-0.00232901)
(-0.000675534,-0.00133175)
(-0.00232229,0.00499892)
(0.00767194,-0.00828599)
(-0.00615396,0.00196589)
(0.00814518,-0.00812904)
(0.00263873,0.000720918)
(-0.0024442,-0.00102796)
(0.00456967,-0.00539787)
(0.0044729,-0.0135663)
(0.00683764,-0.00862943)
(0.0022195,-0.0211309)
(0.0104683,-0.00163345)
(-0.00174904,-0.0166261)
(0.00730606,0.00653779)
(-0.00262258,-0.00792171)
(0.00326182,0.00341245)
(-0.00159718,-0.00328696)
(-0.00620922,0.00174303)
(0.00636851,0.00369574)
(-0.00636316,0.00792781)
(0.00446821,0.00250138)
(-0.00901386,0.00578106)
(0.00825354,-0.0123215)
(-0.00374672,0.00352135)
(0.00667451,-0.00208283)
(-0.0029011,-0.00609226)
(-0.000964135,-0.00570252)
(0.00600507,-0.00697115)
(0.00461703,-0.0154705)
(0.00631873,-0.00810826)
(0.00909564,-0.0163409)
(0.00682762,0.00491771)
(0.00317933,-0.0200433)
(0.00742496,0.00546527)
(0.00348945,-0.0188013)
(0.00147794,0.0103123)
(0.00955544,-0.011029)
(0.00146442,0.00754682)
(0.0129532,-0.00544238)
(-0.000308282,0.00498814)
(0.0115607,-0.0012056)
(-0.00344265,0.00131555)
(0.0128595,-0.00668645)
(-0.00297158,0.00175378)
(0.00796418,-0.00315453)
(0.00920198,-0.00143413)
(0.00559699,-0.00597232)
(0.0106764,-0.0071877)
(0.00721583,-0.00955197)
(0.0134634,-0.00745085)
(0.0120066,-0.0166926)
(0.008013,-0.000590501)
(0.00826512,-0.0218244)
(0.0128019,0.00261744)
(0.0154629,-0.0190682)
(0.00386572,0.00507016)
(0.0184536,-0.0153618)
(0.00225936,0.00663159)
(0.0195837,-0.00507324)
(-0.00256273,0.00254773)
(0.0165594,-0.00845024)
(0.00323211,-0.00117859)
(0.0120736,-0.00431099)
(0.00518977,-0.00674659)
(0.00648203,-0.00155059)
(0.0059202,-0.0129168)
(0.00877688,-0.00629628)
(0.0117898,-0.0082361)
(0.00888172,-0.00580245)
(0.0094451,-0.0138122)
(0.00888926,-0.0113921)
(0.0109195,-0.00690087)
(0.0145796,-0.0116003)
(0.0173746,0.00327787)
(0.016587,-0.0101863)
(0.0108591,0.00264384)
(0.015949,-0.000544047)
(0.00400338,0.00608314)
(0.0149721,-0.00400477)
(0.00347456,0.00392446)
(0.0131998,-0.00159955)
(0.0031316,-0.00128033)
(0.00825502,-0.000936818)
(0.00387446,-0.0033194)
(0.00253801,-0.000647959)
(0.00790122,-0.00945004)
(0.0100162,-0.00356562)
(0.0105255,-0.0140192)
(0.00410794,-0.00714914)
(0.0151002,-0.0108132)
(0.00970747,-0.000980784)
(0.0113484,-0.00636436)
(0.0113575,-0.00127957)
(0.020315,-0.00346112)
(0.0152482,-0.00191547)
(0.0162685,-0.00186031)
(0.0114623,-0.000949847)
(0.00754618,0.00300834)
(0.0050238,0.0033734)
(0.00497298,0.00229406)
(0.00261084,-0.00100491)
(0.00320911,-0.000553595)
(0.000723341,0.0048053)
(0.00542902,-0.0018581)
(-0.00140921,0.00389057)
(0.00736739,-0.00694379)
(0.00611396,-0.00206489)
(0.0155956,-0.00622831)
(0.00746044,-0.00171309)
(0.0128916,-0.00856104)
(0.00113591,-0.00199514)
(0.0217386,-0.00581068)
(0.0100303,-0.00537433)
(0.020366,-0.00267568)
(0.00930176,-0.00412171)
(0.0172923,0.00160721)
(0.00746999,-0.0020887)
(0.00718884,0.0028715)
(-0.00212624,-0.00180162)
(-0.00310968,0.00547452)
(-0.0014825,-0.00402134)
(-0.00781341,0.000566772)
(-0.00160632,0.00519796)
(-0.00504812,0.00223804)
(5.36278e-05,0.00312994)
(0.00353653,-0.000330064)
(0.00362031,0.00338969)
(0.00823854,-0.00544178)
(0.00311327,-0.0012173)
(0.0115679,-0.00381007)
(0.00407516,-0.00102657)
(0.00926855,-0.00251926)
(0.0011571,-0.00379946)
(0.0167441,0.000692232)
(0.00765721,-0.00517124)
(0.0106311,0.00253324)
(-0.0004138,0.00120822)
(0.0062832,0.00630371)
(-0.00355536,-0.00302432)
(-0.00451019,0.00324686)
(-0.00863449,-0.000791546)
(-0.00622433,0.00627253)
(-0.00131041,0.00125136)
(-0.00847651,0.00232392)
(-0.00560591,0.00253166)
(0.00152083,0.00158771)
(4.82164e-05,0.00473438)
(0.00246912,0.00638805)
(-0.00234156,0.00773802)
(-0.00187789,0.00931117)
(-0.00291144,0.00610004)
(-0.0103404,0.0189331)
(-0.00195438,-0.00144099)
(-0.00735229,0.0104356)
(-0.00252181,0.000138884)
(-0.00148692,-0.00779233)
(-0.00464163,-0.00609573)
(0.0057851,-0.00838036)
(-0.00820854,-0.00131189)
(0.00855916,-0.00188185)
(-0.00867842,-0.000654546)
(0.0135457,0.00290306)
(-0.00262468,-0.000269397)
(0.00435634,0.000513982)
(0.000160222,-0.00209877)
(0.00360969,0.00858584)
(-0.00412368,0.00403225)
(0.00582647,0.00254475)
(-0.00734471,0.00481333)
(-0.00639512,0.0122299)
(-0.00187639,-0.00435451)
(-0.0101747,0.0194793)
(-0.00945475,0.00532121)
(-0.00366621,0.00369556)
(-0.000855483,-0.000661319)
(0.000836482,-0.00975699)
(-0.0101466,0.00279079)
(0.0112878,-0.0093695)
(-0.01466,-0.00325851)
(0.0103652,-0.00357653)
(-0.0171041,-0.00452677)
(0.0107132,-0.00174311)
(-0.00348853,-0.00490135)
(0.00562727,0.00123349)
(0.006252,-0.00746509)
(0.00940627,-7.45265e-05)
(-0.000985478,0.00458786)
(0.00872933,-0.00124714)
(0.00437227,-0.00793754)
(-0.000426266,-0.00612251)
(-0.000664252,-0.017687)
(0.00287081,0.00455185)
(-0.0105181,-0.0108799)
(0.00100934,0.00163619)
(-0.00722002,-0.00513147)
(0.00878149,0.000206603)
(-0.0121653,0.00150836)
(0.00770477,-0.00449987)
(-0.00709276,-0.00619107)
(0.00697492,0.000114192)
(-0.0146539,-0.00727558)
(0.00511778,-0.00137757)
(-0.00328836,-0.0134219)
(-0.000907663,0.00114947)
(0.0091519,-0.00521919)
(0.00590659,-0.00138755)
(-0.00150903,-0.00721404)
(0.0152149,-0.00865961)
(-0.00292998,-0.0240811)
(0.0103149,-0.011047)
(0.000752235,-0.0320539)
(0.0170736,-0.00735027)
(-0.00063312,-0.0246731)
(0.015994,0.00121236)
(-0.0080519,-0.0129308)
(0.00925642,-0.00280593)
(-0.000918918,-0.0110224)
(0.00379228,0.00445198)
(0.00342301,-0.00719481)
(0.00207601,0.00696814)
(0.00256215,-0.0107249)
(-0.00824741,0.00926961)
(0.00174431,-0.00951467)
(-0.00640427,0.00254162)
(0.00629926,-0.00693587)
(0.00823434,-0.00497948)
(-0.0034197,-0.00751523)
(0.0133061,-0.00610557)
(0.00225641,-0.0236033)
(0.0152349,-0.00539117)
(0.00903226,-0.031643)
(0.0162727,-0.00475321)
(0.000402424,-0.0276585)
(0.0174507,-0.00362675)
(0.00484798,-0.0164497)
(0.00946152,-0.00053235)
(0.00480632,-0.022377)
(0.00707012,-0.000709682)
(0.0145024,-0.01303)
(-0.000727856,0.00359044)
(0.0110457,-0.00477728)
(0.000952707,0.000287451)
(0.0088908,-0.00500967)
(-0.00123149,-0.000433151)
(0.00489794,-0.000883928)
(0.00908189,-0.00684598)
(0.00381357,-0.00811227)
(0.023336,-0.010697)
(0.00936603,-0.0199682)
(0.0177343,-0.00837491)
(0.00722071,-0.0314247)
(0.0231952,-0.000697225)
(0.0110923,-0.0257252)
(0.0220883,0.00659662)
(0.0234302,-0.0280256)
(0.0143867,0.0120184)
(0.0176774,-0.0202909)
(0.00745074,0.00957976)
(0.0200964,-0.0171332)
(0.00516373,0.00223503)
(0.018224,-0.00974499)
(0.00678785,0.000862681)
(0.0130751,-0.0109939)
(0.00551825,-0.000955914)
(0.0108368,-0.00043744)
(0.0120954,-0.0130409)
(0.00716078,-0.00251522)
(0.0109523,-0.0195049)
(0.0156127,-0.00421472)
(0.0109264,-0.0177008)
(0.0138452,-0.017696)
(0.0149021,-0.0033642)
(0.017644,-0.0173405)
(0.0247465,-0.0042946)
(0.021261,-0.00873809)
(0.0195442,0.0113723)
(0.0144629,-0.00294429)
(0.012888,0.0099719)
(0.016408,0.0022621)
(0.00426013,0.00258756)
(0.0135571,0.00237588)
(0.0120111,-0.00355978)
(0.0105382,-0.00165972)
(0.0134368,-0.00611276)
(0.000402572,-5.45172e-05)
(0.0070193,-0.0137578)
(0.00801969,-0.000198047)
(0.017474,-0.0146808)
(0.00953901,0.00274335)
(0.0140813,-0.017497)
(0.00859843,0.00495874)
(0.0216988,-0.00786067)
(0.0154609,-0.000980149)
(0.0274831,-0.0046514)
(0.0197343,-0.00332998)
(0.0255967,-0.00146834)
(0.0122085,0.00100014)
(0.0140729,0.005244)
(0.0127064,0.00737415)
(0.00885576,0.00414523)
(0.00886322,0.00323562)
(0.0102095,-0.00176686)
(-0.00220929,0.00611491)
(0.00773948,-0.00587566)
(-0.00433151,0.00482658)
(0.0106899,-0.000144008)
(0.00638181,0.00393714)
(0.0225657,-0.0080189)
(0.00163719,0.0087622)
(0.0247479,-0.00974686)
(0.00825823,0.0115979)
(0.0228925,-0.0105186)
(0.0101517,0.00305582)
(0.0319499,-0.000921852)
(0.0169532,0.000205865)
(0.0265279,-0.000273314)
(0.00819567,0.000843927)
(0.0141148,0.00892607)
(0.00506269,0.00219764)
(0.00160879,0.0051672)
(-0.00256035,0.0035)
(-0.00231721,0.000163203)
(-0.00565264,0.00924072)
(-0.00105315,-0.000184351)
(-0.00630735,0.0043805)
(0.0105212,0.000783824)
(-0.00054141,0.000961719)
(0.0158091,-0.00322536)
(0.00157789,0.00473759)
(0.0139952,-0.0047899)
(0.00139812,0.00428632)
(0.018617,-0.00250584)
(0.00840715,0.00323207)
(0.018873,-0.00069358)
(0.00418237,2.31965e-06)
(0.012789,0.00661339)
(0.00759963,0.00653339)
(0.00884891,0.0079185)
(0.000164585,0.00315589)
(-0.00310213,0.00473305)
(0.000799353,0.00475964)
(-0.00908614,0.0026772)
(-0.00176459,0.00367691)
(-0.00892788,0.00122083)
(-0.00143965,0.00756452)
(0.00298093,0.00440426)
(-0.00147036,-0.00245068)
(0.00314105,0.000495065)
(-0.00417098,-0.00492351)
(-0.0038229,0.0143158)
(9.03731e-05,-0.0070889)
(-0.0163363,0.0217425)
(-0.00496587,0.00164717)
(-0.0172217,0.0112488)
(-0.00436952,-0.00591252)
(-0.0065246,0.00352562)
(-0.00800716,-0.00790567)
(-0.00469546,-0.00191111)
(-0.00758515,-0.0107215)
(0.00506998,-0.0030647)
(-0.0114338,-0.00476965)
(0.0125043,0.000401776)
(-0.00624346,0.00200931)
(0.012397,-0.0019749)
(-0.00175491,0.00157934)
(0.0094298,0.00477515)
(-0.00194471,-0.00101684)
(0.0032451,0.00427333)
(0.00360394,-0.00925005)
(-0.00207898,0.00855505)
(-0.00649798,-0.0142859)
(-0.0142603,0.0163784)
(-0.00972802,-0.00477436)
(-0.0135229,0.0134849)
(-0.00067193,-0.00368815)
(-0.0035443,0.00137754)
(-0.00479933,-0.0112847)
(0.00409707,-0.00264009)
(-0.0109847,-0.0111495)
(0.0171055,0.00147785)
(-0.0153606,-0.00292227)
(0.0139794,-0.000662495)
(-0.0148448,-0.00504374)
(0.0139056,-0.00344791)
(0.00138779,0.000857312)
(0.0100318,0.00223369)
(0.000968832,0.0022351)
(0.015058,-0.00661622)
(0.00158374,-0.0172582)
(0.0096555,-0.00229368)
(-0.0065422,-0.026216)
(0.00518973,0.00654472)
(-0.00836865,-0.0153358)
(0.00312272,0.0065539)
(-0.00694996,-0.00637912)
(0.00647008,0.00646777)
(-0.00860375,-0.015222)
(0.0133928,0.000451491)
(-0.00537684,-0.0177268)
(0.0219898,0.00218834)
(-0.0080574,-0.0169051)
(0.0132464,-0.00285881)
(-0.00601957,-0.0068262)
(0.00374791,-0.00472379)
(0.00187436,-0.00677053)
(0.0138505,-0.00305486)
(-0.000103292,-0.00560067)
(0.0266012,-0.00610699)
(-0.00586971,-0.0246068)
(0.0264075,-0.0029104)
(-0.00723506,-0.0371342)
(0.0204631,-0.00401131)
(-0.00942021,-0.0223353)
(0.0245304,-0.015191)
(-0.0109208,-0.00313236)
(0.0120096,-0.00790465)
(-0.00850944,-0.0166155)
(0.00873627,-0.00211611)
(0.00472202,-0.0290918)
(0.0114206,0.00627378)
(0.00206149,-0.017595)
(0.00827556,0.0055208)
(0.00137863,-0.0106438)
(-0.00238647,0.00227875)
(-0.000182112,-0.00694291)
(0.0079431,-0.0105828)
(-0.00250854,-0.0101432)
(0.0197224,-0.00930388)
(-0.00137927,-0.0243684)
(0.0267689,-0.0107302)
(-0.00851202,-0.0386149)
(0.0243801,-0.0124643)
(-0.00340168,-0.018968)
(0.0284649,-0.041365)
(-0.00327751,0.00502031)
(0.0223029,-0.015428)
(0.00716422,-0.0206943)
(0.00629239,0.000329252)
(0.00681567,-0.0338411)
(0.0163046,-0.00469433)
(0.0146533,-0.0106909)
(0.00162248,0.00887863)
(0.00558616,-0.00796729)
(0.00157391,0.00774878)
(0.000325563,-0.00233233)
(0.00995125,-0.011241)
(0.00254704,-0.00759162)
(0.0195864,-0.0133532)
(0.00148685,-0.025647)
(0.0195242,-0.00415652)
(0.00469144,-0.0385887)
(0.026638,-0.00100357)
(0.00924955,-0.0367052)
(0.0148152,-0.00324473)
(0.00369468,-0.0172433)
(8.22937e-05,0.0530209)
(-0.00384411,-0.0203334)
(0.00643344,0.0106641)
(0.00696073,-0.0245154)
(0.00659243,0.00190497)
(0.0140829,-0.00827261)
(0.0127231,-9.59166e-05)
(0.0107195,-0.00657428)
(0.0067084,0.00494303)
(0.0042932,-0.00226799)
(0.0094589,-0.0106726)
(0.0088642,-0.000499729)
(0.0170806,-0.0194802)
(0.00977908,-0.0141526)
(0.0150875,-0.0150518)
(0.00931862,-0.0210169)
(0.0211368,-0.00869994)
(0.0184994,-0.02149)
(0.0233984,0.0101203)
(0.0220849,-0.0135198)
(0.0237058,0.0242036)
(0.00557981,-0.00537955)
(0.0195515,0.0140383)
(0.00869487,0.000687437)
(0.0182342,0.00333641)
(0.0121152,0.00824922)
(0.0143114,-0.00475062)
(0.0124248,-0.000636839)
(0.0146295,-0.00335703)
(0.00471121,-0.0036342)
(0.0121193,-0.00641111)
(0.00172726,0.00859734)
(0.0139603,-0.0163991)
(0.00850002,0.0140643)
(0.0161981,-0.0196876)
(0.00343771,0.00489006)
(0.024124,-0.0188172)
(0.0177471,-0.00300195)
(0.0291798,-0.0117688)
(0.0188955,-0.00852827)
(0.0328795,0.0072079)
(0.0174791,0.00241473)
(0.0208871,0.00582582)
(0.011852,0.00476078)
(0.0119428,0.00245231)
(0.0175832,0.00972664)
(0.0136756,-0.00597542)
(0.00519067,0.00686675)
(0.0144242,-0.00844118)
(0.00283448,0.00280879)
(0.0100004,-0.00760167)
(-0.00187278,0.0132653)
(0.0227355,-0.0144305)
(-0.00323005,0.019959)
(0.0147148,-0.0161782)
(-0.00105447,0.0183212)
(0.0219679,-0.0177218)
(0.00905208,0.00347413)
(0.0236922,-0.0124597)
(0.0152583,0.000549067)
(0.0265365,-0.00120089)
(0.0108707,-0.00122394)
(0.0209761,-0.0010387)
(0.0119229,-0.00623302)
(0.00579764,0.00319556)
(0.00859007,0.00425088)
(0.00277616,0.00339956)
(-0.000113992,0.00758134)
(0.0024912,-0.000994814)
(-0.00498842,0.00734581)
(0.00823074,-0.00278491)
(-0.00171652,0.00833283)
(0.0116175,-0.00531563)
(-0.00741681,0.00969959)
(0.0115402,-0.00851235)
(-0.00501749,0.0147405)
(0.0106263,-0.0129855)
(0.00272757,0.0087869)
(0.016389,-0.00671894)
(0.00357322,0.00178318)
(0.0184758,0.000107299)
(0.00122138,0.00127832)
(0.00976644,0.00417939)
(0.0013796,0.00458841)
(-0.00253165,0.00421164)
(-0.000611874,0.00628513)
(-0.00977671,0.0016681)
(-0.00187014,0.00953737)
(-0.0083097,0.00175719)
(0.00265261,0.00807434)
(-0.00102545,-0.00115067)
(-0.00548248,-0.0030354)
(0.00203624,-0.00381559)
(0.00111005,-0.0127687)
(-0.00673198,0.00803311)
(-0.00316393,-0.0127006)
(-0.0187654,0.0123106)
(-0.000263965,-0.0124036)
(-0.0192983,0.0146685)
(0.000637906,-0.0101806)
(-0.0141502,0.00805107)
(0.000391004,-0.00893311)
(-0.00261329,-0.00119946)
(0.00287557,-0.00595709)
(0.00497999,-0.00328112)
(-0.0106043,-0.00210227)
(0.0120622,-0.00715826)
(-0.0158745,-0.000485835)
(0.0114446,-0.000921586)
(-0.009444,0.000424367)
(0.000691388,-0.00190989)
(-0.00661608,-0.00719823)
(0.0033332,-0.00608031)
(-0.00687164,-0.0209872)
(-0.00783597,0.00924459)
(-0.00891204,-0.0262256)
(-0.0107162,0.0144226)
(-0.0092749,-0.0220108)
(-0.0220855,0.0185927)
(0.00407607,-0.014525)
(-0.0119137,0.0147621)
(0.00180496,-0.0156897)
(0.00179134,0.00403871)
(-0.000381246,-0.0148708)
(0.0202894,-0.00109785)
(-0.00761761,-0.00434388)
(0.0227039,-0.00363931)
(-0.0130935,-0.00110571)
(0.0122559,-0.00526413)
(-0.00612024,-0.00175465)
(0.00553295,-0.00682454)
(-0.00697794,-0.00329259)
(0.00424128,-0.00660567)
(-0.00847784,-0.0220653)
(0.00706164,0.00248511)
(-0.00649202,-0.0337413)
(0.000655944,0.0169006)
(-0.00275456,-0.025698)
(0.00319545,0.00733794)
(-0.0132033,-0.0115579)
(-0.00657379,0.00771655)
(-0.000384659,-0.0200482)
(-0.00440905,0.0171302)
(-0.0017725,-0.0274514)
(0.0221047,0.00929153)
(-0.00430407,-0.0166123)
(0.0204701,-0.000189473)
(0.00106833,-0.0108709)
(0.0102328,-0.00143639)
(0.000465634,-0.00189274)
(0.00489865,-0.0106626)
(-0.00383291,-0.00681619)
(0.0186091,-0.00701904)
(-0.00230458,-0.0220918)
(0.0241301,-0.00630819)
(-0.00492514,-0.0401191)
(0.0294485,-0.00268865)
(-0.00782845,-0.00348598)
(0.031081,-0.0501544)
(-0.0226371,0.0307187)
(0.0147554,-0.0282157)
(-0.00541357,0.00348084)
(0.00719768,0.00357397)
(0.00138012,-0.036892)
(0.0125008,-0.000676093)
(0.00677072,-0.0277802)
(0.0118781,0.0076332)
(0.00764929,-0.0130759)
(0.00274625,0.00427536)
(0.00441322,-0.00771066)
(0.0110869,-0.0107794)
(-0.00436155,-0.00717365)
(0.0249935,-0.0167707)
(-2.29011e-05,-0.0334313)
(0.0293239,-0.00498197)
(-0.00170638,-0.0344463)
(0.0138047,-0.0447691)
(-0.00429382,0.0343011)
(0.0372325,-0.171087)
(-0.0113941,0.0952095)
(0.046396,-0.0586551)
(0.0138537,-0.00168524)
(-0.00643045,0.00674153)
(-0.000929869,-0.0513803)
(0.00730853,0.000224982)
(0.0137695,-0.0200314)
(0.00928001,0.00351841)
(0.00872153,-0.00865287)
(0.00260336,0.0128551)
(0.00289528,-0.00931083)
(0.0144774,-0.0129536)
(0.00472591,-0.0139997)
(0.0235772,-0.0181782)
(0.0100265,-0.0324839)
(0.0264589,-0.00704345)
(0.00726567,-0.050107)
(-0.0138155,0.00092517)
(-0.0167253,-0.0399282)
(-0.099676,0.0494611)
(-0.00977245,0.0183729)
(-0.0611803,0.196422)
(-0.0384246,-6.75714e-05)
(-0.0204666,0.0431444)
(-0.0317374,-0.0537314)
(0.00457545,-0.00112529)
(0.0135326,-0.00911292)
(0.01009,-0.00402827)
(0.0159131,-0.00687719)
(0.0059936,0.011815)
(0.00236519,-0.00633105)
(0.0137773,-0.00806259)
(0.00711161,-0.0107656)
(0.0264533,-0.0207342)
(0.0121311,-0.0220723)
(0.0213814,-0.0169225)
(0.0166532,-0.0266156)
(0.0146751,-0.0058858)
(0.0183001,-0.0243813)
(-0.0316376,0.0165861)
(0.0113432,0.00968385)
(-0.0147953,0.0566141)
(-0.0386492,0.0237524)
(0.00193671,0.0118834)
(-0.00608448,-0.00264851)
(0.0138808,-0.00123431)
(0.0166463,0.0102776)
(0.0173291,-0.00187361)
(0.0220864,0.00155631)
(0.00797989,-0.0013054)
(0.0143708,-0.00758637)
(0.0132688,-0.00894215)
(0.00125586,0.00548229)
(0.0233209,-0.0266873)
(0.00782884,0.00174689)
(0.0221696,-0.0344182)
(0.00868481,0.00338316)
(0.0287215,-0.0296634)
(0.0104814,-0.00325746)
(0.0234423,-0.0194978)
(0.0103664,0.00180128)
(0.0312197,-0.00149092)
(0.000459372,0.00917649)
(0.0273882,0.00473215)
(0.0136257,0.0109749)
(0.0225005,0.00818227)
(0.0219239,0.0137149)
(0.0123747,-0.00705843)
(0.0203132,0.00509357)
(0.00880423,0.000864693)
(0.00897934,0.00545001)
(0.0150152,-0.0067448)
(0.00359375,0.0111445)
(0.0248093,-0.0181058)
(-0.00318442,0.0205825)
(0.0191783,-0.0292907)
(-0.000672441,0.0184954)
(0.0191983,-0.0319255)
(0.00644084,0.0116045)
(0.0257108,-0.0274171)
(0.00685045,0.00430366)
(0.0248308,-0.00871615)
(0.00782399,0.00729629)
(0.0194585,0.000843578)
(0.0112059,0.00509574)
(0.0131814,0.0021332)
(0.0153585,0.0065623)
(0.00283845,0.00558009)
(0.00515785,0.00832525)
(-0.00180035,0.00221908)
(0.00594732,0.00514859)
(0.00488606,-0.00644392)
(-0.00491582,0.0119621)
(0.0100568,-0.0155463)
(-0.00737546,0.0169839)
(0.00640677,-0.0160673)
(-0.00708193,0.0137539)
(0.012617,-0.0175492)
(-0.00348775,0.00895275)
(0.0111907,-0.015913)
(0.00138083,0.00761327)
(0.0146167,-0.00596789)
(-0.00317939,0.00613929)
(0.00906322,-0.00114615)
(0.00298697,8.81321e-05)
(0.00139842,0.00205763)
(0.00212363,0.00703413)
(-0.00620473,0.00288489)
(0.0035356,0.00904962)
(-0.00623447,0.00100416)
(-0.00136138,0.00751905)
(0.00472123,-0.00471438)
(-0.00342433,-0.00676425)
(0.00476856,-0.0032147)
(-0.00484684,-0.00944245)
(-0.00622103,0.00569332)
(0.00248675,-0.018817)
(-0.0102034,0.0116095)
(0.00443035,-0.0187609)
(-0.0223854,0.017122)
(0.00958174,-0.0157247)
(-0.0205456,0.0059151)
(0.00818081,-0.0104824)
(-0.00671448,0.00204694)
(0.00801994,-0.0078397)
(0.000501909,-0.00697026)
(0.000114484,-0.00451323)
(0.0100577,-0.00177792)
(-0.00831128,-0.00652007)
(0.0111085,-0.000914267)
(-0.00812161,-0.00324076)
(0.00319489,3.24935e-05)
(-0.00996481,-0.0101018)
(0.00192111,-0.00500778)
(-0.00892521,-0.0233499)
(-0.00495255,0.00211858)
(-0.00960759,-0.03472)
(-0.0203787,0.0156654)
(0.00328206,-0.03223)
(-0.0250955,0.0147382)
(0.0038936,-0.0224104)
(-0.0275098,0.00743977)
(0.00884473,-0.0233974)
(-0.0168558,0.00927941)
(0.00297313,-0.0158877)
(0.0127516,-0.00531704)
(0.00532287,-0.00887632)
(0.0188378,-0.0037425)
(-0.0050539,-0.00843836)
(0.013862,0.00136854)
(-0.000185271,-0.00705166)
(-0.00189229,-0.00453945)
(-0.0112183,-0.00906493)
(0.00416095,-0.00459006)
(-0.013848,-0.0238612)
(-0.00517143,0.00966379)
(-0.00662415,-0.0353409)
(-0.00141623,0.0159054)
(0.00457407,-0.0273352)
(-0.00637578,0.00861564)
(0.000271485,-0.0198587)
(-0.0182106,0.00664562)
(-0.00470507,-0.00527984)
(-0.0101701,0.0137358)
(-0.00473528,-0.0234844)
(0.00709688,0.0106925)
(-0.00133884,-0.0121799)
(0.0187508,0.00657681)
(0.0102188,-0.0117028)
(0.00804824,0.000502211)
(0.00978278,-0.00673933)
(0.00696753,-0.00716387)
(-0.00535696,-0.00963969)
(0.00321075,-0.00853576)
(-0.00613319,-0.0295975)
(0.0162998,0.00993079)
(-0.0020673,-0.022458)
(0.00877856,0.014902)
(0.0203554,0.0368153)
(0.0206743,0.0166004)
(0.0303118,0.0697226)
(-0.0159017,-0.0171603)
(-0.00780217,0.0824568)
(-0.015931,0.0321409)
(-0.0173718,0.0107899)
(0.00652435,0.00499004)
(0.00134696,-0.0118693)
(0.00801493,0.00532673)
(0.00770804,-0.0102862)
(0.00458012,0.00896642)
(0.00815453,-0.00916832)
(0.0109633,-0.0116598)
(0.00216243,-0.0119676)
(0.0167755,-0.00914643)
(0.0041651,-0.0200568)
(0.00324572,0.00311189)
(0.00813701,0.00688249)
(-0.0352513,0.0114121)
(0.0261944,0.106695)
(-0.00246868,0.0223015)
(0.00848688,-0.0565109)
(0.0072175,-0.00192948)
(-0.00404446,0.00383676)
(-0.0787547,0.0832832)
(-0.0540656,-0.0318616)
(-0.00473668,0.013977)
(0.000527301,0.00338908)
(0.00489992,-0.000546242)
(0.0123071,-0.00502559)
(-0.00405875,0.00626385)
(0.00520396,-0.00393638)
(0.0124631,-0.00915878)
(0.00504097,-0.0151136)
(0.0205615,-0.00801916)
(0.0067328,-0.0358306)
(0.00608503,-0.00218235)
(-0.0120944,-0.0485802)
(-0.0627358,-0.0223383)
(-0.101733,-0.0967968)
(0.0333736,-0.010777)
(-0.00828686,0.0169675)
(0.0233225,-0.0109054)
(0.0439796,-0.00286329)
(-0.0389163,-0.0695153)
(-0.0402316,-0.0924672)
(-0.00811299,-0.0208479)
(0.00984552,-0.015169)
(-0.00393784,-0.0060221)
(0.0164796,-0.00671005)
(-0.00556381,0.00750937)
(0.00790014,-0.00929864)
(0.0141684,-0.00699314)
(0.00621527,-0.0143738)
(0.0190872,-0.0165582)
(0.0143382,-0.0215574)
(0.00892595,-0.0089471)
(0.0053781,-0.025645)
(-0.0183902,-0.00355373)
(0.015357,-0.0328387)
(-0.0780307,0.00490586)
(0.0834647,0.0579353)
(-0.0571682,-0.082611)
(-0.0872208,0.061178)
(-0.0152968,-0.0446307)
(-0.0283955,-0.0130752)
(-0.00840317,-0.0164394)
(0.0179441,0.00789439)
(-0.0031251,-0.00257888)
(0.031436,0.00268543)
(-0.00562353,0.00296255)
(0.0179238,-0.00189668)
(0.0128991,-0.00879109)
(0.00276081,-0.00683046)
(0.0198241,-0.0257917)
(0.00953609,0.000424692)
(0.02033,-0.0314231)
(0.0114734,0.00533797)
(0.0202757,-0.0273081)
(0.000731424,0.00771474)
(0.000551854,-0.0199752)
(0.00833712,0.014798)
(0.0111501,-0.0262132)
(-0.013031,0.0236521)
(0.0101886,-0.0114904)
(0.00709634,0.010061)
(0.00533035,0.00792302)
(0.0228943,0.0145937)
(-0.000899032,0.0105861)
(0.0265744,0.00856616)
(-0.0100637,-0.00273043)
(0.0155992,0.00433614)
(0.0144635,-0.00430253)
(0.00559493,0.00528245)
(0.0128301,-0.0254191)
(0.0061876,0.00775181)
(0.00914614,-0.0258049)
(0.005572,0.0167131)
(0.0153923,-0.0313145)
(0.00445322,0.0165329)
(0.0251681,-0.0304354)
(0.00101903,0.024495)
(0.0291501,-0.0177842)
(-0.000592021,0.0160687)
(0.0204925,-0.00374236)
(0.00751207,0.0125678)
(0.00179742,0.0133552)
(0.0152844,0.0104812)
(-0.00621888,0.00964175)
(0.0170968,0.0106587)
(-0.016809,0.00831556)
(0.00534322,0.00905672)
(0.0074966,-0.00709069)
(-0.000804936,0.0100624)
(0.0105166,-0.0120153)
(-0.00253229,0.0110787)
(0.00449202,-0.0159526)
(-0.00741354,0.0152838)
(0.00881685,-0.0182683)
(-0.00319769,0.0145051)
(0.018289,-0.0181007)
(-0.00460988,0.0118771)
(0.0159843,-0.00362559)
(-0.00136172,0.0132623)
(0.0111081,-0.000495797)
(-0.000562465,0.0104201)
(0.00669615,0.00336976)
(0.0047245,0.00971714)
(-0.0116176,0.00957561)
(0.00761746,0.00674817)
(-0.00845798,0.00602703)
(0.000134126,0.00476823)
(0.00311544,0.00302454)
(-0.00516587,-0.00292715)
(0.000202314,-0.000615814)
(0.00367521,-0.0085423)
(-0.00283304,0.00392389)
(0.00240147,-0.0158501)
(-0.0143786,0.0133424)
(0.0094936,-0.0212783)
(-0.0216099,0.0150835)
(0.0137007,-0.0232237)
(-0.0250446,0.0148597)
(0.0163051,-0.0143407)
(-0.0198147,0.00504768)
(0.0122903,-0.0105139)
(-0.0054916,0.00298394)
(0.00064266,-0.0087282)
(-0.00063524,0.00188961)
(-0.00600219,-0.00556154)
(0.0027792,0.00171896)
(-0.00140515,-0.00311199)
(0.00114112,-0.000290937)
(-0.0114744,-0.0119095)
(0.00348051,0.000964867)
(-0.0100469,-0.0154292)
(-0.0115534,0.0116884)
(-0.00487216,-0.0265054)
(-0.0196439,0.018695)
(0.0025675,-0.0412877)
(-0.0309026,0.0167908)
(0.00838993,-0.0348248)
(-0.0330513,0.0177041)
(0.0133876,-0.0224051)
(-0.0219409,0.0166983)
(0.00778198,-0.0187619)
(-0.00655385,0.00399031)
(0.00885701,-0.0150346)
(0.00283431,0.00359341)
(0.00763108,-0.0146385)
(0.00593238,0.000456193)
(0.0027389,-0.00377996)
(0.0021906,-0.00275397)
(-0.0134348,-0.010277)
(-0.00512103,0.00259043)
(-0.0245871,-0.0195704)
(-0.00977996,0.0134941)
(-0.011199,-0.0336932)
(-0.0192765,0.0252136)
(0.0062185,-0.0338125)
(-0.0202926,0.0117392)
(0.0112104,-0.0474371)
(-0.0335422,0.00793514)
(-0.0142764,-0.0269114)
(-0.0230931,0.0158615)
(-0.000527702,-0.0131413)
(-0.00529355,0.00984904)
(0.00489219,-0.0177875)
(0.00623355,0.00383379)
(0.0154565,-0.0124112)
(0.00156789,0.00289406)
(0.0114558,-0.0127234)
(0.000622807,-0.00943635)
(-0.00899381,-0.0116251)
(0.000742479,0.00019507)
(-0.00597552,-0.0193358)
(-0.000718388,0.0144006)
(0.0114898,-0.0162288)
(0.0155983,0.0251766)
(0.0635699,0.000367267)
(0.0129452,-0.00745527)
(0.0362784,-0.0211069)
(-0.0261266,-0.0252554)
(-0.0377108,0.00627834)
(0.00495282,0.00788336)
(-0.0199584,0.0314855)
(0.00235672,-0.00267161)
(-0.00135869,-0.00083049)
(0.00599161,0.00636212)
(0.0075853,-0.0150857)
(0.000285482,0.00670453)
(0.0101247,-0.0096353)
(0.00606897,-0.00647279)
(-0.00262588,-0.0104418)
(0.00887602,-0.00510833)
(0.00521466,-0.0171608)
(0.0137739,0.0162691)
(0.0279047,0.00164392)
(0.0443253,0.0377748)
(0.0905894,0.113876)
(-0.0219366,0.0180733)
(-0.0307218,0.00484305)
(-0.0174364,-0.00937857)
(0.0186126,-0.0373217)
(0.030806,0.0345621)
(0.0160608,0.136547)
(0.0285282,-0.00493403)
(0.00296209,0.0380028)
(0.00714648,-0.000189818)
(0.00520478,-0.000489646)
(-0.00387313,0.00813235)
(0.00241271,-0.00462973)
(0.00680596,-0.00296306)
(0.00428278,-0.0147775)
(0.00496735,0.000928413)
(0.00573454,-0.0246012)
(0.00711436,0.00570719)
(-0.00281622,-0.0293805)
(-0.000291569,-0.0304455)
(-0.0390588,-0.062088)
(0.0102311,0.000162433)
(0.0192552,0.0121679)
(-0.0178234,0.00669936)
(-0.0348826,0.0143051)
(0.0814297,-0.0866337)
(0.0603279,0.00523039)
(0.0234864,-0.0297672)
(0.0217401,0.00676369)
(0.000968088,-0.00587047)
(0.0087911,-0.00386255)
(-0.00545495,0.00891789)
(0.00517337,-0.00712242)
(0.00888212,0.00409879)
(0.00326102,-0.00821684)
(0.00668808,0.00245829)
(0.0095132,-0.0131178)
(0.0115921,0.00641015)
(0.00647317,-0.0157254)
(0.0142436,0.02663)
(-0.00355817,-0.0467107)
(0.0374096,0.110603)
(0.0528555,-0.0702602)
(0.0550399,-0.0432861)
(-0.0534342,-0.0649988)
(0.028687,-0.0431743)
(0.00941363,-0.0209884)
(-0.0023966,-0.0123653)
(0.0102371,0.00560236)
(-0.00776351,0.00294678)
(0.0220952,-0.00455073)
(-0.0125933,0.00460257)
(0.010419,-0.00731548)
(0.00313141,0.00487731)
(0.00327249,-0.00383663)
(0.00658195,-0.00761)
(0.00664904,-0.00432162)
(0.00352068,-0.0125553)
(0.00360941,0.0116122)
(0.017673,-0.00297637)
(-0.0105497,0.00806785)
(0.0227943,0.0164635)
(0.00243044,0.00137578)
(0.0239048,-0.0152336)
(-0.01956,-0.00704951)
(0.00938504,-0.0119132)
(0.00441071,0.00752627)
(-0.00132204,0.0125478)
(0.0206159,0.00806921)
(-0.00739639,0.0144813)
(0.0163314,0.00222992)
(-0.0180147,0.0059801)
(0.00590141,0.00262651)
(0.00305396,-0.00323728)
(0.00140281,0.00354889)
(0.00685741,0.000823275)
(0.0029769,0.00905843)
(0.00605003,-0.0082254)
(0.0018115,0.0130756)
(0.00923033,-0.0132936)
(0.00175512,0.0211118)
(0.0223111,-0.0134022)
(-0.00152866,0.0205532)
(0.0201926,-0.00911304)
(0.00283902,0.0122195)
(0.0145591,0.00535629)
(0.00568712,0.0147107)
(0.0065738,0.0146794)
(0.0141741,0.0139132)
(-0.0115216,0.0139127)
(0.011111,0.00780687)
(-0.0107181,0.0110375)
(0.00306224,0.00426709)
(0.00354171,-0.00226161)
(-0.00181891,0.000908599)
(0.00892518,-0.00077584)
(-0.00282261,0.00769347)
(0.00122382,0.000211523)
(-0.0004486,0.00993572)
(0.00836424,-0.00833475)
(0.00408527,0.00983988)
(0.0133468,-0.00661808)
(0.00329793,0.0129291)
(0.0138354,-0.0107313)
(0.00288639,0.0136914)
(0.00417034,0.00532268)
(0.00450364,0.012979)
(-0.000106636,0.00408025)
(0.00441898,0.00826767)
(-0.00387098,0.0109313)
(-0.000728758,0.00626782)
(-0.0113322,0.0104377)
(0.00126106,0.00691314)
(0.00025602,0.000361576)
(-3.28336e-05,-0.00350754)
(0.00195041,0.00411205)
(0.00125672,-0.0108529)
(0.00061462,0.0120513)
(0.0126872,-0.0140713)
(-0.00530714,0.0148538)
(0.00896047,-0.0281984)
(-0.0178318,0.0236367)
(0.0108387,-0.0304303)
(-0.0273602,0.0231427)
(0.00956963,-0.01664)
(-0.0259415,0.0265525)
(-0.000436254,-0.0103423)
(-0.0159372,0.0126933)
(-0.0051132,-0.0109825)
(-0.0106136,0.00596484)
(-0.00682588,-0.00249342)
(-0.00037906,0.00460476)
(-0.000322377,-0.000517184)
(0.0065004,7.44994e-05)
(-0.00795324,-0.00688137)
(0.00469202,0.0116383)
(-0.00644878,-0.0156655)
(0.00122195,0.0145081)
(-0.00226183,-0.0241233)
(-0.0101342,0.0152173)
(0.00104795,-0.0380221)
(-0.0242237,0.0232397)
(0.00409682,-0.0484438)
(-0.0347195,0.0263372)
(0.00425343,-0.0296367)
(-0.0328671,0.0270619)
(0.0055044,-0.0152724)
(-0.0196775,0.0153676)
(0.0028669,-0.0211049)
(-0.0101818,0.008926)
(0.00492945,-0.0138291)
(-0.000958841,0.00435074)
(0.00700762,-0.00558126)
(0.00358568,0.00216426)
(-0.00747617,-0.00806766)
(0.00159907,0.00582806)
(-0.0124767,-0.0195757)
(-0.0071032,0.00744589)
(-0.0113994,-0.0211003)
(-0.0140037,0.0195384)
(-0.00757633,-0.0421969)
(-0.0194323,0.00126395)
(-0.00938823,-0.0441852)
(-0.0293217,0.0190677)
(-0.00218345,-0.0354034)
(-0.0310354,0.0166805)
(-0.0116122,-0.0203245)
(-0.0146519,0.00500885)
(0.0018761,-0.0250736)
(-0.00362792,0.00894783)
(0.00609037,-0.0213577)
(0.0013397,0.000978992)
(0.00782271,-0.00641645)
(-0.00385993,-0.00182437)
(-0.00939239,-0.0112875)
(-0.00900572,0.00146736)
(-0.00858987,-0.0183903)
(-0.0124586,0.0161378)
(-0.00869639,-0.0252132)
(-0.000986039,0.00653022)
(0.00841139,-0.0294016)
(0.0170461,-0.0398471)
(-0.0122808,-0.0454702)
(0.0126363,0.0113052)
(-0.0273358,-0.0160784)
(-0.00986076,0.0117923)
(-0.0158154,-0.0115845)
(-0.00763245,0.00475099)
(-0.00514564,-0.0218884)
(0.00110804,0.00100393)
(0.00474516,-0.0279773)
(0.00168558,0.0078056)
(0.00363692,-0.0134984)
(-0.00673818,-0.00228684)
(0.00616958,-0.00976258)
(-0.0120726,0.00686488)
(-0.0060444,-0.011202)
(-0.0131691,0.0115373)
(0.00431403,-0.00263765)
(0.0289841,-0.0232022)
(0.0206004,0.00712301)
(0.0858514,-0.136664)
(-0.0276408,-0.0269584)
(0.11237,0.0676011)
(-0.0036952,0.0226653)
(0.0392902,0.0346529)
(-0.00134465,0.0332158)
(0.00794148,0.000622862)
(-0.00984829,0.000957893)
(-0.00212368,-0.00562809)
(-0.00202229,-0.0176524)
(-0.00668832,0.00419565)
(0.000960793,-0.00996259)
(-0.00592576,0.00535417)
(0.0078983,-0.00924675)
(-0.0129611,0.0124427)
(0.00967934,-0.00496761)
(-0.0117197,0.0168782)
(0.00366795,-0.00435875)
(-0.0279589,-0.0202584)
(-0.0157886,-0.0079779)
(-0.0872981,-0.0770557)
(-0.0254895,0.0177204)
(-0.0411553,0.0976114)
(0.0762885,0.0401471)
(0.0107947,0.0183309)
(0.0453044,0.000520528)
(-0.00502533,-0.0069316)
(-0.00479249,-0.00605853)
(-0.00817348,-0.00496493)
(0.00131005,-0.00542792)
(-0.00664598,-0.00263938)
(0.00625933,-0.00887029)
(-0.00514419,0.0136633)
(0.00573272,0.00156821)
(-0.011604,0.0156914)
(0.0135568,0.00591046)
(-0.00817183,0.0244782)
(0.00253438,0.0184063)
(0.0013341,0.0249347)
(-0.0225667,0.00375384)
(-0.0147316,0.0335046)
(-0.0135797,0.00889894)
(-0.00629142,0.0194943)
(0.0122749,-0.00542461)
(-0.0113992,-0.00584876)
(0.0123835,-0.00777563)
(-0.0122626,0.000876445)
(0.00491635,-0.00236898)
(-0.00734788,0.00176597)
(0.0102699,-0.00565542)
(-0.0108352,-0.000994891)
(0.00628158,-0.00618569)
(-0.00482013,0.0101187)
(0.00409224,0.00741036)
(-0.00111126,0.0153582)
(0.0168882,0.0105327)
(0.00735501,0.0103992)
(0.0108135,0.0216088)
(0.0135817,0.0207993)
(-0.0108187,0.0203403)
(0.00806033,0.00830646)
(-0.020401,0.0239737)
(0.00922822,0.00283157)
(0.00106386,0.0064662)
(-0.00509944,0.00172245)
(0.00771055,0.00731771)
(0.00289243,0.00496355)
(0.0156877,0.00512503)
(-0.00315706,0.00147463)
(0.0141475,0.00537196)
(-0.00773201,0.00217537)
(0.00800966,-0.000378725)
(0.00627934,0.0116556)
(0.00824642,0.00708569)
(0.00274941,0.0102082)
(0.00798328,0.00886186)
(0.00864737,0.0128196)
(0.00808301,0.0242922)
(0.00883683,0.00402326)
(0.000618102,0.0212586)
(0.0170806,0.00378209)
(-0.004782,0.0177242)
(0.0167902,-0.0065723)
(0.000234452,0.0100193)
(0.0177411,-0.00202881)
(0.0088987,0.0198558)
(0.00918104,0.000883012)
(0.0104276,0.0155359)
(-0.000647515,0.0102676)
(0.00589234,0.00532575)
(-0.0112175,-0.00246097)
(0.00417585,0.00123364)
(0.00343579,0.00417716)
(0.00146166,0.00349884)
(0.012691,0.00915964)
(0.00425372,0.00960924)
(0.00746384,0.0107297)
(0.00513113,0.0133309)
(0.00968692,0.00686705)
(0.00584254,0.0159529)
(0.0120901,0.000754076)
(0.00965912,0.0102279)
(0.0115729,-0.00484439)
(0.0118585,0.0101546)
(0.00882671,-0.0044463)
(0.00571658,0.0126621)
(0.00785296,0.00154517)
(0.00221743,0.0122685)
(-0.00201711,0.00180493)
(-0.00379823,0.00544837)
(-0.00389438,0.00174345)
(-0.00699184,0.0024617)
(8.69812e-05,0.00198631)
(-0.000304296,-0.00249436)
(0.000671397,0.00358725)
(0.00330641,-0.0134037)
(0.000556505,0.0068406)
(0.00975484,-0.016578)
(-0.00724161,0.0139422)
(0.00719065,-0.0189639)
(-0.0190341,0.0122836)
(0.00302966,-0.0221595)
(-0.029949,0.0226545)
(-0.00215104,-0.0098163)
(-0.0293053,0.018953)
(-0.00784923,-0.00598799)
(-0.0199368,0.0192915)
(-0.011671,-0.00177971)
(-0.00995269,0.0155284)
(-0.0102314,0.00581896)
(-0.00411178,0.0031782)
(0.00139748,0.00123363)
(0.00278573,0.0082356)
(-0.00152368,-0.00541841)
(0.00224358,0.00811956)
(0.00193777,-0.010781)
(-0.00583728,0.013486)
(0.0069759,-0.0160871)
(-0.00889085,0.00683)
(0.000968569,-0.0289847)
(-0.0198675,0.0129372)
(-0.0011978,-0.0346085)
(-0.0375061,0.0277175)
(-0.00254714,-0.0218757)
(-0.0361628,0.0263846)
(-0.00457966,-0.00650007)
(-0.0263338,0.01702)
(0.00141621,-0.0164977)
(-0.0141999,0.0200338)
(0.00432295,-0.0128324)
(-0.00615764,0.00698055)
(0.00427887,-0.00142135)
(0.000974818,0.00969091)
(-0.00216296,-0.00177554)
(-0.0106459,0.014367)
(-0.000767885,-0.00538495)
(-0.00947177,0.00946376)
(-0.0003017,-0.00161313)
(-0.00508937,-0.000347379)
(-0.00521515,-0.0205039)
(-0.0146251,0.00917623)
(-0.00911817,-0.0359884)
(-0.0255565,0.0106511)
(-0.0143429,-0.0254193)
(-0.0300878,0.0126408)
(-0.00571425,-0.0177262)
(-0.0198717,0.00866678)
(0.00380702,-0.0257645)
(-0.0112349,0.00835749)
(0.00642423,-0.0238311)
(-0.00186934,0.00585085)
(0.00593696,-0.00773383)
(-0.011845,0.0101956)
(-0.00752452,-0.00199605)
(-0.020419,0.01624)
(-0.00641398,0.00386976)
(-0.0156661,0.0152919)
(-0.00377412,-9.75939e-05)
(-0.00846036,0.00822198)
(-0.0136702,-0.0212945)
(-0.0107316,-0.016051)
(-0.0157391,-0.0374721)
(-0.0206445,0.00684899)
(-0.0125987,-0.0330999)
(-0.0242108,0.000662628)
(-0.00829081,-0.0166614)
(-0.0149252,-0.0082439)
(0.00273481,-0.0252596)
(-0.0093045,-0.000571299)
(0.00747714,-0.022253)
(-0.00212723,0.000208971)
(0.00473009,-0.0124262)
(-0.0148703,0.00975416)
(-0.000425251,0.000535744)
(-0.0238979,0.0173796)
(0.00501745,0.00399949)
(-0.0254443,0.0199306)
(-0.00519657,0.0130493)
(-0.0123518,0.00236164)
(0.00163844,-0.0062742)
(0.00547859,-0.0259359)
(-0.0202877,-0.0194708)
(0.0101042,0.017712)
(0.00723979,-0.0190695)
(-0.0025576,0.0125719)
(-0.00968578,-0.0143554)
(-0.00758537,-0.0132191)
(-0.00906112,-0.0194005)
(-0.00548762,-0.0137315)
(0.00510974,-0.0214735)
(-0.0042703,-0.00595171)
(0.0010369,-0.0122265)
(-0.0214143,0.0104999)
(0.00697414,-0.00321216)
(-0.0311972,0.0228757)
(0.0070762,0.011856)
(-0.0302471,0.0320089)
(0.00619977,0.0258959)
(-0.0214465,0.0194767)
(-0.00965705,-0.000195085)
(-0.033126,-0.00836855)
(-0.00308152,0.00215643)
(-0.0204854,0.0326342)
(0.0275184,-0.00902029)
(-0.0109395,0.00378881)
(0.00453463,-0.0174007)
(-0.00854909,-0.00851913)
(-0.00899308,-0.0111806)
(-0.00270235,-0.0148658)
(-0.000864258,-0.0100186)
(0.000897482,-0.00881781)
(0.0022311,-0.0120765)
(-0.0158469,0.0219163)
(0.00637338,0.0107499)
(-0.0267947,0.0247379)
(0.0113171,0.0150591)
(-0.0219824,0.0274814)
(0.00731329,0.023382)
(-0.0176478,0.0292526)
(-0.00991643,0.028531)
(-0.0175369,0.018984)
(-0.0145815,0.0144911)
(-0.00726053,0.0149213)
(0.00457824,-0.000995301)
(-0.0125261,-0.000599457)
(0.00132558,-0.00396102)
(-0.00139053,-0.00335371)
(-8.14952e-05,-0.00914713)
(-0.00184338,-0.00162938)
(0.00938229,-0.0053658)
(-0.00864819,-0.00498695)
(0.00510487,-0.00997099)
(-0.00617793,0.0183294)
(0.00760505,0.0149789)
(-0.00910419,0.0215221)
(0.0141565,0.0204543)
(-0.00684618,0.018815)
(0.0109652,0.0239699)
(-0.00168517,0.0111954)
(-0.003403,0.0207613)
(0.00301933,0.0120145)
(-0.0123551,0.0164813)
(0.00802322,-0.00458738)
(-0.00706973,0.00894077)
(0.00240603,-0.00509304)
(0.0100725,0.00426938)
(0.00192159,0.00315934)
(0.00837068,0.00213782)
(-0.00359679,0.00252825)
(0.00758455,-0.00701544)
(-0.00527353,-0.00537287)
(0.00698785,0.00265281)
(6.4655e-05,0.0130454)
(0.00729984,0.0182432)
(0.0112136,0.012686)
(0.00972427,0.0198931)
(0.0054378,0.0132585)
(0.00925741,0.0194484)
(0.0016141,0.00291185)
(0.000702022,0.0184921)
(0.00973505,-0.00233905)
(-0.00727796,0.0135038)
(0.0146903,0.000764858)
(-0.00128469,0.00758572)
(0.01787,-0.00352472)
(0.00296463,0.0163572)
(0.00972019,-0.001357)
(0.00337466,0.00871585)
(0.00230158,-0.00662179)
(0.00673449,0.00856715)
(-0.005065,-0.00460127)
(-0.0077697,0.00103638)
(0.000484175,-0.000447588)
(0.00283678,0.0130084)
(0.00727654,0.00712045)
(0.00348847,0.0197595)
(0.00915378,0.00701687)
(0.00550694,0.0146082)
(0.00617399,0.00171614)
(0.0086202,0.0144414)
(0.00628987,-0.00067294)
(0.000201083,0.00619566)
(0.0103472,-0.00165216)
(0.00589225,0.00865541)
(0.0113425,-0.00399089)
(0.0047824,0.0118287)
(0.00364815,-0.00677362)
(0.000277876,0.00533291)
(0.00275742,-0.00374791)
(-0.00238763,0.00264882)
(0.00098623,-0.00493239)
(-0.00454656,0.00707637)
(0.00243858,0.00199635)
(0.00320339,-0.00679506)
(0.00103219,0.00561477)
(0.00372026,-0.00667321)
(0.00250684,0.00826602)
(0.00761565,-0.00936257)
(-0.00562421,0.000362602)
(0.00463339,-0.00994479)
(-0.0142818,0.00862319)
(0.000407813,-0.0155659)
(-0.0226379,0.0117597)
(-0.0126306,-0.00537587)
(-0.0228937,0.0195546)
(-0.0118224,0.00385507)
(-0.0177705,0.0162732)
(-0.0185302,0.00553303)
(-0.0109471,0.0143484)
(-0.00591494,0.00587865)
(-0.00361633,0.00721311)
(-0.00147085,-0.00436178)
(-0.00411654,0.00978308)
(-0.00250427,-0.000952751)
(0.000568614,0.0168528)
(0.00339416,-0.00879452)
(0.00221744,0.0113261)
(0.0010516,-0.00747037)
(-0.0125348,0.00559633)
(0.000362092,-0.0156138)
(-0.0172489,0.00287939)
(-0.0083637,-0.022466)
(-0.0253287,0.0139613)
(-0.0132534,-0.0117149)
(-0.0323017,0.0138763)
(-0.0138001,-0.00487142)
(-0.0240252,0.0220142)
(-0.00239898,-0.00224629)
(-0.0138792,0.0182129)
(0.00344102,-0.0043525)
(-0.00140191,0.005468)
(0.00152233,-0.00276394)
(-0.00569865,0.0161114)
(-0.00345958,0.00761751)
(-0.00871231,0.0148584)
(0.00357806,0.0117642)
(-0.00677707,0.0084797)
(0.00179142,0.0058769)
(-0.00280925,0.000859141)
(-0.00310321,-0.00932978)
(-0.00185385,-0.000294802)
(-0.0141909,-0.016066)
(-0.0161485,0.00842673)
(-0.0138071,-0.0183572)
(-0.0232756,0.00552733)
(-0.0106548,-0.0060334)
(-0.0215082,0.00170266)
(0.00332688,-0.0151663)
(-0.00980855,0.0100489)
(0.00683044,-0.00913682)
(-0.00413307,0.00490983)
(0.00667407,-0.00435596)
(-0.012827,0.0207936)
(-0.00808794,0.0132339)
(-0.0230856,0.0197436)
(-0.00309216,0.0160288)
(-0.0155483,0.0156664)
(-0.00300473,0.015279)
(-0.00270468,0.000414165)
(-0.00552015,-0.00469838)
(-0.00554624,-0.00270034)
(-0.0167712,-0.0248974)
(-0.00940448,-0.00152832)
(-0.0130117,-0.0209349)
(-0.0178046,-0.00572573)
(-0.00481691,-0.0206733)
(-0.0115858,-0.00685406)
(0.0076419,-0.0224827)
(-0.00882746,-0.00601983)
(0.00721777,-0.0204952)
(0.00117282,-0.00249392)
(0.00147424,-0.00795224)
(-0.0235852,0.0151058)
(-0.00419045,0.0059439)
(-0.0267086,0.0252938)
(-0.00408723,0.0175855)
(-0.023915,0.0241746)
(-0.000599433,0.0158273)
(-0.0145061,0.0153928)
(-0.00443989,-0.00283177)
(-0.0109303,-0.000786572)
(-0.00562454,-0.0161053)
(-0.00999364,0.00788417)
(-0.00143007,-0.0246593)
(-0.0109024,-0.00907711)
(-0.00202434,-0.0173616)
(-0.00711615,-0.014263)
(-0.00290546,-0.0210919)
(-0.00669211,-0.0157133)
(0.00203118,-0.0119387)
(-0.000885357,-0.00801785)
(0.000236327,-0.00597638)
(-0.0253596,0.0202913)
(-0.00517777,0.00388026)
(-0.0302921,0.0239282)
(-0.000864827,0.0136673)
(-0.027971,0.0350084)
(0.00175484,0.0186683)
(-0.0219726,0.0295258)
(0.000127491,0.0144978)
(-0.0182752,0.0161217)
(-0.00317314,-0.00239471)
(-0.0158877,0.01152)
(0.000796474,-0.00931651)
(-0.00901003,-0.00553238)
(-0.00183056,-0.0123212)
(-0.00150264,-0.020275)
(-0.00688172,-0.0167651)
(-0.000312687,-0.0108991)
(0.00239073,-0.0129258)
(-0.00574352,-0.0127526)
(-0.00107342,-0.0103031)
(-0.0189139,0.0193967)
(0.000682429,0.014485)
(-0.0222,0.0244944)
(-0.00116157,0.0151334)
(-0.0206114,0.0330833)
(0.00647173,0.020032)
(-0.0147259,0.0262102)
(0.00394402,0.018562)
(-0.0137508,0.0122818)
(-0.00304742,0.0154584)
(-0.00706022,0.00524697)
(-0.0018568,0.00149904)
(-0.00613027,-0.0041489)
(0.00678286,-0.0109344)
(-0.00430538,-0.00272328)
(0.0077882,-0.0130511)
(-0.00802096,-0.00244754)
(0.00498986,-0.011571)
(-0.0125183,-0.00422961)
(0.00175133,-0.00496377)
(-0.0110685,0.0160605)
(0.0022828,0.0191452)
(-0.00748151,0.0189836)
(0.00677358,0.0229394)
(-0.00216771,0.0142788)
(0.00578167,0.0189092)
(-0.00227924,0.0149438)
(0.00650798,0.0193918)
(0.00210118,0.00430612)
(-0.00572505,0.0119753)
(0.00534314,-0.000180841)
(0.00190158,0.00595477)
(0.0036453,-0.000391833)
(0.00928843,0.00185403)
(-0.000577116,0.00612555)
(0.00621006,-0.0110082)
(-0.00709988,0.00300932)
(0.00413479,-0.00317949)
(-0.0110981,-0.00148146)
(-0.00490698,-0.00497264)
(-0.000121278,0.00988327)
(0.0053224,0.0210143)
(0.000739621,0.00901042)
(0.0048497,0.0246022)
(0.00800968,0.00496336)
(0.00692834,0.017985)
(0.00893173,-0.000131756)
(0.00176015,0.0122182)
(0.0114425,0.00247082)
(-0.00718524,0.0053176)
(0.0130622,-0.00613586)
(-0.00269995,0.00902247)
(0.0130884,-0.000839046)
(0.00282719,0.0107853)
(0.00330266,0.00139849)
(0.00345977,0.0025487)
(-0.00156407,-0.00116001)
(-0.00359889,-0.00284332)
(-0.000497127,-0.00549764)
(-0.00768228,0.00521552)
(-0.00382528,0.00247745)
(0.00124802,0.0153549)
(0.0019074,0.00450078)
(0.00511864,0.0178353)
(0.00766978,-0.00012205)
(0.00531404,0.0147557)
(0.00824189,-0.00248571)
(0.00246586,0.00938713)
(0.0113651,0.00138861)
(0.00193096,0.00392935)
(0.00760306,-0.00406896)
(0.00434542,0.00828291)
(0.00478652,-0.000178648)
(0.00494093,0.00795292)
(-9.99251e-05,-0.0010449)
(0.00490816,0.00228606)
(0.00231396,0.00125183)
(-0.00674087,0.00598151)
(0.00186415,-0.00635309)
(-0.0102956,0.00494581)
(0.000976855,0.00150092)
(0.00303924,-0.00147594)
(0.00322233,0.00999341)
(0.00218461,-0.00571739)
(0.00538075,0.00111138)
(0.000818487,-0.00814772)
(0.0016001,0.00312186)
(8.40502e-05,-0.00873539)
(-0.00635976,-0.00141647)
(-0.00119402,-0.00682959)
(-0.0105886,0.00403501)
(-0.00680777,-0.000837416)
(-0.0118854,0.00554703)
(-0.012541,0.00320192)
(-0.0135915,0.00771583)
(-0.0104072,0.00621228)
(-0.00845136,0.00835451)
(-0.00399134,0.00246118)
(-0.00577862,0.00406237)
(-0.00091576,0.000875281)
(-0.00025705,0.00731026)
(0.000118813,0.00184483)
(-0.00283049,0.00968064)
(-0.000305861,0.00194626)
(0.00441735,0.00602047)
(-0.00117266,-0.00294882)
(-0.00295304,0.000991413)
(-0.0004035,-0.00788021)
(-0.0137886,0.00309291)
(-0.00482643,-0.0109533)
(-0.0152897,0.00446653)
(-0.0123571,-0.00763816)
(-0.0182904,0.00883792)
(-0.0118027,-0.0011698)
(-0.0154904,0.0132578)
(-0.0071705,-0.00125016)
(-0.00894395,0.0129858)
(0.00112507,-0.0016226)
(-0.00481546,0.00862244)
(0.00324168,-0.00433905)
(-0.00673662,0.0100954)
(0.000620284,0.00939998)
(-0.00420198,0.0105352)
(0.00448694,0.0100411)
(-0.00208527,0.00629793)
(0.000562366,0.00385022)
(-0.00438546,-0.000275202)
(-0.00151246,-0.00778327)
(-0.00176337,0.000323181)
(-0.00526018,-0.0165938)
(-0.00852151,0.00621456)
(-0.00739115,-0.00981148)
(-0.012504,0.0054342)
(-0.00743261,-0.00674145)
(-0.0123384,0.00597449)
(0.00117871,-0.00694581)
(-0.00634273,0.00821588)
(0.00421329,-0.0103555)
(-0.00207705,0.00299686)
(0.00346319,-0.0071114)
(-0.0129423,0.0131557)
(-0.00308734,0.0118773)
(-0.0149082,0.0149886)
(-0.00159225,0.0110852)
(-0.00615391,0.0108169)
(0.00302617,0.00785409)
(0.00146699,0.005501)
(-0.00216539,-0.00680706)
(-0.000541675,-0.00554004)
(-0.00601002,-0.0148253)
(-0.00395001,0.00104432)
(-0.00377132,-0.0141648)
(-0.00462132,-0.00242445)
(0.00111929,-0.0108822)
(-0.0107309,-0.00199709)
(0.00162872,-0.0161891)
(-0.00111329,-0.0013308)
(0.00178314,-0.015084)
(0.00362211,-0.00135088)
(0.00158811,-0.00501285)
(-0.0197312,0.0105585)
(-0.00446969,0.00707976)
(-0.0183528,0.0151748)
(-0.00304776,0.01034)
(-0.014032,0.020782)
(-0.00442587,0.00561287)
(-0.00659576,0.0116842)
(0.00292129,-0.000609843)
(-0.00127921,0.00591054)
(0.000910195,-0.0140389)
(-0.0027876,-0.0014037)
(0.00162876,-0.0169415)
(-0.00866335,-0.00271839)
(0.000860858,-0.0160845)
(-0.00752707,-0.0130283)
(0.00162498,-0.0194209)
(-0.00328358,-0.0136208)
(0.00162965,-0.0113728)
(-0.000848274,-0.00432622)
(-0.00299428,-0.00115896)
(-0.0201104,0.0147522)
(-0.00552531,0.00711114)
(-0.0199146,0.0190637)
(-0.00237629,0.00758766)
(-0.0111813,0.0217813)
(0.00193039,0.00774393)
(-0.00888951,0.0196074)
(0.00974397,0.00567409)
(-0.00420052,0.00954162)
(-0.00218854,-0.00403714)
(-0.00504037,0.00429009)
(0.00605467,-0.0119075)
(-0.00439681,-0.00941826)
(-0.000265113,-0.0120034)
(-0.00940786,-0.00702124)
(0.00191662,-0.0142384)
(-0.00935013,-0.0105595)
(0.000941542,-0.00671103)
(-0.0021692,-0.00738864)
(0.00158927,-0.00590774)
(-0.0155566,0.0129384)
(-0.000173822,0.00977712)
(-0.0150862,0.0172496)
(0.0002304,0.0125737)
(-0.00780595,0.0193494)
(-0.00136654,0.0107942)
(-0.00811373,0.0207602)
(0.0100572,0.00701073)
(-0.00758505,0.0119549)
(-0.00328245,0.0041803)
(-0.0095489,0.00510554)
(-0.00262571,-0.00270823)
(-0.00951857,-0.00849919)
(0.00650804,-0.000802032)
(-0.0154618,-0.00483496)
(0.00328368,-0.0128993)
(-0.013627,-0.000495625)
(0.0045904,-0.00864331)
(-0.0115043,-0.00163358)
(-0.000857448,-0.0034678)
(-0.0104101,0.0138535)
(-0.000214511,0.0138498)
(-0.0058854,0.0119093)
(0.00246523,0.014475)
(2.058e-05,0.0143132)
(0.0044346,0.0141782)
(-0.00361105,0.0120221)
(0.00201723,0.00636876)
(0.00361881,0.00607849)
(-0.00302806,-0.00045596)
(-0.000757572,-0.00747185)
(-0.00262969,0.00867471)
(-0.00283739,0.00152674)
(0.00442067,0.000626642)
(-0.0104038,0.000722484)
(0.00579979,-0.00574466)
(-0.0033151,0.00500409)
(-0.00141779,-0.00664515)
(-0.00915436,0.00664119)
(-0.00130904,-0.000745038)
(-0.00655563,0.00886279)
(0.0069329,0.0104399)
(-0.0020692,0.00978566)
(0.00465979,0.012378)
(-0.00147246,0.0039395)
(0.00195913,0.00889116)
(0.00753633,0.00640456)
(0.00135365,0.00423632)
(0.0055477,-0.00253129)
(-0.0036392,0.00422391)
(0.00518737,-0.0036016)
(-0.00664274,0.00327372)
(0.00187685,-0.00301244)
(0.00330962,0.00243674)
(0.00085216,0.00847995)
(-0.00414995,-0.00759612)
(0.00237435,0.00610134)
(-0.00943465,-0.000197891)
(0.00175497,0.00251437)
(-0.00782251,-0.00236817)
(-0.0061102,-0.0028351)
(0.00067681,0.00457103)
(-0.00475543,0.00343068)
(0.00259058,0.00732237)
(0.00463695,-0.000260134)
(0.00537916,0.00611214)
(0.00553499,-0.00405026)
(0.00118269,0.00596732)
(0.00197724,-0.00666937)
(-0.000449988,-0.000410909)
(0.0015335,-0.00295168)
(-0.00143369,0.000790056)
(0.000792784,-0.00218278)
(-0.00177552,0.00274286)
(-0.00257708,0.00331033)
(-0.00334693,-0.000523266)
(0.000255262,-0.0058928)
(-0.00576296,-0.0023732)
(0.00150685,-0.00265302)
(-0.00913989,0.00619335)
