(0.00491634,0.00500799)
(-0.00565853,-0.00410358)
(0.0054499,0.00889652)
(-0.00475537,-0.00348752)
(0.00598494,0.0110061)
(0.000307728,-0.00446548)
(0.00319897,0.00629209)
(0.0033251,-0.00328029)
(0.00606861,0.00142193)
(0.00708476,-0.00191873)
(0.00573739,-0.00304297)
(0.00854078,0.000416455)
(0.00406401,-0.00581331)
(0.00768685,0.00428209)
(-0.00114463,-0.00662881)
(0.00169675,0.00711692)
(0.00124061,-0.00729918)
(-2.0355e-05,0.00631251)
(-0.000994205,-0.00824373)
(0.00372019,0.00475508)
(0.00390033,0.00680152)
(-0.00412809,-0.00525473)
(0.00456412,0.00695826)
(-0.00158483,-0.00697615)
(0.00572603,0.00634244)
(0.0011831,-0.0104403)
(0.0064336,0.00504664)
(0.0056235,-0.00847032)
(0.0135982,-0.00487739)
(0.00990031,-0.00929471)
(0.0062781,-0.00027252)
(0.0132146,-0.00755068)
(0.00188257,-0.00191612)
(0.0113647,-0.00301686)
(0.00275933,-0.00624855)
(0.00337339,0.00524983)
(0.000855528,-0.00790893)
(0.00309209,0.00738738)
(-0.0035153,-0.00783139)
(0.00459695,0.00172234)
(0.00243739,0.00801217)
(-0.00691158,-0.0069447)
(0.00802004,0.00167783)
(-0.00187971,-0.0126362)
(0.0107768,0.00303044)
(0.00772447,-0.0156184)
(0.00882598,0.00316661)
(0.0111088,-0.0154955)
(0.0115945,0.000618785)
(0.0122584,-0.0107635)
(0.00470892,0.0023154)
(0.0102045,-0.00801519)
(0.00349358,0.00245674)
(0.00762088,-0.00421256)
(-0.00130412,0.00119704)
(0.0100985,0.00201222)
(-0.00740379,-0.000160065)
(0.0116946,-0.000416975)
(-0.000982475,-0.00315957)
(0.00369464,-0.00108616)
(-0.000994983,0.0032584)
(-0.00530757,-0.00459203)
(0.000274563,-0.00135698)
(0.00396454,-0.0143821)
(0.00319765,0.00808015)
(0.00749421,-0.0170304)
(0.00967983,0.0100822)
(0.0038271,-0.0111473)
(0.00760788,0.00828276)
(0.00481706,-0.00714551)
(0.00526627,0.00529702)
(0.00676248,-0.00697632)
(-0.00510745,0.0108305)
(0.011616,-0.000401008)
(-8.2581e-05,0.00843567)
(0.0174989,0.00429182)
(-0.00578085,0.00865035)
(0.0107888,-0.000239354)
(-0.00443666,0.00358451)
(0.00755256,-0.00510817)
(-0.00707704,-0.00327648)
(-5.9575e-05,-0.00604637)
(-0.00124122,0.0016873)
(0.00287445,-0.0142759)
(0.00547486,0.00542003)
(0.00587804,-0.0122381)
(0.0127369,0.00646731)
(0.00246866,-0.00935462)
(0.0143403,0.00754738)
(0.00622728,-0.00757283)
(0.00738944,0.00806592)
(0.00849363,-0.00257262)
(0.00391224,0.0111245)
(0.0119796,-0.000452149)
(-0.00168902,0.0128357)
(0.0198522,0.00429064)
(0.000178645,0.0106781)
(0.0170172,0.000485982)
(-0.00540686,0.00258447)
(0.0122985,0.00173682)
(-0.00538042,0.00693494)
(0.0012269,-0.00700875)
(-0.00496841,-7.694e-05)
(0.000534975,-0.0160983)
(0.00168875,0.00507405)
(0.00382237,-0.0147171)
(0.0157391,0.00412594)
(0.00420997,-0.0145448)
(0.0146725,0.00743737)
(0.0101226,-0.0128232)
(0.0139848,0.00831866)
(0.0153079,-0.00715451)
(0.0049459,0.0137627)
(0.0137111,-0.00370746)
(0.0103951,0.0164117)
(0.0124725,-0.00359175)
(0.00277113,0.00692443)
(0.00875831,0.00141126)
(0.00506359,0.000785255)
(0.00879571,0.0012699)
(-0.00217547,0.00784262)
(-0.00451991,-0.0109123)
(-0.00261897,0.00463606)
(-0.000619659,-0.0128669)
(-0.00275084,0.00632589)
(0.00473207,-0.0160188)
(0.0103537,0.0095757)
(0.00753571,-0.0130674)
(0.017921,0.00906346)
(0.0125759,-0.0221528)
(0.012262,0.0151437)
(0.01066,-0.017037)
(0.0144641,0.0134711)
(0.0112569,-0.0131276)
(0.0050518,0.00615753)
(0.00917972,-0.0049179)
(0.00988892,0.00274768)
(0.00425632,-0.0038038)
(0.00704289,-0.00253301)
(-4.78852e-05,-0.000405838)
(0.00276496,0.00950887)
(-0.00504513,-0.00648528)
(-0.00228093,0.00458757)
(-0.00230313,-0.0119036)
(0.00170218,0.00939211)
(0.00151469,-0.00954785)
(-0.00407102,0.00968735)
(0.00821845,-0.0182495)
(0.00930051,0.00489212)
(0.0135135,-0.0204369)
(0.00998374,0.00746991)
(0.0136413,-0.0176867)
(0.00214055,0.00527256)
(0.00764542,-0.00738079)
(0.00518844,0.0086666)
(-0.000558333,-0.000730232)
(0.000226634,0.00334338)
(0.00168813,0.00237169)
(0.00100059,-0.000181519)
(0.00110925,-0.00232429)
(0.00293317,0.00306924)
(0.00398312,-0.00577074)
(0.00182498,0.00695204)
(-0.00165008,-0.00858652)
(-0.0057887,0.00705115)
(0.00298393,-0.0092103)
(0.00213604,0.00428938)
(0.00157988,-0.0116119)
(0.00533875,0.00706649)
(0.00378261,-0.0173773)
(0.00288839,0.00788684)
(0.00493215,-0.00997278)
(0.00344653,0.00732252)
(0.000979864,-0.00739572)
(-0.00330736,0.00840162)
(-0.00277253,-0.000367447)
(-0.000568895,0.0117519)
(-0.00405661,-0.000537202)
(-0.000986896,0.00819745)
(-0.00772697,-0.00214149)
(0.00507062,-0.000559119)
(0.00465859,-0.00503736)
(0.0035379,0.00321166)
(0.00563985,-0.00748928)
(0.00142662,0.00480067)
(-0.00265028,-0.00635906)
(-0.000407764,0.00515492)
(-0.000842685,-0.00872793)
(0.00277581,0.00328427)
(0.000568813,-0.00485991)
(0.00239342,0.00495339)
(-0.000130861,-0.000149011)
(-0.000417507,0.00551995)
(-0.00624088,-0.00366632)
(-0.0016482,0.00832261)
(-0.0053225,0.00021905)
(-0.00532561,0.012263)
(-0.00493786,-0.00108395)
(-0.00256267,0.00901283)
(-0.00564572,0.0010348)
(0.00797614,0.0044369)
(-0.000488635,-0.00628957)
(0.00619871,0.0067395)
(0.000170719,-0.00694543)
(0.00495248,0.00643993)
(-0.00121645,-0.0101368)
(0.000436,0.0118122)
(0.00295598,-0.00913241)
(0.00675974,0.00579433)
(0.00600539,-0.00400006)
(0.00276801,0.00639631)
(0.00710896,-0.00642315)
(-0.00303436,0.00350537)
(0.00154076,0.00466)
(-0.000168036,-0.00109075)
(0.00510749,0.00738571)
(-0.00027915,-0.00348215)
(0.00372406,0.0116287)
(-0.00424746,-0.00452664)
(0.00333091,0.00404)
(0.000934485,0.00486451)
(-0.00247802,-0.00415621)
(0.011092,0.00155963)
(-0.00289894,-0.0134113)
(0.0107537,0.0121016)
(0.0038136,-0.0191278)
(0.00549691,0.0126533)
(0.00631667,-0.00939833)
(0.0118968,0.00915499)
(0.0159714,-0.0142233)
(0.00179696,0.00495551)
(0.00832057,-0.009751)
(-0.00108936,0.00440792)
(0.00775777,-0.00350708)
(-6.7615e-06,-0.0034239)
(0.01087,0.00315877)
(-0.00125359,-0.00195327)
(0.013296,0.00214762)
(0.000648762,-0.00485804)
(0.0113522,0.00071841)
(-0.000341952,0.0066562)
(0.00208082,-0.00823203)
(0.00560234,0.00245663)
(0.00811771,-0.0170473)
(-0.000764124,0.0087417)
(0.00690848,-0.021224)
(0.00871,0.0168255)
(0.011012,-0.0165267)
(0.00427176,0.00895459)
(0.0110529,-0.0119159)
(0.00208388,0.00851615)
(0.00978284,-0.0144821)
(-0.00785273,0.00618231)
(0.00766608,-0.00119329)
(0.000701034,0.00654665)
(0.0163602,-0.00748194)
(0.00125456,0.00158356)
(0.0173243,-0.00961052)
(-0.00695212,-0.000755232)
(0.0133476,-0.0103072)
(-0.00947228,-0.000536383)
(0.000625709,-0.0101594)
(-0.00746986,0.00204015)
(0.00565262,-0.0218327)
(-0.00534222,0.00719348)
(0.00702412,-0.0174048)
(0.00505552,0.0123891)
(0.0133905,-0.0110076)
(0.000268986,0.0144666)
(0.0109071,-0.00863543)
(0.00346489,0.00450708)
(0.0112001,-0.00137435)
(-0.00460176,0.00375668)
(0.00913905,-0.00790764)
(-0.0103066,0.0139295)
(0.0143501,-0.00175683)
(-0.00498482,0.0121871)
(0.0211896,-0.0081812)
(-0.00203734,0.0110331)
(0.0163222,-0.0127898)
(-0.00448239,-0.00254683)
(0.00143516,-0.00918354)
(-0.00379943,0.002829)
(0.00105055,-0.018166)
(-0.00123593,0.00876915)
(0.00331206,-0.0172523)
(0.0207178,0.0167477)
(0.00071366,-0.0144779)
(0.0120412,0.016497)
(0.00677516,-0.00798669)
(0.00704877,0.00761696)
(0.0108897,-0.00584274)
(-0.00311834,0.0127912)
(0.00912721,-0.00697504)
(0.0022002,0.00708644)
(0.0112909,-0.00566751)
(-0.0016037,0.0101296)
(0.0155349,-0.00214853)
(-0.00238544,0.00787871)
(0.0105625,-0.00181664)
(-0.00645239,0.00648515)
(-0.00227648,-0.00911414)
(-0.00675847,0.00857145)
(0.00227193,-0.0197333)
(0.00342746,0.0099879)
(0.00380029,-0.022931)
(0.0147871,0.00876576)
(0.00625057,-0.0155765)
(0.0246348,0.0130102)
(0.0196151,-0.0120553)
(0.0133767,0.0123934)
(0.0187778,-0.00977222)
(0.0141692,0.0147476)
(0.014694,-0.0138751)
(0.00584169,0.0152383)
(0.00708102,-0.0103291)
(0.00933076,0.0110296)
(0.000167768,-0.00588926)
(0.00377252,0.00424809)
(0.0103244,-0.00416217)
(-0.00324175,0.00956739)
(-0.00165329,-0.00669662)
(-0.00605757,0.0130798)
(0.00504368,-0.0141156)
(-0.00352054,0.0121357)
(0.00307378,-0.014708)
(0.00857851,0.0164957)
(0.00628266,-0.0216602)
(0.014226,0.0131216)
(0.00386901,-0.0308325)
(0.0167256,0.0127115)
(0.0092284,-0.0227832)
(0.012692,0.0149152)
(-0.00311079,-0.025349)
(0.0166781,0.0121987)
(-0.00242087,-0.0182913)
(0.00733464,0.00298865)
(0.00206669,-0.0139156)
(0.00644803,-0.00415192)
(-0.00296477,-0.00622017)
(-0.000787428,0.00341599)
(-0.000211983,-0.0054649)
(-0.00028556,0.00672088)
(0.000567787,-0.0117935)
(-0.00388887,0.0124839)
(0.00867757,-0.01357)
(0.00018018,0.00648882)
(0.00891009,-0.0212958)
(0.00813511,0.00750242)
(0.00805191,-0.0347721)
(0.00922023,0.00493328)
(0.00656199,-0.0324221)
(0.0125081,0.00881095)
(0.00412745,-0.0207968)
(0.0032042,0.0128746)
(0.00733668,-0.012648)
(0.0056159,0.0150093)
(0.000106884,-0.0063581)
(0.00188378,-0.00399785)
(-0.00215088,-0.00748949)
(0.000312867,0.00452568)
(0.008311,-0.00514515)
(-0.00295965,0.00379059)
(0.0107802,-0.0109961)
(0.000625801,0.0039321)
(0.00408083,-0.0147881)
(-0.00452013,0.00784914)
(0.00687847,-0.0188064)
(0.000800054,0.0032372)
(0.0021628,-0.0178111)
(0.00202504,0.0041832)
(0.00516915,-0.0215807)
(0.00328917,0.00896331)
(-0.00150084,-0.0203462)
(0.00339432,0.0180484)
(0.00334427,-0.00521049)
(0.000639908,0.0146136)
(0.00102238,0.00390787)
(0.00224761,0.00809273)
(-0.00382117,-0.00488782)
(0.000819578,-0.00388376)
(0.00583611,-0.00937158)
(0.00406746,0.00101509)
(0.00410504,-0.00907678)
(-0.00634308,0.00255561)
(-0.000685933,-0.00844553)
(-0.00445077,0.00140874)
(-0.00123777,-0.00978648)
(-0.00440658,0.00748507)
(-0.00216781,-0.00660729)
(-0.00330241,0.00215871)
(-0.00222066,-0.00626342)
(-0.00243118,0.00296505)
(-0.00424524,-0.00791131)
(-0.00359966,0.0115412)
(-8.26158e-05,0.00218066)
(-0.00169032,0.0136072)
(0.00107604,0.00228111)
(-0.00506234,0.0107181)
(-0.00782043,0.000384722)
(0.00283255,-0.00185235)
(0.00313069,-0.00537749)
(0.00185108,-0.00436742)
(-0.00261844,-0.0100717)
(0.00283372,0.00955073)
(0.00582963,-0.0147307)
(-0.00443155,0.0141255)
(-7.94232e-05,-0.00577561)
(-0.00196135,0.0122982)
(0.0105194,-0.0144549)
(-0.00563601,0.0108089)
(0.00482976,-0.00894422)
(-0.00390963,0.00183368)
(-0.00299632,0.000736703)
(0.00240291,-0.00487836)
(-0.000814527,0.00395115)
(0.00107131,-0.00245116)
(0.00300416,0.00285381)
(-0.00274817,-0.0049026)
(0.00261611,0.00085589)
(0.00320051,-0.0013117)
(0.00221164,-0.0089381)
(0.00509955,-0.00449671)
(0.00977471,-0.0193442)
(0.00645742,0.00877796)
(0.00296907,-0.0146228)
(0.00470129,0.0149036)
(0.00658171,-0.0170452)
(0.000120807,0.0138863)
(0.0118643,-0.0152984)
(-0.00575801,0.00979967)
(0.00314873,-0.0172159)
(-0.00610524,0.00167167)
(-0.000924363,0.00423159)
(0.00170654,-0.00691197)
(0.00400788,0.00348949)
(0.00451963,-0.00254451)
(0.00860866,0.0031552)
(0.00157281,-0.00272966)
(0.00858451,-0.00543334)
(-0.00114723,-0.00375746)
(0.0134617,-0.00967901)
(-0.00298641,0.00196083)
(0.00848819,-0.0144395)
(0.00704005,0.00644202)
(0.0116859,-0.0150755)
(0.00886913,0.00917671)
(0.0108724,-0.0150765)
(-0.00871099,0.0143228)
(0.0213191,-0.0161441)
(-0.0113676,0.0122037)
(-0.00121629,-0.00487101)
(-0.0158136,-0.00677349)
(0.0014629,-0.00847981)
(-0.00465065,-0.00381982)
(0.00880073,0.00268148)
(0.000367465,-0.00287289)
(0.0153602,-0.00836219)
(0.00216488,-0.000910835)
(0.00866477,-0.0135283)
(-0.00167148,-0.0019954)
(0.011642,-0.00987808)
(0.00154654,-0.00466206)
(0.00830802,-0.0184683)
(0.00371616,0.00192018)
(0.0129087,-0.0233039)
(0.00671829,0.0134771)
(0.0192201,-0.0174671)
(-0.00164067,0.0203004)
(0.0228262,-0.000414922)
(-0.0156799,0.0092138)
(0.00693128,-0.000115323)
(-0.0128483,0.00142486)
(0.00325146,-0.00692292)
(-0.00808731,-0.00597754)
(0.0114985,-0.0148125)
(-0.00700461,0.00170157)
(0.0138107,-0.0120079)
(-0.000184359,0.00585474)
(0.0125193,-0.0104249)
(-0.00145635,-0.00564106)
(0.00417313,-0.00897831)
(0.00137282,-0.000251102)
(0.00739328,-0.0248223)
(0.0121793,0.00312426)
(0.00418614,-0.0244469)
(0.0219405,0.00815196)
(-0.00125487,-0.0188057)
(0.0293205,0.0194317)
(-0.001158,-0.000918353)
(-0.0149868,0.0315909)
(-0.00699684,0.00119762)
(-0.00971513,0.0102972)
(0.00346534,-0.0257868)
(-0.0030443,-0.00677868)
(0.0091502,-0.0157551)
(-0.00145152,0.0041328)
(0.00926846,-0.0106767)
(0.00144973,0.00396189)
(0.0112158,-0.00957085)
(-0.00204919,0.00463995)
(-0.0004448,-0.0124584)
(0.00123338,0.00370149)
(0.00478613,-0.0239381)
(0.00460188,0.00148479)
(0.0138672,-0.0291115)
(0.0266268,0.00274407)
(0.0200201,-0.0163318)
(0.0306334,-0.0115939)
(0.0319746,-0.0172295)
(-0.0115315,0.00876576)
(0.0195276,-0.0190926)
(-0.00246054,0.0159114)
(0.0173713,-0.0215592)
(0.0135143,0.0105849)
(0.00482158,-0.0233924)
(0.00497924,0.00363046)
(-0.00493051,-0.01423)
(0.00382607,0.00618795)
(-0.00286413,-0.00440285)
(0.000926013,0.00649843)
(0.00529713,-0.0093342)
(0.000819013,0.00938645)
(0.0077686,-0.0200486)
(0.000493474,0.0137495)
(0.00404695,-0.0234697)
(0.00542906,0.0163804)
(-0.00798126,-0.0272588)
(0.00644855,0.0159896)
(-0.00296697,-0.0298709)
(-0.00124458,0.0217243)
(-0.00626071,-0.043051)
(0.0100789,0.0265183)
(0.00395041,-0.0405644)
(0.00989527,0.0127554)
(-0.0053536,-0.0305922)
(0.0103577,0.00541294)
(-0.007245,-0.0215509)
(0.0113972,-0.00235601)
(-0.0036817,-0.0122129)
(0.000813112,-0.000606027)
(0.00739981,-0.0128987)
(0.0059962,0.00128572)
(0.0181772,-0.0157631)
(0.0048144,0.00452272)
(0.0103562,-0.0160874)
(0.00714423,0.00859143)
(0.000297958,-0.0245307)
(0.00165589,0.0174277)
(-0.0071158,-0.0396821)
(0.00521963,0.0147497)
(-0.000748542,-0.0388206)
(0.0110057,0.0213695)
(0.00259407,-0.0375457)
(0.0055638,0.01583)
(0.00377499,-0.0235813)
(0.00739282,0.0115481)
(0.00595289,-0.0155217)
(0.00786273,0.00142758)
(-0.00109638,-0.0110362)
(0.000316556,-0.00594566)
(0.0102127,-0.00886943)
(0.000550089,-0.00396545)
(0.0130681,-0.0178843)
(0.000287066,0.00306655)
(0.00786282,-0.0167363)
(-0.000510905,0.000793038)
(0.00125952,-0.0149051)
(0.00297185,0.0114507)
(-0.00178323,-0.0204584)
(0.000393758,0.0152616)
(0.00519983,-0.0292342)
(0.0023681,0.0110867)
(0.00552147,-0.0304611)
(-0.000861715,0.0149798)
(0.0185047,-0.0138845)
(0.00405903,0.01941)
(0.00942245,-0.0088784)
(0.00761452,0.00458137)
(-0.00194931,-0.00549721)
(-0.00224703,-0.00537304)
(0.00255426,-0.00468599)
(-0.00469961,-0.00604249)
(0.00720718,-0.012525)
(-0.00337012,-0.00417096)
(-0.0018445,-0.00840459)
(-0.0073471,-0.000979036)
(-0.00704051,-0.00574069)
(-0.00801051,0.00499686)
(-0.00485179,-0.00935154)
(0.000786521,0.000809738)
(-0.00258982,-0.0117303)
(-0.00123268,0.00440597)
(0.00314184,-0.0116336)
(-0.00615504,0.0101135)
(0.00506652,-0.000547911)
(-0.000768616,0.0104946)
(0.00446455,-0.000830132)
(-0.00361471,0.00873525)
(0.000834436,-0.000561962)
(0.00231722,0.00083908)
(0.000273557,-0.00848503)
(0.0039884,0.00380349)
(0.00222987,-0.0120015)
(0.00127564,0.009591)
(0.00412759,-0.00612957)
(0.000652236,0.0170509)
(0.00602249,-0.012183)
(-0.00239427,0.0167562)
(0.00911195,-0.0142382)
(-0.00441339,0.0116411)
(0.00271869,-0.0108604)
(-0.00203589,-0.0013264)
(0.000473636,0.000894973)
(0.00191245,-0.00941584)
(0.0028735,0.00232966)
(0.0078379,-0.00632676)
(0.00426634,-0.00286196)
(0.00536978,-0.00654664)
(0.00460699,-0.00812378)
(0.00122389,-0.000912438)
(0.00297768,-0.0174696)
(-0.000238434,0.00212174)
(0.00455383,-0.0162828)
(0.00135398,0.00648069)
(0.0129408,-0.016682)
(0.00858331,0.0211579)
(0.00642827,-0.0190802)
(-0.0103189,0.0291027)
(0.0178831,-0.0165599)
(-0.00646867,0.0176963)
(-0.000211774,-0.00923802)
(-0.00744435,-0.00284165)
(0.00246244,0.000842699)
(0.00371394,-0.0125597)
(0.00602408,0.00164856)
(0.0115796,-0.00682485)
(0.00863348,-0.00637443)
(0.010324,-0.00541376)
(0.00855966,-0.00622618)
(-0.00172631,0.00394523)
(0.00934173,-0.0112345)
(-0.00219429,0.00320672)
(0.0110168,-0.0192232)
(0.00392851,0.00587641)
(0.0109879,-0.0262215)
(0.00626918,0.0155356)
(0.0249541,-0.0180111)
(-0.000381396,0.0271042)
(0.0187055,-0.00211545)
(-0.00527905,0.0187985)
(-0.00386459,0.00200039)
(-0.000283038,-0.000285516)
(-0.00130989,-0.00544802)
(0.00123154,-0.0133359)
(0.0147006,-0.00256427)
(0.00140718,-0.00726721)
(0.00899158,-0.0144343)
(0.000668553,0.00188426)
(0.00966144,-0.00957456)
(0.00260306,-0.000521311)
(0.00235174,-0.0141524)
(0.00848262,-0.00160784)
(0.0116526,-0.0267908)
(0.0184261,-0.00591331)
(0.0192924,-0.0169557)
(0.0161623,0.00464964)
(0.0224317,-0.00549156)
(0.011304,0.0206354)
(0.000843695,-0.000724064)
(-0.0124593,0.0357381)
(-0.0508897,0.0179628)
(-0.00538733,0.00550955)
(-0.00829096,-0.0147263)
(-0.00520283,-0.0129054)
(0.0165378,-0.0108975)
(-0.00370428,-0.00367413)
(0.0241426,-0.0123323)
(0.00171572,7.68761e-06)
(0.0129564,-0.00641201)
(0.00118051,0.000452527)
(0.00153515,-0.0101976)
(0.0143121,-0.0123439)
(0.0050521,-0.0277471)
(0.0263049,-0.018269)
(-0.00432581,-0.0272299)
(0.0695193,-0.025628)
(0.0147769,0.0185228)
(0.116638,0.017457)
(-0.0574266,0.0357016)
(-0.0452669,0.0619053)
(-0.0560452,0.0478564)
(-0.00894221,0.0270761)
(-0.00170204,-0.0192593)
(0.00153607,-6.38085e-05)
(0.0109889,-0.023633)
(0.00348816,-0.00659029)
(0.0129839,-0.017248)
(0.00343111,0.0027559)
(0.00817296,-0.0069974)
(0.00429201,-0.000811946)
(-0.00771359,-0.0138276)
(0.0114294,-0.00505608)
(0.00260342,-0.0267787)
(0.0195831,-0.00496349)
(0.0114089,-0.013683)
(0.0540571,-0.0214834)
(0.0182218,0.02005)
(0.0489199,-0.101428)
(0.017735,0.0264599)
(-0.117641,-0.0298631)
(-0.00577964,-0.0084632)
(-0.0460439,0.0186173)
(0.0564414,0.0109995)
(0.00792697,-0.000526715)
(0.0237844,-0.0204947)
(0.0160213,-0.00016037)
(0.00568343,-0.0144417)
(0.00659016,0.000326098)
(0.00309143,-0.00834416)
(0.00577774,0.00487787)
(-0.00535748,-0.0114812)
(0.00652617,0.00712286)
(-0.00154639,-0.0203337)
(0.00335069,0.0116188)
(0.000692725,-0.0148036)
(0.00447262,0.00934127)
(-0.0111454,-0.00371926)
(-0.0409137,-0.0144217)
(-0.026538,-0.00736831)
(-0.054189,0.0122421)
(-0.0129588,-0.044872)
(-0.0133139,0.019929)
(0.0280703,-0.0377074)
(0.0115057,0.02103)
(0.012353,-0.0327087)
(0.0116675,0.0017155)
(-0.00151518,-0.0243448)
(0.00563364,-0.00299347)
(-0.000512517,-0.0142199)
(0.00900395,-0.00202156)
(0.00511397,-0.0117707)
(0.0118461,-0.0106046)
(0.00997701,-0.0162744)
(0.00812782,-0.00174058)
(0.00212956,-0.0184787)
(-0.000586046,0.012284)
(-0.0121649,-0.0243282)
(-0.00941964,0.0114298)
(-0.0238556,-0.027208)
(-0.0154506,0.0109023)
(-0.00166619,-0.047733)
(0.00397574,0.0220918)
(0.00532547,-0.0460667)
(0.0161435,0.0175639)
(0.0044378,-0.0339952)
(0.0137604,0.010534)
(0.00458235,-0.0226412)
(0.0138073,0.0080068)
(0.00293171,-0.0176676)
(0.00144177,-0.00131234)
(0.00535631,-0.00779145)
(0.00555836,-0.00685227)
(0.0120121,-0.016508)
(0.0068522,-0.00419504)
(0.0128972,-0.0117077)
(0.00434636,0.00346344)
(-0.00648402,-0.0206131)
(-0.00856694,0.0161385)
(-0.00980057,-0.0209911)
(-0.00410417,0.0078123)
(6.40648e-05,-0.0294785)
(0.00555418,0.01533)
(0.0133363,-0.0315483)
(0.0065381,0.0174013)
(0.0146101,-0.0237406)
(0.0153071,0.0128652)
(0.0103362,-0.0183729)
(0.00572097,0.0102785)
(0.00336335,-0.0161205)
(0.000575068,-0.00138314)
(0.00241857,-0.00448565)
(-0.00126736,-0.00245783)
(0.00556246,-0.00810072)
(-0.000507571,-0.00470912)
(-0.000688445,-0.0103024)
(-0.000992386,-0.000639911)
(-0.00421167,-0.00732384)
(-0.00427958,0.00432227)
(-0.00327994,-0.0111275)
(-0.00296254,0.00744632)
(0.00855832,-0.0126378)
(0.00217433,0.00525359)
(0.00506684,-0.0126255)
(0.0030948,0.00851694)
(0.0104367,-0.00583326)
(0.000169918,0.012478)
(0.0080448,-0.00696778)
(-0.00161543,0.0034111)
(0.00269571,-0.011015)
(0.00683556,0.00361793)
(0.00773603,-0.00747649)
(0.0134694,0.00559421)
(0.0067749,-0.00905843)
(0.00946462,0.00967249)
(0.0140119,-0.0109071)
(0.00843562,0.0156397)
(0.00813465,-0.010194)
(-0.00507,0.0197504)
(0.00914415,-0.0149565)
(-0.00386924,0.0130487)
(-0.000156605,-0.0157262)
(-0.00325489,0.00514908)
(0.00122584,-0.00344289)
(-0.00528666,-0.00242242)
(0.00725961,-0.00775569)
(0.0104728,-0.00462024)
(0.00926508,-0.0139943)
(0.00757386,-0.00223233)
(0.00518996,-0.0111105)
(0.00183139,0.0117552)
(0.00780521,-0.0128522)
(0.00737721,0.00798416)
(0.014377,-0.0181285)
(0.00643883,0.0113397)
(0.00893653,-0.0179121)
(0.00653626,0.0215926)
(0.0177033,-0.0103158)
(-0.00017151,0.0288614)
(0.00965801,-0.00826885)
(0.00573962,0.0211111)
(-0.00612279,-0.0087977)
(0.0100296,0.0062361)
(-0.0013176,-0.00585031)
(0.0138043,-0.00475236)
(0.0125283,-0.00172927)
(0.0137647,-0.00449547)
(0.00886065,-0.0146942)
(0.0138616,-0.00362402)
(0.0108265,-0.0131954)
(0.00472977,0.00845835)
(0.00556183,-0.0121681)
(0.0065272,0.0129886)
(0.00403193,-0.0259141)
(0.00885265,8.83827e-06)
(0.0111625,-0.0110532)
(0.00749577,0.00658863)
(0.0221274,-0.00444011)
(-0.0113461,0.0154643)
(0.0230613,-0.00399805)
(0.0134401,0.0212736)
(-0.0370785,0.00798443)
(0.0298728,0.000969563)
(-0.0138581,-0.0113008)
(0.0249348,-0.00680018)
(0.0116553,-0.0121554)
(0.0152521,-0.00207886)
(0.01586,-0.0122019)
(0.00355624,-0.00249172)
(0.0101554,-0.0162174)
(0.0104649,0.0105417)
(0.00887723,-0.011141)
(0.0108034,0.000126338)
(0.00532093,-0.0154157)
(0.0181814,-0.0165099)
(0.00888905,-0.0160543)
(0.00614124,-0.0319431)
(0.0525247,0.00122224)
(-0.118409,-0.0277817)
(0.035159,0.00994441)
(0.0193615,-0.00528788)
(-0.150065,0.0324229)
(0.0494681,0.00941976)
(-0.052172,-0.0136266)
(0.0226876,-0.0121147)
(-0.00488466,-0.0223122)
(0.00541907,-0.00584781)
(0.0187296,-0.0164295)
(0.00442186,0.00308266)
(0.018497,-0.00895088)
(0.00540787,0.000240707)
(-3.63293e-05,-0.0122738)
(0.0170828,-0.0134057)
(-0.00404214,-0.0208825)
(0.0222241,-0.0357354)
(0.0173861,-0.000557607)
(0.102828,-0.097426)
(0.0606291,0.0645001)
(-0.02845,0.008305)
(-0.0140353,-0.00165673)
(-0.00314989,-0.00842513)
(0.041471,-0.0178012)
(0.0421375,0.0104695)
(0.0236275,-0.0319265)
(0.0297286,0.000244029)
(0.00289752,-0.0285054)
(0.0173335,-0.004306)
(0.0114914,-0.0247136)
(0.00337902,0.000131754)
(0.015252,-0.00820046)
(0.00823448,-0.0017104)
(-0.00931232,-0.00826734)
(0.0133699,-0.00515316)
(-0.00654381,-0.015962)
(0.0177468,-0.000262421)
(-0.00271057,0.00617576)
(0.0328184,0.00758594)
(-0.0257661,0.120349)
(0.0111892,0.0211894)
(0.0201028,-0.038047)
(0.0330169,-0.00392504)
(-0.0279687,-0.00431767)
(-0.0461775,-0.010303)
(0.118893,0.151168)
(0.00950673,0.00103787)
(0.0329368,0.0235685)
(0.0164651,0.00239972)
(0.012632,-0.0145982)
(0.00879825,0.00400899)
(0.0125895,-0.010236)
(0.0111884,0.00204107)
(-0.00554988,-0.0133186)
(0.0101799,0.00467666)
(-0.00398482,-0.0103042)
(0.00325659,0.00147296)
(-0.0108349,0.000188314)
(-0.0297448,0.0139044)
(-0.0384533,0.0308149)
(-0.171779,0.00794005)
(-0.0638763,0.024088)
(-0.0354463,0.00739389)
(-0.053853,0.0117889)
(-0.00828105,0.00139991)
(0.042681,0.0304956)
(0.0147231,0.0150629)
(0.0187575,-0.00632005)
(0.0165967,0.0107788)
(0.00774633,-0.0191385)
(0.00951387,0.00679095)
(0.00529365,-0.0141206)
(0.0136673,-0.00306377)
(0.00342327,-0.00691143)
(0.0111782,-0.00614411)
(0.0121333,-0.00625479)
(0.00839695,-0.00450177)
(0.0046561,-0.00826334)
(-0.00158581,-0.00620615)
(-0.0153739,-0.00420795)
(-0.0403904,-0.00643106)
(-0.0363203,-0.0040986)
(-0.0113052,-0.0123274)
(-0.00974951,-0.0164019)
(0.00544603,0.0090362)
(0.0226373,-0.016152)
(0.018881,0.0229432)
(0.00505012,-0.032158)
(0.0229186,0.0171864)
(0.00395043,-0.021314)
(0.0149661,0.00384617)
(0.00524182,-0.0116298)
(0.00493133,0.00173431)
(0.00423901,-0.00337296)
(0.00459507,-0.00974498)
(0.00953878,-0.00872207)
(0.00885322,-0.00508613)
(0.0103356,-0.0142119)
(0.000932598,0.00010416)
(0.00160481,-0.0137103)
(-0.00266386,-0.00495083)
(-0.00680178,-0.00928717)
(-0.00261672,-0.00386439)
(0.00432184,-0.0177154)
(0.00871799,0.00516184)
(0.00662286,-0.0259667)
(0.0138016,0.0162022)
(0.00844254,-0.0211938)
(0.0195401,0.0185948)
(0.010453,-0.0231732)
(0.0134742,0.00662967)
(-0.0033457,-0.0143911)
(0.00300213,0.000530224)
(0.0061265,-0.00185173)
(-0.000647814,0.00238204)
(0.00765867,-0.00541685)
(0.00302267,-0.00393978)
(0.00486952,-0.00581533)
(0.00322858,0.00384618)
(0.00121624,-0.008102)
(0.00358214,-0.00159094)
(0.00125037,-0.00734042)
(0.00192551,-0.00394135)
(0.00888455,-0.0133969)
(0.0158216,-0.000675342)
(0.00828874,-0.0115133)
(0.0145683,0.00478142)
(0.0103233,-0.0114996)
(0.00930482,0.0105777)
(0.00941242,-0.0114476)
(0.00718316,0.00891551)
(0.00360084,-0.0133074)
(0.00298072,0.00825545)
(0.00179847,0.0014615)
(0.0140043,0.0102493)
(0.00753922,-0.00773132)
(0.0158531,0.00678768)
(0.00936179,-0.00403821)
(0.0165511,0.0157401)
(0.00894758,-0.00925839)
(0.00973096,0.0123554)
(0.00632062,-0.0134102)
(0.00426875,0.0134003)
(0.00884459,-0.0181485)
(0.00509046,0.00349564)
(0.0114132,-0.0143494)
(-0.000578319,0.00307246)
(0.00879669,-0.00801641)
(0.00211372,0.00428018)
(0.00911541,-0.0160218)
(0.00242401,-0.00140202)
(0.00739565,-0.00904859)
(0.00334538,0.0124658)
(0.00747856,-0.00343581)
(0.00853065,0.0136883)
(0.00238731,-0.00366369)
(0.00828183,0.00690459)
(0.0144349,-0.00322467)
(0.0166128,0.0088568)
(0.0101467,-0.00635732)
(0.00279911,0.00903016)
(0.0113814,-0.00623056)
(0.0104619,0.021993)
(0.00455902,-0.01164)
(0.00503282,0.0154802)
(0.0120636,-0.0112714)
(0.00790824,0.0091853)
(0.0221818,-0.0158616)
(0.0126518,0.000981587)
(0.0229492,-0.0212946)
(0.0107482,0.000308071)
(0.00964311,-0.0178346)
(0.00356115,0.00861051)
(0.00127029,-0.00428647)
(0.00977428,0.00717929)
(0.00407592,-0.00856871)
(0.0115251,-0.00268102)
(0.00583559,-0.0110583)
(-0.0030145,-0.00613948)
(0.0180113,0.00698802)
(-0.00853827,-0.00298619)
(0.0304527,0.00966461)
(0.0225636,0.0288056)
(-0.014425,-0.0100541)
(0.0242183,0.0262631)
(0.00373087,-0.017877)
(0.0164553,0.00789394)
(0.017288,-0.0130224)
(0.00984051,0.00107548)
(0.0198898,-0.0264709)
(0.0115402,-0.00169962)
(0.014941,-0.0174087)
(0.005275,0.003294)
(0.00462173,-0.006908)
(0.0169601,-0.00375318)
(0.0132739,-0.0181608)
(0.00336917,-0.0136418)
(0.022985,-0.0162021)
(-0.0305995,-0.028318)
(0.0520763,-0.00430562)
(-0.0576507,-0.0655651)
(0.0975727,0.0585348)
(0.0861153,0.0293109)
(-0.0518702,0.01564)
(0.0465227,0.0416433)
(-0.0247506,-0.0650434)
(0.0250556,0.012586)
(0.00750094,-0.0337183)
(0.0147103,0.00203128)
(0.0143853,-0.0264656)
(0.00338061,-0.000834594)
(0.0112285,-0.0155858)
(0.00909319,0.000307524)
(-0.00252927,-0.00815543)
(0.00898463,-0.00800554)
(0.00506451,-0.020994)
(-0.00521073,-0.00984352)
(0.00793702,-0.0459887)
(-0.0214896,-0.0613332)
(-0.0217549,-0.0562628)
(0.0494279,0.0221303)
(-0.0209209,-0.0195257)
(-0.0158602,-0.0270286)
(0.00726104,0.0370905)
(0.00593446,0.0197583)
(-0.0447523,-0.125238)
(0.0263466,0.00499614)
(-0.0144365,-0.0471492)
(0.0179634,0.00649807)
(0.00434537,-0.0304397)
(0.00658337,0.0090597)
(-4.43105e-05,-0.0144417)
(0.0111033,0.0014602)
(-0.00601171,-0.0131765)
(0.00705768,0.0015833)
(0.00206875,-0.0260716)
(-0.0191963,0.0308421)
(0.00136974,-0.0486653)
(-0.103258,0.0670202)
(-0.0684844,-0.06231)
(0.0128307,-0.0225026)
(-0.00178862,0.0247544)
(-0.0213596,0.0368656)
(0.0147524,-0.0387156)
(-0.0726944,-0.0707142)
(-0.012991,0.08002)
(-0.000389422,-0.0154625)
(-0.00388567,0.0111588)
(0.0254471,0.00634262)
(0.00104444,-0.0109022)
(0.00785791,0.0100561)
(5.00005e-05,-0.00979071)
(0.0101442,-0.00673357)
(-0.00771951,-0.00253513)
(0.0156642,0.00373935)
(-0.000300424,-0.0135368)
(0.00960099,0.012533)
(0.00572237,-0.0346485)
(-0.0211177,0.0533968)
(-0.0111959,-0.0368857)
(-0.00448978,0.0193044)
(0.0683923,0.00209161)
(0.138208,-0.0138895)
(0.0694236,0.0837057)
(0.0477756,-0.0293278)
(0.0264542,0.0591225)
(0.0359997,0.0137609)
(-0.000891336,0.00560585)
(0.0201795,0.0165224)
(0.00209025,-0.00967108)
(0.0106923,0.0099493)
(-0.00211417,-0.0131978)
(0.0120011,0.00515416)
(-0.00208769,2.46734e-05)
(0.0160873,-0.00527445)
(0.00583277,-0.00567021)
(0.0133202,-0.00131905)
(0.00853863,-0.0128116)
(0.0134926,-0.000448309)
(0.00130556,-0.0246897)
(0.0152748,0.000495323)
(0.00113321,8.22532e-05)
(0.056865,-0.0143076)
(0.0270504,0.0151283)
(0.0318944,-0.00546564)
(0.0142945,-0.00113628)
(0.0172034,0.0297612)
(2.69227e-05,-0.00707805)
(0.0242914,0.0220547)
(0.000338879,-0.0210591)
(0.0139143,0.00839355)
(-0.00697396,-0.0073951)
(0.00914297,-0.0014413)
(0.00162928,-0.00297644)
(0.00872156,-0.00111046)
(0.0116843,-0.00231034)
(0.0178497,-0.00269741)
(0.0133452,-0.015305)
(0.0111704,-0.00140088)
(0.0133492,-0.0112686)
(0.0141988,-0.0106761)
(0.00417,-0.0108314)
(0.0213931,-0.0110063)
(0.0139851,-0.0035527)
(0.016454,0.0102318)
(0.00820292,-0.00987133)
(0.0123516,0.0161477)
(0.00689307,-0.0200283)
(0.0163556,0.0197527)
(0.00369433,-0.0148652)
(0.0117865,0.00932841)
(0.0020593,-0.0100848)
(0.00857688,0.00128416)
(0.00463654,0.000994846)
(0.00776766,0.00302193)
(0.0111381,-0.000128899)
(0.00836069,0.00565877)
(0.00911049,-0.00580799)
(0.0106285,0.00287481)
(0.00841231,-0.00973132)
(0.0122631,-0.00360593)
(0.00835657,-0.00914897)
(0.0185665,-0.00451769)
(0.00981108,-0.0043499)
(0.0163444,-0.000368937)
(0.00344818,-0.00461986)
(0.0155311,0.0064916)
(0.00238114,-0.00471384)
(0.0113309,0.0119468)
(0.00620224,-0.0103133)
(0.00866615,0.0148537)
(0.00301599,-0.00798915)
(0.00182631,-0.000154588)
(0.00333526,0.00216279)
(0.0109884,0.0036976)
(0.00256881,0.00729654)
(0.0169624,0.00660411)
(0.00801396,-0.00520322)
(0.0167184,0.00472317)
(0.00457079,-0.00497228)
(0.0147432,0.01171)
(0.00735637,-0.0103873)
(0.0142932,0.00633316)
(0.0076972,-0.00807166)
(0.00797845,0.0081075)
(0.00354375,-0.00413733)
(-0.000594257,0.0107736)
(0.00386608,-0.0105383)
(0.00290624,0.00795579)
(0.00529024,-0.00571998)
(0.0019471,0.00301974)
(0.00475338,-0.010855)
(0.0054207,0.010206)
(-0.000176248,0.00849828)
(0.00996136,0.0130153)
(0.00396969,0.00446887)
(0.0185292,0.00450763)
(0.00438873,0.00321551)
(0.0212783,0.003838)
(0.00653112,0.00168398)
(0.015913,0.00650253)
(0.00873748,-0.0062514)
(0.0183137,0.0165821)
(0.00128774,-0.00587)
(0.0121782,0.0236204)
(0.0095113,-0.000674676)
(0.00956536,0.0172802)
(0.00904829,-0.00407578)
(0.00554963,0.010389)
(0.0125165,-0.019974)
(0.00664784,0.00342137)
(0.00801169,-0.0101572)
(0.0112749,0.0117282)
(0.000599882,0.00433966)
(0.0178912,0.00939552)
(-0.00387006,0.00306234)
(0.0119542,0.000228111)
(0.0032031,0.0140729)
(0.00360066,-0.00658103)
(0.00993607,0.0114464)
(-0.0054485,-0.0118093)
(0.0142931,0.0120139)
(0.012987,0.0253047)
(0.00139518,0.000854649)
(0.0136292,0.0298877)
(0.00676396,-0.00705379)
(0.0154618,0.018048)
(0.0119491,-0.00433974)
(0.0126994,0.00653228)
(0.00906672,-0.013788)
(0.0045043,0.00204021)
(0.00522122,-0.0179781)
(0.00913613,0.00900154)
(-0.000119505,-0.00585975)
(0.0143926,0.00341267)
(0.00688129,-0.00714567)
(0.00903408,-0.0053226)
(0.0133167,-0.0102204)
(-0.0164603,-0.00674734)
(0.0272865,-4.39951e-05)
(-0.0579988,-0.0135939)
(0.047196,0.0294646)
(0.0143147,0.0342267)
(0.00040419,-0.0113666)
(0.0164932,0.0452153)
(0.00209883,-0.0226079)
(0.0094823,0.0255952)
(0.00726031,-0.0230715)
(0.0094571,0.0105548)
(0.0092344,-0.0232666)
(0.00833296,0.00530813)
(0.00464576,-0.0110441)
(0.0110339,0.00759038)
(0.00077062,-0.00964125)
(0.0133712,0.00654125)
(0.00459132,-0.0205732)
(0.000285183,0.00715223)
(0.00873954,-0.0290836)
(-0.0515699,0.0147444)
(0.0275638,-0.0104398)
(-0.135028,0.0677753)
(0.0637456,0.0451308)
(-0.0322467,0.042471)
(0.0126822,-0.0365592)
(0.0213725,0.0311337)
(-0.0250289,-0.0536737)
(0.0255868,0.0236922)
(-0.00704765,-0.0303878)
(0.00983718,0.0149276)
(-0.00627175,-0.0248719)
(0.00732247,0.013505)
(-0.00940581,-0.0119581)
(0.0125272,0.00432628)
(-0.00491644,-0.0117746)
(0.0126106,0.0113256)
(0.00275955,-0.0217112)
(0.012897,0.0220589)
(0.00142803,-0.0446652)
(-0.0263486,0.0203614)
(-0.000389082,-0.0543166)
(0.00518475,-0.030548)
(-0.0176102,0.0397499)
(0.0640058,-0.0644698)
(-0.11961,-0.0220545)
(0.0248952,-0.0356235)
(-0.0637452,-0.0076148)
(0.0348986,0.00380932)
(-0.0248609,-0.0118395)
(0.026095,0.0102093)
(-0.0162022,-0.0106456)
(0.00985626,0.0126578)
(-0.0147855,-0.0052407)
(0.0122548,0.00371399)
(-0.0073866,-0.00695716)
(0.016236,0.0068862)
(0.00440287,-0.0136854)
(0.0231211,0.0115922)
(-0.000210118,-0.0301082)
(0.0186429,0.018505)
(-0.0103308,-0.0447273)
(0.027618,-0.020271)
(0.00530565,-0.0085948)
(0.0883172,-0.0398094)
(-0.020941,0.0242611)
(0.0490508,-0.0250919)
(-0.0102527,0.00366627)
(0.034934,0.0100105)
(-0.0220003,-0.00380828)
(0.0222831,0.0153246)
(-0.0165178,-0.0173894)
(0.0105053,0.00983042)
(-0.0128645,-0.00780599)
(0.0107931,0.00215313)
(-0.00542381,0.00417999)
(0.0240469,0.00429251)
(0.0122327,-0.000609084)
(0.0250228,0.00609175)
(0.0139396,-0.0103735)
(0.0187423,0.00113546)
(0.00955282,-0.0150135)
(0.027824,-0.0235964)
(-0.00501752,-0.00579609)
(0.0323756,-0.0261949)
(0.00980831,-0.000948225)
(0.0263098,-0.0120395)
(0.00559379,-0.00410103)
(0.0173598,0.0152512)
(-0.00360877,-0.0196936)
(0.0152399,0.0170217)
(-0.0025621,-0.00730902)
(0.0137875,0.0115839)
(-0.00828572,-0.00206511)
(0.0143765,0.00157053)
(0.00634952,0.000260802)
(0.0203079,0.00120654)
(0.0145454,-0.00417857)
(0.0238462,0.000997087)
(0.0207271,-0.0032816)
(0.016331,-0.00266876)
(0.0161918,-0.0110963)
(0.0164777,-0.0123167)
(0.0179006,-0.00573934)
(0.0245341,-0.0171525)
(0.0123562,-0.00568503)
(0.01501,0.00093637)
(0.0109132,-0.0075269)
(0.0135507,0.0148821)
(0.00233407,-0.00817038)
(0.0161256,0.0140275)
(0.00438049,-0.00907997)
(0.00600364,0.0102822)
(-0.00346603,-0.00979813)
(0.0140023,-0.00041474)
(0.00831883,-0.0013895)
(0.0148804,0.00078393)
(0.013206,-0.00310141)
(0.0104929,0.00580002)
(0.0182828,0.000254717)
(0.00822458,-0.00257818)
(0.0112868,-0.00436155)
(0.015148,-0.00618614)
(0.0163697,-0.00908871)
(0.0196842,-0.00943282)
(0.00824709,-0.0108609)
(0.0161802,0.00150743)
(8.06262e-05,-0.00340215)
(0.0180809,0.00558481)
(0.0017654,-0.00459139)
(0.0135813,0.00958059)
(0.00264799,-0.00516573)
(0.00719747,0.0089489)
(-0.00186558,-0.00498578)
(-0.000386272,-0.00150782)
(-0.000636391,0.00634864)
(0.00437414,-0.0063681)
(-0.000596613,0.00827049)
(0.0134871,-0.000577419)
(0.00608532,-4.16237e-05)
(0.0133364,0.00225336)
(0.0175439,-0.00501662)
(0.0119879,0.0039595)
(0.0125086,-0.00316004)
(0.00767766,0.00504437)
(0.0127267,-0.00471072)
(0.0055042,0.00676609)
(0.00689941,0.0020422)
(0.00685484,0.00680823)
(0.00307492,-0.000805291)
(0.00327019,0.00946609)
(-0.000887591,-0.00224476)
(-0.00315581,0.00215467)
(0.00349443,-0.00254633)
(0.00835734,-0.000894167)
(0.00576074,0.00630036)
(0.0125878,-1.41039e-05)
(0.00536239,0.0116068)
(0.00843651,0.00121616)
(0.0157725,0.00567758)
(0.0200284,0.000752618)
(0.0198979,0.00244594)
(0.0160153,0.00264636)
(0.0141262,0.000609952)
(0.0123486,0.0163101)
(0.0180393,0.00134354)
(0.0041978,0.0222356)
(0.0145124,0.0145042)
(0.00241716,0.0223131)
(0.00964088,0.00054365)
(0.00268305,0.00878774)
(0.0162702,-0.00958226)
(-0.0018386,-0.000346232)
(0.000567814,-0.00800134)
(0.00722058,0.00386939)
(0.00280047,0.000869661)
(0.0110993,0.00923812)
(0.000395407,0.00884553)
(0.017628,0.00472671)
(0.00503074,0.00423216)
(0.0185187,-0.0083489)
(0.00736208,0.0146605)
(0.00824145,0.000302336)
(0.00787988,0.0123097)
(0.0146459,0.0166693)
(0.0039181,0.00893103)
(0.00918187,0.0287844)
(0.0124044,0.0156519)
(0.00546157,0.0201062)
(0.00825291,0.0114503)
(0.00401254,0.00494862)
(0.00371859,-0.0145007)
(0.00935968,0.00258912)
(0.00869149,-0.00931358)
(0.00756501,0.00739029)
(-0.00246339,-0.00414068)
(0.0117617,0.00904253)
(0.00147119,-0.0103142)
(0.0119154,0.00452147)
(-0.000558468,-0.000701726)
(0.00823945,0.000893223)
(0.00935913,0.00522603)
(-0.0103618,0.000387081)
(0.0102459,0.00840592)
(0.00241439,0.0196576)
(0.000632457,-0.000457107)
(0.00789737,0.0334992)
(0.00148924,-0.00252799)
(0.00625848,0.0226053)
(0.00750513,0.00213066)
(0.00762536,0.0108149)
(0.00435014,-0.00583812)
(0.00905278,0.00485587)
(-0.00509706,-0.0114027)
(0.0128981,0.0123399)
(0.00108326,-0.0085801)
(0.00752186,0.0215303)
(0.00784003,-0.016831)
(0.0178562,0.0180554)
(0.00527289,-0.0175411)
(0.00454879,0.0144938)
(0.0067139,-0.0141494)
(-0.0322766,0.00800224)
(0.00633257,0.0157647)
(0.00311446,0.0157682)
(-0.00838795,-0.0122175)
(0.01519,0.0262745)
(-0.00515616,-0.0141332)
(0.011663,0.0243103)
(-0.00798615,-0.0160505)
(0.00516752,0.0146559)
(-0.0074448,-0.0118518)
(0.00654465,0.0163577)
(-0.0109634,-0.0112503)
(0.00744512,0.00717862)
(0.00303646,-0.00892661)
(0.0119448,0.0211953)
(0.00889832,-0.012956)
(0.0121855,0.0208806)
(0.00649663,-0.0292638)
(0.00397797,0.0252086)
(-0.00395508,-0.0359973)
(6.27029e-05,-0.0168747)
(-0.00673392,-0.00803924)
(0.0175855,-0.0191639)
(-0.0361596,-0.0181916)
(0.0275792,-0.00367728)
(-0.0259475,-0.0121298)
(0.0189416,0.00904079)
(-0.0220503,-0.00884542)
(0.0189955,0.0114208)
(-0.024592,-0.0107929)
(0.0116808,0.0111108)
(-0.0193616,-0.0090838)
(0.0106606,0.00295209)
(0.00208938,-0.00354317)
(0.0115658,0.0177886)
(0.0163065,-0.011946)
(0.0099159,0.0210922)
(0.0208819,-0.0223898)
(0.00282032,0.0159816)
(0.00402522,-0.0287895)
(0.00152888,-0.00400308)
(-0.00885094,-0.020604)
(0.0172671,-0.0209733)
(-0.0112152,-0.0163796)
(0.0196438,-0.0148373)
(-0.00937601,-0.0047136)
(0.0242565,0.00840354)
(-0.0170324,-0.0110127)
(0.0125545,0.00810537)
(-0.0233633,-0.0121358)
(0.00828774,0.00531153)
(-0.0246556,-0.00523213)
(0.00774687,0.00824229)
(0.00646398,-0.00114295)
(0.0155411,0.00962621)
(0.019333,-0.00119826)
(0.020278,0.00927606)
(0.0253735,-0.00200012)
(0.010081,0.00598325)
(0.0198118,-0.00687632)
(0.00878489,-0.00382618)
(0.00972167,-0.00538125)
(0.00851334,-0.0258618)
(0.0113279,-0.0098964)
(0.0135399,-0.00799999)
(0.00780921,-0.00992682)
(0.00664841,0.00588466)
(-0.00553586,-0.0129333)
(0.0116476,0.00516795)
(-0.0192501,-0.00766824)
(-0.00157406,0.00512065)
(-0.0157329,-0.00305344)
(0.011583,0.00396948)
(0.0120617,-0.00631071)
(0.0254203,-0.00186801)
(0.0184175,-0.00510449)
(0.0250168,0.00480352)
(0.0267767,-0.00131736)
(0.017477,-0.00704538)
(0.016966,-7.14677e-05)
(0.014534,-0.00454279)
(0.0157408,-0.00504316)
(0.0142266,-0.0134799)
(0.0109378,-0.0108355)
(0.00872691,-0.000551643)
(0.00457238,-0.00547037)
(0.00740858,0.00275832)
(-0.00443283,-0.00704126)
(0.00945011,0.00167505)
(-0.00611696,2.45025e-05)
(0.0048892,0.00501421)
(-0.00655331,-0.00441194)
(0.0166554,-0.00150529)
(0.00627195,-0.0024841)
(0.0174683,-0.00544623)
(0.010779,-0.00629469)
(0.021853,-0.00456921)
(0.0176782,0.000636632)
(0.0120962,0.000163299)
(0.01805,-0.00282521)
(0.0138568,-0.00539119)
(0.00827646,-0.00458021)
(0.0101442,-0.00358792)
(0.00628353,-0.006966)
(0.014696,-0.0084973)
(-0.00203662,-0.0027447)
(0.0104465,-0.000829483)
(-0.00287539,0.00161057)
(0.00814217,0.000674975)
(-0.000629653,-0.00138108)
(0.00573377,0.0043651)
(-0.00510731,-0.00482948)
(0.00116907,-0.0118485)
(0.00600985,-0.00174508)
(0.00164765,-0.0068667)
(0.00829674,0.00716409)
(0.00298917,-0.00450446)
(0.0194142,0.00104024)
(0.00546979,0.000333782)
(0.0157387,0.002009)
(0.00993954,0.00400821)
(0.0131448,0.00285812)
(0.00696619,0.00584623)
(0.00890036,0.00389269)
(0.00957335,0.00516111)
(0.00487287,0.0118271)
(-0.00164898,0.0109905)
(-0.00343869,0.00446708)
(-0.00049912,0.0060248)
(0.00332746,-0.000885329)
(-0.000574529,0.000493892)
(-0.000391358,-0.00524603)
(0.00240045,-0.00216544)
(0.0044009,0.00135112)
(0.0116252,-0.00198462)
(0.00836171,0.00343398)
(0.00844731,0.00306711)
(0.0198487,0.00309621)
(0.00517382,-0.00013793)
(0.0234076,0.0070419)
(0.016441,0.00893409)
(0.0192449,0.0110779)
(0.0112402,0.0139793)
(0.0167248,0.00717564)
(0.00740521,0.0208124)
(0.00543429,0.0157649)
(0.00487347,0.0138325)
(0.00878745,0.00842158)
(-1.54097e-05,0.00472654)
(-0.000857627,0.00109042)
(-0.00315092,-0.00159276)
(0.00607871,0.000879011)
(0.00713561,0.00174134)
(0.00221046,0.000369432)
(0.0120824,0.00359628)
(0.00625602,0.00525525)
(0.00862845,0.0041188)
(0.0105683,0.000979442)
(0.0106666,0.00240571)
(0.0138904,0.00963251)
(0.0105838,0.00097666)
(0.00819954,0.013011)
(0.0140763,0.0134483)
(0.0148358,0.00736866)
(0.00825333,0.0174999)
(0.00434372,0.0144293)
(-0.00100551,0.0155078)
(-0.00115812,0.0115624)
(0.00561622,0.0015804)
(0.00730806,-0.000730623)
(0.00210192,0.00241332)
(-0.00079375,-0.00772816)
(-0.000213171,0.00809028)
(0.00370403,-0.00716739)
(0.00641634,0.0027895)
(-0.00213407,-0.0073314)
(0.014458,0.00399869)
(0.00358648,-0.00558259)
(0.00991831,-0.00327918)
(0.00368208,0.00193054)
(0.00200165,0.00340676)
(0.00501072,0.0124899)
(0.00967837,0.00966591)
(0.00315425,0.00381324)
(0.00362867,0.0168582)
(-0.00166517,0.0129582)
(0.00390634,0.0177701)
(-0.00371454,0.0090914)
(0.00403313,0.0113146)
(-0.00645176,0.00266663)
(0.00538694,0.00394574)
(-0.000760358,-0.00283006)
(0.00117079,0.00900697)
(-0.000168726,-0.00890373)
(0.0101513,0.0144227)
(0.00234899,-0.0080972)
(0.0109151,0.0104297)
(0.00813728,-0.0142672)
(0.0076197,0.006166)
(0.00908924,-0.00734345)
(-0.00418333,0.00679477)
(0.00244338,-0.00224973)
(0.00751643,0.00808972)
(0.00473748,-0.012454)
(0.00839175,0.0205621)
(-0.0068472,-0.0014367)
(0.00426481,0.019046)
(-0.00986444,0.00699247)
(0.0085046,0.016957)
(-0.0121515,0.00345639)
(0.00735422,0.00713616)
(-0.0108666,-0.00290216)
(-0.00180606,0.00811094)
(0.000771938,-0.00677998)
(0.00262497,0.0189974)
(0.0114392,-0.012463)
(0.00755705,0.0251219)
(0.012144,-0.0225616)
(0.00313221,0.0172237)
(0.00290677,-0.0270122)
(-0.00521025,0.00839177)
(-0.00773055,-0.0190849)
(0.00643866,0.0013499)
(-0.00998641,-0.0161304)
(0.006545,0.00385287)
(-0.0141832,0.000325606)
(0.0173008,0.00983237)
(-0.0226904,-0.00248835)
(0.0111313,0.0107788)
(-0.0194457,-0.00165098)
(0.00871944,0.00596711)
(-0.0099394,-0.00545109)
(0.00445305,0.00923197)
(0.00969338,-0.00544938)
(0.00548319,0.0194196)
(0.0187491,-0.0108589)
(0.0049947,0.0249802)
(0.0201574,-0.0169752)
(0.00333661,0.0156906)
(0.0129325,-0.0154277)
(-0.00232715,0.00234874)
(0.00174757,-0.0175978)
(-0.000724136,-0.0100836)
(0.00497944,-0.0122319)
(0.0117555,0.000297941)
(-0.0032501,-0.00174402)
(0.00415522,0.00888328)
(-0.0151008,-0.00374995)
(0.0103816,0.000312022)
(-0.0260731,-0.00943745)
(0.00561683,-0.0038826)
(-0.0181439,-0.00500284)
(0.00991409,0.0102611)
(0.00967495,-0.00403672)
(0.0157701,0.0171685)
(0.019089,-0.00159252)
(0.0108435,0.015223)
(0.0227576,0.00364359)
(0.00328454,0.00635763)
(0.00545493,-7.74072e-05)
(0.00402361,-0.00341563)
(0.0103987,0.00388196)
(0.00472016,-0.00714952)
(0.00881514,-0.0048299)
(0.00189903,-0.00273591)
(0.00455606,0.00333762)
(0.00948639,-0.00409793)
(-0.0140378,-0.00150354)
(0.00845672,-0.0101874)
(-0.0213977,0.000757953)
(0.000813294,-0.00697427)
(-0.0120429,-0.00412577)
(0.0175641,0.00898089)
(0.0105993,-0.00135153)
(0.0199354,0.00488274)
(0.0144922,-0.003885)
(0.0202768,0.000897238)
(0.0231337,0.00725102)
(0.0110988,-0.000563802)
(0.0133734,0.00194455)
(0.0142714,-0.00719054)
(0.00716931,0.00879528)
(0.0106133,-0.0116154)
(0.00833535,0.00207208)
(0.0136601,-0.0100265)
(0.000223422,0.00613178)
(0.0117679,-0.0101606)
(-0.00765249,0.00325074)
(0.0113825,-0.0106131)
(-0.00654962,0.000713442)
(0.00372775,-0.00639604)
(-0.00819991,-0.00384352)
(0.0112932,2.20398e-05)
(0.00663317,-0.00342134)
(0.0176727,0.00108517)
(0.00782999,-0.0105931)
(0.0146756,-0.00398463)
(0.0204065,-0.00301139)
(0.0111698,-0.00255346)
(0.0096411,-0.0017099)
(0.00840039,0.00287107)
(0.0101262,0.00250102)
(0.0142938,-0.011034)
(0.00663933,0.00376594)
(0.0105059,-0.00983108)
(0.00400364,0.00485269)
(0.00666188,-0.0102243)
(0.00428035,0.00348616)
(0.00917293,-0.00536049)
(-0.00251187,-0.00154216)
(0.00292842,6.50219e-05)
(-0.000244456,-0.000545037)
(0.00449033,-0.00416997)
(0.00220513,0.00383972)
(0.00247097,-0.00199121)
(0.00756076,-0.00467848)
(0.00148334,-0.003034)
(0.0084499,0.00421358)
(0.00335825,0.0055859)
(0.00910163,0.00130662)
(0.00630316,0.00340549)
(0.00289936,0.00472772)
(0.0075169,0.00898184)
(0.00322462,0.00638815)
(0.00157546,0.000175078)
(-0.000984885,0.00701123)
(-0.00148315,0.00273215)
(-0.00279761,0.00412503)
(-0.005542,0.0035605)
(-0.00266414,-0.00610549)
(-0.00357583,0.00543523)
(-0.00189469,-0.00165957)
(0.000909767,-0.00347934)
(0.0035146,-0.0025193)
(0.00433053,-0.000988976)
(0.00330691,0.00294713)
(0.00424029,-0.00421321)
(0.0111792,0.00491555)
(0.00686735,0.00058923)
(0.0120974,0.00550402)
(0.0120856,0.00745053)
(0.00781348,0.0052183)
(0.00895821,0.0078601)
(0.00602121,0.000201476)
(0.0121912,0.00900183)
(0.00101862,0.00252432)
(-0.00767103,0.00940044)
(-0.00913109,0.00199769)
(0.000670303,0.00680632)
(0.0018523,-0.00411)
(-0.00255857,0.00157202)
(-0.00163764,-0.00506541)
(0.00030718,0.00208238)
(0.00551008,-0.00292294)
(0.00558342,0.00237848)
(-0.000133599,0.0014072)
(0.00758164,0.000367018)
(0.00388293,0.00308567)
(0.00432147,0.00366726)
(0.00624951,0.00021968)
(0.00958858,0.00768144)
(0.00936368,0.00752258)
(0.010672,0.00909064)
(0.00303472,0.00102287)
(0.00781949,0.0123591)
(-0.00299002,0.00516202)
(0.0074205,0.0064078)
(-0.00719396,-0.000478234)
(-0.00166536,0.0105937)
(-0.00741222,-0.00172618)
(0.0057994,0.00209725)
(0.000789006,-0.0046619)
(-0.00550095,0.00949789)
(-0.00086092,-0.00693763)
(0.00116257,0.00553267)
(-0.00111797,-0.00718187)
(0.00319123,0.00233609)
(-0.00121303,-0.00228537)
(0.00155437,-0.000121093)
(-0.00131241,-0.00497369)
(0.00150523,-0.00301591)
(0.00286393,-0.000528464)
(0.00579554,0.00827913)
(0.0030549,-0.00249495)
(0.00547509,0.0137529)
(-0.00327646,0.00583052)
(0.00674049,0.0131196)
(-0.0113387,0.00456243)
(0.00629351,0.00794255)
(-0.00490365,0.00419715)
(0.00408936,0.00877875)
(-0.00242812,-0.00256498)
(-0.00175645,0.00826962)
(-0.0019773,-0.00755261)
(0.000620331,0.00717002)
(-0.00489251,-0.00979951)
(0.0092796,0.0078638)
(-0.00329193,-0.00488154)
(-0.000767453,0.00078426)
(-0.000990161,-0.00633827)
(0.00183836,0.00312131)
(0.00699361,-0.00533741)
(0.00540114,0.00844989)
(0.00629259,-0.00882866)
(0.00410711,0.0128785)
(-0.00448289,0.00239038)
(0.00709175,0.0103251)
(-0.0135441,0.000202351)
(0.00787891,0.00758193)
(-0.0125434,0.00378628)
(0.00625285,0.00497741)
(-0.00534947,0.000782942)
(-0.00122476,0.0100312)
(0.0034375,-0.00530393)
(-0.000343197,0.0120526)
(0.00527935,-0.0121982)
(0.00596092,0.0145092)
(0.00579201,-0.0143692)
(0.00237347,0.0112209)
(0.001227,-0.0109601)
(0.000850076,0.00333834)
(0.00280698,-0.0139772)
(0.00465423,0.00317503)
(0.00170618,-0.0146265)
(0.00663284,0.00482278)
(-0.00821865,0.000938324)
(0.00512505,0.0102459)
(-0.0166434,0.00326229)
(0.00658214,0.00660251)
(-0.0129362,0.000991954)
(0.010762,-0.00321991)
(-0.00806721,0.000656389)
(0.00183442,0.00864549)
(0.00293793,-0.00395859)
(0.00569307,0.0180469)
(0.0112663,-0.0082208)
(0.0112499,0.0140778)
(0.00782651,-0.00570667)
(0.00316702,0.0111387)
(0.00269772,-0.0111134)
(0.00264847,0.00267692)
(0.00189765,-0.00608937)
(-0.000446471,0.00230641)
(0.00184378,-0.0100439)
(0.00536861,0.00302878)
(-0.002832,0.00228035)
(0.00420819,0.0024912)
(-0.0130681,-0.000571551)
(0.00267432,-0.00410891)
(-0.0129854,-0.00216084)
(0.00420547,-0.00749509)
(-0.00844012,-0.00484121)
(0.00182228,0.00988404)
(0.00715153,0.000520686)
(0.00565668,0.015682)
(0.0118661,-0.00244291)
(0.00360381,0.0127524)
(0.0146108,0.00156119)
(0.00718834,0.00647804)
(0.00502712,0.00100649)
(0.0025354,0.00154363)
(-0.00024357,-0.00056483)
(0.00529581,-0.0073388)
(-0.000899806,0.0032582)
(0.00715257,-0.00500834)
(-0.00327582,0.00437003)
(0.00427714,-0.00344496)
(-0.0135586,0.00698815)
(0.00388178,-0.013476)
(-0.008353,0.00235054)
(-0.00147717,-0.00941253)
(-0.00641713,-0.00368198)
(0.00544161,0.0103803)
(0.00876017,-0.00391973)
(0.00749066,0.0143486)
(0.00776928,-0.0028103)
(0.00750055,0.00512353)
(0.0142694,0.00393113)
(0.00984759,0.00733116)
(0.00322606,0.00543586)
(0.0077973,-0.00224445)
(0.0049734,0.00506112)
(0.00959683,-0.00564468)
(0.00567828,0.00132956)
(0.0106726,-0.00905218)
(0.000871214,0.00669047)
(0.00959417,-0.00642582)
(-0.00300976,0.00506808)
(0.00598,-0.00936509)
(-0.00378952,0.00482869)
(0.000270485,-0.00265745)
(-0.00550226,-0.00341097)
(0.00821202,0.00384507)
(0.00127041,0.000368572)
(0.00599843,0.0023668)
(0.00610858,-0.00552944)
(0.00776987,0.000717731)
(0.00864195,-0.00626942)
(0.00296989,0.00405489)
(0.00730633,0.00203551)
(0.00398837,0.0025073)
(0.00455619,-0.000221271)
(0.00198613,-0.00530947)
(0.00271629,0.00294806)
(0.00623419,-0.00821886)
(-0.000425048,0.00139709)
(0.00385217,-0.00666358)
(-0.000843743,0.0054117)
(0.00725614,-0.00692676)
(-0.00112433,0.000997337)
(0.00130415,0.00214797)
(0.00059801,-0.00173433)
