(-0.0107142,0.000352427)
(-0.00490939,-0.00517257)
(-0.00208949,-0.00753912)
(0.000497381,-0.00762511)
(0.00137266,-0.000701175)
(0.00256622,-0.0173463)
(-0.00812915,-0.000500786)
(0.00286152,-0.00364414)
(-0.00537031,-0.0040491)
(-0.0134308,0.0118112)
(-0.00414826,-0.00652716)
(0.00232545,-0.00132219)
(-0.00830253,-0.00620176)
(-0.00199659,-0.00905541)
(-0.00550262,0.00720388)
(-0.0116436,-0.00141984)
(-0.00115638,0.00991244)
(0.00178037,0.0032501)
(0.00373202,0.00377631)
(-0.00565044,0.0103965)
(-0.0162338,-0.0054128)
(-0.00437555,0.016347)
(0.00820008,-0.0125223)
(-0.00895262,-0.00826462)
(-0.00399959,-0.0114786)
(0.0074153,0.0071493)
(0.00740117,0.00890173)
(-0.0110698,-0.003126)
(-0.00512104,-0.00643157)
(-0.00282423,0.00394584)
(-0.000823353,-0.0119958)
(-0.00777917,0.0145725)
(-0.00965797,-0.00510645)
(-0.00679541,0.00354546)
(0.00264419,0.00393428)
(-0.0152222,0.00646905)
(0.00294399,-0.0191727)
(-0.00673435,0.00394446)
(-0.00236928,0.00960509)
(0.0107683,0.0111231)
(0.00446794,-0.00185713)
(0.00058754,0.0119958)
(-0.00940461,-0.00713483)
(0.0229609,-0.019702)
(0.00995708,0.0102168)
(0.0118018,-0.0068764)
(0.0217709,0.00977905)
(0.00355112,-0.00728562)
(0.00785991,-0.000691723)
(-0.00266856,0.00480172)
(0.0118343,-0.00462048)
(-0.0150975,-0.00109563)
(-0.0284363,-0.00159958)
(0.000225635,-0.00455038)
(0.0045299,0.00823023)
(-0.00626336,-0.00382447)
(0.0150171,0.000591948)
(-0.00960832,0.000169155)
(-0.00479533,0.00573808)
(0.00701844,-0.00837745)
(0.00168187,-0.00463105)
(0.000959203,0.0111966)
(0.00466486,-0.00977768)
(-0.00887247,-0.0116556)
(0.00747926,-0.00601369)
(0.00604665,0.00328517)
(0.014733,-0.0101266)
(0.00793965,0.00654777)
(0.00705287,-0.0053909)
(-0.0108409,0.0151099)
(-0.00430405,0.00838317)
(0.00546779,0.00289588)
(0.0072451,0.00956283)
(-0.00597194,0.00114581)
(-0.0147318,0.0172383)
(0.0073898,-0.0093037)
(-0.00554549,0.00461445)
(-0.0046617,0.0087416)
(-0.0115358,-0.00274547)
(0.0119378,-0.00281883)
(0.00815445,0.0111835)
(0.0211282,-0.0147826)
(-0.0126265,-0.0014263)
(-0.00149268,-0.00486415)
(0.01458,0.000711528)
(0.00985964,-0.00643335)
(0.00484717,-0.00364946)
(-0.0218556,0.00737487)
(-0.0137445,0.0089041)
(0.0071317,-0.00542914)
(-0.00444351,0.0060343)
(-0.00389674,0.0200609)
(-0.0103254,-0.0198297)
(0.0021626,-0.0136633)
(0.0137292,-0.00336191)
(0.00185302,-0.00812113)
(6.58658e-05,0.00658618)
(-0.00681521,-0.00468956)
(0.00049178,0.0132061)
(0.00831987,-0.00135419)
(-0.00290404,0.00181763)
(0.00554673,-0.00260616)
(0.00256421,-0.00573016)
(0.021881,-0.00145947)
(0.00102933,-0.0105076)
(-0.00536374,0.0130254)
(0.00256509,-0.00827444)
(-0.00352579,-0.0188085)
(-0.00421169,0.0088318)
(0.00278241,0.00467772)
(-0.0129074,-0.00283156)
(-0.00442593,0.00152343)
(0.00375704,-0.0162605)
(-0.00956971,0.000428266)
(0.00223875,-0.0118772)
(0.000328136,0.00324719)
(-0.00659259,-0.00538209)
(0.0042485,0.00114049)
(-0.0114253,-0.012962)
(-0.00830829,-0.00393037)
(0.00188476,0.00526109)
(0.0123612,-0.00256447)
(-0.00938574,-0.005939)
(0.00205772,-0.0002069)
(0.00260239,0.00455587)
(0.0082726,-0.00540045)
(0.00178174,0.00396899)
(-0.00703554,0.000546905)
(0.00105137,0.00456537)
(-0.00762038,-0.00176751)
(0.00662763,0.00600781)
(-0.0101798,0.0103355)
(-0.00182736,-0.00443507)
(-0.00286622,0.00625469)
(0.0113479,0.00176604)
(0.00307086,-0.00774668)
(-0.0097037,0.00534008)
(-0.00509529,-0.00483273)
(0.00236657,0.00500014)
(0.00179188,0.0203539)
(-0.0099748,0.00309834)
(-0.00752177,0.0170843)
(-0.00728787,-0.00788019)
(0.012964,0.00327071)
(-0.00195279,-0.00858814)
(-0.0028011,0.000403719)
(0.00303914,-0.000453982)
(-0.000749994,-0.0161314)
(-0.00784701,-0.00470149)
(0.00390698,0.0159201)
(-0.00691715,0.00449345)
(-0.00477664,0.012394)
(0.0005825,-0.0101802)
(-0.0029133,0.00568938)
(-0.00752531,0.0253031)
(0.00151267,-0.00664747)
(-0.0138772,0.0110813)
(-0.014631,0.0116004)
(0.00752186,0.0021067)
(-0.00187998,-0.00319874)
(0.00272453,0.004993)
(-0.000338409,-0.00579435)
(0.0031227,0.00201439)
(-0.00524549,0.00123623)
(-0.00208551,-0.0128046)
(0.00342206,-0.00546302)
(-0.0129878,0.00206524)
(-0.000435461,0.00945346)
(-0.00280806,0.00647455)
(0.0103358,-0.0120451)
(0.00286145,-0.0104061)
(0.00544071,0.00144494)
(-0.0139465,-0.00255442)
(-0.00536424,-0.00121714)
(0.00464079,0.0119091)
(-0.00139028,0.00460211)
(0.00503517,-0.00786101)
(-0.0167479,0.000517888)
(-0.0146945,0.00166852)
(-0.000372831,0.00848841)
(-0.0156177,0.00331769)
(-0.00483256,-0.000432704)
(0.00476433,0.00165875)
(-0.00149942,-0.0135199)
(0.00486603,-0.00918778)
(0.0096712,0.00868708)
(-0.00322472,-0.00653206)
(0.00501381,0.00510823)
(0.000968516,-0.00538609)
(0.00817613,0.00829002)
(0.000791547,-0.00112668)
(0.0147814,0.0045325)
(-0.00243871,-0.00228962)
(0.0044218,0.00392838)
(-0.0028662,0.00145453)
(0.000404629,0.00988901)
(-0.0144013,-0.00165326)
(0.0198371,0.00794139)
(-0.0130125,0.00856326)
(0.00315369,0.00304087)
(-0.00101219,-0.0141164)
(0.00763,-0.00220109)
(-0.00261323,0.00693379)
(0.000144257,-0.0256323)
(-0.0104331,-0.00828428)
(0.00221046,0.01353)
(-0.000738812,0.00283793)
(-0.00535066,0.00391347)
(-0.00126822,-0.00160098)
(-0.00709282,0.00687311)
(-0.015953,-0.00104392)
(-0.0108626,0.000180631)
(-0.00194999,0.00887661)
(-0.00642179,-0.00949492)
(0.00166856,0.00113851)
(0.00198556,0.00390667)
(-0.00357292,0.00794085)
(0.00169014,-0.00543064)
(0.00575997,0.00636088)
(-0.0106928,-0.00103569)
(-0.00610782,0.00286392)
(0.00804434,0.00244684)
(-0.00921009,0.00011697)
(0.00917574,0.00132075)
(0.00285696,-0.00054131)
(0.00521968,0.00144796)
(-0.00723208,-0.00839667)
(-0.00467268,0.00788581)
(-0.00937467,0.00178247)
(-0.00766248,0.0184186)
(-0.0184666,-0.00103138)
(0.00420342,0.00970273)
(-0.0317782,-0.0086842)
(-0.0185073,0.00835544)
(-0.00356727,-0.00387252)
(-0.000960212,0.0105795)
(0.00914763,0.00196499)
(-0.00713843,0.00827366)
(-0.00383648,0.000522987)
(-0.00670564,0.00208798)
(-0.00385139,-0.00500609)
(-0.000359933,-0.00639732)
(0.00635595,-0.0057167)
(0.00212035,-0.0145483)
(0.00804376,0.00973338)
(0.0154939,-0.00504747)
(0.00410907,-0.00404652)
(-0.0118647,-0.00291717)
(0.00440262,-0.000472706)
(0.0088886,0.0080387)
(0.000570121,0.00191571)
(0.00508262,0.00649553)
(0.000518806,0.00164523)
(-0.00266512,-0.00773385)
(-0.0186266,0.00217357)
(-0.00602153,-0.00686538)
(-0.0110269,-0.00402555)
(0.0126258,0.00574958)
(0.00249837,0.00736283)
(0.0203746,-0.0078872)
(-0.00394976,0.00594771)
(-0.00290846,0.00200498)
(-0.002523,-0.0144873)
(-0.00255128,-0.00478344)
(0.0074481,-0.0103969)
(-0.01005,0.00723415)
(0.0031656,-0.00762175)
(-1.14152e-05,-0.00790674)
(-0.00669327,0.0105065)
(-0.00957825,0.0111284)
(0.0119995,0.00849254)
(0.0116804,-0.0104456)
(0.0070793,-0.00221189)
(-0.00850308,-0.00406387)
(0.0127764,0.0104168)
(0.00282112,-0.0198824)
(-0.0102437,-0.00305489)
(-0.00270371,-0.00904777)
(-0.00978144,0.00481916)
(0.00040828,0.00376965)
(0.0082303,-0.00751475)
(-0.00247099,-0.0138052)
(-0.0041675,-0.00174588)
(0.00599857,-0.000613289)
(-0.000294024,0.00495178)
(-0.00520566,0.00589299)
(0.0159474,0.00157837)
(-0.0214463,-0.00137838)
(-0.00957269,-0.00176925)
(0.0166819,0.00949758)
(0.00187101,-0.00851293)
(-0.00386823,0.00348816)
(-0.0101869,0.00965376)
(-0.00316758,0.00437274)
(-0.0019644,0.00503845)
(-0.00640985,-0.0201798)
(0.0193456,-0.000423859)
(0.0166673,-0.00773939)
(-0.00269477,-0.00818125)
(-0.00119232,0.000585406)
(-0.00427686,0.000955188)
(0.0130263,-0.00690438)
(-0.00295035,-0.00726484)
(0.0122238,0.00225265)
(0.00696582,-0.0115386)
(0.0137429,0.0053086)
(-0.00215672,0.00298706)
(-0.00861761,0.00684249)
(-0.00297227,-0.00530384)
(0.00109613,-0.00918323)
(-0.00640625,0.00170415)
(0.000313346,0.00490517)
(0.00595835,0.00561471)
(0.0142266,0.0133151)
(-0.0193521,-0.000382597)
(0.00451331,-0.00352181)
(-0.016473,-0.0130839)
(-0.00814712,0.00362271)
(-0.00979248,0.00506472)
(0.00736881,0.000331642)
(0.0024575,-0.0025872)
(0.00227567,0.00991981)
(0.00146753,-0.0158173)
(-0.00608916,-0.00376216)
(0.00504365,0.0013376)
(-0.00268274,-0.00331818)
(-0.00755017,-0.0115302)
(0.00734711,0.00852155)
(-0.00137295,-0.00680153)
(0.0210899,0.0146316)
(0.00272514,0.0170282)
(-0.0049132,0.0124133)
(-0.0187686,-0.0122719)
(-0.0206317,0.00987714)
(0.00813296,-0.0111334)
(0.00850586,-0.00364091)
(-0.00398239,0.000988692)
(-0.00293317,0.0110508)
(-0.00489098,-0.00769349)
(-0.00942097,0.00333463)
(0.0105678,0.00296208)
(0.0168089,0.0243082)
(0.00780517,-0.0097629)
(-0.00272174,0.000115876)
(0.0122648,-0.00211624)
(-0.00565743,-0.00876439)
(0.000354686,0.00641077)
(-0.00726692,-0.00721273)
(0.0112815,-0.00794634)
(-0.002209,-0.0044336)
(-0.00264617,0.00095256)
(-0.00722215,-0.00841537)
(-0.000917827,-0.00358546)
(0.00196203,0.00594958)
(-0.00148476,0.0186552)
(0.00337358,-0.00236666)
(-0.0173818,0.00548526)
(0.0140096,0.00572522)
(-0.0101072,-0.0045549)
(-0.000872615,0.00628363)
(-0.0136579,-0.00241334)
(0.00255515,0.00591915)
(0.0145317,-0.00031137)
(0.00103797,0.0021843)
(0.0237871,-0.0091414)
(-0.0110622,0.00917678)
(0.00571023,-0.00445099)
(0.00785559,-0.00963171)
(-0.00672836,0.00325446)
(-0.00177069,-0.0122185)
(0.00190363,0.0057347)
(0.00234788,-0.0156825)
(-0.00121027,0.00507339)
(0.0108131,-0.00455053)
(-0.00724433,0.0202969)
(0.00177386,0.0034523)
(-0.00420151,-0.00562814)
(-0.00766014,0.0175487)
(-0.0012475,-0.00544945)
(0.00102726,-0.0115486)
(0.00701604,0.00770463)
(0.00382579,-0.0131033)
(0.0134771,-0.00517788)
(-0.0102311,-0.000157488)
(0.00294771,0.000462762)
(-0.0069173,0.000440113)
(0.00962666,-0.00134633)
(0.00534001,-0.0046322)
(-0.0106893,-0.00715909)
(0.00643272,-0.00207282)
(0.00720565,-0.0121321)
(-0.00669351,0.0144865)
(-0.00280776,-0.00571771)
(-0.0112584,-0.0131087)
(-0.0085406,0.00123453)
(-0.011275,-0.00129498)
(-0.00236257,-0.0058063)
(-0.00360116,-0.00843892)
(-0.00967643,0.0116291)
(0.00389207,-0.0142943)
(0.00862524,-0.00630934)
(0.0122564,-0.00846955)
(0.00570513,0.002995)
(-0.00262466,-0.0106511)
(0.00875004,-0.0121738)
(0.0171884,-0.0156496)
(0.011448,-0.0161173)
(-0.00257535,0.0132014)
(0.0140119,-0.0073183)
(-0.00807755,-0.000410452)
(0.0048029,0.000773601)
(0.00349692,-0.0103767)
(-0.0183585,-0.020359)
(0.00606427,-0.00918154)
(0.0125612,-0.00335758)
(0.00503567,0.00992772)
(0.00189347,0.0119136)
(0.00194631,-0.00507697)
(0.00771281,0.0109898)
(0.00451062,0.00621244)
(-0.0136433,-0.0169542)
(0.00971635,0.00245762)
(0.0025938,0.0011081)
(0.00514487,-0.00621642)
(0.00568959,0.00664157)
(-0.0116079,0.0053318)
(0.0149119,-0.00937577)
(0.0057166,-0.0130888)
(-0.00320391,0.00263394)
(0.00161541,-0.0122705)
(0.00750836,0.00693237)
(-0.0010094,0.00787555)
(0.0109541,-0.00233195)
(0.00231491,-0.0118991)
(-0.00553701,0.00196037)
(-0.000140613,-0.0120366)
(-0.00328912,0.00567768)
(0.00305678,0.00282825)
(-0.00348737,0.00747935)
(0.00303978,0.000774921)
(-0.000483083,0.00162693)
(-0.00122879,0.00258994)
(0.00394565,0.0017621)
(0.00247001,0.00245512)
(0.00445788,-0.00814449)
(-0.00101841,-0.0285832)
(-0.00525881,-0.0179068)
(-0.00583689,-0.00938595)
(0.00586801,0.000742607)
(0.00434747,-0.00393538)
(-0.0066949,-0.00279854)
(0.0220572,-0.00138281)
(0.0334967,0.00815609)
(-0.00673195,0.00699439)
(0.0139113,-0.00448338)
(0.0101956,-0.025023)
(-0.00461467,0.0093463)
(0.00864426,-0.012308)
(-0.00683628,0.000552157)
(-0.000176814,0.00312775)
(-0.00590413,-0.000915149)
(0.000829148,0.00118608)
(0.00118252,-0.0166033)
(-0.00212194,-0.00876094)
(0.00294912,-0.00457063)
(-0.0170847,-0.037608)
(-0.0106889,-0.0288582)
(-0.0110977,-0.00393111)
(0.0224493,0.00712647)
(0.000207032,0.0118296)
(0.00330471,0.00858991)
(0.0227011,-0.0195274)
(-0.00522384,-0.00339606)
(0.00993967,0.0387522)
(0.0195591,-0.00167226)
(-0.00398518,-0.00246859)
(0.00297035,0.008411)
(0.00466323,-0.00586947)
(-0.00516842,-0.00183873)
(0.00214915,-0.00597872)
(-0.000724821,-0.0151645)
(0.00104965,-0.013705)
(-0.00033039,-0.00131949)
(0.0122102,-0.00147874)
(0.00589541,-0.00647782)
(-0.0271986,-0.00197811)
(-0.00521703,-0.00560825)
(0.0263068,0.0395178)
(0.00224068,-0.0150572)
(-0.0227133,-0.0125813)
(-0.0313934,-0.0255006)
(0.0253515,0.0053546)
(-0.00547648,-0.0381024)
(-0.00065033,0.00108013)
(-0.0088309,-0.00769147)
(0.00816496,-0.00954515)
(-0.0050255,0.000831942)
(0.00381823,-0.0125589)
(-0.00128266,0.00176615)
(0.00536722,-0.00209805)
(0.00572314,0.00265741)
(0.00100634,-0.00374228)
(-0.00111772,-0.00102988)
(-0.00415988,0.00643727)
(-0.00467964,0.0121197)
(-0.0111485,0.00834285)
(0.00904457,0.0105361)
(-0.065844,-0.0311446)
(0.0165839,-0.0217699)
(-0.000380494,-0.0156531)
(0.0217187,0.01099)
(-0.00152124,-0.00936022)
(0.0413888,0.0223674)
(0.0225445,-0.0115178)
(0.0244591,0.0322916)
(0.0236246,0.00278709)
(0.00100674,-0.00251698)
(0.0189675,-0.0240685)
(-0.0132442,0.00746447)
(0.0013816,-0.00494532)
(-0.00277715,-0.00164587)
(-0.0122316,0.0073563)
(-0.00191672,0.00362873)
(-0.000474735,-0.00965978)
(-0.0212433,0.0213317)
(0.0189542,0.0316976)
(0.0392111,0.0156679)
(-0.0117738,0.00603069)
(0.0146147,-0.02855)
(-0.024135,-0.011382)
(-0.0174162,0.0381872)
(0.0239929,-0.00869385)
(-0.00115663,0.0329828)
(-0.0089639,0.0271974)
(-0.00614375,-0.024246)
(-0.00932886,-0.00731012)
(0.0194688,-0.0170589)
(0.0106944,-0.0111469)
(0.0016052,0.00923788)
(0.0133514,-5.60268e-05)
(-0.0114006,0.0157881)
(-0.00771552,0.00193281)
(0.00258843,0.0141707)
(-0.010573,-0.0139468)
(-0.000272252,-0.00340362)
(-0.0128923,0.00213769)
(-0.00170897,-0.0193967)
(0.0196359,0.00853196)
(0.00290547,-0.00540853)
(-0.0136435,-0.00836412)
(-0.00089548,0.00566493)
(-0.000676661,-0.00631003)
(-0.0147041,-0.0230681)
(-0.0184802,0.0226179)
(0.0145921,-0.00971785)
(-0.00237102,-0.0081689)
(0.00749094,-0.00747938)
(0.012461,0.00191408)
(-0.008415,-0.00468833)
(-0.00017245,-0.0124025)
(-0.000551531,0.0131539)
(0.00660904,-0.00805779)
(-0.00404381,-0.00155077)
(-0.0230103,-0.0160211)
(0.012489,-0.00750337)
(-0.0121048,-0.000711991)
(0.00343103,0.000286572)
(0.00244534,-0.00223629)
(0.00297935,-0.0074214)
(-0.00676163,-0.0144336)
(0.00193177,0.00858811)
(-0.00711903,0.00354642)
(0.0059584,0.00413901)
(0.000103006,0.00284657)
(-0.00816656,0.014064)
(0.0170581,0.00090725)
(-0.00078687,0.0156217)
(-0.00828091,0.016102)
(0.0102561,-0.0096683)
(0.0102469,0.000698032)
(-0.0111539,0.00208023)
(-0.0100875,0.0125296)
(0.0011276,0.00986935)
(-0.00990492,0.00474524)
(0.0197134,-0.00548802)
(-0.0053297,0.00147566)
(-0.000883044,-0.00143725)
(-0.00321586,-0.00825489)
(0.00457185,-0.00398296)
(-0.00562437,0.00257584)
(-0.0158038,-0.00757118)
(0.0223821,0.00759313)
(-0.00357426,0.0065962)
(0.00517558,-0.0016613)
(-0.0247797,0.0105996)
(-0.0148307,-0.00752033)
(-0.00535595,0.020275)
(-0.0047298,0.0027053)
(0.00166705,0.0100131)
(-0.0172683,-0.014934)
(-0.0045908,-0.0136984)
(0.00131923,0.0100926)
(0.0196927,0.000909816)
(0.00727191,-0.00641096)
(-1.08643e-05,0.0106065)
(-0.00418122,-0.000529707)
(0.00363413,0.00152353)
(0.00181271,0.00761617)
(-0.0135186,0.00189233)
(0.0117437,0.000125753)
(0.00528887,0.00190425)
(0.00915375,0.011305)
(0.0122751,-0.0121619)
(0.00891941,-0.00135268)
(-0.00296123,0.000298813)
(-0.00204955,-0.00226151)
(0.0146791,0.00534932)
(0.0137148,0.00680012)
(0.00976771,-0.00433223)
(0.0140735,0.0088957)
(0.0136275,-0.00741586)
(-0.00120051,0.0114952)
(0.0031314,0.0121532)
(-0.00618647,-0.00198046)
(0.00996573,-0.006294)
(-0.00138019,-0.00473358)
(-0.0196356,-0.00693491)
(-0.000741008,-0.00564579)
(0.0213455,0.00172911)
(0.000438166,-0.000745203)
(-0.0189182,-0.00390505)
(-0.00282106,-0.00266522)
(0.0162312,-0.00172877)
(0.00723996,-0.00330265)
(0.0194571,-0.00291389)
(-0.000210286,-0.00418279)
(5.3118e-05,0.00875762)
(0.00676356,-0.00419006)
(-0.0127648,-0.0114687)
(0.0179215,0.00368918)
(-0.0165665,0.0044637)
(-0.00459641,0.00105346)
(0.00469624,-0.000849612)
(0.0071655,-0.00923694)
(-0.00492346,-0.0021492)
(-0.0043733,-0.0222303)
(-0.0147765,-0.0277903)
(-0.00178021,0.0119316)
(-0.00591296,-0.0131733)
(-0.0222769,0.0260775)
(0.00490906,-0.00506567)
(0.0291602,3.1277e-05)
(-0.00933089,-0.014684)
(-0.0125573,0.0236257)
(0.0114495,-0.00164324)
(-0.0103862,0.00878617)
(-0.00351059,0.00687462)
(-0.00283876,0.000233599)
(-0.0109777,-0.00622519)
(0.013647,0.00192309)
(0.00843154,-0.00362563)
(-0.00550653,-0.00140636)
(-0.00584138,0.00237833)
(-0.00771006,-0.0157377)
(-0.00155691,-0.0295058)
(-0.0149783,0.000830515)
(-0.00972559,-0.0356152)
(0.0278358,0.113691)
(0.112567,0.0960218)
(-0.0437384,0.0228876)
(0.0488905,0.0494581)
(-0.113051,-0.101242)
(-0.086347,-0.0488284)
(0.0603086,-0.0197674)
(-0.00796406,-0.0144395)
(-0.0269286,0.0340753)
(0.00427218,0.0102363)
(0.00739645,0.00751812)
(0.00919534,0.00597976)
(0.00169092,-0.00222849)
(0.00973186,-0.00352974)
(0.0143719,0.00601617)
(0.0232021,-0.0123753)
(-0.0113331,-0.00605409)
(-0.00506508,0.00170987)
(0.0177574,0.052969)
(-0.0533605,0.0201085)
(0.202826,0.0631907)
(0.00173498,0.0224523)
(-0.0311075,0.0122187)
(0.0207864,-0.0033824)
(-0.0249724,0.0170317)
(-0.0536485,-0.0399228)
(-0.0121266,-0.059122)
(-0.0195584,-0.0303289)
(-0.0153848,-0.00884337)
(0.00954208,-0.000799573)
(-0.00266451,0.00562491)
(-0.0172766,0.00460553)
(8.49884e-05,-0.00705464)
(0.00746965,-0.0102027)
(0.00119258,-0.0111986)
(0.00904555,0.00367509)
(-0.0050713,-0.00137938)
(0.0050315,0.0334349)
(-0.0503497,-0.00611892)
(-0.0362316,-0.0185706)
(0.0726382,-0.0891547)
(-0.00759807,0.0185755)
(0.0385838,0.00339106)
(-0.019445,-0.0313024)
(-0.000727558,0.0201242)
(-0.0552037,-0.0805478)
(-0.0189364,-0.0521211)
(0.0414009,0.0270449)
(0.0135663,-0.0188006)
(-0.0101859,0.00114121)
(-0.00373131,0.00774854)
(0.0156613,0.00224334)
(0.00013023,-0.000522038)
(-0.000653236,-0.0122375)
(0.00505808,0.0051082)
(-0.0224201,-0.00492408)
(0.0173694,0.00377621)
(0.0327384,-0.000780391)
(-0.00597226,0.00959405)
(0.0699521,0.0017004)
(-0.159554,-0.0477305)
(-0.0422951,-0.107828)
(-0.0558884,0.0234043)
(-0.0447455,-0.0992095)
(0.0429317,-0.0925947)
(0.0369485,0.104263)
(0.0425444,-0.0544028)
(0.00314111,0.0425967)
(-0.00262272,0.0163872)
(-0.00358491,-0.0133262)
(0.00901255,-0.000922686)
(0.00205096,-0.00586319)
(0.00975876,0.0122904)
(0.0136641,-0.0044108)
(-0.0125302,0.00176539)
(-0.000248849,-0.000393433)
(-0.00754842,-0.0125399)
(-0.0184225,0.00267739)
(0.0285611,0.0152486)
(0.0167513,0.00423478)
(-0.0036258,-0.00844889)
(0.022773,-0.0224175)
(0.000771916,0.0172562)
(-0.00963133,0.0522451)
(0.0211047,-0.00683947)
(0.00161725,0.0474704)
(-0.00507193,0.0335632)
(-0.00792454,-0.0242665)
(0.00590899,-0.005547)
(0.0210512,-0.00468374)
(8.04499e-06,-0.00995511)
(0.0122054,-0.000712846)
(-0.00233322,-0.00319504)
(-0.0162515,0.0120717)
(-0.0107828,-0.00399375)
(0.0157765,-0.00632414)
(-0.00532539,-0.0208861)
(-0.00879491,-0.00429878)
(-0.0106457,0.00619401)
(-0.0142902,-0.00737207)
(0.00230552,-0.00157115)
(-0.00549645,-0.00876792)
(-0.0202701,-0.0142704)
(0.00665427,0.00768182)
(0.00417376,0.00491972)
(-0.00831526,-0.00151468)
(-0.00262333,0.00859741)
(-0.0136745,-0.0118385)
(0.0123489,-0.00628524)
(0.00537834,0.0119769)
(0.00436682,-0.00266796)
(0.00606674,-7.9644e-05)
(-0.0100601,0.0123161)
(0.0125934,0.0126882)
(-0.00860625,-0.00189398)
(0.00258916,0.007353)
(-0.00767322,0.0119729)
(0.0136141,0.00589135)
(-0.00747019,0.00739507)
(0.00212324,0.00547638)
(0.00129849,-0.00289528)
(-0.00989613,0.0051412)
(0.00470395,0.0024121)
(-0.00340794,0.00525098)
(0.00334897,0.00314294)
(-0.0107617,-0.0116522)
(0.00462533,-0.0165037)
(-0.0163515,0.0079807)
(-0.00224394,-0.00738932)
(-0.0117787,0.0171096)
(-0.0108931,-0.000627604)
(-0.011044,0.000675454)
(0.0127106,-0.00574404)
(-0.000443365,0.00139891)
(-0.00134817,0.0156028)
(0.00351177,0.000102093)
(0.00237015,-0.00392539)
(-0.00367542,-0.00732638)
(0.0132119,0.013522)
(-0.0105671,-0.00175793)
(-0.00164146,-0.0118676)
(0.0142213,0.0126911)
(0.0100381,-0.00180116)
(0.0103486,0.00121254)
(0.000648548,0.000995152)
(-0.00437669,0.00457833)
(0.00017223,-0.00785108)
(0.0148123,-0.00930942)
(0.000973065,0.00282008)
(0.00915439,-0.00697545)
(-0.00956004,-0.00232928)
(0.00206694,0.00876775)
(-0.0015687,0.0016765)
(0.00249353,0.00190195)
(0.0139932,0.00457956)
(0.0101347,0.00196039)
(0.00876481,0.0120337)
(0.00270587,-0.00770835)
(-0.00380073,0.000939156)
(0.0119066,0.00269856)
(0.00469301,0.00699781)
(-0.00867091,-0.00153764)
(-0.0129327,-0.0120903)
(0.0268274,0.0130445)
(0.0066727,0.00104905)
(0.0182413,-0.000957301)
(-0.0154061,-0.00442095)
(-0.00301877,0.00146775)
(0.0109521,-0.00713897)
(-0.0119859,-0.00368382)
(-0.00166017,-0.0101282)
(-0.00699819,-0.0164082)
(0.00420882,-0.0184693)
(0.0138588,0.00683979)
(0.000339388,-0.00739611)
(-0.0195599,-0.00690612)
(-0.00265997,-0.0128514)
(-0.0024375,-0.00923291)
(0.000570891,0.0460437)
(-0.0145077,-0.0212169)
(0.000799709,0.0110301)
(-0.00850128,-0.00425288)
(0.00458376,0.0190481)
(-0.0239787,-0.00403309)
(-0.00405029,-0.00478377)
(-0.00404265,0.00647738)
(-0.00235255,0.0180481)
(0.00769549,-0.0142813)
(-0.0333048,-0.00512403)
(0.00451632,0.00576189)
(-0.00182842,-0.00686895)
(-0.0107662,-0.0110555)
(4.28413e-05,-0.00247817)
(-0.00371979,0.0159138)
(0.00368281,0.00204631)
(0.00845379,-0.0193149)
(-0.0111637,0.0165208)
(-0.00210785,-0.0179738)
(0.0186763,0.0307034)
(-0.0642531,0.0944968)
(-0.0501631,-0.0459492)
(0.00279148,0.00228077)
(-0.000729807,-0.0180107)
(0.00323383,-0.000271787)
(-0.00228887,0.00479464)
(-0.0716533,0.0872083)
(0.127151,-0.0358398)
(-0.014774,-0.00913891)
(0.0160509,0.0169834)
(0.00087496,0.000817725)
(-0.0166771,-0.00631391)
(-0.00500274,-0.000856467)
(0.00849819,0.000902782)
(0.0119932,0.00767059)
(0.000502528,-0.0145525)
(0.00962258,-0.00421151)
(0.00157798,0.00233033)
(0.00396158,-0.0011027)
(-0.00299812,0.0200111)
(-0.015813,9.93089e-05)
(-0.0221813,-0.0129895)
(-0.00649804,-0.0115058)
(0.0106095,0.013397)
(-0.0171523,-0.0240971)
(-0.00129537,0.0122065)
(0.0292041,0.0166724)
(0.0266456,0.000637485)
(0.00234302,-0.0216798)
(0.00964631,0.0183492)
(-0.0103198,-0.00466156)
(-0.0147273,-0.00568335)
(0.0236569,-0.00748454)
(-0.00729616,0.00149544)
(0.00109704,0.00453348)
(-0.0075214,-0.00533038)
(-0.00516567,-0.00385952)
(-0.00549251,-0.00145619)
(0.0157711,-0.00199238)
(-0.00636054,0.0078238)
(-0.00638878,-0.0141617)
(0.0266184,0.0222849)
(-0.00521415,-0.00564325)
(0.0111086,-0.00931394)
(0.0118999,-0.000601632)
(-0.0236158,0.011662)
(-0.0131357,-0.0245332)
(-0.00982645,-0.0131651)
(0.0170907,0.00175191)
(-0.0122962,0.026847)
(-0.00101016,-0.00754527)
(0.0054265,0.00993382)
(-0.0144453,0.00480082)
(-0.00800961,-0.00276875)
(0.000671115,-0.0123459)
(-0.00846209,0.0145715)
(0.025604,-0.0130874)
(-0.00397655,0.00290405)
(0.00586472,-0.00937461)
(-0.0238825,0.00920419)
(-0.0466869,0.108212)
(0.0229646,0.013929)
(-0.0270881,0.00277751)
(0.00864124,0.0284136)
(0.00028635,-0.0237661)
(0.00548219,0.020838)
(-0.0363329,-0.0417576)
(0.104231,-0.00773128)
(-0.00921697,-0.0101174)
(-0.00208605,-0.0123163)
(-0.00608466,-0.00515497)
(-0.0103484,0.00532225)
(0.00531678,0.00842393)
(0.000581152,0.00906339)
(-0.000975392,-0.0123294)
(0.0135658,0.00981866)
(-0.00490812,0.0004748)
(-0.0143815,0.00923186)
(0.0303587,-0.00646821)
(0.00143279,0.0139188)
(0.0241027,-0.00985571)
(-0.0210082,-0.00426718)
(-0.00176919,-0.0170245)
(-0.00252473,-0.00471213)
(0.0155401,0.0196499)
(-0.0118898,0.0172201)
(0.00875083,0.00172912)
(-0.0393394,0.00194849)
(-0.0118054,0.00298743)
(-0.00248073,0.00464022)
(-0.00510954,-0.00994335)
(-0.00609191,0.00373537)
(0.0196567,0.0110625)
(0.000123571,0.00844108)
(0.0159537,-0.00424081)
(-0.00879465,-0.0073765)
(-0.00635373,0.0108799)
(-0.0156292,0.00657703)
(0.00547527,-0.0126502)
(-0.00343179,0.0104121)
(-0.00279591,-0.00471582)
(0.00191259,-0.0111887)
(0.0131129,0.0120587)
(-0.00226863,0.0185729)
(0.00521866,-0.0163045)
(-0.0219092,-0.00441203)
(-0.00537417,-0.00675915)
(0.000624162,0.00698256)
(0.00551895,-0.000254865)
(-0.00404448,0.0142242)
(-0.00327894,0.00428032)
(-0.0116354,0.000716364)
(-0.012313,0.00406458)
(0.000760827,0.0021861)
(-0.009483,0.00515534)
(0.00141248,0.000842871)
(0.00465522,-0.00113576)
(0.00456098,0.00816422)
(-0.0166914,-0.00461006)
(-0.000396273,0.00711665)
(0.00291156,-0.00506825)
(-0.00391169,0.0168082)
(0.00246941,-0.00221855)
(0.00578679,0.00310542)
(-0.0052429,-0.014374)
(0.00521289,0.00535603)
(0.00473677,-0.0120813)
(-0.0152888,0.0093259)
(-0.00346713,0.00678295)
(-0.00236663,-0.0130801)
(0.00124134,0.0020445)
(0.00286087,0.00165798)
(-0.00550267,-0.00613329)
(-0.00947216,-0.0085839)
(-0.00842309,-0.000555168)
(-0.00722452,0.00400923)
(-0.00362848,-0.000697749)
(0.00416982,-0.0102729)
(-0.0150642,-0.00256777)
(0.00144881,-0.00376865)
(-0.000529279,0.00368098)
(0.0076353,-0.00352258)
(-0.0128906,0.0133994)
(0.00277961,0.00665233)
(-0.00524501,0.00604759)
(0.0178722,0.00182397)
(0.00671408,-0.00943605)
(-0.000333256,-0.00251405)
(0.00430306,-0.00330585)
(-0.000744783,0.0188924)
(0.00741288,-0.00169661)
(0.0123357,-4.37374e-05)
(0.0033001,0.00219112)
(0.0043294,0.00479187)
(-0.0150635,-0.0113961)
(0.00549797,-0.00656045)
(-0.0124944,-0.00665951)
(0.0096893,0.00380285)
(-0.000572918,0.00308676)
(0.0027485,0.00607046)
(0.00430221,0.0203727)
(0.00417349,-0.000525373)
(-0.00908287,0.0123475)
(0.00550483,0.00655689)
(-0.0254721,-9.07969e-06)
(0.000186048,-0.00622641)
(-0.00233082,-0.0049718)
(0.00551406,0.00374966)
(0.00117699,0.00276933)
(-0.00244425,-0.00145295)
(0.00921372,-0.0132433)
(0.0118233,-0.00129226)
(-0.0104772,-0.00590799)
(0.00506818,0.000305728)
(-0.0100063,-0.00763864)
(0.011312,-0.014054)
(0.0022222,-0.00775354)
(-0.0023027,-0.00614952)
(0.0266721,0.00210675)
(0.00279952,0.0184209)
(0.021309,0.00699076)
(-0.00559158,-0.0405185)
(0.00258309,0.0212543)
(-0.00875978,-0.00205077)
(0.00327863,-0.0237167)
(-0.00734175,0.00647638)
(-0.0185688,0.00260793)
(-0.0137276,-0.00550538)
(0.0149957,-0.00218199)
(0.0103008,0.00641825)
(-0.0186106,-0.00210946)
(0.00137513,-0.0046028)
(0.00648822,-0.00539613)
(0.0127213,-0.00495444)
(0.00704142,0.00119297)
(0.00056167,0.00794658)
(0.0121694,0.00587755)
(0.00923405,0.0102973)
(0.0233474,0.00461254)
(-0.0117641,-0.023535)
(-0.102685,-0.0941519)
(-0.0492614,-0.104454)
(-0.00740755,-0.0191201)
(0.0009604,0.00801078)
(0.031532,0.0194492)
(-0.00308948,-0.0202222)
(-0.0222444,0.0538374)
(-0.0194837,-0.00131686)
(0.017447,-0.00956276)
(-0.0230456,-0.01562)
(-0.000422412,-0.00864153)
(0.0164011,-0.0094508)
(-0.00775091,-0.00571787)
(0.00755295,0.00468025)
(-0.00492536,0.0126567)
(0.00641613,0.0103939)
(0.00447608,-0.0127259)
(-0.0160447,-0.0108249)
(-0.0121051,0.0126504)
(-0.00186796,0.00597616)
(-0.0427481,0.00662325)
(0.0272981,0.0213681)
(-0.00867125,0.00157143)
(0.00496492,0.000272267)
(-0.0108437,0.0167643)
(-0.0151422,0.0138954)
(0.0146393,0.0133693)
(-0.0173162,-0.00346077)
(0.00824879,-0.0340174)
(0.00607714,-0.0148322)
(0.0157345,0.00640131)
(0.00521286,-0.0112046)
(-0.0091291,-0.00146673)
(-0.00188049,-0.0105772)
(0.00126831,0.00290855)
(-0.00457534,0.00291895)
(-0.00289756,-0.00600482)
(-0.00346177,0.0044762)
(0.00511369,0.0176457)
(0.00566622,-0.00169045)
(-0.009937,0.00875244)
(0.00104495,0.0297439)
(-0.0109209,-0.0190815)
(0.021555,-0.00784856)
(0.0153083,0.00685103)
(-0.00125567,-0.00361826)
(0.00894516,0.0133323)
(-0.0358102,-0.00208237)
(-0.00844474,-0.00912583)
(0.0179326,0.0211795)
(-0.0189942,-0.00350618)
(-0.00752036,0.000584678)
(-0.00683197,-0.0145544)
(-0.00344186,0.00409615)
(0.00489923,0.00419258)
(0.00476032,0.000915757)
(-0.0127245,0.000793226)
(0.0010341,-0.00979092)
(-0.0483413,-0.0237051)
(-0.0099061,0.000241817)
(-0.166705,0.00921946)
(0.0952002,-0.00839696)
(-0.0144077,0.0111835)
(0.0110523,0.00554372)
(-0.0145841,0.0110742)
(0.0103092,-0.00936007)
(-0.066488,-0.121241)
(0.0600128,-0.0401653)
(-0.00605105,-0.0177)
(-0.0165808,-0.0186003)
(-0.0052042,-0.0151029)
(0.00988149,0.00828946)
(-0.00173433,0.00102827)
(-0.00941341,0.00634827)
(-0.00598274,-0.00927021)
(-0.00515872,0.00576594)
(0.0127966,0.00949784)
(0.0117405,-0.00120361)
(0.00701994,-0.0127716)
(0.000670068,-0.0269789)
(-0.0374071,-0.0332098)
(-0.0254422,0.00933167)
(0.0357873,-0.00119363)
(-0.00596328,0.0242862)
(0.0200056,-0.0374307)
(-0.0331735,0.00774162)
(0.0158537,-0.0161172)
(-0.000213471,0.00473359)
(-0.00769092,0.0140256)
(-0.00403063,0.00569253)
(-0.0152576,0.000696516)
(0.00240681,0.0081865)
(0.00102637,0.00960323)
(0.00196804,0.0159642)
(0.0027657,-0.00842448)
(0.00834257,-0.00978164)
(-0.00706549,0.0110522)
(-0.000462294,0.00377474)
(0.0217056,-0.00132836)
(-0.0121451,0.00328028)
(0.000907202,0.00586929)
(0.00878665,-0.00862157)
(-0.000452665,-0.00830159)
(-0.0146911,0.00465964)
(0.0258612,-0.00771455)
(0.00365405,-0.000925461)
(0.0174408,0.00496318)
(-0.0112307,-0.00146979)
(-0.0193038,0.00670648)
(0.0038837,0.00430185)
(-0.00482386,-0.00872521)
(-0.00457587,0.0076407)
(-0.00176844,0.0184031)
(-0.00112574,-0.0121065)
(0.00291588,-0.003708)
(-0.00325336,0.0012564)
(-0.00291536,0.00203434)
(-0.00436122,0.0145812)
(-0.0126262,-0.00517915)
(-0.00302318,0.00474935)
(-0.000420957,-0.00944373)
(-0.000526768,-0.00244549)
(0.0127856,0.00558625)
(-0.00150545,0.00478807)
(-0.00568947,-0.0130853)
(0.00596859,-0.0130534)
(-0.00794134,-0.0108457)
(-0.0156816,-0.0120825)
(0.00197938,0.00619133)
(0.00376829,-0.00372915)
(-0.0147916,0.00751583)
(-0.0100551,-0.00442171)
(0.00260335,0.000269312)
(0.00228298,-0.00599426)
(0.00815884,-0.00138878)
(-0.00661119,-0.00975444)
(0.0105247,-0.000356469)
(-0.000372856,0.000788152)
(-0.00220831,-0.0111678)
(0.00314113,0.00318698)
(0.00321596,-0.000950206)
(0.0115061,-0.000344465)
(0.00120359,0.00205979)
(-0.00440709,-0.00571604)
(0.00271541,-0.0064646)
(0.00345878,-0.00361917)
(0.00616848,-0.0134963)
(0.00682502,0.00117718)
(0.0144155,0.00075752)
(0.00172689,-0.0144629)
(0.00177311,-0.00844961)
(0.0113392,0.00585392)
(0.00472019,0.00641486)
(0.00561967,-0.00604079)
(-0.00648143,0.00987079)
(0.00972023,0.00727106)
(0.0120304,-0.0139491)
(-0.0019822,0.00652755)
(0.00197989,-0.000721088)
(0.00950912,0.0157574)
(-0.00279296,0.000241936)
(0.00320957,-0.0135115)
(0.0040733,0.00589622)
(-0.0161542,-0.00359077)
(-0.00648926,-0.0103586)
(-0.00632623,0.000713818)
(-0.010423,0.00459386)
(0.00109579,0.00212187)
(0.00543202,-0.000761772)
(-0.00529758,0.0185014)
(0.00385546,-0.0193183)
(0.000980419,-0.0192118)
(-0.00444167,0.00670288)
(0.0162509,-0.0120762)
(-0.00270227,-0.00828166)
(-0.00266982,-0.00950602)
(-0.00265561,-0.00481581)
(0.00899557,0.00179042)
(-0.0117262,-0.0195439)
(0.00456092,0.00326909)
(0.0145976,0.0400002)
(-0.0305071,0.00443168)
(-0.00688523,0.0200136)
(0.0358083,0.0284173)
(0.0017521,0.0140882)
(0.00291796,0.0277511)
(0.0189865,0.00612137)
(0.000170678,-0.0198951)
(-0.0121804,0.0173497)
(0.0315176,-0.0222391)
(-0.00355673,-0.0147892)
(0.00416704,0.00930262)
(-0.0076582,-0.00875178)
(-0.00798441,-0.00341523)
(0.0137499,-0.00222138)
(0.0115367,-0.0111661)
(-0.0169198,-0.00165072)
(-0.00847507,0.0102307)
(0.0175138,0.0422359)
(-0.01258,0.00220517)
(0.0571209,-0.00255963)
(0.0354857,-0.00303047)
(-0.04629,-0.102216)
(0.127663,0.00510442)
(-0.0394809,-0.0263611)
(0.0131976,0.0114778)
(-0.0194254,-0.0726827)
(-0.0140739,0.0820456)
(0.0300941,-0.0102414)
(0.0111874,-0.0200672)
(0.00123724,-0.00175123)
(0.00676053,-0.009463)
(-0.0105197,0.00145379)
(-0.00574888,-0.0027949)
(-0.00244461,-0.00519269)
(-0.0108504,0.00974587)
(-0.000597829,-0.0124558)
(-0.0084366,-0.00674472)
(0.017306,-0.00364771)
(-0.0408988,0.0139333)
(-0.00668672,-0.061171)
(0.0663874,0.0308999)
(-0.00840962,-0.00737584)
(-0.0284482,-0.0162799)
(-0.00978098,0.0302358)
(0.0139349,-0.0418223)
(-0.0482787,0.0439404)
(-0.0145196,0.0657349)
(-0.00760849,-0.0268237)
(-0.00267425,0.0114586)
(0.00762091,-0.0119719)
(0.0162168,-0.0139536)
(0.00710862,-0.00102784)
(0.00828389,-0.0118631)
(0.00608983,-0.00699693)
(0.00593592,0.0156915)
(0.0151242,-0.00498768)
(-0.0133047,0.00602225)
(0.0152758,-0.0129858)
(-0.00886923,0.0275445)
(-0.119394,-0.0527441)
(-0.0300897,0.00344362)
(-0.031672,-0.0165256)
(-0.0101588,-0.00747965)
(-0.0115837,0.000653503)
(-0.0164919,0.000453989)
(0.0435773,0.0440015)
(0.0636978,-0.0828289)
(-0.000968739,-0.0132679)
(0.0296227,0.00135706)
(-0.00225508,-0.0137831)
(-0.00504944,-0.00709082)
(-0.00243099,0.00261742)
(0.0142406,0.00334324)
(0.00529038,-0.0186865)
(-0.00743522,0.00494567)
(-0.0155695,-0.00887929)
(-0.00588433,-0.000307605)
(0.0379408,0.0188521)
(-0.00128458,0.00199563)
(-0.0219318,-0.0584952)
(-0.0112614,0.0260438)
(0.0300908,-0.0412536)
(0.0589635,-0.0161681)
(-0.0031323,0.0430944)
(0.0303461,0.0321364)
(-0.00621785,-0.00152993)
(0.0570382,-0.0135384)
(-0.0121523,0.00498758)
(-0.0131167,0.0167027)
(-0.00684567,0.00500806)
(0.00380438,0.00700161)
(-0.00118708,-0.0190322)
(0.00478083,0.00853621)
(0.000671947,-0.0178807)
(0.0102659,-8.70547e-05)
(0.000355111,-0.00630704)
(-0.00596151,-0.000131894)
(0.0147405,0.00946626)
(-0.010154,0.00483495)
(0.0225098,0.00545209)
(-0.0115943,-0.00241958)
(0.0165876,-0.0141206)
(-0.000567682,0.00178949)
(0.017628,0.000235229)
(0.0333656,0.00333545)
(0.0112261,0.0287112)
(-0.0173168,0.000673895)
(-0.0138179,-0.00318383)
(-0.00847999,0.00821257)
(0.00149521,-0.0298241)
(-0.00142317,-0.00545164)
(-0.0106721,0.00775218)
(0.012913,0.00889181)
(0.00499462,-0.0157232)
(-0.00778816,0.00165846)
(0.0151326,-0.0196564)
(-0.00502869,0.0175861)
(-0.00795124,-0.00343991)
(-0.00110264,-0.00817626)
(0.00404495,-0.00712114)
(0.00295348,0.0214733)
(0.00179166,0.0179007)
(0.000152641,0.0118172)
(-0.00736331,-0.00922117)
(0.00126821,-0.00865344)
(0.0197319,-0.010419)
(0.00197894,0.00676607)
(0.017776,-0.0168875)
(-0.0064714,-0.00285857)
(-0.00141484,-0.00863655)
(0.00265661,-0.00440319)
(0.00285124,0.0090795)
(0.00515598,-0.00553468)
(3.83002e-05,-0.0104921)
(0.0151133,-0.0041537)
(-0.00253176,-0.00979337)
(-0.0110123,0.0151908)
(-0.00062623,-0.0080308)
(-0.00896538,0.00799982)
(0.00947162,-0.00497984)
(0.00224946,0.00543486)
(-0.00920884,0.000561417)
(-0.00146217,0.00027876)
(0.0149807,-0.00996947)
(-0.000864538,-0.00249913)
(-0.00538191,-0.0087727)
(0.00928784,0.00515254)
(0.0158923,0.00351921)
(-0.00781356,0.00307957)
(0.00629708,-0.00396069)
(0.00762283,0.00888184)
(0.0026313,0.00215187)
(-0.014926,0.0123399)
(0.000136527,-0.00327578)
(-0.0142478,0.00188737)
(-0.0182199,0.00179572)
(0.000739627,-0.0138097)
(-0.00053006,0.00891572)
(-0.003162,-0.00268214)
(-0.0036106,-0.0101091)
(-0.00240608,0.00868421)
(0.00264852,0.0212962)
(0.00157433,0.0116275)
(0.00117502,0.0079482)
(0.00882183,0.000422762)
(-0.000105215,0.00331127)
(-0.0128648,0.0161232)
(0.00271806,0.00747759)
(0.0185379,0.00686985)
(0.0115599,0.00315019)
(0.017343,0.00699899)
(0.00031116,-0.00390567)
(0.0152634,0.00537444)
(-0.00849555,0.00949275)
(-0.00401142,-0.00461601)
(-0.0129359,0.00383806)
(-0.00170275,0.0168021)
(0.00608188,0.00314758)
(-0.000536067,0.00398508)
(0.014077,0.0162618)
(0.00881725,0.00900623)
(0.000367033,-0.00172406)
(-0.00184564,0.00885808)
(-0.012698,0.00976656)
(-0.0068048,0.0133185)
(-0.00521092,0.00719048)
(0.00643862,0.00480693)
(0.000971462,-0.00450975)
(-0.0117941,-0.00109865)
(0.00237477,0.0103092)
(-0.000470461,-0.00358251)
(-0.0144984,-0.00383927)
(0.0199029,-0.0206034)
(0.00291656,0.00607764)
(0.000443495,-0.0241168)
(0.00624137,-0.00181369)
(-0.00424105,0.00726067)
(0.00692047,-1.06598e-05)
(0.0104151,0.0149)
(-0.0248412,-0.0081489)
(-0.0119264,0.00195889)
(0.00592522,0.00801495)
(-0.0224584,0.00300404)
(0.00580843,0.0142159)
(-0.0306602,-0.0190351)
(-0.00455262,0.0243151)
(0.0246209,-0.00823926)
(0.00723559,0.0047293)
(0.00612722,0.0112129)
(-0.0072918,-0.0186453)
(0.00730675,-0.00646557)
(-0.00852353,-0.000156482)
(-0.000334484,-0.0141201)
(0.0036077,0.00816036)
(-0.0134169,-0.00094329)
(0.00387672,-0.00377248)
(3.88091e-05,-3.30429e-05)
(-0.0450275,-0.00823452)
(0.00730608,-0.0127445)
(0.0109721,0.0350735)
(-0.0344353,-0.00261389)
(0.0078456,-0.00257986)
(0.0378404,0.0362861)
(0.00899702,-0.00523022)
(-0.00397384,0.0196721)
(0.01889,0.00959387)
(-0.00377794,-0.0284845)
(0.0233077,0.017866)
(0.0197446,-0.014879)
(0.00848258,0.00787637)
(0.00187584,0.0170371)
(0.00737599,0.00543398)
(0.00638233,-0.00622625)
(-0.00121047,-0.00899248)
(-0.00694151,-0.00120818)
(-0.00492897,-0.0225297)
(0.00208196,-0.000234162)
(-0.015368,-0.0034353)
(-0.0105748,-0.0121689)
(0.0202611,-0.0409227)
(-0.0100031,0.0168423)
(-0.0137994,0.00747564)
(-0.0419895,0.00868467)
(-0.0211382,-0.0125351)
(-0.0189572,-0.00135994)
(-0.0234736,-0.0363262)
(-0.0121382,0.0256291)
(-0.00335596,-0.0126939)
(0.00166984,0.0118553)
(0.0174729,0.0198712)
(-0.00757942,-0.012222)
(-0.00030485,-0.00194387)
(0.0014847,-0.00191331)
(0.00511448,0.00969617)
(0.00522874,0.00414978)
(-0.0104489,-0.0264789)
(-0.00906097,0.0107307)
(0.0176347,0.00487525)
(0.00541171,0.0123267)
(0.0217371,-0.0283054)
(-0.00456531,0.00987947)
(0.0146404,-0.000178289)
(0.00432987,-0.0076228)
(-0.00808363,0.00505713)
(-0.0171747,0.00640611)
(0.0295743,-0.000147818)
(0.00941796,-0.00103835)
(0.00813117,-0.00818742)
(-0.014292,0.00803308)
(0.00307814,-0.00501064)
(-0.00195541,-0.00224403)
(0.00517431,-0.0011172)
(0.00220987,-0.00815446)
(-0.00702431,-0.00802985)
(-0.00785333,0.00317757)
(-0.00415362,-0.0282728)
(-0.00234051,-0.00719139)
(0.00304862,0.0052174)
(0.000833688,-0.00497275)
(0.0225772,-0.00183451)
(-0.000732117,-0.00654052)
(0.00375318,-0.0044465)
(-0.0059136,-0.000941896)
(-0.0246319,-0.013438)
(0.0165895,-0.00117391)
(0.00324082,0.0131059)
(0.00282272,0.0108845)
(-0.0156418,-0.00379711)
(-0.0131627,0.0139303)
(-0.00628939,-0.0100847)
(0.00387812,-0.00675751)
(-0.00380158,0.00170364)
(-0.00309506,0.0172784)
(0.00420246,-0.00154606)
(0.00375659,0.0109131)
(0.00524315,-0.0128312)
(-0.00107882,0.0112309)
(-0.00444699,-0.00563024)
(-0.0176744,-0.00634491)
(-0.00306792,-0.00560263)
(0.00535332,0.0116659)
(-0.0101846,-0.00916093)
(-0.013019,0.000892816)
(-0.0112833,-0.0198852)
(0.0101693,-0.00801594)
(-0.00305622,-0.00161207)
(-0.0134507,0.00346472)
(0.0176698,-0.0217789)
(-0.00860661,-0.00102982)
(-0.00303191,-0.00115475)
(-0.00375235,0.00765171)
(0.00348805,0.0234341)
(0.0042195,-0.00274296)
(0.0120693,0.00706493)
(0.00333405,0.0220058)
(0.00372772,0.00775372)
(0.0122006,0.0170971)
(0.00313386,-0.00767465)
(-0.0128255,0.00821662)
(0.00195955,0.00189853)
(0.00397573,-3.74232e-05)
(0.000381973,0.0077422)
(0.0165211,-0.00592518)
(0.0178588,-0.0197999)
(-0.0097878,-0.00718604)
(-0.00397255,0.0049413)
(0.00518374,-0.00675351)
(-0.00228983,-0.0205416)
(0.0113293,-0.00189121)
(-0.00611107,0.0158486)
(0.0178365,-0.00209929)
(-0.00379337,0.00524566)
(-0.00140019,0.00646169)
(-0.000543806,-0.010128)
(0.00527642,0.0099155)
(0.00334798,-0.00353373)
(-0.00365704,-0.00125625)
(0.000464715,-0.00447454)
(-0.00734559,-0.0100937)
(-0.00298132,-0.00575722)
(-0.00325709,-0.00271163)
(0.00778681,-0.00600761)
(0.00435116,0.00710163)
(-0.00331458,-0.00251863)
(0.00813985,-0.00921716)
(0.022806,-0.0131466)
(0.00623127,0.0026945)
(-0.00777945,0.00265968)
(-0.00278391,-0.00133516)
(0.00924502,0.00570021)
(0.0139854,0.00864689)
(0.00631722,0.00843074)
(0.0155361,0.0013733)
(-0.00507379,0.0103322)
(0.00274063,-0.000993154)
(-0.0149407,0.0112213)
(-0.00356568,-0.00228447)
(-0.0141903,0.00353625)
(0.00665137,-0.0051807)
(-0.0122531,0.00259962)
(0.000900972,0.0060318)
(0.00304658,-0.00643183)
(-0.00619135,-0.00853744)
(0.000298274,0.00369061)
(-0.0233897,0.000427707)
(-0.00465072,-0.001282)
(-0.00604154,-0.0162149)
(0.0124316,-1.20181e-05)
(0.0104925,-0.0132784)
(0.000589711,-0.00556189)
(0.00065208,0.00638207)
(-0.000371989,0.000268451)
(-0.00390415,0.0024856)
(-0.00800986,0.00787233)
(-0.002298,-0.00515822)
(-0.0146584,-0.0114609)
(0.00703754,-0.00609706)
(-0.0133149,0.00801163)
(-0.00704242,0.010665)
(0.00320739,-0.00759889)
(0.00580617,0.00587171)
(0.0104769,0.00177245)
(0.00500457,0.00212521)
(-0.00605362,-0.00476409)
(0.0122708,-0.00408925)
(-0.00884732,-0.00320178)
(-0.00997544,0.0175811)
(0.000331006,0.00142976)
(0.000197773,-0.00945873)
(-0.00503141,-0.00867228)
(0.011505,-0.0153668)
(-0.00986496,0.00986757)
(-0.00132924,-0.00655792)
(-0.00648372,-0.00206162)
(-0.00691785,-0.0082552)
(-0.00995599,0.000977238)
(-0.0100967,0.00133499)
(-0.00548395,-0.00364388)
(0.0186085,0.00430219)
(0.00186667,-0.012728)
(0.0138689,0.0130509)
(-0.00522661,-0.00935223)
(-0.0236447,0.00865474)
(-0.00661853,-0.00459805)
(-0.00722047,0.00267922)
(0.000195832,-0.0180063)
(0.00114011,0.019674)
(-0.000292583,-0.00725995)
(-0.00440056,0.00917841)
(-0.0119684,0.00665735)
(-0.00796366,-0.00756864)
(-0.000297846,-0.00249092)
(0.0101146,-0.0063624)
(-0.00291636,-0.0125473)
(-0.00817966,-0.0127266)
(0.00370516,-0.00292042)
(0.00513713,-0.000174342)
(-0.00698864,-0.00802631)
(-0.00558126,0.00463269)
(-0.0175443,-0.00861509)
(-0.0119783,0.00618878)
(-0.00314939,-0.0115824)
(-0.00847785,0.00688695)
(0.0112406,0.000225395)
(-0.00534945,-0.00977651)
(0.00542302,-0.00720282)
(0.00427872,-0.024417)
(0.0113276,0.00720312)
(-0.001481,0.00843942)
(-0.0103899,0.00279981)
(0.000834058,0.00626044)
(-0.0112804,-0.00741321)
(-0.0126261,0.00197953)
(0.00516828,-0.00927749)
(-0.00716825,-0.0153236)
(0.00746499,0.00506458)
(-0.0150039,-0.00188574)
(-0.00600522,-0.0245492)
(-0.0048039,0.00330448)
(-0.0170097,-0.00965603)
(-0.00950665,-0.00827292)
(-0.00214823,-0.0164652)
(0.00989707,-0.000118371)
(-0.00057434,-0.0131087)
(-0.00753872,0.000709069)
(-0.00542328,-0.0103829)
(0.00701023,0.0158404)
(0.00954245,-0.0104613)
(-0.0126076,0.0106828)
(0.00846476,-0.00343365)
(-0.0122115,0.0073962)
(0.00453311,-0.0127653)
(0.00179936,-0.000873058)
(-0.00791163,0.00407929)
(0.00244599,-0.00778961)
(0.0157657,-0.00246363)
(0.000335511,0.00768634)
(0.0102658,-0.00123378)
(0.00755325,-0.00779809)
(0.000692091,0.000138614)
(0.0170257,0.0138636)
(0.00402422,0.0121003)
(-0.0206176,0.0142066)
(0.0101901,-0.00514777)
(0.00726582,0.00461107)
(0.00182668,0.00935414)
(-0.00594592,0.00796958)
(0.00150499,0.0019752)
(-0.000292476,0.00841634)
(-0.0132555,-0.00894811)
(-0.00170064,0.00423317)
(0.00160359,-0.0154091)
(-0.00634406,0.00300978)
(0.00460143,-0.0199283)
(-0.000402627,0.000893655)
(0.00103561,-0.0197688)
(0.00440266,-0.00617578)
(0.00417357,-0.00596944)
(0.00146167,-0.0088613)
(0.00392187,-0.000647492)
(0.00126393,-0.00691483)
(-0.0213478,0.00395094)
(0.0148741,-0.0153797)
(-0.00966792,-0.00418232)
(-0.00792508,0.00327133)
(-0.00962846,0.00741256)
(-0.000268965,0.0130601)
(-0.00182982,-0.011392)
(0.00339487,-0.003216)
(-0.0125892,0.00735771)
(0.00867096,0.0179378)
(0.00976556,-0.000407364)
(0.00296,-0.00371186)
(0.00643173,-0.00742726)
(-0.00146544,0.0120407)
(0.00127951,-0.00444492)
(0.00349413,0.00654223)
(0.0030033,-0.00244996)
(-0.00466951,-0.00789975)
(0.0054825,-0.0165969)
(-0.00690711,0.00998886)
(-0.00343143,0.00920699)
(0.00869218,0.0102848)
(-0.00276534,-0.00783961)
(0.00232767,0.0151132)
(0.0120449,0.00627745)
(-0.0120845,0.00150277)
(-0.0185224,-0.0064234)
(0.00402304,0.0210999)
(-0.0090444,0.00833765)
(-0.00509189,0.0116914)
(-0.00693597,-0.00650443)
(-0.0130338,0.00715177)
(0.0121781,-0.00755672)
(0.00367377,0.0213083)
(0.0176989,-0.0129241)
(-0.0131368,0.0180069)
(0.00741609,-0.0143036)
(-0.00609114,0.0106242)
(-0.00423281,-0.0015114)
(-0.00425381,-0.000631809)
(0.00644384,0.000998086)
(-0.00305734,0.0136143)
(0.00238945,-0.00438849)
(0.0025975,-0.00660856)
(0.00317737,0.00409845)
(-0.00930822,0.00658097)
(-0.00565482,-0.00162107)
(-0.00812572,-0.00508086)
(0.0183403,0.00514335)
(0.000487084,0.00234527)
(0.00799853,0.0052594)
(0.00260814,0.00165004)
(0.00738556,-0.00557148)
(-0.00099028,0.00704297)
(0.0200787,-0.0149403)
(-0.0138359,-0.00732711)
(0.0033615,-0.00519654)
(-0.010224,-0.00357971)
(0.0043088,-0.00903535)
(-0.0110742,0.0122627)
(-0.00952523,-5.93746e-05)
(0.00552593,-0.0169064)
(0.00424966,-0.00651605)
(0.00160019,0.0111684)
(0.00113813,0.00495624)
(0.00352359,-0.0113612)
(0.0168541,-0.000315308)
(0.000226397,-0.00780401)
(0.00689973,-0.0153079)
(0.00665181,-0.00611148)
(-0.01335,-0.00143518)
(0.00645033,0.00162817)
(-0.00209584,0.0161432)
(-0.0090126,-0.00592106)
(-0.00328461,0.0141331)
(0.000704617,-0.00768517)
(-0.0166737,0.0179713)
(0.000323141,0.00253432)
(-0.00226571,-0.00441889)
(-0.00457523,0.000406939)
(-0.000576982,0.0091179)
(-0.00268123,-0.0119018)
(0.00670371,0.000714552)
(0.00399897,0.000156767)
(-0.00970971,0.0156389)
(-0.00743129,0.00491151)
(-0.00315537,-0.000250894)
(0.00123321,-0.00534224)
(0.00418386,-0.00200207)
(-0.00983073,0.0040663)
(-0.00958898,0.00139853)
(0.00480303,-0.00264977)
(0.00343027,0.0114849)
(0.00601739,-0.000290237)
(-0.00404169,0.0141713)
(-0.00901625,0.00404365)
(-0.00275524,0.0131797)
(0.0115162,0.00246265)
(-0.0123114,-0.00776305)
(0.00386763,0.00305735)
(5.62771e-05,0.00479622)
(-0.00690554,-0.00384184)
(-0.0090503,-0.00182969)
(-0.00632406,0.000640934)
(0.0108081,0.0093174)
(-0.000925937,0.0156412)
(0.00176028,0.01122)
(-0.00663884,0.00311754)
(-0.00824714,-0.00829283)
(-0.00414637,-0.00889035)
(0.00720838,0.0115198)
(0.00137026,-0.00851973)
(-0.00403183,-0.00327126)
(0.00556795,-0.00841986)
(-0.00357047,-0.0131499)
(0.00202859,-0.00867193)
(-0.00597936,-0.000832825)
(-0.00725849,-0.00270067)
(-0.00775251,4.03575e-05)
(-0.000332235,0.010314)
(0.00581507,-0.00279324)
(0.00313187,-0.00391074)
(0.00272057,-0.0172032)
(-0.00305877,0.00822998)
(-0.00795672,0.00491825)
(0.00172559,0.0136927)
(0.00556537,-0.00232702)
(-0.00377289,0.00157209)
(-0.00277722,-0.000456594)
(0.00437138,-0.00732441)
(-0.0112962,-0.00576074)
(-0.00660975,-0.00920407)
(0.00319216,-0.0086814)
(-0.00619723,0.0087454)
(-0.00137664,0.0101458)
(-0.0182075,0.0100458)
(0.00716817,-0.000333797)
(-0.000144691,0.00323954)
(0.00411491,-0.0139542)
(0.000408301,-0.0103344)
(-0.0121972,0.0039489)
(-0.00900611,-0.00354206)
(-0.00744393,0.00481004)
(-0.0104632,-0.00846958)
(-0.00309404,-0.00283189)
(0.00651358,0.00703614)
(-0.00934084,-3.65682e-05)
(-0.00812341,-0.000810577)
(-0.00363314,-0.00926929)
(-0.00860259,-0.00736123)
(-0.000601784,-0.0157174)
(0.00369795,-0.00793153)
(0.00135552,-0.00836127)
(-0.00903892,0.00203461)
(0.00290751,0.00340554)
(-0.00700934,0.0067136)
(0.00556152,-0.00340235)
(0.00541168,-0.0146796)
(0.000750537,-0.00228527)
(-5.31151e-05,-0.00863841)
(0.000820744,-0.00252406)
(0.0012602,-0.00404246)
(-0.00326741,-0.0126272)
(0.0117153,0.00447741)
(0.0019516,-0.000605041)
(-0.00910687,0.00189221)
(0.0171037,0.00946277)
(0.000199696,-0.0056442)
(0.0083853,-0.00209033)
(-0.00291638,0.0144269)
(0.00275266,0.00589233)
(-0.015384,-0.000724274)
(0.0100552,-0.00398287)
(-0.00643367,-0.000417375)
(0.012568,0.00715206)
(0.00371712,0.0013047)
(-0.0105588,0.00651552)
(-0.00750094,0.000779392)
(0.0214921,-0.00347088)
(0.0139492,-0.00833107)
(-0.0065459,0.00566014)
(0.00804004,0.00137539)
(0.00244694,0.00489756)
(-0.00535366,0.0111264)
(-0.00196894,0.00863363)
(-0.0061993,0.00108164)
(-0.0111118,-0.00140771)
(-0.0165296,0.00400916)
(0.00956001,0.00153432)
(0.000252522,0.0103145)
(0.0110238,-0.0034974)
(-0.00534275,0.00260549)
(0.0121872,-0.00913016)
(0.00681878,0.00879318)
(-0.00356685,-0.00569121)
(-0.00786352,0.0103807)
(0.0117084,-0.0120135)
(0.00504854,-0.0124924)
(-0.00285455,-8.66719e-05)
(0.00207571,-0.00767761)
(0.0127013,-0.00339289)
(-0.0111821,-0.00215768)
(-0.0137976,-0.00083714)
(0.0219484,-0.0115971)
(0.00437754,0.00619367)
(-0.0108059,-0.0130041)
(0.00675944,5.57167e-06)
(-0.00699808,-0.0029887)
(-0.0201859,-0.00542077)
(-0.0122452,0.00542508)
(-0.00327076,-0.00424548)
(-0.0201886,-0.0063445)
(-0.000286616,0.00115234)
(-0.00460809,0.00754805)
(0.00816726,-0.00483001)
(-0.000982493,0.0095999)
(-0.00403819,-0.00698154)
(0.00488854,0.00708065)
(0.00770344,-0.000193688)
(0.00237357,-0.00771646)
(-0.0110615,0.00590272)
(0.0114872,-0.000881539)
(0.0139573,-0.00311329)
(0.0199723,-0.00251873)
(-0.0105847,0.00829457)
(-0.0102175,0.0126645)
(-0.00960275,-0.0106638)
(-0.00263149,0.00997279)
(-0.0202666,-0.00588656)
(-0.0128387,0.00850671)
(0.00605462,-0.00268286)
(0.00436113,-0.00396589)
(0.0151399,0.00036536)
(-0.000573261,-0.00697572)
(-0.00355098,-0.00294117)
(-0.00372108,0.00503511)
(-0.00930766,-0.00480017)
(-0.0121155,0.00185474)
(-0.012617,-0.00913938)
(-0.0112171,0.014403)
(0.00170389,-0.00450705)
(0.00613062,-0.0119718)
(-0.00694187,-0.00711426)
(-0.00391527,0.0095082)
(0.00658314,0.00547145)
(0.00208588,-0.0050394)
(-0.0159637,0.00335082)
(0.00888855,-0.00576587)
(0.00632037,-0.00523284)
(-0.00512425,0.0028708)
(-0.00371063,-0.00529388)
(-0.00661144,0.0126138)
(-0.000590014,-0.00299324)
(-0.00196458,-0.0144876)
(-0.00789275,0.00468071)
(0.00466796,-0.0119953)
(0.00249077,0.00270704)
(-0.00587466,0.00870704)
(-0.00269213,0.011916)
(0.00125752,-0.0114223)
(-0.00401598,0.0130824)
(-0.0151614,0.014748)
(0.00796694,-0.000497798)
(0.00136826,-0.00552326)
(-0.00698072,0.0164007)
(0.00371462,0.0175117)
(-0.0075693,0.00491507)
(0.00668614,0.00268447)
(-0.00878489,-0.00287913)
(0.0044646,0.00118324)
(-0.0203198,-0.00470379)
(0.0083659,0.0169417)
