(-0.00147819,-0.00494726)
(0.00251993,-0.00612319)
(-0.00354167,-0.00290985)
(-0.00208181,-0.00618467)
(0.00559091,0.00269302)
(-0.00283707,-0.00405395)
(-0.00257054,0.000689064)
(0.00228982,-0.00191217)
(0.00392115,0.00601232)
(0.00419423,0.00284713)
(0.00136581,0.000288396)
(0.00627928,-0.00523341)
(0.00593179,-0.000540076)
(0.00254025,-0.00488552)
(0.00376559,0.000499332)
(0.00352223,-0.00425456)
(-0.0011688,-0.00265646)
(0.000839364,-0.00537403)
(-0.00020645,-0.00156733)
(-0.000579369,0.00102252)
(9.79574e-06,-0.00994127)
(0.00423667,-0.0103475)
(0.00634013,-0.00630567)
(0.00506179,-0.00311566)
(-0.00138478,0.000924342)
(0.00355541,-0.00623682)
(0.00659696,0.00644095)
(0.00598777,-0.00270202)
(0.00236729,0.00748527)
(0.00580035,-0.00707915)
(0.00173575,0.00240183)
(0.00247028,-0.0116078)
(-6.7796e-05,-0.0054565)
(0.00657535,-0.0145526)
(0.000510765,-0.00563468)
(0.0055664,-0.00852938)
(-0.00441242,-0.00834681)
(0.00221611,-0.00579665)
(-0.000353739,-0.00591128)
(0.00176608,-0.00373393)
(0.0105387,-0.00600816)
(0.00736475,-0.00130428)
(0.00463283,-0.00282124)
(0.0116584,-0.00582313)
(0.0046595,0.00734009)
(0.0121866,-0.0024164)
(0.000114079,0.00836261)
(0.0104126,-0.00482021)
(-0.00106397,0.0106342)
(0.0064433,-0.0111492)
(0.000688019,-0.000412622)
(0.00294309,-0.0148123)
(-0.00341164,-0.0092059)
(-0.0028523,-0.0136862)
(0.000208634,-0.00833968)
(0.00201787,-0.0137447)
(0.00260581,-0.00859553)
(0.00140488,-0.0127913)
(0.0031792,-0.00256324)
(0.00500537,-0.0114962)
(0.00447035,0.000452657)
(0.000609461,-0.00503736)
(0.00298999,0.00281603)
(0.00442318,-0.000480203)
(0.00282565,0.0035484)
(0.0100248,0.00418142)
(-0.00336036,0.00672933)
(0.0126789,0.0047026)
(-0.00853606,0.0119724)
(0.0123155,-0.0110057)
(-0.00666065,0.000599799)
(0.00617487,-0.0116619)
(-0.00475959,-0.00542208)
(7.74685e-05,-0.0139786)
(-0.00587334,-0.00216876)
(0.000114008,-0.0110209)
(-0.00203672,-0.000103602)
(0.00396098,-0.0161864)
(0.00168969,-0.00376908)
(0.00194437,-0.00855566)
(0.00629723,0.00136599)
(-0.00607128,0.00286193)
(0.00265112,-0.00262464)
(-0.00305107,0.00433576)
(-0.00550031,0.00210607)
(0.00991279,0.0137975)
(-0.00676056,0.0117343)
(0.0115753,0.00969299)
(-0.0106568,0.0134803)
(0.0161583,-0.000215514)
(-0.000513927,0.00792823)
(0.0125784,-0.0055413)
(0.000927456,0.00305785)
(0.00836195,-0.00344535)
(0.000284481,-0.000125577)
(0.00271335,-0.00382519)
(-0.00184046,-0.00229636)
(0.00247284,-0.0068351)
(-0.00303419,0.0010594)
(0.00331593,-0.00957813)
(0.00514211,-0.00446201)
(-0.0082695,0.00358131)
(0.00183854,-0.00181026)
(-0.00526282,0.0147392)
(-0.00012926,0.0033018)
(0.006093,0.0203956)
(-0.00948041,0.00537905)
(0.0125211,0.015965)
(-0.0100522,0.00860725)
(0.0190441,-0.00133612)
(-0.00031487,0.00531467)
(0.0151091,-0.00567518)
(0.00146003,-0.00101874)
(0.00980849,-0.00492917)
(-3.99521e-05,-0.000959909)
(0.00434955,-0.00459028)
(0.00226811,-0.000933842)
(0.00666188,-0.00525155)
(0.000996528,-0.00544319)
(0.00345425,-0.00795222)
(0.00400237,-0.00529648)
(-0.0082482,0.00630652)
(0.00267542,-0.00674772)
(-0.00417162,0.0138392)
(0.00519123,0.00195302)
(0.00428592,0.0223001)
(0.000864821,-0.000304037)
(0.00529311,0.0203772)
(-0.0011969,0.00638363)
(0.00906843,0.00633751)
(-3.51263e-05,-0.000930466)
(0.00574707,-0.00478545)
(0.00597092,-0.00316622)
(0.00064323,-0.00307734)
(0.0065351,-0.00514958)
(0.000830184,-0.00178541)
(0.00895027,-0.0107437)
(-0.000477015,-0.00359201)
(0.0022556,-0.00446041)
(-0.0013581,-0.00203293)
(-0.00151926,0.00142647)
(-0.000116846,0.00527846)
(-7.62067e-05,0.00187018)
(-0.00638498,0.0123552)
(0.0111801,0.00888995)
(-0.00542731,0.0185472)
(0.00699367,0.00544279)
(-0.00507522,0.0142023)
(0.00867369,0.00184649)
(-0.00252128,0.00718408)
(0.00926078,-0.00570965)
(-0.00115938,-0.000432719)
(0.0117374,-0.00913979)
(-0.0039298,-0.000166992)
(0.0221452,-0.0133837)
(-0.00800082,0.00113327)
(0.0186166,-0.00872022)
(-0.00199866,-0.00292146)
(0.0097449,-0.0104197)
(-0.00129785,-0.00243293)
(-0.00408119,0.0066932)
(-0.00527155,-0.00519631)
(0.000337085,0.00475422)
(-0.00554985,0.00940257)
(0.00522894,0.00590099)
(-0.00506861,0.0144911)
(0.0144851,0.0098891)
(-0.00458673,0.00939135)
(0.0152477,0.0043301)
(-0.00372944,0.0044837)
(0.0136454,-0.0036196)
(0.00338804,0.000128189)
(0.0129514,-0.0146485)
(-0.00380834,-0.00271918)
(0.0207539,-0.0108336)
(-0.00228384,0.00134726)
(0.0214645,-0.00983442)
(-0.00594624,3.81162e-05)
(0.00692903,0.00302659)
(-0.00233485,-0.00198802)
(-0.0114369,-0.000640789)
(-0.000281872,0.00102089)
(-0.00292179,-0.000604771)
(-0.00289987,-0.00196062)
(0.00463555,0.00280032)
(-0.0025344,0.0044347)
(0.00744758,0.00316476)
(-0.00227215,0.00497465)
(0.00945283,0.00405932)
(-0.000652737,0.00578608)
(0.00812851,-0.00292197)
(0.00286206,0.00129714)
(0.00967444,-0.00669365)
(0.00369269,0.000532632)
(0.0110501,-0.00653826)
(-0.000305684,0.00340785)
(0.0110106,-0.00361588)
(0.000493572,0.00345368)
(0.00764399,-0.00334998)
(-0.00109799,0.00650881)
(-0.00067783,-0.0116454)
(0.00505703,-0.00702461)
(0.00288812,-0.00461455)
(0.00552721,-0.00590726)
(0.00192779,0.00247653)
(0.00624086,-0.00525046)
(0.00457593,0.00511949)
(0.00634678,-0.00935058)
(-0.0054684,0.00791153)
(0.00750399,-0.00301806)
(0.000212276,0.00028119)
(-0.00453053,-0.00476598)
(0.00361401,-0.000708342)
(-0.00177529,-0.00434)
(0.00199895,0.000501815)
(0.00123324,-0.002294)
(-0.00410384,0.00015215)
(-0.00456878,-0.0050201)
(-0.000618657,-0.00179349)
(-0.00362707,0.00199119)
(0.00233089,-0.0122912)
(0.00705388,-0.00356641)
(-0.00230987,-0.00846967)
(0.00890475,-0.00736815)
(0.00425939,-8.45997e-05)
(0.0131958,-0.0147631)
(0.00310561,0.00788299)
(0.00372533,-0.0144248)
(0.00231322,0.00559141)
(-0.00104935,-0.0127713)
(0.0065328,-0.00153173)
(-0.00597767,-0.01035)
(0.00460673,-0.00769378)
(-0.0122919,-0.0130568)
(-0.00121862,6.81988e-05)
(-0.00495217,-0.0110951)
(-0.000245056,0.00266252)
(-0.000459149,-0.00410949)
(0.00135698,-0.00107723)
(0.00142461,-0.00580486)
(0.00505795,-0.00586296)
(0.00385868,-0.0090085)
(0.00298905,0.00250923)
(0.0170794,-0.0167954)
(-0.000428718,0.0198852)
(0.013004,-0.0151441)
(0.00221228,0.00822619)
(0.00771344,-0.0105475)
(-0.00189852,0.00402971)
(0.000539002,-0.0128372)
(0.00451808,-0.0143513)
(-0.00583393,-0.0144805)
(0.000200208,-0.0158219)
(-0.0094043,-0.0168808)
(-0.00372553,-0.00807251)
(-0.00927398,-0.0178667)
(-0.00187588,-0.0011752)
(0.00101005,-0.0175528)
(0.00724128,0.00237512)
(0.0028453,-0.0110505)
(0.00556997,-0.000121442)
(0.000945638,-0.00441782)
(-3.41557e-05,0.00458949)
(0.0112873,-0.00788948)
(-0.00323392,0.0123372)
(0.0121536,-0.000486386)
(-0.00503113,0.0158789)
(0.0164717,0.00369458)
(-0.00822948,0.0132414)
(0.0169552,-0.00959202)
(0.00364229,0.000430722)
(0.00699623,-0.013945)
(0.00355525,-0.00543896)
(-0.00333337,-0.0149056)
(-0.00557635,-0.00259026)
(-0.00713446,-0.0143591)
(-0.00699649,0.00134094)
(-0.000965291,-0.0171766)
(9.33763e-05,0.00299529)
(0.00369797,-0.0170412)
(0.0098149,-0.00434578)
(-0.00480305,0.00414552)
(-0.00114068,0.00341608)
(-0.00451905,0.0103997)
(-2.5136e-05,0.0105841)
(0.00951049,0.0199632)
(-0.0121559,0.0147488)
(0.0144313,0.0106751)
(-0.00941383,0.0171121)
(0.0257382,-0.00453946)
(0.00949002,0.00494007)
(0.0174224,-0.0148745)
(0.0126174,0.00112994)
(0.000540062,-0.0110854)
(-0.00497439,0.00139413)
(-0.00484743,-0.0162845)
(-0.00488514,-0.00349671)
(0.00216011,-0.0145927)
(-0.0055898,-0.00257921)
(0.00603302,-0.0114669)
(0.00659648,-0.00864522)
(-0.0082907,0.013053)
(0.00618303,-0.00396119)
(-0.00522268,0.0196406)
(-0.000416248,0.00327602)
(0.00179987,0.0266726)
(-0.0177511,0.00966174)
(0.0109381,0.0213326)
(-0.0143894,0.00791558)
(0.0239746,-0.00433878)
(0.00175084,0.00249989)
(0.0220045,-0.0129802)
(0.00766196,-0.00249222)
(0.0106103,-0.0163119)
(0.00268953,-0.00917875)
(0.00107985,-0.013699)
(0.00252623,-0.00907446)
(0.0045375,-0.0120313)
(0.00071747,-0.00391682)
(0.00556997,-0.0108075)
(0.00824439,-0.00800673)
(-0.00746056,0.0113901)
(0.0104817,-9.73048e-05)
(-0.00614039,0.0256641)
(0.00980442,0.00583163)
(0.000243077,0.0294335)
(-0.00312147,0.00946069)
(0.000839027,0.0252813)
(-0.0111586,0.00221749)
(0.0132445,0.00748813)
(-0.00549527,-0.00277681)
(0.0116651,-0.0113685)
(0.00478664,-0.0133123)
(-0.000737278,-0.0127951)
(0.0127202,-0.0111335)
(-0.00243399,-0.0149516)
(0.0139252,-0.0117935)
(0.00526023,-0.0135188)
(0.0056154,-0.00746862)
(-0.000267231,-0.00691944)
(0.00390653,-0.000106832)
(-0.00666604,0.0162036)
(0.00673025,0.00341326)
(-0.00680567,0.0156747)
(0.0128261,0.0135663)
(-0.0105406,0.0227105)
(0.00687177,0.0143905)
(-0.00987419,0.0231739)
(0.00277799,0.00544015)
(-0.00627507,0.0106195)
(0.00391751,-0.00304528)
(-0.00367049,-0.00369094)
(0.0155833,-0.00757679)
(-0.0065241,-0.00929772)
(0.0225601,-0.0107587)
(-0.00348442,-0.01325)
(0.0260417,-0.0164723)
(-0.000525632,-0.0106425)
(0.01285,-0.00672749)
(-0.000289993,-0.0111233)
(-0.00803446,0.000885417)
(-0.00400483,8.2339e-05)
(0.00310427,0.00785099)
(-0.0113104,0.00930107)
(0.016227,0.0131343)
(-0.0121851,0.00481351)
(0.015574,0.0114075)
(-0.00892904,0.00766074)
(0.0124612,0.00945645)
(-0.00186621,0.00267412)
(0.0157939,0.0015839)
(-0.00253699,-0.00504942)
(0.0177398,-0.00941294)
(-0.000302034,-0.00486736)
(0.0263154,-0.015148)
(0.00127075,-0.00995127)
(0.0294183,-0.00974424)
(-0.00222098,-0.00414429)
(0.0195439,-0.0093065)
(-0.000940417,-0.00357182)
(-0.00186228,0.00033624)
(0.000697096,-0.00370861)
(-0.00343875,-0.000899158)
(-0.00404652,0.000978583)
(0.00401221,0.00911016)
(-0.00123336,0.00583164)
(0.0109373,0.00940492)
(-0.00042564,0.00405954)
(0.0111383,0.00565857)
(-0.00520706,0.00226392)
(0.00551023,0.00255377)
(0.00264862,-0.00193265)
(0.0138529,-0.00389611)
(0.00636448,-0.000870332)
(0.0143918,-0.002084)
(0.00797807,5.43688e-06)
(0.0194556,-0.010676)
(0.00082693,-2.20278e-05)
(0.0103217,-0.00473375)
(-0.000504356,0.000274982)
(0.000852111,-0.00783517)
(0.00364411,-0.0019558)
(0.00485655,-0.00685937)
(0.0114744,-0.00105343)
(-0.000523605,-0.00253748)
(0.0115678,-0.0113692)
(0.000219212,0.00967544)
(0.00656311,-0.00447378)
(-0.00631232,0.00464819)
(0.000161191,-0.00448498)
(-0.00614319,0.00371606)
(-0.00859379,1.77728e-05)
(-0.0094455,0.00248252)
(-0.0140927,-0.00158856)
(-0.00544603,0.0139169)
(-0.0101335,0.00103067)
(-0.00569342,0.0077789)
(-0.00710043,0.00336591)
(-0.00125843,0.000249491)
(-0.0050055,0.00141522)
(0.00741087,-0.0122719)
(0.00740688,-0.00300311)
(0.000457805,-0.0104813)
(0.0169074,-0.0142987)
(0.00037101,0.00908703)
(0.0141452,-0.0152652)
(-0.00302078,0.00526474)
(0.00199659,-0.0151443)
(-0.00798482,0.00320556)
(-0.00689388,-0.0113346)
(-0.000930139,-0.00809779)
(-0.0194333,-0.00369965)
(-0.00155639,-0.00334832)
(-0.0246804,-0.000377165)
(-0.0129916,0.0101555)
(-0.0207155,-0.00878977)
(-0.00675394,0.0140378)
(-0.01423,-0.00155147)
(0.00364964,0.00734812)
(-0.00428862,-0.00308959)
(0.00275064,-0.000232423)
(0.00448435,-0.0144888)
(0.00712302,0.00153088)
(0.0100333,-0.0226587)
(0.000739869,0.00833158)
(0.0148408,-0.0248029)
(0.00173644,0.0114242)
(0.00532542,-0.0138136)
(-0.000968739,0.00569658)
(0.00247711,-0.014694)
(0.00144149,-0.0154942)
(-0.0120404,-0.00343291)
(0.00200079,-0.00993596)
(-0.0225878,-0.00953654)
(-0.00828119,0.00770918)
(-0.0241584,-0.010904)
(-0.00068346,0.00534498)
(-0.0138188,-0.0131568)
(0.0023692,0.0108215)
(9.63468e-05,-0.0122799)
(0.00513785,-0.00381958)
(0.00564172,-0.00907771)
(0.00544541,-0.000959459)
(0.00432261,-0.0120339)
(0.00939486,0.0105976)
(0.0109676,-0.00953126)
(-0.00513335,0.0190522)
(0.0152682,-0.0126267)
(-0.00936545,0.0164796)
(0.0286469,-0.00695364)
(0.0075529,-0.00484436)
(0.0111809,-0.00768679)
(0.00440362,-0.00219299)
(-0.0138721,-0.0150089)
(-0.00549611,0.0104606)
(-0.0229664,-0.0165078)
(-0.00906668,0.00388512)
(-0.0166245,-0.0151263)
(-0.00634522,0.00383501)
(-0.00639139,-0.014658)
(0.0075408,-0.00129472)
(-0.0053635,0.000746204)
(0.0144911,0.00288592)
(-0.00732302,0.00638528)
(0.007331,0.0161303)
(-0.00281262,0.00924442)
(-0.00910291,0.0198254)
(0.0092585,-0.000289903)
(-0.0175717,0.0077256)
(0.0198365,-0.0150048)
(0.0205704,-0.000319474)
(0.0291868,-0.0081107)
(0.0286472,-0.00403086)
(0.000200582,-0.016894)
(0.00634101,0.00608952)
(-0.0186558,-0.012602)
(-0.00914035,-0.000239755)
(-0.014515,-0.0152072)
(-0.0109925,0.00193858)
(-0.00275564,-0.0118067)
(0.0111259,-0.00512398)
(-0.0023399,0.0168025)
(0.0122921,-0.00230103)
(-0.00863335,0.0203325)
(0.00439193,0.0119583)
(-0.00424357,0.0190197)
(-0.0191262,0.00921297)
(0.000171026,-0.00246509)
(-0.0268111,0.00356304)
(0.00977275,-0.0115074)
(0.00794941,0.00102782)
(0.0267335,-0.0118078)
(0.0181645,-0.00360273)
(0.000426858,-0.0184492)
(0.0153879,0.00207086)
(-0.00949708,-0.0234016)
(0.00246693,-0.00703142)
(-0.00230941,-0.0147738)
(-0.0057399,-0.00122646)
(-0.000130221,-0.0120439)
(0.0113252,-0.000152862)
(0.0042149,0.0177486)
(0.0137571,0.00390049)
(-0.00562756,0.0255596)
(0.00982773,0.0120326)
(-0.011425,0.0315101)
(-0.0180033,0.00583185)
(-0.00479186,0.0183343)
(-0.0223291,-4.45879e-05)
(0.0093081,0.0119942)
(-0.0110965,-0.0100638)
(0.0179148,-0.00941279)
(0.00392827,-0.00745667)
(0.00647971,-0.0255537)
(0.0144707,-0.0116608)
(-0.00479565,-0.0212104)
(0.00619496,-0.0025353)
(0.000950812,-0.0242336)
(0.00417775,-0.000395142)
(0.000370672,-0.00838007)
(0.00134013,0.00133187)
(0.000248847,0.0103438)
(0.0160479,0.0139104)
(-0.00313505,0.0219455)
(0.0120657,0.0139888)
(-0.00792634,0.0246832)
(0.00309061,0.0164363)
(-0.0087534,0.0172086)
(-0.00876052,0.0046837)
(-2.14829e-05,0.00901989)
(-0.0111683,0.00104613)
(0.00553024,-0.00846155)
(0.00963445,-0.00585096)
(-0.000614411,-0.0136844)
(0.0199171,0.000726943)
(0.00228402,-0.0250221)
(0.0292098,-0.0050118)
(0.00366675,-0.0199383)
(0.0106587,-0.00057381)
(0.00379347,-0.0109073)
(-0.000516583,0.00286366)
(0.000699932,0.00198491)
(0.0115637,0.00785269)
(-0.00497593,0.00238439)
(0.0233418,0.0122362)
(-0.011064,0.00748761)
(0.0170811,0.0108865)
(-0.0029708,0.00449166)
(0.00609598,0.00982351)
(-0.00730717,0.00145294)
(0.00557239,0.00557644)
(0.0049399,-0.00373918)
(0.0127977,0.00576841)
(0.0101699,-0.0137946)
(0.0217078,0.00134194)
(0.00464314,-0.0173675)
(0.0212209,0.00137914)
(0.0057499,-0.0203458)
(0.0162835,0.00108053)
(0.00288977,-0.00936194)
(-0.000364602,-0.00258213)
(-0.00171919,0.00107936)
(0.0046192,0.00335626)
(-0.00339284,0.00158629)
(0.0147554,0.00514137)
(-0.00735343,-0.00348741)
(0.0142608,0.0105277)
(-0.00140903,0.0018771)
(0.00759251,0.00980043)
(0.000340717,0.00416945)
(0.00657098,0.00680601)
(0.00232368,0.00358018)
(0.0126771,0.00112402)
(0.0078946,-0.00551956)
(0.0155334,0.00516249)
(0.00981312,-0.0106264)
(0.0196173,0.00168168)
(0.00680539,-0.00814973)
(0.00731822,-0.00386783)
(0.00356588,-0.00635759)
(0.00568047,0.00130649)
(0.00431336,5.532e-05)
(0.00113395,-0.00825255)
(0.00807222,-0.000736435)
(0.00362919,-0.00144616)
(0.0137661,-7.79919e-05)
(-0.00902034,-0.00162779)
(0.00434073,-0.00565186)
(-0.010024,0.00050438)
(-0.00964647,-0.00769678)
(-0.0115229,-9.86576e-05)
(-0.0169273,-0.000431568)
(-0.0068516,0.00440885)
(-0.00902708,0.000930893)
(-0.00498157,0.00818831)
(-0.0127563,0.00321763)
(-0.00216986,0.0149931)
(-0.00559832,0.00695809)
(0.000316154,0.00193738)
(-0.00575824,0.00453988)
(0.0112283,-0.00664981)
(0.00540431,-0.0124467)
(0.0151855,-0.00630234)
(0.0133896,-0.0177525)
(0.00685285,-0.0125387)
(0.0095175,-0.0142979)
(-8.54505e-05,-0.00122113)
(0.00431877,-0.0198674)
(-0.00571566,-0.00146469)
(-0.00586013,-0.0127184)
(-0.0103096,-0.00756386)
(-0.0131396,-0.00514739)
(-0.00635376,0.00340854)
(-0.0225403,0.00235583)
(-0.00559245,0.0252182)
(-0.0191812,-0.000888028)
(-0.00186738,0.0192625)
(-0.0155416,0.00273461)
(0.00288162,0.00830441)
(-0.00761605,0.00124317)
(0.00920658,-0.00853499)
(0.00504149,-0.0169082)
(0.0159552,-0.00891764)
(0.00624227,-0.0288283)
(0.0228019,0.00323158)
(0.0106234,-0.0267666)
(0.0012034,0.0103643)
(0.00854287,-0.0269537)
(-0.0152167,-0.00237467)
(0.0225755,-0.00320662)
(-0.00441576,-0.00567446)
(-0.000679008,0.00349999)
(-0.00266225,0.00163467)
(-0.00864368,-0.00685524)
(-0.00465949,0.0169535)
(-0.0254539,-0.00460193)
(-0.00223895,0.0175546)
(-0.0177485,0.000726909)
(0.00505548,0.0123541)
(-0.00986139,-0.00586647)
(0.0113922,-0.00789673)
(-0.00349937,-0.0129153)
(0.0213213,-0.00159572)
(0.00389325,-0.0238215)
(0.0185982,0.0157693)
(0.00413549,-0.0261041)
(-0.00532924,0.0228726)
(0.0155726,-0.00495958)
(-0.0232946,0.0180326)
(0.0577765,0.00661202)
(-0.0105293,-0.00628283)
(0.0408162,0.014998)
(0.00565241,0.0022676)
(-0.00185709,-0.00419879)
(-0.00629902,0.0236959)
(-0.0228977,-0.00932604)
(-0.0131005,0.0172515)
(-0.0193163,-0.00521516)
(-0.0116679,0.0056012)
(-0.00781173,-0.00954835)
(0.0163964,-0.00519293)
(-0.00400632,-0.000690962)
(0.0223943,-0.00455924)
(-0.0115884,-0.00762897)
(0.0110546,0.0171926)
(-0.0175773,-0.00935501)
(-0.0424793,0.0130089)
(-0.0274977,-0.0122136)
(-0.0258484,-0.0115283)
(-0.00570135,0.003367)
(0.100024,-0.0503272)
(0.02488,-0.00110677)
(0.0444085,-0.0175503)
(-0.0114837,-0.00448169)
(0.00378658,0.0163431)
(-0.022985,-0.00895665)
(-0.0166283,0.0181464)
(-0.0171314,-0.00748923)
(-0.0177422,0.0131274)
(-0.00655255,-0.0177463)
(0.0102242,-0.00594987)
(-0.00381726,0.0099988)
(0.0164764,-0.000841969)
(-0.0125524,0.0067921)
(0.00390949,4.67961e-05)
(-0.0147337,-0.00807441)
(-0.0485445,-0.00628773)
(-0.023081,-0.0341191)
(-0.0678314,0.0163647)
(-0.0480797,-0.00388996)
(0.0456605,-0.000167665)
(0.00772798,0.00808957)
(0.0359403,0.000731931)
(0.000220185,0.0228579)
(0.00795127,0.0179939)
(-0.0281424,-0.00356413)
(0.00137501,0.0192172)
(-0.0119618,-0.0126066)
(-0.0108799,0.0117414)
(-0.00668501,-0.0152646)
(-6.84776e-05,0.00466368)
(-0.00038496,0.0102434)
(0.0132575,0.00428539)
(-0.0108618,0.0148619)
(-0.00176875,0.0118514)
(-0.0225618,0.00893282)
(-0.0229454,0.00175448)
(-0.013351,0.00437127)
(-0.0413511,0.000455919)
(-0.00107679,0.0123351)
(-0.0234631,0.00462183)
(-0.00758707,0.00499213)
(-0.00289888,0.00789471)
(-0.00272824,-0.00611424)
(0.00727811,0.0221884)
(-0.00764256,-0.0222298)
(0.00691123,0.0146934)
(-0.00534573,-0.0185347)
(0.00220264,0.0126032)
(-0.000246805,-0.0147681)
(0.00703525,0.00329827)
(0.00358096,0.00728106)
(0.00721412,0.0120276)
(-0.0062873,0.0130138)
(0.0153761,0.0158851)
(-0.0216223,0.0123857)
(-0.00587545,0.0162465)
(-0.0301924,0.00672606)
(-0.0223746,0.0113431)
(-0.0144651,0.0125861)
(-0.0221927,0.00679576)
(-0.00221672,-0.00762749)
(-0.00810013,0.0166101)
(0.000342585,-0.0137042)
(0.00975715,0.0145804)
(-0.000955797,-0.0230053)
(0.0105258,0.0185119)
(0.00707919,-0.0306486)
(0.0116371,0.0136225)
(0.00599924,-0.0125806)
(-0.00303177,0.00196135)
(-0.000845251,-0.00321892)
(0.0161747,0.0105758)
(-0.00884585,0.0045242)
(0.0176729,0.0130753)
(-0.0145243,0.00461436)
(0.0101424,0.0154618)
(-0.0156762,0.00327504)
(-0.00414474,0.0138639)
(-0.00923312,0.00520499)
(-0.0160741,0.0135128)
(-0.000488437,-0.000811037)
(-0.00646466,0.0147197)
(0.000717528,-0.0126143)
(0.00554885,0.0149391)
(0.00412588,-0.0290666)
(0.017015,0.0107825)
(0.00207949,-0.0290962)
(0.00581157,0.00825582)
(0.0048364,-0.016371)
(-0.00070334,0.00157411)
(-0.00407484,-0.000536975)
(0.00937237,0.00505084)
(-0.00701873,-0.00134104)
(0.0148863,0.0119594)
(-0.0116853,-0.000841323)
(0.0138842,0.011199)
(-0.00797946,-0.00178281)
(0.000429981,0.010726)
(-0.00666128,0.00554262)
(-0.00264465,0.0130962)
(-0.000405485,0.00475437)
(0.00183015,0.0111478)
(0.00596742,-0.00466596)
(0.00920908,0.00932812)
(0.00692146,-0.0142318)
(0.00613581,0.00607261)
(0.00413221,-0.0229861)
(0.0059806,0.00731257)
(0.0025875,-0.0117938)
(0.000193042,-0.00248614)
(0.00011985,-0.00283844)
(0.0091904,-0.00204695)
(0.00710049,-0.00375914)
(-0.00156876,-0.00554282)
(0.00411752,-0.00734735)
(-0.00126155,0.00739401)
(0.00422816,-0.0119225)
(-0.00907446,0.0068874)
(-0.00845411,-0.0103501)
(-0.00523049,0.00460777)
(-0.0100439,-0.00449146)
(-0.0017848,0.0110867)
(-0.0148863,0.00319764)
(0.00182883,0.0183481)
(-0.00628438,0.00126356)
(0.0046049,0.0119167)
(-0.00514792,0.00762666)
(0.00479439,0.0111893)
(-0.00455847,-0.000486339)
(0.0212291,0.00227705)
(0.00567312,-0.00928378)
(0.0139762,-0.010103)
(0.0103929,-0.0162232)
(0.0149046,0.00500911)
(0.0115481,-0.0164268)
(-0.00886157,0.00823546)
(0.00239778,-0.0211583)
(-0.00898663,0.00935723)
(0.00358459,-0.0169389)
(-0.00623436,0.00435551)
(-0.00861743,-0.00950804)
(-0.00232166,0.0190426)
(-0.0109519,-0.00352426)
(-0.00108886,0.0324542)
(-0.0127742,0.00188327)
(0.00323624,0.0280059)
(-0.00769277,0.00799218)
(0.00269631,0.0169797)
(-0.00762419,0.0064667)
(0.0135042,-7.86017e-05)
(0.00374159,-0.0169378)
(0.0216388,0.000180147)
(0.00679099,-0.0292697)
(0.00904213,0.0075772)
(0.00489739,-0.0262878)
(0.000580031,0.016254)
(0.0178158,0.00252615)
(-0.00518709,0.0253275)
(0.039656,0.00795018)
(-0.0238678,0.00851388)
(0.0144169,0.0145103)
(-0.00191648,0.0156605)
(0.00107958,-0.000427267)
(0.00135553,0.0314099)
(-0.00868105,0.00504865)
(0.00560865,0.0263238)
(-0.0125535,0.00814043)
(0.00679317,0.0174245)
(-0.011142,0.0042033)
(0.0108982,-0.00385164)
(-0.00139605,-0.0106217)
(0.0186042,-0.00444379)
(0.00116718,-0.0290808)
(0.0144276,0.0113897)
(-0.00361727,-0.0106164)
(-0.00963489,0.0290334)
(0.0114406,0.0284205)
(-0.0198447,0.0505311)
(0.153684,0.050472)
(-0.111441,0.0199854)
(0.0539969,0.0593073)
(-0.0213753,0.00641624)
(-0.00128903,-0.00645292)
(-0.00966662,0.0306555)
(-0.0194098,-0.00568019)
(-0.00523828,0.0309062)
(-0.0192849,0.00281375)
(-0.00719776,0.0159496)
(-0.0120434,-0.00377719)
(0.0147795,-0.00407643)
(-0.00566053,-0.00961188)
(0.0198899,0.0025135)
(-0.00847663,-0.017654)
(0.00152034,0.00304967)
(-0.0307671,0.00358189)
(-0.0667841,0.00122882)
(-0.108511,0.0171423)
(0.0129358,-0.0134616)
(-0.00358696,-0.0197531)
(0.00030882,0.0169137)
(-0.0165443,0.00126789)
(0.0112048,-0.0579693)
(-0.0169157,0.0256008)
(0.00512777,0.0240131)
(-0.0261897,-0.011099)
(-0.00989224,0.035417)
(-0.0221571,-0.00805404)
(-0.0138991,0.0157726)
(-0.00685141,-0.00432787)
(0.00847213,0.00101339)
(-0.00328308,-0.000949714)
(0.0132835,-0.00359415)
(-0.00681901,-0.00969177)
(0.00394178,-0.0107451)
(-0.000387515,-0.0248447)
(-0.0243592,-0.0752947)
(0.0375956,-0.0778372)
(0.0182952,0.0137851)
(-0.00648054,0.0260921)
(-0.0174302,-0.00268001)
(0.00373116,-0.0336524)
(0.0376084,-0.0549078)
(0.018893,0.118345)
(0.0210065,0.0389199)
(-0.0191597,0.0120965)
(0.00317181,0.0408007)
(-0.0197117,-0.0053833)
(-0.00334672,0.0174058)
(-0.00790107,-0.00571052)
(0.00505592,0.00294919)
(0.00108358,-0.00445322)
(0.00695834,0.00806994)
(-0.0114271,-0.00314164)
(0.00297495,0.011758)
(-0.0164017,-0.00854144)
(0.0113435,-0.00616831)
(0.0335189,-0.0118962)
(0.0392506,-0.0110961)
(0.0573556,0.0519072)
(-0.0297231,0.00945706)
(-0.0463298,0.00531345)
(0.00974614,0.0224776)
(-0.0178566,0.0189715)
(0.00978828,0.0473922)
(-0.0164606,-0.00825065)
(0.00964968,0.044049)
(-0.00838153,-0.0102342)
(-0.00133228,0.0179191)
(-0.00642648,-0.00469227)
(0.00236958,0.00306156)
(0.00101684,-0.00474013)
(0.0197792,0.00558741)
(-0.00580731,-0.00616329)
(0.00826389,0.0124485)
(-0.031363,0.000866281)
(-0.000312347,0.0155022)
(-0.0221179,-0.00571874)
(0.00421565,0.015756)
(-0.00630687,0.01272)
(-0.0255787,0.0157399)
(-0.0167041,-0.00545001)
(-0.020416,0.0347143)
(-0.0101048,-0.0100724)
(-0.00554023,0.040058)
(-0.0191042,-0.021957)
(0.00227673,0.0325261)
(-0.00949904,-0.0112766)
(0.00108639,0.025261)
(0.000956508,-0.00901082)
(-0.000126187,0.000339073)
(0.000780991,-0.000523617)
(0.0131708,0.0117712)
(-0.00319917,-0.0101474)
(0.0150828,0.0110863)
(-0.0213295,-0.00644445)
(0.00346069,0.00808988)
(-0.0324335,-0.00512976)
(-0.0110093,0.012386)
(-0.0216606,0.0016095)
(-0.0240701,0.0223985)
(-0.0135286,0.000791872)
(-0.0240965,0.0278568)
(-0.0117208,-0.00382504)
(-0.0107109,0.0305246)
(-0.0164324,-0.0211821)
(-0.0021875,0.0246899)
(-0.00317373,-0.0274469)
(0.00468479,0.0141763)
(0.00248761,-0.0163429)
(-0.00233489,0.0018435)
(-0.00323469,0.000319941)
(0.00841534,0.0023065)
(-0.0100699,-0.00316814)
(0.00776069,0.00993235)
(-0.0144887,-0.0042695)
(0.0027879,0.00616534)
(-0.0173612,-0.00346855)
(-0.00475862,0.0138168)
(-0.0166781,0.00273258)
(-0.0114906,0.0122136)
(-0.010421,0.00428807)
(-0.00876686,0.0126997)
(-0.00399883,-0.00134496)
(-0.00495769,0.013353)
(-0.00314125,-0.0155091)
(-0.00336381,0.0145266)
(0.00349447,-0.0212043)
(0.000129786,0.00795987)
(0.000651553,-0.017969)
(0.00522013,0.00965964)
(0.003822,-0.00302921)
(0.000772143,0.00183326)
(0.00788924,0.000252165)
(-0.000820195,0.00514473)
(0.00848358,-0.000632934)
(-0.0113118,8.58188e-05)
(0.00377267,-0.00391322)
(-0.0127702,0.0100136)
(0.00263032,-0.0106023)
(-0.00431572,-3.19318e-05)
(0.000352948,-0.00530946)
(-0.000569154,0.00507237)
(-0.000469762,-0.00190746)
(0.00866215,0.0147076)
(-0.00600531,0.00323278)
(0.00425154,0.0108386)
(0.00239018,0.00216068)
(0.0035295,0.00890296)
(-0.00325294,0.0048584)
(0.0154718,0.00371166)
(0.00221625,-0.0043781)
(0.0169983,0.00231372)
(0.00956028,-0.00853932)
(-0.000949093,-0.00511462)
(0.00887723,-0.0076773)
(-0.00691189,0.00775737)
(0.0105356,-0.0160569)
(-0.00688918,0.00268975)
(0.00274838,-0.0251645)
(-0.000707237,0.0110907)
(0.00376028,-0.0166531)
(0.0088169,0.0141415)
(-0.00165052,-0.00284029)
(0.0166869,0.031538)
(-0.000888446,0.00563571)
(0.0151117,0.0225258)
(-0.00408709,0.0134924)
(0.0103085,0.0102914)
(-0.00758026,0.00437632)
(0.013117,0.00641268)
(0.00456105,-0.00857563)
(0.00945855,-0.000257466)
(0.00989693,-0.0144915)
(0.00479552,-0.0051)
(0.00881564,-0.0180771)
(0.000883037,0.00398426)
(-0.00258365,-0.0207453)
(0.0164052,-0.00683406)
(-0.000808741,-0.0313364)
(0.00972699,0.00795835)
(-0.0303406,-0.0146352)
(0.0123624,0.0273999)
(0.00910252,-0.00661189)
(0.0210225,0.034007)
(0.000827965,0.00763571)
(0.0247555,0.0297658)
(-0.00474869,0.0169297)
(0.0187811,0.0151278)
(-0.00800495,0.00767869)
(0.0102188,0.0011807)
(0.00486523,-0.0130871)
(0.0122397,-0.00763124)
(0.00112637,-0.0238708)
(0.00269452,0.00138971)
(-0.00904573,-0.0198029)
(0.0082625,0.000343478)
(-0.0262894,-0.00531835)
(0.0962824,-0.0501845)
(-0.0723023,-0.0781943)
(0.038722,-0.0115883)
(-0.168383,-0.00461122)
(-0.00802047,0.0393548)
(-0.0195434,-0.0228168)
(0.0126061,0.0406544)
(0.00468085,-0.00940551)
(0.0127191,0.0357625)
(-0.00918824,0.00712992)
(0.0125655,0.0195415)
(-0.0104359,0.00574439)
(0.0109456,-0.00366153)
(-0.00311056,-0.0133398)
(0.0113755,-0.00154395)
(-0.000792717,-0.0205411)
(0.00534344,0.0174384)
(-0.0181494,-0.00145215)
(-0.00252219,0.0626073)
(-0.0433847,0.0925885)
(0.0215671,0.00976447)
(0.0262958,0.00749579)
(-0.00693947,0.00846558)
(0.0260278,7.40906e-05)
(-0.0755815,-0.00756695)
(0.0279764,-0.0538328)
(-0.00496127,0.0454436)
(0.000780968,-0.0279257)
(0.0136688,0.0427891)
(-0.00912869,-0.00344618)
(0.000716576,0.0204683)
(-0.00703782,-0.00411776)
(0.0126252,0.00291113)
(-0.00145341,-0.013499)
(0.0110041,0.00252603)
(0.00191601,-0.0160199)
(0.0348634,-0.00503244)
(0.0242851,-0.00630252)
(0.107022,-0.0333652)
(0.0989794,0.0243709)
(-0.0382723,-0.00935475)
(-0.0391707,-0.0302837)
(-0.00667542,0.0165428)
(-0.00112572,0.0350687)
(-0.0588911,-0.051566)
(0.0343447,0.0130223)
(0.0045536,0.0410406)
(-0.0108723,-0.0106964)
(0.0123325,0.0435916)
(-0.0121428,-0.00592144)
(0.00453658,0.0215033)
(-0.00887705,0.000959701)
(0.00898547,0.00377632)
(0.00197828,-0.00623467)
(0.011394,0.00440417)
(-0.00116295,-0.0145045)
(0.0149389,0.00845119)
(0.00523191,-0.0105976)
(0.052088,-0.0138551)
(0.052672,-0.00354905)
(0.0964612,-0.0134404)
(0.0749525,0.010096)
(0.00881459,-0.0180157)
(-0.0415846,-0.0372233)
(-0.0182263,0.0181498)
(-0.0203387,-0.0216592)
(0.00842285,0.0450879)
(-0.022357,-0.0285797)
(0.0102841,0.0386033)
(-0.0166493,-0.010922)
(0.0030714,0.0208556)
(-0.0119522,0.00468678)
(0.00562911,-0.000825369)
(-0.00452078,-0.00812165)
(0.00885084,0.00755101)
(-0.00632751,-0.00621476)
(0.00777642,0.0105599)
(-0.0129901,-0.0100511)
(0.0112768,0.00287837)
(-0.0075032,-0.0090106)
(0.00117262,-0.00479553)
(0.00645661,-0.0109942)
(-0.023363,0.00632507)
(-0.0163138,-0.0287677)
(-0.024572,0.0259443)
(-0.0158586,-0.0301304)
(-0.0105029,0.0349231)
(-0.0237581,-0.0239108)
(-0.00130924,0.0336194)
(-0.0268391,-0.0119203)
(0.00011519,0.0224879)
(-0.0123192,-0.000793701)
(0.00119502,0.000564843)
(-0.00239527,-0.00576345)
(0.00558298,0.00739994)
(-0.007929,-0.0063439)
(-0.00038155,0.0128132)
(-0.0171478,-0.0091506)
(-0.00946728,0.0135754)
(-0.0157705,-0.0157705)
(-0.0204295,0.00681789)
(-0.00952083,-0.00779067)
(-0.0334026,0.0127785)
(-0.0105087,-0.0119084)
(-0.0318236,0.0295164)
(-0.0186933,-0.0152063)
(-0.0213918,0.0273998)
(-0.0342313,-0.0135624)
(-0.00460599,0.0273446)
(-0.0224881,-0.0153426)
(-0.00229388,0.0209314)
(-0.00834359,-0.011033)
(0.000772967,-0.000189168)
(-0.00467519,-0.00286644)
(0.00788364,0.00282175)
(-0.00571762,-0.00714935)
(0.00332344,0.00564592)
(-0.018022,-0.00442746)
(-0.00694172,0.00592169)
(-0.017598,-0.00490417)
(-0.0148561,0.00539613)
(-0.0145644,-0.000810008)
(-0.0135914,0.0114989)
(-0.0103109,0.00127683)
(-0.011527,0.0148915)
(-0.0171508,0.00290703)
(-0.00507619,0.0184247)
(-0.0173213,-0.0118439)
(-0.00697669,0.0208961)
(-0.0153101,-0.0148248)
(-0.0010046,0.0119341)
(-0.00564692,-0.010907)
(0.00337922,0.00714117)
(0.000454912,0.00258177)
(0.00737554,0.00644941)
(0.00319556,0.00111454)
(-0.00152274,0.000124854)
(0.00984158,0.00785057)
(-0.00359728,-0.000857579)
(0.0134933,-0.00164063)
(-0.00946807,-0.000745185)
(0.00875351,-0.00721915)
(-0.00800679,-0.000423472)
(0.0113037,-0.00854799)
(0.000688874,0.00475087)
(0.00617428,-0.00304536)
(0.00643597,0.0127375)
(0.00438023,-0.00232959)
(0.00765903,0.00612167)
(0.000186342,0.00786433)
(0.00464322,0.00514146)
(-0.00110279,0.00273876)
(0.0134818,0.00823974)
(0.0037626,0.0045524)
(0.0140071,0.00271427)
(0.00519609,0.00595308)
(0.00621275,-0.0035808)
(0.0101448,-0.000796028)
(-0.0103929,-0.00283079)
(0.011923,-0.00846687)
(-0.00334433,0.000346029)
(0.0112006,-0.0167425)
(0.00077503,-0.0048466)
(0.012799,-0.0131571)
(0.0105043,0.0180605)
(0.0115587,0.000328454)
(0.021133,0.0194954)
(0.0121992,0.00997625)
(0.0163084,0.0109397)
(0.00486222,0.00871756)
(0.0149143,0.00454538)
(-0.00348462,0.0141012)
(0.0166357,0.0074855)
(0.00397519,0.00200893)
(0.00679962,-0.000277892)
(0.00612279,-0.00680865)
(-0.00880299,0.00042191)
(0.00857254,-0.00701136)
(-0.0158573,-0.00341545)
(-0.00297177,-0.00751952)
(-0.00720927,-0.0120133)
(-0.00462474,-0.0143577)
(0.00550303,0.00461215)
(-0.00329277,-0.0112829)
(0.0206515,0.0200897)
(0.0213301,0.00256184)
(0.0258468,0.0402145)
(0.0164981,0.0196127)
(0.0268249,0.0190096)
(0.00983911,0.0217863)
(0.0122691,0.00905448)
(-0.00510037,0.01445)
(0.0043569,0.00372846)
(0.00197933,-0.00227359)
(0.000156992,-0.00248971)
(0.0083438,-0.00743681)
(-0.0203128,-0.00472276)
(-0.00493159,-0.00641654)
(-0.0301686,-0.00489037)
(-0.032053,-0.00425816)
(-0.0322279,-0.0415236)
(-0.0562673,-0.0164336)
(0.0179198,-0.0280724)
(-0.0629865,-0.014165)
(0.00743027,0.0276667)
(0.00250557,-0.00864173)
(0.0266551,0.0414808)
(0.0166085,0.0125712)
(0.0256773,0.033269)
(0.00601966,0.0200525)
(0.0122362,0.0176353)
(0.00183131,0.0140619)
(0.00169773,-0.00412283)
(0.00410205,-0.00859617)
(-0.00480252,0.00309868)
(0.00429486,-0.0128431)
(-0.0233188,0.0128615)
(-0.0114092,-0.0018869)
(-0.058989,0.0189719)
(-0.0286367,0.0433457)
(-0.149403,-0.0374148)
(-0.0364589,0.0499616)
(0.0660725,-0.130423)
(0.00388838,-0.0285257)
(0.00787921,0.00395039)
(-0.00263096,-0.0243659)
(0.0189404,0.0421504)
(0.00706513,-0.00197575)
(0.0218148,0.0389329)
(0.00177865,0.0118714)
(0.00879882,0.0148337)
(-0.00270142,0.0167135)
(0.00140194,0.00106625)
(-0.000812549,-0.0147697)
(0.00481344,0.00459492)
(0.000877126,-0.0130662)
(0.00225674,0.0136993)
(0.00537095,0.00376541)
(0.0118975,0.0327378)
(0.0408536,0.0485946)
(-0.0167837,0.0952299)
(0.0454177,0.0531262)
(0.155029,-0.00494283)
(0.0402578,-0.0843984)
(0.0264779,0.00998037)
(0.0134271,-0.0291507)
(0.0159897,0.0417145)
(-0.0071151,-0.00459173)
(0.0160589,0.0361959)
(-0.00782278,0.0129928)
(0.00725312,0.015805)
(-0.000343134,0.0151947)
(-0.00152481,0.00249251)
(0.00160685,-0.0140955)
(-0.0057911,0.00788138)
(-0.000631341,-0.0111706)
(-0.010771,0.0155834)
(-0.00104243,-0.00720682)
(-0.000396432,0.0116535)
(0.0173894,0.0096316)
(-0.00166677,0.0130768)
(0.0213669,0.0113225)
(0.00109554,-0.0113255)
(0.0019752,-0.0554802)
(-0.0188684,0.0080127)
(-0.00165684,-0.0302774)
(0.000154953,0.0386397)
(-0.0186622,-0.00714889)
(0.00883444,0.0294816)
(-0.0227619,0.0157939)
(0.00506087,0.0123859)
(-0.0229451,0.0164718)
(-0.000760151,0.00455943)
(-0.00655794,-0.012325)
(-0.00310529,0.00662986)
(-0.0138732,-0.0142747)
(-0.0183419,0.0151204)
(-0.0119183,-0.0113704)
(-0.0240712,0.0123872)
(-0.00517956,-0.0103071)
(-0.0376491,-0.00903531)
(0.00270137,-0.00110791)
(-0.0502674,-0.00278575)
(-0.00179293,-0.0221372)
(-0.0412134,0.0180112)
(-0.0176465,-0.0177606)
(-0.0173042,0.0233565)
(-0.0394712,-0.00510711)
(0.000347102,0.0203509)
(-0.0385866,0.00656647)
(0.0043116,0.0137484)
(-0.0249265,0.0107473)
(-0.00486197,0.00592047)
(-0.0068063,-0.00449988)
(0.00175356,0.0126804)
(-0.0114439,-0.0161449)
(-0.0103294,0.00868605)
(-0.0169448,-0.0117817)
(-0.0264826,0.00607059)
(-0.0181755,-0.00902332)
(-0.0352808,0.00289088)
(-0.00896164,-0.00637309)
(-0.0473308,0.00527143)
(-0.0172036,-0.00990223)
(-0.0314363,0.0182703)
(-0.029401,0.000849447)
(-0.0146235,0.0153637)
(-0.0442497,-0.00473352)
(-0.00224305,0.0231076)
(-0.0382792,-0.00444039)
(-0.00134103,0.0150011)
(-0.0224854,0.0020184)
(-0.00248287,0.00577256)
(-0.00335238,0.00239033)
(0.00184925,0.00220101)
(-0.00785812,-0.00247735)
(-0.00934308,0.00708565)
(-0.0116398,-0.00702836)
(-0.0173917,0.00123242)
(-0.0139616,-0.00360156)
(-0.0254279,-0.00279394)
(-0.0137431,-0.00423298)
(-0.018439,0.0058687)
(-0.0158691,0.00341726)
(-0.0133722,0.0131772)
(-0.0221681,-0.00449232)
(-0.011274,0.0119666)
(-0.0281993,-0.00322541)
(-0.00514137,0.018421)
(-0.0219879,-0.00816729)
(-0.00250726,0.0122105)
(-0.0181451,-0.00690109)
(0.00592825,0.00485295)
(0.00447807,-0.00373041)
(0.00212852,0.00304167)
(0.00498742,0.0114505)
(0.000238699,-0.00507036)
(0.0062177,0.00928125)
(-0.000314744,-0.00797953)
(0.00744639,0.00430983)
(-0.000703638,-0.00611982)
(0.0218387,-0.00883997)
(0.00190509,-0.0046912)
(0.00929345,-0.0123331)
(0.00440871,-0.00289241)
(0.012892,-0.0114946)
(0.00665455,0.00218841)
(0.00731982,0.000624692)
(0.00382406,0.00144977)
(0.00943674,0.00230563)
(0.000997321,-0.00134875)
(0.00184456,0.00783512)
(0.00889992,0.00453429)
(-0.0012427,0.0105254)
(0.00952199,0.00148108)
(0.00356932,-0.00253459)
(0.00498668,-0.00680312)
(0.00716318,0.00815556)
(0.00587875,-0.00553318)
(0.0194398,-0.00447586)
(0.0043512,-0.00138493)
(0.024132,-0.0137562)
(0.0081631,0.0030899)
(0.0203087,-0.0204262)
(0.0152837,0.00584799)
(0.0212097,-0.0114527)
(0.0177804,0.00928789)
(0.0191754,0.00166412)
(0.0221552,0.00397515)
(0.0122746,0.0168346)
(0.00545851,-0.00129404)
(0.00222842,0.0127431)
(0.00634241,0.00861796)
(0.0059402,0.00354265)
(0.0101724,0.00699736)
(0.0055228,0.00967224)
(0.00410785,-0.00211054)
(0.00596856,0.000902408)
(-0.000739264,-0.00225792)
(0.00971332,-0.00754658)
(-0.00537688,0.00182779)
(0.00851605,-0.00579692)
(0.00943094,0.00612259)
(0.0246637,-0.0096965)
(0.0141334,0.0258514)
(0.0245835,-0.00158582)
(0.0245875,0.0250577)
(0.0287803,0.0104804)
(0.0252568,0.0131605)
(0.0102996,0.0236609)
(0.0222135,0.00242457)
(0.00421335,0.020819)
(0.00162069,0.00068305)
(0.00138426,0.000251376)
(0.00755953,0.0036974)
(0.0065095,-0.00202244)
(-0.00236409,0.00552946)
(0.00200784,-0.00203246)
(-0.0153803,-0.00300863)
(-0.0142386,-0.00137193)
(-0.0107777,-0.00862084)
(-0.00824854,-0.00297118)
(-0.000614366,0.006742)
(-0.00643727,-0.00700051)
(0.0177966,0.0284997)
(0.0180708,0.00402982)
(0.0257039,0.0373867)
(0.0224413,0.018039)
(0.0293851,0.0212748)
(0.0154479,0.0265874)
(0.0166075,0.0105907)
(-0.00117036,0.0225047)
(-0.00117324,0.00277721)
(0.00501897,-0.00877844)
(-0.00171207,0.000904967)
(-0.0014968,-0.00461958)
(-0.0128387,0.000273204)
(-0.00290292,-0.00537289)
(-0.0227971,0.00168676)
(-0.0130369,0.00710936)
(-0.0354124,-0.00928418)
(-0.0142854,0.023635)
(0.0149664,-0.0190099)
(-0.0120598,-0.00739608)
(0.00831022,0.0203964)
(0.00272706,0.00051601)
(0.0213829,0.0403679)
(0.00767475,0.0136913)
(0.0233436,0.0301838)
(0.000844925,0.0306457)
(0.0111095,0.0137311)
(-0.00166139,0.0218424)
(-0.00392428,-0.0014151)
(-0.00118632,-0.0119962)
(-0.005802,-0.00173192)
(-0.00285462,-0.0141363)
(-0.0134493,0.00632415)
(-0.00546012,-0.00773894)
(-0.0132256,0.0074408)
(-0.00393243,0.00911379)
(-0.00755764,0.0169411)
(0.00808603,0.0318191)
(0.0162106,-0.00525079)
(0.013584,-0.00915226)
(-0.000349784,0.0124925)
(0.00483576,0.000922224)
(0.0103401,0.0382792)
(-8.08996e-05,0.0198669)
(0.0214486,0.0202205)
(-0.00716866,0.0335414)
(0.00656515,0.0105083)
(-0.00889848,0.0223746)
(-0.00174488,-0.0014498)
(0.000273982,-0.0146221)
(-0.00753521,0.00312567)
(-0.0106598,-0.014611)
(-0.0342684,0.00599947)
(-0.0066787,-0.0169633)
(-0.0349069,0.00275388)
(-0.00883648,-0.0121556)
(-0.042851,-0.0103161)
(-0.000591232,0.0030585)
(-0.0440872,-0.0212375)
(0.00318463,-0.0124963)
(-0.0329348,0.00707266)
(-0.00657529,-0.000610586)
(-0.00500995,0.014524)
(-0.0211386,0.0169581)
(0.00477591,0.0203769)
(-0.0365324,0.0285908)
(0.00470285,0.00509421)
(-0.0212545,0.0204072)
(-0.00511967,0.00352693)
(-0.00425772,-0.00651807)
(-0.00963831,0.00739487)
(-0.0104099,-0.0154843)
(-0.0282813,0.0130128)
(-0.013136,-0.0156756)
(-0.0462873,0.0032387)
(-0.0142915,-0.0198519)
(-0.0470651,-0.00984322)
(-0.00523097,-0.0058237)
(-0.0555255,-0.0134989)
(-0.0113997,-0.00721063)
(-0.0329672,-0.0013273)
(-0.0194859,0.00661092)
(-0.0147923,0.0140793)
(-0.0441627,0.012071)
(-0.00369688,0.00842667)
(-0.0451901,0.0154961)
(0.00142428,0.0105487)
(-0.0314366,0.00754505)
(-0.00787678,0.0136903)
(-0.00720287,-0.00065227)
(-0.00700847,0.0101316)
(-0.0118061,-0.00434839)
(-0.0239491,0.011889)
(-0.0169469,-0.0121186)
(-0.0378632,0.00335992)
(-0.0150744,-0.00367323)
(-0.0476378,-0.00232516)
(-0.0149204,-0.00201678)
(-0.0388266,-0.00523339)
(-0.0161272,0.00783355)
(-0.0269865,0.0091202)
(-0.0245403,0.005306)
(-0.0188947,0.00968995)
(-0.0445582,0.00883659)
(-0.00855834,0.0169451)
(-0.0480149,-0.00246956)
(-0.00315712,0.00860843)
(-0.0322231,-0.00217256)
(-0.00143365,0.00917284)
(-0.003156,0.00361549)
(-0.00499429,0.0104647)
(-0.00626702,0.00208825)
(-0.0113998,0.00684954)
(-0.0150064,-0.00120481)
(-0.0231852,0.00380568)
(-0.0178479,0.00191884)
(-0.0278881,0.00188875)
(-0.0180243,0.00110524)
(-0.0230368,0.00439708)
(-0.0177893,0.00089761)
(-0.0126999,0.00282981)
(-0.0264161,0.00281883)
(-0.0078321,0.0126125)
(-0.0277903,-0.00220068)
(-0.00867019,0.0159866)
(-0.0308465,-0.00604766)
(0.000858072,0.00835686)
(-0.0246118,0.00132149)
(0.00296246,-0.00374243)
(-0.000168511,0.00341065)
(0.0135557,-0.00304721)
(0.00462599,-0.000294538)
(0.0112635,-0.00839264)
(0.00281884,0.00552286)
(0.00997677,-0.0137873)
(0.00280285,0.0034854)
(0.0136469,-0.00634447)
(0.0046491,-0.00509188)
(0.00940049,-0.00455162)
(0.00931716,-0.0113733)
(0.0125102,-0.00876073)
(0.0120387,-0.00596042)
(0.0076275,0.00162538)
(0.014049,-0.0022017)
(-0.0036828,0.00046318)
(0.0104723,0.0022938)
(0.00340826,0.000575047)
(0.00472216,0.00558454)
(0.0110529,0.00334622)
(-0.00407596,0.00343846)
(0.0146701,-0.0027224)
(-0.00240107,0.00502231)
(0.0081614,-0.00853487)
(0.00699605,0.00515063)
(0.0162658,-0.0126461)
(0.00566007,0.00289278)
(0.0176426,-0.00715399)
(0.0220564,-0.00809477)
(0.0210002,-0.00142771)
(0.0215812,-0.0181781)
(0.0193853,-0.000173667)
(0.0213843,-0.0156674)
(0.0186582,0.00160777)
(0.0269462,-0.00172945)
(0.00717404,0.00432233)
(0.0200324,0.011041)
(0.00477953,0.00245932)
(0.00864572,0.010455)
(0.00387313,0.00467883)
(-0.00266725,0.0108456)
(0.0119636,0.0049619)
(0.00298683,0.00818701)
(0.0111578,-0.00387361)
(-0.000603325,0.0120003)
(0.0134132,-0.00658489)
(0.0119791,0.0008094)
(0.0179434,-7.28746e-05)
(0.0147374,-0.0110491)
(0.0196069,0.0084456)
(0.0254655,-0.0175294)
(0.0185468,0.0107257)
(0.0252306,-0.0122652)
(0.0240745,0.0128146)
(0.0266175,0.00440986)
(0.0225412,0.00643164)
(0.0209736,0.014416)
(0.0160035,0.00388219)
(0.00675103,0.0188361)
(-0.000350332,0.00381108)
(0.00535219,-0.00122865)
(0.00519568,0.00365849)
(-0.00479195,0.00947705)
(0.00992961,-0.00232701)
(-0.00454161,0.0039808)
(0.0101224,-0.000248069)
(-0.00304612,-0.00895742)
(0.00491516,-0.00313063)
(0.00627097,-0.0113205)
(0.0154228,0.00782677)
(0.0183844,-0.0146483)
(0.0166571,0.0145921)
(0.0241487,-0.00853147)
(0.0294367,0.0183371)
(0.0244801,0.00875167)
(0.0233352,0.0137012)
(0.00978499,0.0202284)
(0.0139796,0.012077)
(0.00639356,0.0172631)
(-0.00359747,0.00251443)
(-0.0025089,-0.000693729)
(0.0016642,0.000222452)
(-0.007058,-0.00212376)
(-0.00107871,-0.00202408)
(-0.0106749,-0.00336566)
(-0.000846915,-0.00290044)
(-0.0128229,-0.00788155)
(-0.000848721,-0.00095963)
(-0.00250275,-0.00632082)
(0.00123801,0.000974686)
(0.010097,-0.0120199)
(0.0101153,0.0168685)
(0.0120193,-0.00576823)
(0.0192161,0.0247602)
(0.0116133,0.0108896)
(0.0155138,0.0206836)
(0.00196867,0.0265176)
(0.00926511,0.0136227)
(-0.00195756,0.0251296)
(-0.00431152,0.00569231)
(-0.00690886,-0.00805512)
(-0.0100061,0.00462353)
(-0.0157337,-0.00345669)
(-0.0174016,-0.00621437)
(-0.00887853,-0.0148917)
(-0.01438,-0.00607588)
(-0.0126123,-0.0119737)
(-0.0152935,-0.00553414)
(-0.00239878,0.00246029)
(-0.0105345,-0.00274109)
(0.00453332,0.000954479)
(-0.00230902,0.0101371)
(0.00918296,0.00578459)
(0.00747277,0.0162858)
(-0.000739968,0.0185388)
(0.0115612,0.023119)
(-0.0103217,0.0233959)
(0.00707539,0.0110108)
(-0.00778693,0.0220398)
(-0.00484283,0.0044466)
(-0.00523961,-0.00679701)
(-0.011957,-0.00204367)
(-0.00736176,-0.0132787)
(-0.0306159,-0.00108625)
(-0.0110834,-0.0122499)
(-0.0362014,-0.00172757)
(-0.00721606,-0.0187947)
(-0.0312783,-0.0104539)
(-0.00364274,-0.00507749)
(-0.0361566,-0.00827804)
(0.00305273,-0.00620151)
(-0.0145269,0.00393199)
(-0.0018766,0.00713477)
(0.000301104,0.0235642)
(-0.0148601,0.0166892)
(0.00187737,0.0140431)
(-0.0264058,0.0212651)
(-0.00112684,0.00498455)
(-0.0211648,0.0123124)
(-0.00269655,0.00474876)
(-0.00440924,0.00102237)
(-0.0138937,0.00447825)
(-0.0163083,-0.00462505)
(-0.0229357,0.00189304)
(-0.0140002,-0.0101612)
(-0.0338064,0.00178728)
(-0.0146227,-0.00663841)
(-0.0376542,-0.00944897)
(-0.00921671,-0.00705576)
(-0.0372511,-0.00885227)
(-0.00659928,0.00447648)
(-0.0194579,0.00941182)
(-0.0104534,0.00716922)
(-0.0140328,0.0119167)
(-0.0360865,0.00982343)
(-0.00529467,0.01266)
(-0.0423181,0.000796846)
(-0.000308421,0.000109887)
(-0.0295569,-0.00462266)
(-0.00283878,0.00751928)
(-0.00408745,0.00506938)
(-0.00983073,0.0141296)
(-0.00858175,0.00537708)
(-0.0144032,0.00777464)
(-0.0200773,0.00115601)
(-0.0246376,0.000922745)
(-0.0166548,0.00228474)
(-0.0349433,-0.000351593)
(-0.0125536,0.00654123)
(-0.0286954,0.0032825)
(-0.0119982,0.0106999)
(-0.0183249,0.0103378)
(-0.0214977,0.0109557)
(-0.0134761,0.0192125)
(-0.0346592,0.00171472)
(-0.0118893,0.0147964)
(-0.0481472,-0.00823563)
(-0.00372292,0.00533872)
(-0.0379767,-0.00671893)
(-0.00293281,0.00968866)
(0.000394445,0.0103733)
(-0.00464453,0.0147038)
(-0.00584487,0.00545106)
(-0.00636739,0.00468905)
(-0.0130756,0.0102209)
(-0.0194427,-0.000395379)
(-0.016374,0.00559226)
(-0.0187776,0.00173096)
(-0.010487,0.00514054)
(-0.0165402,0.00315127)
(-0.011677,0.00425302)
(-0.00833077,0.00967559)
(-0.0163194,0.00363857)
(-0.00693905,0.00979221)
(-0.0294136,-0.000271063)
(-0.00934986,0.0113296)
(-0.0331656,-0.00025139)
(-0.0010642,0.00396436)
(-0.024765,-0.00333722)
(0.00380507,-0.00583578)
(-0.0018049,0.00351504)
(0.00838648,-0.00400056)
(-0.00246084,0.00190267)
(0.00850866,-0.00522403)
(0.000456215,0.00312547)
(0.015266,-0.0106359)
(-0.00228789,0.0020886)
(0.0179197,-0.00667438)
(0.00358936,-0.000229732)
(0.0130148,-0.00351986)
(0.00144923,-0.00490826)
(0.0113813,-0.00161703)
(0.00579068,-0.00235097)
(-0.00322418,-0.00295149)
(0.0127035,0.00433656)
(-0.00445658,0.0019911)
(0.00678431,0.00263246)
(-0.00379064,0.00671788)
(0.00492951,0.00169676)
(0.00721065,-0.000408543)
(-0.00238422,0.0050321)
(0.00361179,0.000579579)
(-0.00172835,0.00461818)
(0.00944261,-0.00743967)
(-0.000119164,0.00445995)
(0.00962493,-0.0115491)
(0.00336988,0.00983716)
(0.0146411,-0.00195058)
(0.00875472,-0.00132269)
(0.017574,-0.00227701)
(0.01409,-0.00440149)
(0.0169759,-0.00271835)
(0.0118013,6.45936e-05)
(0.00606358,0.00240521)
(0.0195152,0.00276411)
(0.00134483,-0.00362827)
(0.0162675,0.00738958)
(0.00340914,0.00117857)
(0.00622432,0.00951748)
(0.0034006,0.00244955)
(0.000453725,0.00783715)
(0.00703434,-0.000110733)
(-0.00155403,0.00726105)
(0.00472108,-0.00807753)
(0.00021644,0.00642542)
(0.0121806,-0.00729249)
(0.00287655,-0.0007455)
(0.00838478,-0.00116064)
(0.013251,-0.00733423)
(0.0114789,0.0072455)
(0.0174652,-0.00647242)
(0.0132041,0.0029817)
(0.014068,-0.00363747)
(0.0118994,0.0040976)
(0.0157898,0.0076524)
(0.00838957,0.00761809)
(0.0154553,0.0145265)
(0.0059501,-0.00255637)
(0.00682168,0.0122132)
(-2.61641e-05,-0.00320691)
(0.000688782,0.00311917)
(-0.000960259,-0.00180656)
(-0.00417721,0.00472548)
(-0.00078849,-0.00541942)
(-0.00555916,0.000684246)
(0.0090399,-0.00527673)
(-0.00103307,-0.00434634)
(0.0059989,-0.00274896)
(0.0105561,-0.0101626)
(0.00860957,0.00225065)
(0.0151004,-0.010775)
(0.0118518,0.00852504)
(0.0144172,0.00133848)
(0.0122792,0.00454976)
(0.0124206,0.00190943)
(0.0128885,0.0073824)
(0.0121588,0.0110871)
(0.012313,0.00670967)
(0.00105772,0.0132156)
(-0.000920437,0.001738)
(-0.00397307,-0.00225428)
(-0.00731905,0.00231685)
(-0.014508,0.00201035)
(-0.0056203,-0.00671117)
(-0.0161192,-0.00346701)
(0.00113169,-0.0041013)
(-0.00259413,-0.00931935)
(0.000668656,-0.000815239)
(0.00491948,-0.00680495)
(0.00145151,0.0063974)
(0.0121837,-0.00550471)
(0.00657378,0.00860684)
(0.0157399,-0.0017527)
(0.00947102,0.0128913)
(0.0104884,0.0133595)
(0.00642233,0.0142548)
(0.000350268,0.0139279)
(0.00317909,0.0056276)
(0.000442852,0.0160807)
(-0.00404404,0.00411125)
(-0.00543414,-0.00294862)
(-0.0125857,0.00369064)
(-0.0168945,-0.00465503)
(-0.0188155,-0.00394743)
(-0.00885476,-0.00664788)
(-0.0141633,-0.00551978)
(-0.000176324,-0.00687356)
(-0.00842849,-0.00294385)
(-0.000340006,-0.00328885)
(-0.00586769,0.00342833)
(0.0114342,-0.00112968)
(-0.00160184,0.00483621)
(0.0103068,0.00339553)
(0.00487696,0.020268)
(0.00537618,0.00994924)
(0.00100699,0.0191138)
(-0.00847883,0.0210212)
(-0.00118843,0.0105784)
(-0.00641781,0.0151599)
(-0.00179431,0.00737827)
(-0.00664785,-0.00086822)
(-0.0172577,0.000640133)
(-0.0120582,0.00147996)
(-0.020844,-0.00279007)
(-0.00925531,-0.000704963)
(-0.0243709,0.000968237)
(-0.00408073,-0.00427488)
(-0.0242884,-0.0050926)
(0.00141862,-0.000477871)
(-0.0200969,-0.010122)
(-0.000877057,0.00217085)
(-0.00949942,0.0071967)
(0.00225736,0.00900224)
(-0.00349185,0.0153165)
(-0.00807289,0.0171066)
(-0.00188118,0.015401)
(-0.0185104,0.009261)
(0.000207224,0.0011324)
(-0.0127117,0.0096556)
(-0.000492662,0.00270616)
(-0.00494147,0.00798966)
(-0.00489769,0.000371903)
(-0.00877069,0.00465546)
(-0.0158621,0.00059501)
(-0.0170441,-0.00172347)
(-0.0198677,-0.00409322)
(-0.0103218,-0.00428416)
(-0.0218825,-0.00413874)
(-0.00659093,0.00157289)
(-0.0230951,-0.000504569)
(-0.00326763,0.00361998)
(-0.0117313,0.00435448)
(-0.00803847,0.00753324)
(-0.00543548,0.0169253)
(-0.0172258,0.00399163)
(-0.00689298,0.0129077)
(-0.0236351,0.00217892)
(-0.00374851,0.00297934)
(-0.0190808,-0.00404838)
(0.000585663,0.00741152)
(-0.00356271,0.00258104)
(-0.00488399,0.00113201)
(-0.0116415,0.00565842)
(-0.0052909,-0.00122265)
(-0.0137244,0.00884725)
(-0.0132248,-0.00476195)
(-0.0151021,0.00584332)
(-0.0171559,-0.00441963)
(-0.0120343,0.0103835)
(-0.0137626,0.00230293)
(-0.00655839,0.0108136)
(-0.00914587,0.0115253)
(-0.0058195,0.00770485)
(-0.00954677,0.0170865)
(-0.0197697,-0.0012326)
(-0.00955338,0.00891218)
(-0.0286588,-0.0086723)
(-0.000466641,0.00253327)
(-0.0232568,-0.0086303)
(-0.000764279,0.00600157)
(-0.000380481,0.00534866)
(-0.000373217,0.00486631)
(-0.00220503,0.00623452)
(-0.00307794,0.00443277)
(-0.0102934,0.0123232)
(-0.0113902,-0.00301979)
(-0.0103175,0.00627054)
(-0.00879656,0.00139272)
(-0.008182,0.00636062)
(-0.00948734,-0.000433384)
(-0.00921449,0.0106524)
(-0.00542706,0.00401226)
(-0.00808036,0.00662379)
(-0.0083182,0.00571384)
(-0.0138081,-0.00228411)
(-0.00661281,0.00780288)
(-0.0219004,-0.00311907)
(-0.00151863,0.00209305)
(-0.0143046,-0.000920483)
