(-0.0080294,0.00495411)
(-0.00278118,0.00212359)
(0.000450625,0.00457103)
(-0.000125789,-0.00535301)
(0.0108969,0.00260655)
(-0.00797472,0.00378755)
(0.0117739,-0.000435938)
(-0.00402232,0.0164446)
(0.00329976,-0.00731028)
(-0.00464461,0.021788)
(0.00513775,-0.00353401)
(-0.00016623,0.0116414)
(0.0100734,-0.00682327)
(0.00277917,0.0120139)
(0.00415249,-0.000434822)
(0.00112354,-7.35514e-05)
(-0.00440387,0.00634653)
(0.00221773,0.00589946)
(-0.0155503,-0.00224779)
(0.00692403,0.00416619)
(0.000802698,0.00196234)
(0.00531073,0.00156641)
(0.00326842,-0.00273725)
(0.000930981,-0.000971875)
(0.0045516,0.00365786)
(-0.00781589,0.0136723)
(0.000563883,0.00395986)
(-0.0182062,0.0202273)
(0.00336407,-0.00472606)
(-0.0199647,0.0337313)
(0.00665726,-0.00514717)
(-0.0104675,0.0207203)
(0.0130794,-0.00672486)
(0.00239595,0.0138539)
(0.00944676,-0.0038481)
(0.0125246,0.00394029)
(0.00636645,0.00574008)
(0.00655914,0.00438115)
(-0.00974408,0.0100004)
(-0.000163881,0.00395039)
(0.00489479,-0.0102965)
(-0.0018613,0.0108349)
(-0.00123626,-0.0200211)
(-0.0042964,0.0142091)
(-0.00769987,-0.0135251)
(-0.0109759,0.0147432)
(-0.00800059,-0.0102033)
(-0.0248579,0.0229268)
(-0.0149487,-0.0109723)
(-0.0242631,0.0281753)
(0.0142617,-0.00614278)
(-0.00315515,0.0281365)
(0.0237144,-0.0117196)
(0.00730436,0.00947711)
(0.0260184,-0.00338191)
(0.0161653,0.0103905)
(0.0141173,0.0117139)
(0.0148968,0.0042435)
(0.0029112,0.0157225)
(-0.0037765,0.0150337)
(0.000857528,-0.00922349)
(0.00193221,0.0123931)
(-0.00807058,-0.0147501)
(0.00271269,0.0103876)
(-0.00290501,-0.0215111)
(-0.0139295,0.000138626)
(-0.00773875,-0.0248762)
(-0.0178814,0.0105803)
(-0.00888599,-0.0159118)
(-0.0159873,0.0169099)
(-0.00832263,-0.0189161)
(0.00283219,0.024662)
(0.0125217,-0.00997745)
(0.0215812,0.0133121)
(0.0160915,0.00549613)
(0.014674,0.0167624)
(0.0158,0.0153523)
(0.000236665,0.0145024)
(0.00969105,0.0187859)
(-0.00934127,0.0112245)
(0.00389474,-0.00365455)
(0.00186569,0.00669123)
(-0.00915524,-0.0181909)
(0.00282243,0.00111398)
(-0.00925523,-0.0172944)
(-0.00606356,0.00353377)
(-0.0105065,-0.0249538)
(-0.0146878,-0.0030204)
(-0.0141647,-0.0234965)
(-0.0114281,0.0109129)
(-0.00902106,-0.0112804)
(0.00903434,0.0239608)
(-0.00515404,-0.0110067)
(0.0060202,0.0123486)
(0.00481296,-0.00159481)
(0.0103254,0.00515683)
(0.00468783,0.00646621)
(-0.00764316,-0.00463362)
(0.00098206,0.00367053)
(-0.0108877,-0.00123923)
(0.00764231,-0.0102334)
(0.00671383,0.00829139)
(0.000507155,-0.00928553)
(0.0013045,0.00103418)
(0.00509921,-0.0092926)
(0.00830868,-0.0107554)
(0.00400948,-0.0155029)
(-0.00694312,0.000657159)
(-0.00524329,-0.0126869)
(-0.0043404,0.0258736)
(0.00973025,-0.00304377)
(0.00913014,0.0229789)
(0.00748614,0.00131933)
(0.01313,0.0111683)
(0.00907022,0.00850936)
(0.00997645,0.00785409)
(0.0120709,0.00644822)
(-0.00343403,-0.00705705)
(0.00744022,-0.0102475)
(-0.0138559,-0.00906468)
(0.00584055,-0.00705936)
(0.00327425,0.00207465)
(0.0118043,-0.00536345)
(0.00405179,0.00221709)
(0.00942515,-0.0123892)
(0.00359545,-0.00648185)
(0.0085936,-0.00942435)
(0.00832284,0.00253244)
(0.0151787,-0.00354103)
(-0.00426146,0.0185036)
(0.0168115,0.0116116)
(0.00663184,0.0178508)
(0.0217671,0.00825246)
(0.00753312,0.00373791)
(0.0183974,0.005784)
(0.00711883,0.00419932)
(0.0101495,0.000552152)
(-0.0083779,-0.00160934)
(0.0127096,-0.0087914)
(-0.00685162,0.00050096)
(0.00312795,-0.0135301)
(0.000387179,0.00956588)
(0.0101694,-0.0181728)
(-0.00970962,-0.00404338)
(0.00998415,-0.011615)
(0.00718471,-0.00594263)
(0.0110995,-0.0201501)
(0.0156459,0.00863943)
(0.0167003,0.00065652)
(0.00315001,0.013716)
(0.0157969,0.00362634)
(0.00274449,0.00981833)
(0.00931911,0.00565431)
(-0.00202809,0.00394233)
(0.0138251,0.00993122)
(-0.00759276,0.00376624)
(0.0211537,-0.00428059)
(-0.013057,0.0122369)
(0.0034315,-0.0175873)
(-0.0113243,-0.00514408)
(0.00635344,-0.00770577)
(-0.00847151,0.00560993)
(0.012227,-0.0126233)
(-0.00680255,0.00535265)
(0.0120634,-0.0185921)
(0.0156277,0.00105171)
(0.00600755,-0.00831065)
(0.0347788,0.0128156)
(0.0149594,-0.00111246)
(0.0158878,0.00440567)
(0.0080232,0.0093719)
(-0.00410288,0.00283653)
(0.00780362,0.0135023)
(-0.0110864,-0.00659723)
(0.00969535,0.0221445)
(-0.00457332,0.000203398)
(0.0113431,0.00616499)
(-0.00745746,0.00715531)
(0.0150063,-0.00622125)
(-0.0119302,-0.000235507)
(0.0038713,-0.00395843)
(-0.00430324,0.00755868)
(-0.00498762,-0.0127977)
(0.00154632,0.0105653)
(0.00853381,-0.0113505)
(0.0132163,0.00898322)
(0.00590388,-0.00842813)
(0.0169266,0.00938805)
(1.33475e-05,-0.00737582)
(0.0129587,0.00458313)
(-0.00151157,0.00944522)
(-0.00804233,-0.00380367)
(0.00199717,0.00636288)
(-0.0131877,-0.00175128)
(0.00531814,0.0132055)
(-0.0045787,0.00526806)
(0.0135582,0.0210172)
(-0.00617368,0.01115)
(0.0109426,0.0115365)
(-0.00190517,0.00355318)
(-0.00426407,0.00975159)
(0.00822385,-0.00826196)
(-0.000113139,0.0132171)
(-0.00269631,-0.00583013)
(0.0108335,0.0253587)
(-0.00583682,0.00587856)
(0.00922499,0.0187394)
(-0.00781545,0.0122269)
(-0.000597456,0.00483454)
(-0.000642309,0.0245913)
(0.00150542,-0.0030504)
(0.00169203,0.018091)
(0.00684439,-0.00060652)
(0.00741472,0.00323484)
(-0.00159972,-0.00345154)
(0.010687,-0.00578943)
(0.00121204,0.00220564)
(0.0015325,0.00245818)
(-0.00534458,0.00353231)
(-0.00285096,0.0120277)
(-0.00209279,0.00550078)
(0.00285404,0.0143719)
(0.00136272,0.0128596)
(-0.00927104,0.0111654)
(0.00568588,0.0101839)
(-0.0117911,0.0168512)
(-0.00220371,0.0096876)
(-0.0198403,0.0305251)
(-0.00812226,0.00407323)
(-0.0173971,0.0257479)
(0.0170263,0.000536762)
(-0.0138739,0.0221352)
(0.0237293,-0.00336041)
(-0.00021582,-0.00217939)
(0.0236709,0.00303964)
(0.00874944,-0.00544975)
(0.0125537,-0.00184406)
(0.00643294,-0.0063977)
(-0.00500558,0.00959958)
(-0.00147497,-0.000606222)
(0.000774942,-0.00630164)
(-0.00696733,0.025198)
(-0.00267101,-0.0156427)
(-0.00713595,0.0308024)
(0.00358527,-0.0230688)
(-0.014462,0.0102967)
(-0.0127711,-0.0137031)
(-0.0181965,0.0233302)
(-0.0108331,-0.016188)
(-0.0198376,0.0209523)
(0.00685912,-0.00143371)
(-0.00579867,0.0222582)
(0.0188284,-0.00739708)
(0.00719334,0.00970275)
(0.0271799,-0.00494018)
(0.0130829,-0.00395366)
(0.0225835,0.0106663)
(0.00656711,0.00229882)
(0.0070307,0.0131671)
(-0.00417191,0.0035739)
(0.00921268,-0.015589)
(0.00921815,0.016455)
(0.00154153,-0.038914)
(-0.00846809,0.00475409)
(0.0109825,-0.0414199)
(-0.00895535,0.00555524)
(0.00537578,-0.048479)
(-0.0139682,-0.00501657)
(-0.022591,-0.0361215)
(-0.00539393,0.00994926)
(-0.00366739,-0.013936)
(0.0019568,0.00619598)
(-0.00400528,-0.00486076)
(0.0211691,0.00734649)
(0.00330931,-0.00198383)
(0.0197332,0.002805)
(0.0203502,0.0126214)
(0.00513306,0.00685359)
(0.0132613,0.0117788)
(0.0046398,0.000645746)
(0.00304709,-0.0227389)
(0.0127948,0.00883472)
(0.0174828,-0.0288511)
(0.00717508,0.00329651)
(0.00815153,-0.0412226)
(-3.14837e-05,-0.0174914)
(-0.00775386,-0.0529266)
(-0.00230051,-0.0163001)
(-0.0257611,-0.0251841)
(-0.00625408,-0.016147)
(-0.0136354,-0.0166218)
(-0.00103452,0.00677741)
(-0.0166571,-0.00290594)
(-0.000353227,-0.0101044)
(-0.00459785,-0.00660536)
(0.00228066,-0.0151538)
(-0.000498517,0.00241989)
(0.00167988,-0.0145926)
(0.0125202,-0.000792008)
(-0.0146092,-0.010798)
(0.0138638,-0.00619904)
(-0.0066292,0.00242062)
(0.0212362,-0.016215)
(0.0060938,-0.0089167)
(0.0253964,-0.024318)
(-0.00103617,-0.0142701)
(0.0108221,-0.0249588)
(-0.00235771,-0.0197338)
(-0.00731277,-0.0194985)
(-0.00437956,0.00195588)
(0.00740586,-0.00970876)
(-0.0102207,0.00263782)
(0.0138571,-0.00537006)
(-0.00942796,-0.0146945)
(0.00681397,7.94553e-06)
(0.00118074,-0.0149223)
(0.026961,0.00165569)
(-0.0182897,-0.0129036)
(0.0155491,-0.0040443)
(-0.0153871,-0.012902)
(0.0125224,-0.00686013)
(-0.00335126,0.00901709)
(0.0192318,-0.0107443)
(-0.00268057,-0.00397395)
(0.0241975,-0.0107488)
(0.00575686,-0.0082123)
(0.0286587,-0.00875819)
(0.0109491,0.00127096)
(0.0156744,0.00607509)
(-0.00670583,0.0151)
(0.0253547,0.00970383)
(-0.0106701,0.00380593)
(0.0230749,0.0131969)
(-0.00581659,-0.00412882)
(0.0398643,0.00078975)
(-0.00438741,0.00750688)
(0.0355137,-0.00978759)
(-0.0177565,-7.3974e-06)
(0.03061,-0.013663)
(-0.0187696,-0.00410975)
(0.00721896,-0.0128524)
(-0.0126031,0.00162954)
(0.014179,-0.012732)
(-0.00834229,-0.00439757)
(0.00781368,-0.016071)
(0.0143384,0.00709664)
(0.00759885,-0.00810041)
(0.0175647,0.0133722)
(0.000908334,0.000322939)
(0.00607873,0.0180583)
(0.0169668,0.00941835)
(-0.00325735,0.00352445)
(0.0255485,0.00331999)
(-0.00602292,-0.00450515)
(0.0387803,-0.0029076)
(-0.0053038,0.0077752)
(0.0422436,-0.018457)
(-0.0118279,0.0107743)
(0.0276185,-0.0138062)
(-0.0166619,-0.00211185)
(0.0114893,-0.00974931)
(-0.00579074,0.00488205)
(0.016547,-0.013453)
(-0.0140578,0.00929952)
(0.00655397,0.000934425)
(0.0191986,0.0151142)
(0.0036522,-0.00520146)
(0.0366305,0.0146241)
(-0.0065675,0.0128507)
(0.00904151,0.0167741)
(-0.00592433,0.00961908)
(0.000330001,-0.00420963)
(0.00652509,0.0168772)
(-0.00761394,-0.00712323)
(0.0159401,0.0119599)
(-0.0056293,0.0105053)
(0.0325244,0.00537164)
(-0.00482044,0.00450663)
(0.0211947,-0.0102527)
(-0.00530624,-0.00383653)
(0.00949077,-0.00585642)
(-0.0129726,-0.00049245)
(0.00972832,-0.00147878)
(-0.0096921,0.00937364)
(0.0020017,-0.00177819)
(0.00727925,0.0187288)
(-0.00300208,-0.0029693)
(0.0228982,0.0169417)
(-0.00800656,0.00477258)
(0.0122839,-0.000414458)
(-0.0176451,0.011752)
(-0.00435239,-0.00978658)
(-0.00826703,0.0142039)
(-0.00667346,-0.0129146)
(-0.00492053,0.0256176)
(0.00444835,0.00599548)
(0.0130095,0.0182107)
(0.0100669,0.0034431)
(0.00963137,0.00556504)
(-0.00433305,-0.000131126)
(-0.00339733,0.00448939)
(-0.0042078,0.000668663)
(-0.00286892,0.0219267)
(-0.018898,-0.00131052)
(0.0120209,0.0281236)
(-0.0140331,-0.00523322)
(0.0154805,0.0279449)
(-0.0195931,0.0119976)
(0.00528758,0.0222113)
(-0.00870181,0.0158743)
(0.0104011,-0.0083782)
(-0.00836351,0.013816)
(0.00669209,-0.00374816)
(0.0123388,-0.00513737)
(0.0040543,-0.00198148)
(0.00678005,-0.00743821)
(-0.00608386,0.00112015)
(0.00148787,0.00135371)
(-0.00141654,0.00171427)
(-0.0086341,0.00715551)
(0.00741899,0.0067191)
(0.0047268,0.0140768)
(-0.00565939,0.0218537)
(-0.0136351,0.00311143)
(0.00441408,0.0196792)
(-0.0152204,0.00511346)
(-0.00652093,0.029792)
(-0.016958,0.00848912)
(-0.000876312,0.0127194)
(-0.0201713,0.0152678)
(0.0239297,0.0112033)
(-0.00765364,0.0102379)
(0.0265454,-0.0102256)
(0.00336149,0.00827237)
(0.0175348,-0.00125471)
(-0.000490496,-0.00913108)
(0.00726858,-0.00255149)
(-0.000611633,-0.00313454)
(-0.00405011,-0.00297731)
(-0.00832462,-0.000947824)
(0.00387598,-0.00241429)
(0.00064688,0.0322187)
(-0.00607106,-0.00396886)
(-0.0126071,0.00735663)
(-0.010049,-0.00328382)
(-0.00465791,0.0035752)
(-0.016213,-0.00988032)
(-0.00312196,0.00270101)
(-0.00723511,0.00820698)
(-0.0016469,0.000989786)
(0.0139719,0.00996292)
(0.000817582,0.00148803)
(0.00390097,-0.000392217)
(0.0121633,0.0112174)
(0.00771491,-0.0067243)
(0.00759171,0.00245459)
(0.009662,-8.08922e-06)
(0.00304446,0.000749991)
(-0.00423501,0.00829658)
(0.00222427,-0.00372569)
(-0.00538194,-0.0226606)
(-0.00170498,0.0158045)
(0.00232026,-0.0184212)
(-0.00325308,0.0118489)
(0.00553644,-0.0381084)
(0.00890414,-0.00106667)
(-0.0148763,-0.042602)
(0.014078,-0.00985141)
(-0.0279854,-0.0122546)
(0.0132328,-0.0237113)
(-0.00718512,-0.00115872)
(0.0105957,0.00511698)
(-0.0204294,0.015355)
(0.0065666,-0.0136732)
(-0.0171044,-0.010231)
(0.00616805,-0.0126383)
(-0.021907,0.0140537)
(0.00351462,-0.00398917)
(-0.0060308,0.00619286)
(-0.00269258,-0.00352685)
(-0.00158478,-0.0129194)
(0.001013,0.0168107)
(0.00322821,-0.0244016)
(0.00543316,-0.00242912)
(0.00927905,-0.0487302)
(0.0229805,-0.00559489)
(-0.0226904,-0.0461389)
(0.0125002,-0.0397181)
(0.0026524,-0.0132754)
(0.00116582,-0.0218912)
(-0.0012215,-0.0143012)
(-0.00193587,-0.0182372)
(-0.00771925,0.0181465)
(-0.0146677,-0.0400708)
(-0.0403962,0.00990223)
(-0.0134349,-0.0340618)
(-0.0180645,0.00618974)
(-0.010576,-0.0243145)
(-0.00738489,0.00898711)
(-0.00407254,-0.0174447)
(-0.0021004,0.000206798)
(0.00236668,0.00617696)
(0.0170456,-0.0115357)
(0.00378836,-0.00051716)
(0.0266903,-0.020484)
(0.0244409,-0.0227239)
(-0.00793625,-0.0343922)
(0.0140666,-0.0379173)
(-0.0144844,-0.0177622)
(0.0089647,-0.0302713)
(0.00756273,-0.0199316)
(0.00683039,-0.0312051)
(0.0159054,0.00963747)
(-0.0172054,-0.05059)
(0.00372784,0.00362453)
(-0.0190744,-0.0322112)
(-0.00373029,0.0126584)
(-0.0160686,-0.0100796)
(0.0193619,0.0106369)
(-0.0102727,-0.00485162)
(-0.000582451,-0.00158682)
(-0.00931025,0.00094604)
(0.0252538,-0.00919262)
(-0.00454761,-0.00296994)
(0.0289848,-0.00329007)
(0.00773269,0.000737153)
(0.00740808,0.00699683)
(0.0169835,-0.00671737)
(-0.00851018,0.0222593)
(-0.00418333,-0.00901186)
(0.0255426,0.00695605)
(-0.00588851,-0.0230036)
(0.0333702,0.00830811)
(-0.019854,-0.0358654)
(0.0212428,-0.0046276)
(-0.00987575,0.00040825)
(0.0407536,-0.00115202)
(-0.0250648,0.00387305)
(0.0214844,-0.0111403)
(-0.0122599,-0.0011713)
(0.00136193,-0.00506175)
(-0.0180966,5.59125e-05)
(0.0083354,-0.0180711)
(-0.0172387,-0.00181701)
(0.0189887,-0.00139368)
(0.0132991,0.0201801)
(-0.00198549,0.0126288)
(0.0294227,0.0186028)
(-0.00862822,0.0195001)
(0.0108522,0.00526)
(0.0024829,0.00715419)
(0.00603492,-0.0169735)
(0.0181454,-0.005213)
(-0.000141976,-0.0134554)
(0.038729,-0.00625707)
(0.00463765,0.00422776)
(0.045249,-0.0113675)
(-0.00611993,0.0121961)
(0.0327332,-0.0172645)
(-0.00617254,0.0033356)
(0.0135211,-0.0102737)
(-0.0207659,0.00306407)
(0.0183645,0.00463223)
(-0.0164406,0.0153781)
(0.0139517,0.0112717)
(0.00621017,0.021922)
(0.00319943,0.0199643)
(0.0213489,0.0219212)
(-0.0195825,0.0263374)
(0.0149327,-0.00961442)
(-0.023674,0.0109078)
(0.0202664,-0.0160954)
(-0.0195405,0.00413504)
(0.0101526,-0.015143)
(0.0123719,0.00218676)
(0.0180497,0.00398869)
(0.0249886,0.00938871)
(-0.000894485,0.0132699)
(0.0152834,0.00125999)
(0.00140984,-0.00289451)
(0.0181589,-0.00314517)
(-0.0168173,0.0071413)
(0.0200365,0.00143785)
(-0.0257936,0.00895198)
(0.00609546,0.0125831)
(-0.00654079,0.0207869)
(-0.00105562,0.00669903)
(0.0120718,0.0104605)
(-0.0182897,0.00595505)
(0.00627556,-0.00896203)
(-0.0281122,0.00415356)
(0.0105527,-0.0162348)
(-0.0241309,0.00917726)
(0.0156136,-0.0143888)
(-0.0116005,0.0181777)
(0.015714,0.00324226)
(0.0127112,0.0195227)
(0.0118247,0.00643127)
(0.00849988,0.000618347)
(0.0136152,-0.000677115)
(0.00197915,0.00149543)
(-0.00950543,-0.00277838)
(0.00119932,0.00969733)
(-0.0152933,-0.00870824)
(0.0163639,0.0234656)
(-0.019914,-0.00701613)
(0.0155228,0.0287748)
(-0.0190356,0.00363767)
(0.0246166,0.0131967)
(-0.0206147,0.00142823)
(0.0294739,0.00368466)
(-0.0103386,0.00706703)
(0.00894138,-0.0103256)
(0.00822258,0.000759953)
(-0.00176084,0.00413526)
(0.00387481,-0.00950075)
(-0.00631216,-0.00347512)
(0.000786187,-0.000174471)
(-0.00904601,0.00256016)
(-0.011843,0.0089029)
(0.0137641,0.0156871)
(0.000454315,0.0103094)
(-0.00285797,0.0142922)
(-0.0143524,-0.00878038)
(-0.00584217,0.0347414)
(-0.0155506,-0.00420961)
(-0.000951271,0.0367402)
(-0.0193244,0.00457755)
(0.0174643,0.0418552)
(-0.013883,0.00417946)
(0.0250622,0.0133066)
(-0.00334796,0.00739987)
(0.00668268,0.0104286)
(0.0142669,0.00651009)
(0.000996442,-0.00446257)
(0.0095808,-0.000960981)
(-0.00328119,-0.0094243)
(0.00242308,0.000715371)
(-0.014496,-0.00316581)
(-0.0076019,0.00573376)
(-0.000395861,-0.0104588)
(0.000975307,0.0169692)
(-0.00647457,0.00881075)
(-0.0109356,0.00817513)
(-0.0247149,0.0139458)
(0.00646419,-0.00582129)
(-0.00843126,0.0235345)
(0.0159401,-0.00923049)
(0.00356656,0.0180761)
(-0.00147897,-0.00462244)
(0.0127705,0.0216464)
(0.00813688,0.00141277)
(-0.0257274,0.0135195)
(0.0211281,-0.004212)
(-0.011106,0.00610473)
(0.0226308,-0.00558716)
(-0.0174689,-0.00700866)
(0.00897835,0.0042525)
(-0.0190194,0.000779413)
(-0.000269569,0.00256682)
(-0.000456911,-0.0175952)
(0.00136305,0.0193166)
(-0.0133254,-0.0203733)
(0.0135928,0.0081981)
(-0.00530634,-0.0251368)
(0.0402068,0.00367702)
(-0.0176429,-0.00912884)
(0.0244195,-0.0033704)
(0.0144017,0.00756573)
(-0.0111511,-0.00537082)
(-0.00512242,0.00247448)
(-0.0107995,0.0117556)
(-0.0440126,0.0282846)
(-0.00474677,-0.0275943)
(-0.0662074,0.0147921)
(-0.00180215,-0.0398413)
(-0.035984,0.00745206)
(0.00259832,-0.00142223)
(-0.0264938,0.00829761)
(0.00354066,-0.00410449)
(-0.0110722,-0.00277564)
(0.00541271,0.0132236)
(-0.00594007,-0.0133222)
(0.0205309,0.0136451)
(-0.00332576,-0.0232623)
(0.0297796,-0.0130977)
(-0.0152908,-0.0143992)
(0.020972,-0.0173974)
(0.0638285,0.0642192)
(-0.0223245,-0.0121208)
(0.00444137,-0.0420263)
(0.00424924,0.0161523)
(-0.0286007,0.0194544)
(-0.0174662,-0.0481261)
(-0.0478201,0.0355877)
(-0.0230677,-0.0573466)
(-0.0475662,0.0166001)
(-0.0201228,-0.0310716)
(-0.0171786,0.0141423)
(-0.0191449,-0.0137128)
(-0.00904726,0.00705192)
(-0.00637737,0.00565708)
(0.0188554,0.00764963)
(0.0165819,-0.0117868)
(0.00714883,-0.00657248)
(0.0343889,-0.00956726)
(-0.0299602,-0.015731)
(0.0141264,-0.0267033)
(-0.0304467,0.0592723)
(-0.00809726,0.0312558)
(-0.0176839,-0.0612696)
(0.0209185,0.0286038)
(0.00775668,-0.0101885)
(-0.0141457,-0.0386648)
(-0.0355534,0.00939988)
(0.00312171,-0.0511042)
(-0.0140652,0.0126536)
(-0.0186147,-0.0153644)
(0.00196749,0.00549948)
(-0.0103119,-0.000311475)
(-0.00110084,0.00425174)
(-0.00754821,0.00460665)
(0.00747226,0.004576)
(-3.02749e-06,0.000556869)
(0.0100231,0.0278736)
(0.0347434,-0.00366902)
(-0.0269258,0.0410727)
(0.0294609,-0.000284295)
(-0.0244338,0.0343772)
(-0.0216208,0.00462221)
(0.0037277,0.0232064)
(0.00826768,0.00802461)
(0.0155525,-0.00704269)
(0.00370573,-0.0255501)
(0.0104731,-0.00702707)
(-0.00763974,-0.0101974)
(0.00621266,-0.00338898)
(-0.0073022,0.00234335)
(0.0132669,0.00438855)
(-0.00586426,0.00644286)
(-0.00232441,-0.0031884)
(-0.0148779,-0.00616047)
(0.0161856,-0.00607479)
(-0.0103433,0.00897402)
(0.000346899,0.0167714)
(0.0123382,0.0166939)
(-0.0393455,0.0339982)
(0.0414288,0.0102931)
(-0.0493284,0.0416654)
(0.00536088,-0.00706327)
(-0.0346309,-0.00363255)
(0.0144071,-0.0117727)
(0.00320909,-0.0323111)
(0.0132244,-0.0269486)
(0.00339763,-0.0255519)
(0.0121378,-0.00205566)
(0.00989596,-0.0101229)
(0.0116178,0.00513837)
(0.00780093,-0.00466722)
(0.00477349,0.00471425)
(0.0206408,-0.00275533)
(-0.0155624,0.00757143)
(0.0220211,-0.00239175)
(-0.00997918,0.00892354)
(0.00941636,0.0159293)
(-0.000444636,0.0216759)
(-0.0109411,0.0307084)
(0.0232946,0.00274579)
(-0.0442519,0.024828)
(0.0231175,-0.0290831)
(-0.0386216,-0.00462579)
(0.0322254,-0.0456901)
(-0.0286084,-0.0164265)
(0.0253272,-0.0306459)
(-0.0110645,0.00807394)
(0.0288141,-0.00596143)
(-0.00201636,-0.000507176)
(0.019635,-0.00317278)
(-0.000368164,-0.00321883)
(0.00988093,0.00894607)
(0.0202689,-0.00129517)
(-0.0162611,0.00303519)
(0.01701,0.0107409)
(-0.0146547,0.0157696)
(0.0151838,0.0160388)
(-0.0106009,0.00795528)
(0.00444479,0.0188118)
(0.00952991,-0.00777951)
(-0.0214087,0.0119422)
(0.0217377,-0.0308577)
(-0.0337918,0.00667624)
(0.0233556,-0.0355991)
(-0.0374456,0.00273278)
(0.0188581,-0.0292568)
(-0.0192492,0.0113537)
(0.0176712,0.00602398)
(-0.0141886,0.00853496)
(0.0156203,0.0090494)
(-0.0107197,0.0102476)
(0.00454235,-0.000338754)
(0.0190972,-0.00672915)
(-0.00331135,0.00171973)
(0.0134619,-0.00671997)
(-0.0113087,-0.0122971)
(0.0218382,0.0138377)
(-0.0218892,-0.0080471)
(0.00778389,0.0191842)
(-0.0170498,-0.00753027)
(0.0242379,0.0134789)
(-0.00412812,0.000568793)
(0.0152254,-0.00727116)
(-0.000772212,0.000644779)
(0.00151199,-0.0059036)
(0.000840805,0.00442252)
(-0.00859921,0.00148099)
(-0.00318169,-0.00918108)
(-0.00854606,-0.00481797)
(-0.0165314,-0.00730977)
(-0.0112035,0.0030459)
(-0.00989108,-0.00557995)
(0.0149029,-0.00156959)
(-0.00108887,-0.00172539)
(0.00489336,0.0165447)
(-0.0116627,0.00178294)
(0.00653779,0.0260308)
(-0.0225495,-0.00807739)
(0.0135862,0.0434146)
(-0.0147372,-0.0156063)
(0.0372237,0.0307906)
(-0.0136039,-0.000937502)
(0.0265035,0.0166695)
(0.00606082,-0.00904157)
(-0.00566467,0.000340364)
(0.00887442,0.00686613)
(-0.00399979,0.0061269)
(0.00402019,-0.0033886)
(-0.00770934,-0.00382755)
(-0.00391248,-0.0098075)
(-0.0149407,-0.00368059)
(-0.0254934,-0.00929506)
(0.00378946,-0.00792034)
(-0.00640201,0.0172447)
(-0.0215667,0.00828236)
(-0.00647576,0.00609389)
(-0.00863334,0.0190099)
(-0.0012965,-0.000187369)
(0.0219567,0.0301449)
(-0.00389086,-0.00269939)
(0.0397915,0.0229267)
(-0.0136956,-0.0109404)
(0.0448134,0.00556188)
(-0.0027522,0.00242847)
(-0.0220208,0.00879239)
(0.018271,-0.0155332)
(-0.0329944,-0.0079132)
(0.0189251,-2.4459e-06)
(-0.0114517,-0.000888557)
(0.0050853,0.00645173)
(-0.0129882,-0.00102818)
(-0.0101814,-0.00488474)
(-0.0133313,-0.0169559)
(-0.003627,0.0150269)
(-0.0099809,-0.00807644)
(0.0128404,0.0145817)
(0.00119854,-0.00292084)
(0.0209294,0.0156455)
(-0.0120871,0.00603305)
(0.0181607,0.0155571)
(-0.0312073,-0.0388522)
(0.00863037,0.026026)
(0.00853305,-0.00486429)
(-0.0407938,0.0120686)
(-0.0209605,0.0182757)
(0.000113004,-0.0132968)
(-0.0445975,0.0146409)
(-0.00224328,-0.0403582)
(-0.0306113,-0.00473571)
(-0.000619588,-0.0181664)
(-0.0163131,0.00387104)
(-0.00744915,-0.00154929)
(-0.00647237,-0.00208108)
(-0.000469106,0.005906)
(0.00470998,0.00170603)
(0.00334806,0.0179878)
(-0.0112782,-0.00427688)
(0.0302723,0.0204696)
(-0.0154337,0.0067803)
(-0.0468172,0.0501657)
(-0.0015291,-0.000725153)
(0.00513733,-0.00843124)
(-0.0121744,0.00282907)
(0.0127656,-0.0120876)
(0.0349164,-0.00701391)
(-0.0147714,0.0567911)
(-0.0161789,0.00994661)
(-0.0105892,-0.0333637)
(-0.0208712,0.00672418)
(-0.02164,-0.0224857)
(-0.0142266,0.00543798)
(-0.0120682,-0.00752954)
(0.00287798,0.0111825)
(-0.000906106,-0.0116783)
(0.0116529,0.00849255)
(0.0107014,-0.00370601)
(0.0149734,0.00221984)
(-0.0186901,0.00928801)
(-0.0226033,-0.0666597)
(-0.0507224,0.00786414)
(0.000188298,0.00350557)
(0.0255089,-0.00522864)
(-0.0138512,0.00644617)
(-0.0134224,-0.0196596)
(0.0545639,0.0134662)
(0.0393493,0.0664945)
(0.00360399,-0.0069085)
(-0.00584448,-0.0249248)
(-0.00401819,0.000591496)
(-0.011874,-0.00555967)
(0.00125645,0.0101102)
(-0.0161994,0.00412245)
(-0.0130135,0.00513575)
(-0.00784414,-0.00739595)
(0.00137849,0.0197738)
(0.00464077,-0.00723982)
(0.00307438,0.0456662)
(0.026435,0.00239952)
(-0.00455359,0.0179504)
(0.0064517,0.0160095)
(0.0661333,-0.0597307)
(-0.0934293,0.0272411)
(0.0527338,0.0367819)
(0.0124679,0.0404685)
(0.0161216,-0.00877822)
(0.019436,0.0237121)
(0.000277155,-0.0180404)
(0.00763077,0.0017321)
(0.00668123,-0.00629558)
(-0.0120495,0.00971723)
(0.00606842,-0.00976006)
(-0.011626,0.00645658)
(-0.0141931,-0.00711864)
(-0.0095918,-0.00508302)
(-0.0137394,0.00178035)
(-0.00248461,-0.00476426)
(-0.0319281,0.0240714)
(0.0212778,0.0122003)
(-0.0416798,0.0612272)
(0.0266626,0.00437707)
(-0.0304703,0.0223426)
(0.000735585,-0.00895892)
(-0.016754,0.0155716)
(0.0230949,-0.0137946)
(-0.000616359,-0.0397169)
(0.00755472,-0.0082208)
(-0.00336754,-0.0315652)
(0.00671916,-0.000950825)
(-0.00623544,-0.0186464)
(0.00746473,0.00609991)
(-0.00786459,-0.00791191)
(0.00772221,0.00839881)
(0.000977324,-0.00641981)
(-0.0136503,0.00214187)
(-0.00114999,-0.00749404)
(-0.0107512,0.00877099)
(0.0042652,0.0138249)
(-0.00552466,-0.000712536)
(-0.0269529,0.0369256)
(0.0141687,-0.0013876)
(-0.0295163,0.0280867)
(0.0156668,-0.0310564)
(-0.0216436,-0.0170456)
(0.021815,-0.0441015)
(-0.00787491,-0.0325754)
(0.0182492,-0.0465806)
(-0.0207044,-0.0292902)
(0.0204122,-0.0188048)
(-0.0226225,0.00798281)
(0.0258395,8.80162e-05)
(-0.0250919,0.0081271)
(0.00636322,0.00200507)
(0.00434429,-0.00451164)
(-0.0145673,0.00194483)
(-0.000656229,0.00293651)
(-0.0216397,0.000790514)
(-0.00311985,0.00525615)
(-0.00783276,0.00115923)
(-0.00392253,0.0155892)
(-0.00198494,-0.0174988)
(-0.0179994,0.0102811)
(0.00809719,-0.0325195)
(-0.0181228,-0.00552614)
(0.0100713,-0.0534867)
(-0.0260134,-0.0126151)
(0.0208254,-0.0354044)
(-0.0185752,0.000984836)
(0.0240026,-0.0118876)
(-0.0243566,0.00328129)
(0.00939599,-0.00729629)
(-0.011752,-0.00292545)
(-0.00153538,0.0033308)
(0.0152592,-0.000819108)
(0.00269181,-0.00497341)
(0.0124879,-0.00167206)
(-0.00702187,-0.00873857)
(0.0139416,-0.00260729)
(-0.0146726,-0.00737036)
(0.0122871,0.00733368)
(-0.00634145,-0.0111806)
(0.0182721,0.00546452)
(-0.0111563,-0.0127731)
(0.0134414,-0.00949178)
(-0.00482548,-0.0064528)
(-0.0105024,-0.0160694)
(-0.011802,-0.0083565)
(-0.00733631,-0.0112974)
(-0.00874519,-0.00439039)
(-0.0163686,-0.00862385)
(-0.0123797,-0.0103339)
(-0.000825608,-0.00499881)
(-0.0066815,-0.0120793)
(0.018479,0.00385263)
(0.000441766,0.00881834)
(0.002045,0.00549633)
(-0.0138553,-0.00563326)
(0.00507852,0.0235831)
(-0.0188899,-0.014409)
(0.00866511,0.0330601)
(-0.0207827,-0.0244716)
(0.0277111,0.032718)
(-0.0112441,-0.0229603)
(0.031371,-0.00306741)
(-0.00398633,-0.0184546)
(-0.00487941,-0.0116613)
(-0.00406578,-0.0128661)
(-0.0121442,-0.00581787)
(-0.0093508,0.00132523)
(-0.0120236,-0.00230846)
(-0.0190157,-0.0174557)
(-0.00936247,0.00805803)
(-0.0167816,-0.00732786)
(0.003704,-0.0134042)
(0.00491482,0.0087341)
(-0.0161298,0.00415699)
(-0.00373361,0.00518073)
(-0.0151508,0.0219094)
(-0.0037997,-0.000832386)
(0.00657509,0.041628)
(-0.00943294,-0.0321223)
(0.0233115,0.0304421)
(-0.0255951,-0.0271195)
(0.035444,0.0209601)
(-0.00962982,-0.0202213)
(-0.00753347,-0.0132082)
(0.0211536,-0.0118062)
(-0.00281628,-0.0146631)
(0.0086658,0.00147392)
(-0.006626,0.00583372)
(-0.0048141,-1.27975e-05)
(-0.0127564,0.0121472)
(-0.0161779,-0.0105747)
(-0.000726234,-0.0141064)
(-0.00335978,0.00593297)
(-0.0170302,-0.0143426)
(0.0123809,0.0108921)
(-0.021325,-0.00246421)
(0.0274372,-0.011061)
(-0.0189334,0.00388952)
(0.0239499,-0.0313201)
(-0.0342805,-0.0251134)
(0.0463074,0.0138174)
(0.0026377,0.0114198)
(0.0185418,0.0134649)
(-0.0180119,-0.0105563)
(0.0435632,-0.0164096)
(-0.0103653,0.00181784)
(0.0295601,-0.0281924)
(0.00887817,-0.000969824)
(0.00601225,-0.00623767)
(-0.00223143,0.0111388)
(-0.0108895,-0.00582206)
(0.0021125,-0.00506192)
(0.00682111,0.00864248)
(-0.012295,-0.0134055)
(0.0133956,0.0118878)
(-0.00788211,-0.00195691)
(0.00888941,-0.00792301)
(0.0302174,0.0525958)
(-0.00770028,-0.0425084)
(-0.00472277,0.00128772)
(-0.00369785,0.00105104)
(0.00480624,0.00286728)
(-0.0180755,-0.00302745)
(0.00549683,-0.0227162)
(0.0272078,0.0281249)
(0.0123208,-0.00279064)
(0.0172901,-0.0223496)
(0.0250228,0.0107713)
(0.000541738,-0.0171624)
(0.00714376,0.013245)
(-0.0073018,-0.00818662)
(-0.00698712,0.0045086)
(-0.0005372,-0.00188955)
(0.00252481,0.0116425)
(-0.00179462,-0.00352456)
(0.0132528,-0.00314384)
(0.0123792,0.0200048)
(0.0480557,-0.00911556)
(-0.0116871,-0.00238008)
(-0.0119113,0.0210257)
(-0.00531721,0.00310435)
(0.0292938,-0.00586378)
(-0.000788916,0.0048387)
(-0.054932,0.0144296)
(-0.0195114,-0.00074984)
(0.00075791,0.0119396)
(-0.0100735,-0.04302)
(0.0117664,0.00800415)
(-0.0113386,-0.00973824)
(0.0207168,0.0127548)
(-0.0162576,0.000510121)
(-0.00967218,-0.00164732)
(0.00177627,-0.0126506)
(-0.0276855,0.00464711)
(0.00520702,-0.00533794)
(-0.0149807,0.0407839)
(0.0207372,-0.0032949)
(0.00410336,0.0127647)
(0.0319789,-0.00185904)
(0.0203267,-0.126646)
(0.0189795,-0.0111945)
(-0.0573701,0.0408233)
(0.0278236,-0.00457292)
(-0.0394774,0.0206651)
(-0.00484025,-0.0330079)
(-0.00994324,0.00379326)
(-0.00158036,-0.0203211)
(0.00886155,0.00847284)
(-0.0224873,-0.00263697)
(0.000270264,0.00923305)
(-0.0208989,0.00806337)
(-0.0103505,-0.0038761)
(-0.0162266,-0.0103579)
(-0.0218019,0.000490068)
(-0.00431572,-0.0145943)
(-0.039182,0.0237327)
(0.00878215,-0.0114619)
(-0.0286916,0.043819)
(0.0250031,-0.00226089)
(-0.0134501,0.0200775)
(0.00696447,-0.0279315)
(-0.0272153,0.0245025)
(0.020032,-0.030795)
(-0.000700095,-0.0176221)
(-0.00365811,-0.0243259)
(-0.00184059,-0.00874786)
(-0.000239296,-0.00799512)
(-0.0208312,0.00790495)
(-0.00536241,0.000984313)
(-0.015407,0.00674456)
(-0.00209496,0.0152427)
(-0.0072807,-0.0101622)
(-0.0135517,-0.00571443)
(-0.0100226,-0.0108052)
(-0.0169854,-0.00665356)
(-0.0121567,0.0135722)
(-0.0169858,-0.00907648)
(-0.016712,0.0392463)
(-0.00629314,-0.0179394)
(-0.00585256,0.0219295)
(0.00452234,-0.0288484)
(0.0068697,-0.00709244)
(-0.000492096,-0.0362644)
(0.00713406,-0.029947)
(0.00634879,-0.0261405)
(-0.0173697,-0.0119385)
(0.0176841,-0.00874591)
(-0.030668,0.0115117)
(0.0185451,-0.00240955)
(-0.0200781,-1.09725e-05)
(0.00527348,0.0130616)
(-0.00449074,-0.00904744)
(-0.0236295,0.00404301)
(-0.0030168,-0.00509761)
(-0.0181627,0.00155025)
(0.0013494,0.00389546)
(-0.0231252,-0.0150401)
(-0.000595553,0.0180529)
(-0.0123024,-0.0219781)
(-0.00678303,0.012078)
(-0.00565534,-0.0265141)
(0.00856963,-0.00649971)
(0.0047178,-0.0347974)
(-0.000574416,-0.00750571)
(0.0143206,-0.024445)
(-0.0194475,-0.00661777)
(0.0100574,-0.00621541)
(-0.0175229,0.00740645)
(0.00841046,0.00329703)
(-0.0117057,0.0120286)
(-0.00604076,-0.00460667)
(0.00627023,0.00694748)
(0.000365735,-0.000847537)
(0.00180578,0.00385706)
(-0.00851395,-0.0103576)
(0.0124608,-0.00271119)
(-0.00448642,-0.0128862)
(0.0125076,0.00157489)
(-0.000376644,-0.00984375)
(0.0161039,0.00050521)
(0.00303263,-0.0158021)
(-0.00342445,-0.0142361)
(-0.00816099,-0.014822)
(-0.00476749,-0.0176425)
(-0.0149082,-0.0109399)
(-0.0138411,-0.0146685)
(-0.0124269,0.000942637)
(-0.00726406,-0.0216192)
(-0.0101913,0.00416176)
(-0.0135974,-0.0103189)
(0.000308097,0.00756989)
(0.00451667,8.75527e-05)
(0.00604151,-0.00307436)
(0.00702994,0.0144472)
(-0.0142539,-0.00930547)
(0.00258079,0.00179704)
(-0.00360316,-0.0144947)
(0.0142103,0.0105045)
(-0.00318641,-0.0326798)
(0.027118,0.0204126)
(-0.0102382,-0.0337999)
(-0.00124361,-0.00289005)
(-0.0127515,-0.0316694)
(-0.00806901,-0.00767994)
(-0.00863124,-0.00804688)
(-0.00844034,-0.00108835)
(-0.00529836,0.00403947)
(-0.0102106,-0.000585565)
(-0.00855606,-0.00126375)
(-0.0142494,0.0022587)
(-0.0190681,-0.00938887)
(0.00769539,-0.00461298)
(0.00616751,-0.00147535)
(-0.0171386,-0.0122131)
(-0.0135936,-1.32407e-07)
(-0.00795602,0.0168064)
(-0.00726801,-0.0103006)
(0.00720603,0.028029)
(-0.0138042,-0.0229427)
(0.021382,0.0378475)
(-0.0352346,-0.0289954)
(0.00181717,0.00679316)
(-0.0299566,-0.0100754)
(-0.0204937,-0.0160405)
(-0.00982716,-0.00387168)
(-0.00826496,-0.000133368)
(-0.0031079,0.0184569)
(-0.00141771,0.0149336)
(-0.00518483,0.0106402)
(-0.00804985,0.0163057)
(-0.00802863,-0.00180276)
(-0.00778381,-0.0206798)
(0.0117686,0.00296391)
(-0.0223356,-0.0229084)
(0.00150642,0.0104963)
(-0.0247809,-0.00492253)
(0.0041541,0.00131985)
(-0.011345,0.00893299)
(-0.00946279,-0.0286612)
(0.0266868,0.00235466)
(-0.0329217,-0.00299161)
(-0.011162,0.0165077)
(-0.012823,0.00236364)
(-0.0112804,-0.00125826)
(-0.00256214,0.00771401)
(0.016087,-0.0140622)
(-0.00419735,-0.0034216)
(0.00987219,0.00398924)
(-0.00678378,-0.00170391)
(0.00416713,0.016856)
(-0.00293502,-0.00184328)
(-0.00473495,-0.0137698)
(0.0169119,0.007646)
(-0.0311199,-0.018297)
(0.00508895,0.0158662)
(-0.0434492,-0.0183482)
(0.0033661,0.010773)
(-0.00381407,-0.00733721)
(0.00779874,-0.00563034)
(0.0781925,-0.0106139)
(-0.00725204,0.0105327)
(-0.0220094,0.0114452)
(0.0431081,0.00976309)
(0.00243813,-0.000464379)
(-0.00994603,0.00332992)
(0.0358949,0.00762821)
(-0.0145433,-0.0133783)
(0.0313409,0.005187)
(-0.017013,-0.0101287)
(0.00972676,0.0130662)
(-0.00613792,-0.00335248)
(-0.0125913,-0.00445778)
(0.0150901,-0.0139508)
(-0.0210656,-0.00771993)
(0.0115579,0.00447653)
(-0.0349601,0.00541442)
(-0.00662745,0.0164069)
(-0.0295008,0.0142014)
(0.000546769,0.0237635)
(-0.0371927,-0.0308129)
(0.0261376,-0.0292382)
(-0.0666761,-0.0467782)
(0.0457079,-0.0314428)
(-0.00800689,0.00519406)
(-0.0378441,-0.0294681)
(0.0308731,0.00733165)
(-0.0211087,-0.0330783)
(0.0270927,0.0108392)
(-0.0177681,-0.014851)
(0.015047,0.0145576)
(-0.0180495,-0.00883677)
(-0.0201626,-0.0132808)
(0.0111838,-0.0086596)
(-0.024225,-0.00588569)
(0.0088341,-0.0120595)
(-0.0456148,0.0215901)
(0.00317161,-0.000548239)
(-0.0132482,0.0379322)
(0.00382064,0.0213675)
(0.0250228,0.029957)
(-0.000726973,-0.00729694)
(0.0181998,0.0461126)
(-0.0247752,-0.0122634)
(0.0187123,0.0307349)
(-0.0384836,-0.0279115)
(0.0345951,0.0130206)
(-0.020729,-0.0179375)
(0.00444585,0.0197879)
(-0.0244311,-0.0127915)
(0.00213538,0.0102575)
(-0.0126317,-0.00365121)
(-0.0148214,-0.0151262)
(-0.0069045,-0.00658494)
(-0.0145248,-0.0290711)
(-0.0059683,-0.012051)
(-0.0250185,0.0132649)
(-0.00131088,-0.0192756)
(-0.0293853,0.0465348)
(-0.00762651,-0.00732484)
(0.0271856,0.038793)
(-0.0133261,0.0046623)
(0.0288406,0.0454477)
(-0.0385705,0.00683921)
(0.0414087,-0.000889404)
(-0.0279483,0.00342257)
(0.0133799,0.00316617)
(-0.0146168,-0.003359)
(-0.0125064,0.0183918)
(-0.0112453,-0.00384232)
(-0.00830045,0.0189601)
(-0.00678491,-0.00265916)
(-0.00842404,-0.0088022)
(-0.0204078,-0.00266877)
(0.000413238,-0.0151712)
(-0.0233962,-0.0105906)
(0.0145406,0.000476911)
(-0.0230004,-0.0339926)
(0.00722116,0.0231334)
(-0.0156416,-0.0163934)
(0.0130217,0.0224176)
(-0.0130351,-0.00601095)
(0.0353075,-0.000584811)
(-0.0121481,-0.00157032)
(0.0381322,-0.0194085)
(0.000973128,0.013667)
(-0.0037754,-0.0104182)
(0.0114236,0.00607613)
(-0.0240433,0.01324)
(0.00638076,-0.00567139)
(-0.0143282,0.018829)
(0.00336613,-0.00403449)
(-6.55747e-05,0.00103647)
(-0.0178108,0.00814157)
(-0.000891667,-0.00636491)
(-0.0208663,-0.000806318)
(0.00881328,0.00491329)
(-0.0179081,-0.0161073)
(0.0133291,0.0078902)
(-0.018262,-0.0223797)
(0.0122924,0.00484893)
(-0.00488512,-0.0154046)
(0.0240236,-0.00675034)
(-0.00753545,-0.00522507)
(0.00268989,-0.0164218)
(-0.000800718,0.00269924)
(-0.00758817,-0.00523051)
(0.0061618,0.00295419)
(-0.0226621,0.00849833)
(0.00248207,-0.00208952)
(-0.0134195,0.0125079)
(-0.00490682,0.00141927)
(-0.00427189,0.017196)
(-0.0138231,0.00188991)
(-0.00845282,0.00429034)
(0.00108948,-0.0025223)
(-0.00644676,0.00374461)
(0.00922763,-0.0265497)
(0.00378457,-0.010627)
(0.0124268,-0.0240899)
(-0.00164852,-0.000553116)
(0.00959057,-0.0312177)
(-0.0161461,-0.00771629)
(-0.0112779,-0.0250584)
(-0.0303472,-0.022374)
(-0.013121,-0.00421218)
(-0.00227241,-0.0253229)
(-0.00810454,0.024914)
(-0.00487633,-0.0282845)
(0.0011785,0.0366022)
(-0.00846649,-0.019672)
(-0.00917282,0.0154199)
(-0.000344058,0.0102283)
(0.00160088,-6.24838e-05)
(-0.0126508,0.00451233)
(0.00220074,-0.0148988)
(-0.00824303,-0.00238673)
(0.00988406,-0.0326909)
(0.00621223,-0.00271464)
(0.0167706,-0.0422565)
(0.0108059,0.00138333)
(0.00586942,-0.0382248)
(0.0036771,-0.00795579)
(-0.00809526,-0.0302512)
(-0.0143712,-0.00491604)
(0.000814517,0.00259791)
(-0.0196068,-0.0111634)
(0.00567895,0.0310035)
(-0.011896,-0.0141435)
(0.000179114,0.0197618)
(-0.00798612,-0.00619166)
(-0.00379563,0.0258852)
(-0.000344258,-0.00952127)
(0.00957633,-0.0102907)
(-0.0115464,-0.0114704)
(-0.00287053,-0.01377)
(-0.0075672,-0.00651237)
(0.000630252,-0.0241065)
(0.00317153,0.00186306)
(0.00863485,-0.0357673)
(0.0235642,0.0147252)
(-0.00845965,-0.0218536)
(-0.0111386,-0.00804409)
(-0.0103424,-0.00535735)
(-0.0148746,0.00332728)
(-0.0098032,0.0114422)
(-0.00518693,0.00228392)
(-0.00270436,0.0296646)
(-0.0157704,0.00678141)
(0.00401475,0.0126427)
(0.00029448,0.0070216)
(0.00107485,0.00327583)
(-0.00567255,-0.0165556)
(0.0142298,-0.00449566)
(-0.0122999,-0.021385)
(-0.00715109,-0.00453445)
(-0.0154231,-0.0142968)
(0.00996327,-0.01149)
(-0.00710457,0.0123195)
(0.0118338,-0.019264)
(0.00254397,0.0137316)
(-0.0293007,-0.00845509)
(-0.0159061,-0.00193883)
(-0.0250646,0.0046407)
(0.0021755,-0.0118003)
(-0.0214406,0.0120849)
(0.00632333,-0.00377075)
(-0.0159359,0.0132337)
(0.0154066,0.000413158)
(-0.000682232,0.00821044)
(1.48075e-05,0.00122062)
(0.000659644,-0.00580997)
(-0.00477615,-0.0140563)
(0.0171607,-0.0187668)
(-0.00934262,-0.0311145)
(0.0130629,-0.00849069)
(-0.0301885,-0.0187195)
(0.00864739,-0.00651496)
(-0.0234001,-0.00379799)
(-0.00507699,0.00971981)
(0.0239387,0.00425701)
(-0.0100556,0.0128258)
(-0.0122221,0.00558537)
(-0.0294437,0.0279294)
(0.0109099,-0.00496843)
(-0.0411854,-0.000780843)
(0.0409119,-0.0128486)
(-0.0345177,-0.0102261)
(0.0117247,0.00031677)
(-0.0166228,-0.0166308)
(0.00884483,-0.00609613)
(-0.00601908,-0.00862058)
(-0.000332311,-0.00326624)
(0.0209963,-0.0211621)
(-0.00819209,-0.0176569)
(0.00975292,-0.0195418)
(-0.0259979,-0.00529181)
(-0.000333775,0.00840893)
(-0.0238749,0.012294)
(-0.0120702,0.0276173)
(0.0156727,0.0110265)
(-0.0043001,0.0227856)
(0.0181938,0.0020179)
(-0.0278967,0.0249022)
(0.0391001,-0.000685983)
(-0.0356625,0.00601617)
(0.0267747,0.0181229)
(-0.0251217,-0.0141516)
(0.0134335,0.00363219)
(-0.0140605,-0.0270943)
(0.0048663,0.0160471)
(-0.0200344,-0.0123151)
(0.00171629,-0.0109415)
(0.0127174,-0.0162738)
(0.00211807,-0.0142436)
(0.00680564,-0.00237419)
(-0.0289699,0.00340559)
(-0.00861068,0.00192006)
(-0.0233277,0.0252229)
(-0.0242861,0.0173182)
(0.0476207,0.0372938)
(-0.0157471,0.0331668)
(0.0514183,0.0441069)
(-0.0460593,0.029548)
(0.0459845,0.0135483)
(-0.0265689,0.0116166)
(0.0359044,0.0137882)
(-0.0162296,-0.0196748)
(0.00772867,0.0147418)
(-0.0185343,-0.0287753)
(-0.00521682,0.0114802)
(-0.0207053,-0.0185965)
(0.00384655,-0.0156746)
(-0.0103482,-0.00666372)
(0.00602303,-0.0194006)
(-0.0233303,-0.0219728)
(0.00722138,-0.00719924)
(-0.0117392,-0.0226044)
(-0.00446941,0.0238113)
(-0.0158343,-0.0151327)
(0.0232567,0.0319269)
(-0.0160583,0.0182497)
(0.042016,0.0246185)
(-0.0177578,0.0263308)
(0.0395756,0.00656317)
(-0.00745991,0.0206045)
(0.00527796,0.0194132)
(-0.00652294,0.0019499)
(-0.01177,0.0186772)
(-0.0132239,-0.0177579)
(-0.00643821,0.0245681)
(-0.011783,-0.0144469)
(0.00622368,-0.00454093)
(-0.0172332,0.00479893)
(0.0157359,-0.00353912)
(-0.0278564,-0.00659865)
(0.0171913,0.00226783)
(-0.0402133,-0.0320455)
(0.0152616,0.00568592)
(-0.0352575,-0.0273193)
(0.0131575,0.0224876)
(-0.0114034,-0.00493835)
(0.0313744,0.00963577)
(0.00142772,0.0161819)
(0.0185844,-0.00842057)
(0.0109043,0.0276176)
(-0.00955278,0.00375216)
(0.0102539,0.0111749)
(-0.0186619,0.0124472)
(0.00370226,-0.00977415)
(-0.00548835,0.0158299)
(-0.00613511,5.13712e-05)
(0.00204328,0.00986607)
(-0.0143961,0.00984188)
(0.018897,0.00283236)
(-0.0118556,0.00304992)
(0.0171001,0.00353875)
(-0.0225295,-0.00952479)
(0.0167167,0.0106782)
(-0.0271552,-0.021544)
(0.00878912,0.00599973)
(-0.0174129,-0.0134109)
(0.00871398,0.00228979)
(0.00125438,0.00270425)
(-0.00303064,-0.00478635)
(0.00932433,0.0161052)
(-0.0105178,-0.00512952)
(0.00693454,0.0133212)
(-0.0118523,0.00597489)
(-0.000257685,0.0058248)
(-0.00317561,0.00659839)
(-0.0100994,0.00528885)
(-0.00898956,0.0153975)
(0.00230077,0.014457)
(-0.0157017,0.018276)
(-0.00874865,6.34341e-05)
(-0.0128776,0.00142742)
(0.00994946,-0.0276007)
(-0.00163045,0.00367575)
(0.0162745,-0.0333798)
(0.00184607,-0.000631549)
(0.00590511,-0.0348404)
(-0.0125459,-0.0119806)
(-0.00403882,-0.0116539)
(-0.0134162,-0.0116505)
(-0.00484875,0.00108234)
(-0.00571394,-0.025678)
(-0.00447987,0.0358942)
(-0.00737744,-0.0203225)
(-0.00526502,0.0309099)
(-0.00615009,-0.0143918)
(-0.0003316,0.0186757)
(-0.00951625,0.0184654)
(-0.00261635,0.00764701)
(-0.0197018,0.0019901)
(-0.00732824,-0.0106972)
(-0.0114042,-0.0101173)
(0.0168489,-0.0266306)
(0.00602658,-0.0102212)
(0.0133753,-0.0406028)
(0.0163886,-0.0145135)
(0.00302437,-0.0312817)
(0.00512891,-0.00718434)
(0.0025541,-0.0134752)
(-0.00716666,-0.0164768)
(-0.00433939,0.0169149)
(-0.0143684,-0.0197736)
(0.0175216,0.0308302)
(-0.0131531,-0.0270466)
(0.0190229,0.0316612)
(-0.00746396,-0.0177564)
(0.000240329,0.0180073)
(-0.00369376,-0.000353671)
(0.00646762,-0.00380086)
(-0.00362265,-0.0102578)
(-0.00809546,-0.00734228)
(-0.00132185,-0.0116951)
(0.00416214,-0.0252058)
(0.00597182,-0.0199768)
(0.0171585,-0.0232644)
(0.021452,-0.013371)
(-0.000648204,-0.0249982)
(0.0138369,-0.0218794)
(-0.00609326,-0.00268078)
(-0.00486931,0.00167789)
(0.00061616,0.0179538)
(-0.0215771,-0.00730888)
(0.0136561,0.0255964)
(-0.0172686,-0.00497836)
(0.0297192,0.0104665)
(-0.00938401,-0.000402163)
(0.00942378,0.00521685)
(-0.00165794,-0.012798)
(0.00549219,-0.0110051)
(-0.0108056,-0.0242825)
(-0.00475086,-0.0106039)
(-0.00110147,-0.0192118)
(-0.000215351,-0.0190999)
(0.00594515,-0.0116998)
(0.0150025,-0.0228649)
(0.0165866,-0.00823433)
(-0.00268951,-0.00773355)
(0.0073142,-0.0221529)
(-0.0173187,0.00948692)
(0.000894681,-0.0131335)
(-0.0187328,0.00455342)
(0.0132645,-0.0150363)
(0.000758328,0.0152166)
(-0.014737,-0.0157108)
(0.0107344,0.00234709)
(-0.000118694,-0.00211414)
(0.0109476,-0.00997001)
(-0.00868166,-0.00249671)
(0.0221539,-0.010444)
(-0.000342984,-0.0251234)
(0.00257447,-0.0165972)
(0.000896251,-0.0284162)
(0.00597618,-0.0129992)
(-0.00691755,-0.0125364)
(0.0114484,-0.00795536)
(0.00586259,-0.00822296)
(0.00409667,0.00300088)
(0.009873,-0.013959)
(-0.00909084,0.000986407)
(0.0349994,-0.0121006)
(-0.0186477,0.00940486)
(0.0109264,-0.0216203)
(-0.0103877,-0.0123017)
(0.00186533,-0.0133912)
(0.0147923,-0.0168272)
(-0.0121305,-0.00881716)
(0.00383886,-0.0153855)
(-0.00101983,-0.0012761)
(0.0171011,-0.0216656)
(0.00566038,-0.00679865)
(0.0093975,-0.00695624)
(-0.00265471,-0.0179776)
(-0.00378974,-0.000529682)
(0.0102297,-0.00774728)
(-0.00344049,0.00784709)
(0.0327181,0.000904649)
(0.00635424,0.015703)
(0.0412717,8.95926e-05)
(-0.00800386,0.0238823)
(0.025099,-0.00592071)
(-0.00517429,-0.00246742)
(0.0254397,-0.00455969)
(-0.00316065,-0.0118037)
(-0.000182312,-0.00302482)
(-0.00339143,-0.0299611)
(-0.00480726,0.00179786)
(0.000226012,-0.0182524)
(0.00456901,0.00339047)
(0.0124979,0.00182274)
(0.00668171,-0.00270286)
(-0.000266166,-0.00598033)
(0.0108192,-0.00660313)
(-0.00785934,0.00812602)
(0.0146587,0.00210568)
(0.000312141,0.0247452)
(0.046504,0.0190111)
(-0.000853549,0.0149616)
(0.0551052,0.015538)
(0.00759748,0.026925)
(0.0457481,0.0042327)
(0.00307887,0.00960895)
(0.00774729,0.0062397)
(0.00991599,-0.0130803)
(-0.00160624,0.00160375)
(-0.00569478,-0.0261624)
(-0.00393444,0.00603886)
(-0.0162112,-0.0185249)
(0.00909197,-0.00025476)
(-0.00712109,-0.00159209)
(0.0174353,0.00413061)
(-0.0104572,0.0113024)
(0.00706078,0.00661491)
(-0.0180335,-0.0129666)
(0.00847715,0.00559581)
(-0.00117999,-0.00229699)
(0.0142565,0.0307494)
(0.0146121,0.00499839)
(0.0269342,0.0151211)
(0.015442,0.0183805)
(0.0156996,0.00817463)
(0.0214472,0.0173783)
(-0.00746034,0.00990052)
(-0.000347374,-0.00403835)
(-0.0175262,0.00868575)
(-0.00372305,-0.0120102)
(-0.0128741,0.0111418)
(-0.00462162,-0.012824)
(0.00304132,0.00783811)
(-0.006551,0.00473955)
(0.02615,0.0151386)
(-0.0232444,0.00336769)
(0.00998313,0.016507)
(-0.0303824,-0.015536)
(0.0055817,0.0174178)
(-0.0175486,-0.0217841)
(-0.00262295,0.00861508)
(0.000752012,1.37586e-05)
(0.00400893,0.00474368)
(0.0241899,0.0137049)
(-0.00620378,-0.00118704)
(0.0301457,0.0195067)
(-0.0168084,0.00015778)
(0.0240242,0.0128063)
(-0.019123,0.00412451)
(0.00465257,-0.00438992)
(-0.00942901,0.0129868)
(0.000594443,-0.0118624)
(0.0106282,0.0101273)
(-0.00423157,0.0123367)
(0.0204728,0.0150629)
(-0.00661023,0.00316306)
(0.0166104,0.00376918)
(-0.0144233,-0.0140871)
(-0.000452522,-0.00177444)
(-0.0206659,-0.0144495)
(-0.00311324,0.00838979)
(-0.00701101,-0.00904525)
(-0.00764973,-0.00822576)
(0.0109255,0.00529857)
(-0.0143125,-0.0113801)
(0.0217235,0.0175917)
(-0.0126519,-0.00541975)
(0.00838247,0.0237455)
(-0.00716742,-0.000595382)
(0.0105154,0.00822801)
(-0.00267287,0.00144296)
(0.00193883,0.00193996)
(-0.00285196,0.00766454)
(0.00668667,0.010935)
(-0.00788638,0.00906017)
(-0.000709647,0.00623653)
(-0.0166944,0.000674629)
(-0.00443534,-0.0166862)
(0.00998575,-0.0056356)
(-0.000131663,-0.0144278)
(-0.00510625,0.00411376)
(0.00291986,-0.0215777)
(-0.000139968,-0.00578018)
(-0.00521596,-0.00452325)
(-0.0132052,-0.00715527)
(-0.0027099,0.0104887)
(-0.00670549,-0.00917768)
(-0.00859257,0.0205977)
(-0.0104952,-0.0150033)
(-0.00680648,0.0174921)
(0.000656885,-0.00267477)
(-0.00656635,0.0124306)
(-0.00842508,-0.00110436)
(5.67732e-05,0.0122307)
(-0.0133428,0.00610457)
(-0.00424182,0.00422435)
(-0.00574664,-0.00539191)
(0.00510614,-0.0177817)
(0.00741575,-0.0133771)
(0.0119581,-0.0248464)
(0.0133341,-0.0102453)
(0.00820999,-0.0186621)
(-0.000727333,-0.0098429)
(0.00908307,-0.00298154)
(-0.00123963,-0.0115988)
(0.000949967,0.00996618)
(-0.0055176,-0.0180347)
(0.0110282,0.0192674)
(-0.00785205,-0.0139115)
(0.00387152,0.00772891)
(-0.0067469,-0.00244601)
(-0.00475133,0.00922375)
(-0.000204103,0.00338147)
(-0.00342715,0.00555449)
(-0.00718279,-0.0142009)
(-0.00311779,-0.00491973)
(-0.000547689,-0.0188951)
(-0.000760402,-0.0133836)
(0.0110274,-0.0138398)
(0.0094154,-0.0207179)
(0.0136592,-0.0229847)
(0.0130164,-0.0113923)
(0.0166599,-0.00662037)
(0.00754977,0.00531174)
(-0.000495772,-0.00115386)
(0.00380779,0.0090558)
(-0.00469698,0.00182123)
(0.018376,0.0119592)
(-0.00615378,-0.009185)
(0.0177449,0.00336704)
(-0.00301891,0.00943244)
(0.00769619,-0.00950758)
(-0.0014634,-0.00513458)
(0.00146625,-0.00345484)
(-0.00789726,-0.0169022)
(-0.00989662,-0.0110411)
(0.000997454,-0.015452)
(-0.000295807,-0.0155484)
(0.0118786,-0.00878631)
(0.0100238,-0.0091362)
(0.00948507,-0.0117304)
(0.0104397,-0.0110111)
(0.0187787,-0.00900444)
(-0.000762047,0.00240779)
(0.0207508,-0.00203775)
(-0.00540269,0.00371416)
(-0.00394661,-0.0107644)
(-0.000903072,-0.00362924)
(-0.00700445,-0.00645808)
(0.0210214,-0.00917741)
(-0.00131868,-0.00546352)
(0.0179968,-0.0104016)
(-0.00639335,-0.0016844)
(0.0106279,-0.0111922)
(-0.00874027,-0.0108399)
(0.00619638,-0.0178107)
(0.00913736,-0.019286)
(-0.00711729,-0.016135)
(0.00259828,-0.0142829)
(0.0161112,-0.0100563)
(0.011066,-0.00941537)
(0.0139736,-0.0103382)
(0.014404,-0.00994897)
(0.00605212,-0.00605312)
(0.0216241,-0.00952278)
(-0.00970171,-0.00551439)
(0.00827728,-0.0129698)
(-0.000440088,-0.0155623)
(-0.00967834,-0.00763699)
(0.00883299,-0.0224158)
(-0.0068509,-0.00395479)
(0.0140313,-0.0196638)
(-0.00134186,-0.00207151)
(0.00855997,-0.0015294)
(0.00508236,-0.0157193)
(-0.00116818,-0.0133149)
(0.0155036,-0.0113277)
(0.00283026,-0.00216544)
(0.0145481,-0.0119834)
(0.003339,-0.000727449)
(0.0243078,-0.00139327)
(0.0108459,-0.00900107)
(0.0422124,0.00332299)
(0.0133386,-0.00584985)
(0.0256564,0.00210486)
(-0.000640835,-0.00995023)
(0.00333249,-0.00482358)
(0.00279822,-0.0177672)
(-0.00673849,-0.00153663)
(0.00936962,-0.0221277)
(-0.00885211,-0.00254149)
(0.00203477,-0.0217063)
(0.00724796,0.00496883)
(0.0075504,2.34711e-05)
(0.00982373,0.00484741)
(0.00287739,0.0154197)
(0.0162039,0.000186666)
(-0.00147821,0.00414422)
(0.0226982,-0.00162901)
(0.0129717,-0.000556284)
(0.0292551,0.00332273)
(0.0172268,0.00662317)
(0.0332198,0.0121029)
(0.0182622,0.00523456)
(0.0219715,0.00109381)
(0.0234615,-0.00178598)
(-0.00350248,0.00668101)
(0.00313537,-0.00743582)
(-0.00485749,0.00547453)
(-0.00347712,-0.0209076)
(-0.00130808,0.00200574)
(-0.00771745,-0.0193824)
(0.00251787,0.00518821)
(-0.00132586,0.00876161)
(0.00859387,0.0120095)
(-0.00305459,0.0131268)
(0.00277896,0.0168892)
(-0.00714705,0.00300152)
(0.00932039,0.00926096)
(0.00762074,-0.000614979)
(0.00446383,0.0202022)
(0.0182305,0.00515788)
(0.011173,0.0120333)
(0.02276,0.00900913)
(-0.000802094,0.0095718)
(0.0200298,0.00422326)
(0.00146147,0.0106476)
(0.00552708,-8.31745e-05)
(-0.00579686,0.00416728)
(0.000820204,-0.00899852)
(-0.00396418,0.00619747)
(-0.000161877,-0.0157084)
(0.00171828,0.0166171)
(0.00945708,0.00243383)
(0.00229962,0.0158416)
(-0.00360645,0.00548053)
(-0.000171871,0.0135151)
(-0.00643754,-0.00858342)
(-0.00481602,0.00710204)
(0.000158925,-0.00407501)
(-0.017292,0.0116242)
(0.00869145,0.00334411)
(-0.0185765,0.00636832)
(0.0195032,0.0118287)
(-0.0176192,-0.00679736)
(0.0249616,0.0134256)
(-0.00948633,0.00205897)
(0.00709795,0.00924175)
(-0.0104483,0.00569755)
(0.00267455,-0.00221026)
(-0.0101746,0.00428728)
(-0.00280406,-0.00897101)
(-0.00483369,0.0137752)
(0.00493036,0.00950092)
(0.0126625,0.0177147)
(0.0003874,-0.000672923)
(-0.0023996,0.00836262)
(-0.000484314,0.00413107)
(-0.00282589,-0.000712053)
(-0.0100265,-0.00636224)
(-0.0217892,-0.00370637)
(-0.00507334,0.00276359)
(-0.0250847,0.00231038)
(0.00999851,0.000608178)
(-0.0264377,-0.00516424)
(0.00934652,0.0188876)
(-0.0102405,0.00552658)
(0.00990257,0.0107819)
(-0.0179432,0.00131469)
(0.00901042,0.00801661)
(0.0013293,0.00862878)
(0.000437235,-0.00123152)
