(0.00770392,0.00879568)
(-0.00888079,-0.000350441)
(0.0154687,0.00432613)
(0.00137621,-0.0110265)
(0.013491,-0.00756384)
(-0.000157505,-0.000876288)
(-0.00817758,-0.00479856)
(-0.00542885,0.0103041)
(-0.0153633,-0.0097685)
(-0.0058821,0.0118835)
(-0.00309564,-0.00577088)
(-0.0045047,0.01565)
(-0.00121548,-0.00477092)
(0.00482382,0.00557245)
(-0.00800993,-0.0056469)
(0.0104306,0.00548977)
(-0.00734173,-0.00142686)
(0.00396676,-0.00308654)
(-0.00343918,-0.0028041)
(-0.00201955,-0.00213871)
(0.0085189,0.0146478)
(0.000286346,0.00175391)
(0.0162893,0.00557031)
(0.00138621,-0.00868837)
(0.0185895,-0.000197758)
(0.0105913,0.00238563)
(0.000616404,-0.00886639)
(0.00348097,0.0102799)
(-0.00643608,-0.00266987)
(-0.00340637,0.0123565)
(-0.00470721,-0.0112895)
(-0.000884467,0.00352255)
(-0.00605919,0.00539311)
(0.00427863,0.0140846)
(0.00062712,0.000311086)
(0.00181235,-0.00105686)
(-0.0179881,0.00654558)
(-0.0062393,0.00871625)
(0.00368035,-0.00316274)
(-0.00181672,0.00496825)
(0.00676946,0.00791018)
(0.010746,-0.0136578)
(0.00939818,-0.00301586)
(0.00911265,-0.00965583)
(0.0159161,-0.000147496)
(0.0180518,-0.00714126)
(0.00280926,-0.00164541)
(0.000823584,0.00622771)
(-0.0042846,0.00472501)
(-0.00132985,0.00595437)
(0.00721777,-0.00449057)
(-0.0119424,0.00575755)
(-0.00703842,0.0160794)
(-0.014198,0.00807958)
(-0.000657335,0.00528423)
(-0.0148981,0.0114815)
(0.0031478,0.0126221)
(-0.0154665,-0.00147092)
(-0.000896988,0.00428961)
(-0.0131592,-0.00394716)
(0.00134776,0.00892126)
(0.00858581,-0.00506593)
(0.000590452,-0.00722567)
(0.0158196,-0.00090175)
(0.000307355,-0.00492044)
(0.016474,0.00327371)
(-0.006216,-0.010184)
(0.0141268,0.0120286)
(-0.00923129,-0.0104195)
(-0.0129042,0.0137609)
(-0.0104189,-0.0126282)
(0.00077687,0.0155787)
(-0.0123114,-6.5971e-05)
(-0.00146627,0.00690075)
(-0.00538546,0.0113592)
(-0.0107447,0.00210247)
(-0.0100986,0.00335089)
(-0.0186644,0.00791599)
(0.00291323,-0.000268053)
(-0.0148467,-0.00289316)
(-0.00987342,-0.0114098)
(0.00144867,0.00255926)
(-0.0123678,-0.021089)
(0.0115955,0.00392222)
(0.00113046,-0.010713)
(0.0322942,0.0109312)
(-0.00509128,-0.0162734)
(0.000214086,0.00505164)
(0.00501125,-0.013661)
(-0.000769496,0.00439863)
(-0.00140489,-0.0116931)
(0.0076251,0.00494277)
(-0.0110021,-0.0130569)
(-0.000233475,0.0116605)
(-0.0187365,-0.0114189)
(-0.00498383,0.00120719)
(-0.00854929,-0.0110689)
(-0.00106805,-0.00442173)
(-0.00737034,0.00632896)
(-0.0010891,-0.00841359)
(-0.0118103,-0.00606393)
(-0.00634215,0.00277126)
(-0.00864546,-0.0138452)
(0.00216681,-0.00343156)
(0.0106407,-0.0174834)
(0.0202777,-0.00558269)
(0.00890612,-0.0100221)
(0.0133642,5.74466e-05)
(0.00115314,-0.00405794)
(0.000414155,0.00812103)
(-0.000289477,-0.010204)
(0.00337611,0.00147393)
(-0.0148626,-0.00395424)
(-0.0081621,0.00357528)
(-0.00826166,-0.0202663)
(-0.00151905,0.000420969)
(-0.00212143,-0.0149762)
(-0.00261828,4.15689e-05)
(-0.00598109,0.00193972)
(0.00980924,0.00290835)
(-0.0183791,0.0100905)
(-0.00560761,-0.0034402)
(-0.010269,-0.00629119)
(0.0113382,-0.018891)
(-0.00345993,-0.00737754)
(0.0133761,-0.0126217)
(-0.00244099,-0.00497978)
(0.0121097,0.00528626)
(-0.0020517,-0.0126928)
(-0.000237989,0.00362873)
(-0.00432775,-0.00829935)
(-0.00672759,0.0006618)
(-0.00802345,-0.0134244)
(-0.0158615,-0.00223356)
(0.0117136,-0.0149936)
(-0.02307,0.00978878)
(0.00663745,-0.0135879)
(0.00409407,0.012601)
(-0.00258297,-0.00177855)
(0.0144707,0.00187901)
(-0.010182,0.0130453)
(-0.00368486,-0.0142675)
(-0.012384,0.012453)
(0.00460473,-0.00589111)
(-0.00134977,0.0073886)
(-0.00406504,-0.00103077)
(0.00669917,-0.00827109)
(-0.00189833,0.00582219)
(-0.00419888,-0.0118931)
(-0.0168315,0.0149876)
(-0.0113138,-0.00273142)
(-0.014589,0.00907421)
(-0.00060898,0.00981286)
(-0.0251619,0.013004)
(0.0156345,0.00901445)
(-0.0142803,0.0272469)
(0.0209875,0.0137435)
(0.0133,0.0113664)
(0.0119326,0.0111561)
(0.00486014,0.0184829)
(-0.00993689,0.0118363)
(0.00541045,-0.00306739)
(-0.0191545,0.00628678)
(-0.00247206,-0.00783033)
(0.00171007,0.00683279)
(-0.00769252,0.00139331)
(0.0132543,0.00171379)
(-0.00980333,-0.00579957)
(0.00320834,-0.01249)
(-0.027559,0.00959458)
(-0.00703857,0.00899077)
(-0.015565,0.0114802)
(-0.0178477,0.0228502)
(-0.0194757,0.0155889)
(-0.00765183,0.0230158)
(0.00498247,0.0124529)
(0.00347192,0.0136295)
(0.00765679,0.0101638)
(-0.00010815,-0.00289081)
(-0.00593555,0.0116412)
(-0.00220113,0.00276672)
(0.00914152,-0.0209936)
(-0.00611248,0.00642223)
(0.0150106,0.00572942)
(-0.00571029,0.00315563)
(-0.000146906,0.00466002)
(-0.00746667,0.0074726)
(-0.00608922,-0.00554628)
(-0.0158126,4.97697e-05)
(-0.0163351,0.00114418)
(0.000618388,-0.000683766)
(-0.0141088,-0.0125901)
(-0.013444,1.35188e-05)
(-0.00169694,0.0019426)
(-0.0107774,8.20839e-06)
(0.00276086,0.00311319)
(0.000886701,-0.00898911)
(0.0149435,0.0145288)
(-0.00920419,-0.00512057)
(0.0026212,0.00718482)
(0.00867891,0.00648392)
(-0.0111965,-0.00312878)
(0.0245439,-0.00655617)
(-0.0164371,-0.01616)
(0.015636,0.00566093)
(-0.0170984,-0.00989453)
(-0.0104296,-0.00545722)
(-0.010243,0.00708629)
(-0.0170733,-0.00513789)
(-0.00352099,0.0147978)
(-0.0114099,-0.0157483)
(0.00454293,0.0189558)
(0.00242361,-0.000630122)
(0.00898926,0.0103236)
(-0.0126631,-0.00956768)
(0.015161,0.00727649)
(-0.015158,0.000911046)
(0.0083734,0.00213591)
(0.00840301,-0.0113364)
(0.00584034,0.00477637)
(0.0124752,0.00645636)
(0.00113413,-0.0032697)
(0.0263969,-0.00545746)
(-0.00718747,-0.0137296)
(0.0143753,-0.000546707)
(0.00831978,-0.00272541)
(-0.000583933,-0.00146637)
(-0.00924259,0.0119518)
(-0.00729284,-0.00100302)
(-0.00618583,0.00633832)
(-0.00967739,-0.0186742)
(-0.00131909,0.00687869)
(-0.0128005,0.00320385)
(-5.89257e-05,0.0095998)
(-0.00280347,-0.00100667)
(0.0128534,0.011909)
(0.00113205,-0.000208858)
(0.0147369,-0.00475307)
(0.00798688,-0.00678831)
(0.00517526,0.00878517)
(0.0172612,-0.000140791)
(0.0162145,-0.015845)
(0.0252153,0.00507834)
(0.000296162,-0.0137595)
(0.0134676,0.00760166)
(0.00147201,-0.00012887)
(-7.93158e-05,-0.00294951)
(-0.00965746,0.00708955)
(0.00184543,0.00696607)
(-0.0146506,-0.00131837)
(0.00898321,-0.012477)
(-0.0206959,0.0123232)
(-0.00371681,-0.000827051)
(-0.0141405,0.00418654)
(0.0111943,0.0157648)
(-0.00738312,0.000182879)
(0.010127,0.0180538)
(-0.00106527,0.00553935)
(0.0168052,0.000799053)
(0.00302658,0.000192299)
(0.0198234,-0.00568336)
(0.0149994,-0.00127877)
(-0.00240311,0.000788327)
(0.015438,0.00230389)
(-0.0050988,0.0108514)
(0.0183107,0.0156025)
(-0.00542482,-0.00333005)
(-0.0202889,0.00360273)
(-0.00894784,-0.0141377)
(-0.0268216,-0.00227024)
(0.000359221,-0.0098603)
(-0.0102779,-0.00864368)
(-0.0159258,-0.0101694)
(-0.0153806,-0.00369041)
(-0.0169044,0.00287544)
(-0.00750586,-0.000178268)
(-0.00103671,0.0181594)
(-0.000326392,0.0116709)
(0.00891271,0.00951318)
(-0.00355421,0.0129957)
(-0.0120525,-0.0169591)
(0.00950252,2.59705e-05)
(-0.0134549,-0.0119435)
(0.017744,0.00992859)
(0.00210695,-0.0157371)
(0.0162861,0.01175)
(0.0014115,-0.0189382)
(-0.000217679,0.0115079)
(-0.00212717,-0.0108313)
(-0.0163319,-0.00628226)
(0.0215963,0.00483039)
(-0.00184499,-0.00954338)
(-0.0222708,-0.00289126)
(-0.00102343,-0.0219446)
(-0.0220331,-0.0126566)
(-0.00369651,-0.0163136)
(-0.0171178,-0.0187464)
(0.00572362,0.00528946)
(-0.0084901,0.0143224)
(0.00729553,0.000155056)
(-0.00810145,-0.00395165)
(-0.00956957,-0.00233718)
(-0.0127607,-0.0181117)
(0.0109559,-0.00986853)
(-0.000507369,-0.0228874)
(0.0279905,-0.00939689)
(0.000819967,-0.0251881)
(0.00240892,0.00525059)
(-0.0123562,0.00547589)
(-0.00214735,-0.00340916)
(0.00181012,0.0157658)
(0.00468264,-0.017844)
(-0.0263639,-0.00205322)
(-0.00224283,-0.0134855)
(-0.0226804,-0.0181922)
(-0.00323706,-0.00865624)
(-0.00852447,-0.0271055)
(0.0139929,-0.00434514)
(-0.00649268,-0.00228587)
(0.0182596,-0.0045588)
(-0.011035,0.00826961)
(-0.0130434,0.00023042)
(-0.0209368,0.00921158)
(0.0134502,-0.0252559)
(-0.0172724,-0.00134394)
(0.0230691,-0.014323)
(-0.00721222,-0.0155369)
(0.0187548,0.0102326)
(0.00147034,-0.011115)
(0.010391,0.00314339)
(0.0145821,0.00241626)
(0.00508854,-0.0172841)
(-0.00931211,0.00304635)
(-0.0236181,-0.0253288)
(0.0060286,-0.0262107)
(-0.00512336,-0.0117256)
(0.00779593,-0.0187821)
(0.00131009,-0.00525711)
(-0.0113798,-0.00378751)
(0.0137366,0.0110908)
(-0.00813128,0.0227272)
(0.00246279,0.00232519)
(-0.0225453,0.0220484)
(0.00236026,-0.00436107)
(-0.0339853,0.00113457)
(0.0150602,-0.00791504)
(-0.00954034,-0.0178566)
(0.0170011,0.01569)
(-0.00786219,-0.022654)
(0.00157281,0.0153169)
(-0.00654277,-0.00207623)
(-0.0168546,0.00563531)
(0.00269012,0.000949588)
(-0.0168459,-0.00195326)
(0.020004,0.00632146)
(-0.0197249,0.00971627)
(0.0261141,-0.00179924)
(0.0107914,0.0227643)
(0.0113067,-0.000585958)
(0.0145604,0.0128051)
(-0.00633972,0.0131911)
(-0.00359915,-0.00537828)
(-0.0170583,0.0105716)
(0.0047317,-0.00272809)
(-0.0183295,0.00906532)
(-0.0061712,-0.0108512)
(-0.00280057,-0.0181359)
(-0.00476034,-0.00147768)
(-0.00135818,-0.0102124)
(-0.000918202,0.00481137)
(-0.000251468,-0.000623365)
(-0.00697151,0.00651761)
(-0.00596823,0.015966)
(-0.00884199,0.00563764)
(-0.00195473,0.0243297)
(0.00708479,0.00764319)
(0.0125759,0.0082009)
(0.0138956,-0.00256846)
(0.0133513,0.00490639)
(-0.00352532,0.00749765)
(0.000177469,0.00993268)
(0.00728288,-0.00776634)
(-0.0196032,0.00902785)
(0.00941738,-0.0133153)
(-0.0132266,0.00604966)
(-0.00243036,-0.0101136)
(-0.0119635,0.0044608)
(-0.0077628,-0.00442469)
(-0.00545439,-0.0105325)
(-0.0152019,-0.0097413)
(-0.000955792,-0.00548169)
(-0.0089832,-0.00698772)
(0.00228987,-0.00282327)
(0.00215127,-0.00889821)
(0.00021465,0.00856263)
(0.00896923,-0.00122958)
(0.0140472,0.00843954)
(0.00816419,0.00205791)
(0.00565157,-0.00534011)
(-0.00725443,0.00876238)
(0.00421979,-0.00533925)
(-0.0059003,0.0020822)
(0.0127416,-0.00735697)
(-0.00166984,-0.00746446)
(0.00616224,0.00534142)
(-0.00613615,-0.00801278)
(-0.00527851,0.0120354)
(-0.00760592,-0.00145701)
(-0.00119041,0.0150047)
(0.00676991,0.0128159)
(0.0118775,-0.00280881)
(0.00264377,0.0176225)
(0.00164937,-0.00618908)
(0.0148244,0.0206745)
(0.00674301,-0.00176784)
(0.031528,0.0118958)
(0.00848503,0.00522078)
(0.0214024,0.0013624)
(0.0196579,-0.00416609)
(0.00400937,-0.00560603)
(0.00116539,-0.00309455)
(0.0125167,0.00513137)
(0.006638,-0.00453858)
(0.00711964,-0.00558021)
(0.00406966,0.00369424)
(0.0113533,0.00209673)
(-0.00817448,0.0130556)
(0.0122366,0.00250765)
(0.00353162,0.0122196)
(-0.000397996,-0.0105988)
(0.00726928,-0.0104579)
(-0.002885,0.00742243)
(0.00433517,-0.00128533)
(-0.00503542,0.00603749)
(0.013732,-0.0118403)
(0.020236,0.00613351)
(0.0135974,0.00388263)
(0.0204554,0.00874668)
(0.0129172,-0.00679815)
(0.0144385,0.00156173)
(0.0238337,-0.000188799)
(0.0125108,-0.014403)
(0.0122274,0.00755998)
(0.0146806,-0.0159084)
(0.00167399,0.0248203)
(0.0124896,0.009054)
(-0.00906986,-0.00157433)
(-0.0092936,-0.00822737)
(0.0122968,-0.0231977)
(-0.013651,-0.0132654)
(0.00485249,-0.0111107)
(-0.00807015,0.00460408)
(0.00354418,-0.0101699)
(-0.0286355,-0.00185633)
(0.00806072,0.00180622)
(-0.010104,-0.000979267)
(0.0246461,0.00850087)
(0.0125238,0.00247074)
(0.0114416,0.00702008)
(0.0118116,0.00341167)
(0.0198208,-0.00638593)
(0.00883556,6.23011e-05)
(0.0176894,0.0101149)
(0.00780971,0.00131908)
(0.00982149,0.0219091)
(-0.00904258,0.0160138)
(-0.00509775,-0.0257411)
(-0.0276593,-0.00304408)
(-0.00127375,-0.0273203)
(-0.0260315,-0.0264859)
(0.01108,0.000865337)
(2.16544e-05,-0.020358)
(-0.0113171,0.00202374)
(-0.00540946,-0.0131449)
(-0.0169937,-0.0044882)
(-0.0116747,-0.00290078)
(0.00212176,-0.000486086)
(0.00415808,0.0120541)
(0.00548301,0.00902195)
(0.00359451,0.000944618)
(0.0064122,0.0013851)
(0.00503212,0.00697907)
(0.00628281,-0.00302075)
(0.01056,0.00896357)
(0.0138121,-0.00430934)
(0.01204,0.0282933)
(-0.00520668,-0.0330464)
(-0.01356,0.0307338)
(-0.00952213,-0.0124092)
(-0.0135008,-0.00953106)
(0.000332216,0.0471246)
(0.00545733,-0.0414641)
(-0.021771,0.047545)
(0.000174145,-0.0232843)
(-0.0268051,-0.0019323)
(-0.00204644,-0.0104345)
(-0.00722772,-0.0181407)
(0.00772099,-0.0059642)
(0.00328298,-0.00269028)
(0.00270757,0.00455969)
(0.0115195,0.0017562)
(-0.0025177,0.00281525)
(-0.0073257,-0.00158459)
(0.00889204,-0.00328822)
(0.00849224,-0.0141805)
(0.000688497,0.00982444)
(-0.0200465,-0.00950527)
(-0.0243704,0.000298211)
(-0.0392355,0.0308836)
(-0.0198855,-0.0285292)
(0.00158896,0.0113953)
(-0.010213,-0.0252754)
(-0.0201941,0.0277927)
(-0.00957096,-0.0128988)
(-0.0218305,0.000935079)
(0.0105362,-0.000177918)
(-0.00199434,-0.00396768)
(-0.00557247,-0.00606819)
(0.00245029,0.00313591)
(0.00824962,0.000906421)
(-0.000407008,0.021922)
(-0.00361281,-0.00950481)
(-0.0226027,0.0215373)
(0.00958048,-0.0124953)
(-0.0144008,0.00811321)
(0.0101862,0.00244021)
(0.0166329,-0.00299236)
(-0.00459345,0.0136611)
(-0.00782752,0.0382062)
(-0.00613348,-0.0149712)
(0.0300419,0.0362903)
(0.000258898,-0.0135686)
(0.00287566,0.0352927)
(0.00243639,-0.0172936)
(0.00457514,0.0162846)
(0.0014163,-0.02667)
(0.0179549,-0.0056064)
(0.00924251,-0.0170683)
(-0.00446301,0.0019216)
(-0.00368604,-0.00650534)
(0.004447,0.0111287)
(0.00935253,0.0106959)
(-0.0202383,0.0174816)
(0.0169645,-0.00104909)
(-0.0164194,-0.00560777)
(0.0109016,0.0059803)
(-0.00686322,-0.027889)
(0.0108591,0.0134661)
(-0.00328757,-0.0256331)
(0.00596908,-0.00219059)
(0.00750515,0.00789807)
(0.00121144,-0.0124837)
(0.00830736,0.0133617)
(-0.0120887,-0.0151326)
(0.024546,-0.00152913)
(-0.00884202,-0.00244142)
(0.0151236,-0.00856777)
(0.000873423,-0.00107376)
(0.00612526,0.000606817)
(0.0102966,0.0125748)
(0.00459719,0.00266711)
(0.0124641,0.000220193)
(0.00804638,-0.000251439)
(0.006223,-0.0192589)
(-0.0059369,-0.0122264)
(0.00182611,-0.0269709)
(0.00887563,-0.0227614)
(0.0178633,-0.00559681)
(-0.00284891,-0.0264642)
(0.0246245,-0.00268903)
(-0.00612683,-0.0116877)
(0.0128274,0.00959952)
(-0.00385074,-0.00318881)
(4.74744e-05,0.00816599)
(0.00759538,0.00289394)
(0.0035835,0.00487572)
(0.0143324,-0.00512248)
(-0.00248759,0.00113674)
(0.0217164,0.00675381)
(-0.00113609,0.000910069)
(0.00189372,0.00226307)
(0.00294047,-0.0128022)
(0.0064557,0.000528814)
(0.00189605,-0.0173651)
(0.000614136,0.00518213)
(-0.0140267,-0.0224235)
(0.0011776,-0.00176608)
(-0.0107145,-0.00914371)
(0.00274715,-0.00540678)
(-0.00736962,-0.0057175)
(0.00694015,-0.0163981)
(0.0180308,-0.00768359)
(0.00842334,-0.0107119)
(0.0161624,-0.00397505)
(-0.0011255,-0.00572513)
(0.00733888,0.00399858)
(0.0120581,0.00985349)
(-0.000414595,-0.0105292)
(0.00721963,0.00945263)
(-0.0124543,-0.000987895)
(-0.00220534,0.00498615)
(0.0130571,0.0107916)
(-3.82827e-05,0.00219344)
(0.00177149,0.0037823)
(0.0124419,0.0105131)
(0.00100713,-0.0113152)
(-0.00198205,0.0158073)
(0.0046511,0.00133376)
(0.00724109,0.0236592)
(0.00680109,-0.0121946)
(0.000331417,0.0141593)
(0.00822258,0.0122365)
(-0.00749305,0.00389822)
(-0.00129602,0.00925226)
(0.00615836,-0.00672602)
(0.0146693,0.00992918)
(0.00928971,-0.00601834)
(0.0154802,0.00378269)
(0.0241841,-0.00921739)
(0.0139503,-0.00827713)
(0.00548264,0.0039286)
(0.00151187,0.00973379)
(-0.00881906,0.0105474)
(0.0218408,-0.00240982)
(0.00322954,0.022058)
(0.018255,0.0037719)
(0.00611008,0.0229013)
(0.00952564,0.0029037)
(0.0108274,0.0108073)
(0.00270776,-0.0136144)
(0.00875778,0.00809142)
(-0.00218687,0.0118299)
(-0.00516451,-0.00483625)
(-0.0103527,-0.00066238)
(0.000804559,-0.00423145)
(-0.00279158,0.00490189)
(0.0142795,-0.00976008)
(0.0123506,0.00116511)
(0.00784827,-0.0101922)
(0.0116192,-0.00646248)
(0.0130683,0.00289394)
(0.00925215,0.00528507)
(0.00355394,0.0162878)
(0.0161042,-0.00645681)
(0.00349154,0.0310337)
(0.0118569,0.0154582)
(-0.0122187,0.00310174)
(-0.00988185,-0.0159996)
(0.0147921,-0.0180622)
(-0.0196755,-0.0281674)
(0.0159908,-0.00722878)
(0.0147732,-0.0104358)
(0.00748795,0.00665933)
(-0.00281271,0.0158681)
(0.00147669,-0.00578391)
(-0.0175291,-0.00156154)
(-0.0114564,0.0102055)
(0.00483117,0.00142112)
(-0.00550818,-0.0149794)
(0.00926194,0.000653179)
(0.0137438,-0.00521162)
(0.000545164,0.00245674)
(0.0173958,0.0116778)
(-0.000113758,-0.00561332)
(0.0190067,0.00915521)
(-0.0060481,0.000385122)
(0.0125139,-0.0230342)
(-0.0368444,-0.0346262)
(0.0279271,-0.0489112)
(-0.0517833,-0.0503022)
(0.023262,0.0234538)
(0.0280127,-0.0250739)
(-0.00587856,0.0351684)
(0.0277407,0.00105268)
(-0.00197849,0.00764075)
(-0.000651118,0.0143727)
(-0.0126082,-0.000484037)
(0.0141452,-0.0062158)
(-0.00918938,-0.00487837)
(0.00825862,-0.00575284)
(0.00468145,-0.00438017)
(0.00278849,-0.0011398)
(0.0122319,0.00361202)
(0.0127104,0.000583248)
(0.02308,-0.00935531)
(-0.00533453,0.037254)
(0.00214374,-0.0283866)
(-0.00243656,0.0338679)
(0.0317288,-0.0410751)
(0.034657,0.0578855)
(-0.0221327,0.0682684)
(-0.0286892,0.0123573)
(-0.0144926,0.103697)
(0.0311979,0.0171655)
(-0.0287874,0.0414666)
(-0.000656752,8.94619e-05)
(-0.00583302,-0.00213512)
(0.0127403,-0.0185529)
(-0.0139034,-0.0043232)
(0.0150857,-0.00361017)
(-0.0022859,0.00283675)
(-0.00990977,-0.01628)
(-0.00475596,0.00814345)
(0.000987341,-0.00339153)
(0.0134614,-0.000502735)
(-0.0255788,-0.00442733)
(-0.00062482,0.0150677)
(-0.0316175,0.0106731)
(-0.0237976,0.0763285)
(0.00660623,-0.0438318)
(0.015214,-0.180043)
(0.00989749,5.56513e-05)
(-0.0329896,0.00957151)
(0.00292596,0.0312371)
(-0.0294965,0.00885294)
(0.00183954,0.0258688)
(-0.0025444,0.00693052)
(0.00623485,0.001832)
(-0.000598142,0.00103759)
(0.010505,-0.0025321)
(-0.00941776,0.0025003)
(0.00844563,-0.0134133)
(-0.014612,0.0145155)
(0.00626642,-0.0110463)
(0.0148312,0.00877461)
(-0.0115112,0.0145629)
(0.0604354,0.0351469)
(-0.0160174,0.00543543)
(0.0314233,0.082136)
(-0.0219995,-0.0614273)
(0.0496163,0.00321964)
(0.01959,0.0450997)
(0.0210499,0.0272123)
(0.025815,0.0383287)
(0.00342208,0.0188834)
(0.0129953,0.00910839)
(0.00516897,0.0128515)
(-0.00379634,-0.02133)
(-0.00305607,0.00445505)
(0.00396436,-0.0158521)
(-0.0175092,-0.0106669)
(0.0292248,0.00378121)
(-0.0184181,-0.00465422)
(0.0238883,0.0089958)
(-0.00821163,0.00149223)
(0.00181293,0.0259538)
(0.0403393,-0.00777223)
(0.00331753,0.0149652)
(0.0334477,0.0327129)
(0.00468878,-0.00313694)
(0.0502739,0.0337705)
(0.0219096,0.00841341)
(0.0268697,0.0243208)
(-0.00147312,-0.0153565)
(0.0175571,0.0174088)
(-0.0242213,-0.0284412)
(0.0176928,-0.00305598)
(-0.00811278,-0.0152914)
(0.00701471,-0.00342311)
(-0.00478434,-0.00911861)
(-0.00379258,-0.00835307)
(0.00773567,-0.000814224)
(-0.0105955,0.0102152)
(0.0171155,-0.00593378)
(-0.00529022,-0.00949754)
(0.0188603,-0.0128447)
(0.0113383,-0.00944199)
(0.0197586,0.00133272)
(0.00433134,-0.0110713)
(0.0157628,-0.0063761)
(0.0119943,-0.00729254)
(0.0256165,-0.00414188)
(0.00532616,0.00225497)
(0.000414545,-0.0141326)
(0.000419332,-0.00374133)
(-0.0153181,-0.0140653)
(0.0127518,-0.00305789)
(-0.0150849,-0.0175897)
(0.0105519,-0.00562765)
(-0.00374627,-0.00762881)
(-0.00805325,0.00195458)
(0.0013481,-0.00688773)
(-0.000173834,0.00984453)
(-0.00867381,-0.00844349)
(-0.00945886,0.00773668)
(-0.0045849,-0.0125903)
(-0.00498605,0.00558149)
(0.00533982,-0.00638863)
(-0.00137316,-0.0066034)
(-0.00110075,-0.00680347)
(0.00508016,-0.0111388)
(0.00261659,0.00248157)
(0.00537273,-0.0159351)
(0.00782337,-0.00846209)
(0.00486782,-0.00294198)
(0.00381034,-0.000224033)
(0.0051702,0.00606041)
(-0.00834396,-0.00240232)
(0.00723006,0.00151255)
(-0.00480228,-0.00598335)
(-0.00634207,0.00594741)
(0.00629207,0.0103979)
(-0.0047206,-0.00760321)
(-0.00357751,-0.00385868)
(0.00616825,-0.00989566)
(0.00294407,0.00118117)
(0.00571026,0.00614315)
(-0.00155414,-0.00509255)
(0.0138256,0.00539499)
(0.00192612,-0.0158796)
(0.00557663,0.0138651)
(-0.00246781,-0.0100682)
(-0.00943269,0.0108451)
(-0.00320131,-0.00417172)
(-0.00705095,-0.00295698)
(0.00555868,0.00233125)
(0.00873018,-0.000149626)
(0.00706234,0.00760784)
(0.0123469,-0.0034755)
(0.00176512,-0.00819698)
(0.000480607,0.00402349)
(0.00754476,0.00701374)
(-0.0024535,-0.00912629)
(0.0162013,-0.00117501)
(0.00894421,0.0016628)
(0.00556081,-0.00376733)
(0.00646769,-0.000675647)
(0.00347805,-0.0114784)
(0.0110866,0.00789182)
(-0.000172433,-0.0303325)
(0.000525991,0.00744806)
(0.00416319,0.00573945)
(-0.00826694,0.0121083)
(-0.000254735,0.00233833)
(-0.00306107,0.00184181)
(-0.00601411,-0.00900933)
(-0.00936629,0.0098121)
(0.0156358,0.00604133)
(-0.0119011,-0.0116528)
(0.00836807,-0.015894)
(0.0117889,0.0123762)
(-0.00345321,-0.000229524)
(0.00591482,0.0249949)
(0.00817677,-0.0028693)
(0.00224777,0.0146282)
(0.000351346,-0.00536782)
(0.000434547,0.0177585)
(-0.0126078,-0.0376361)
(-0.00933417,0.00234462)
(-0.0109715,-0.010226)
(0.0102927,-0.00267819)
(0.037818,0.012584)
(0.0130958,-0.00669678)
(0.0205321,0.0301458)
(0.0052664,-0.00552563)
(-0.00722307,0.0149935)
(-0.00203956,-0.00122681)
(0.000893548,-0.00329854)
(-0.0244816,-0.00196397)
(0.00571922,-0.0124714)
(0.00677894,0.00978679)
(-0.000838227,-0.00105627)
(0.00772513,0.0105009)
(-0.000563041,-0.0206129)
(0.00266025,0.0200807)
(-0.0225269,-0.0202099)
(-0.0321804,0.0264921)
(-0.0377116,-0.0505643)
(-0.0334103,0.0175298)
(-0.0922574,-0.0244406)
(-0.00608569,-0.0213693)
(0.104287,0.0401946)
(0.0198295,-0.00334867)
(0.0832886,0.0414508)
(0.00231307,0.00414995)
(0.00896787,0.016626)
(-0.00740748,-0.00342767)
(0.0147502,-0.00845101)
(-0.0202257,0.00318767)
(0.0150932,-0.0211096)
(0.00316681,0.00297863)
(0.00296044,-0.00817676)
(0.00410218,-2.25107e-05)
(0.00557605,0.00699665)
(-0.00456664,-0.00771658)
(-0.0132887,0.004042)
(-0.000488435,0.0134961)
(0.0831485,-0.0396506)
(0.00306301,0.00714375)
(0.000436833,0.00314523)
(-0.0098007,-0.0129154)
(-0.02064,-0.000324864)
(0.0795184,-0.0122308)
(0.0552858,-0.0583397)
(-0.0180041,0.0290967)
(-0.00296363,0.00866303)
(-0.0164122,0.00847972)
(0.00343387,-0.012608)
(-0.0126481,0.00594082)
(0.015855,-0.0150031)
(-0.0100589,-0.00465253)
(0.003169,-0.00964765)
(-0.00735301,-0.00443308)
(0.0183743,-0.0238758)
(0.00259668,-0.0212891)
(-0.0143074,0.00476605)
(-0.0585801,0.000874959)
(-0.0249851,0.0274115)
(0.0130644,-0.00819657)
(0.0102076,0.017368)
(0.00406697,0.0357609)
(0.011312,-0.0204569)
(-0.00257594,-0.0704688)
(-0.0861691,0.00148695)
(-0.0332984,-0.00398158)
(-0.0177443,0.0236524)
(-0.013115,-0.0063677)
(-0.00643259,0.00372128)
(-0.00784529,0.00338065)
(0.0040053,-0.0114215)
(-0.0261298,-0.0111211)
(-0.002307,-0.018219)
(-0.00654213,-0.0106677)
(0.0139198,-0.0166865)
(0.0369072,-0.000553614)
(0.0122395,0.00528261)
(0.0570024,-0.00598799)
(-0.0206735,0.0211557)
(-0.0744858,-0.0326823)
(-0.0538169,-0.11742)
(-0.0456572,-0.0217818)
(0.0289322,0.103694)
(-0.0176583,-0.0206031)
(0.0149181,0.0877398)
(-0.00719824,0.00526791)
(0.00688097,0.033548)
(0.00809589,0.0181525)
(0.007626,-0.000896453)
(-0.00487477,0.0114425)
(0.0050473,-0.0137331)
(-0.0238037,-0.0104431)
(0.0158102,-0.00546649)
(-0.0152408,-0.000701818)
(0.00389464,0.00316915)
(0.0112879,-0.00727001)
(0.000527473,0.0130421)
(0.0535899,0.0176147)
(0.0101339,0.0319573)
(0.0034785,0.0273468)
(0.00145823,0.0101301)
(0.0230199,0.0206234)
(0.0131761,0.0658021)
(0.0107119,0.0118042)
(0.0215344,0.0354136)
(0.0121056,0.0022489)
(-0.0162168,-0.00371383)
(0.00718246,0.00911247)
(-0.0106685,-0.0137863)
(0.00824428,0.0196108)
(-9.36265e-05,-0.0021609)
(-0.0174098,-9.451e-05)
(0.017006,0.00366722)
(-0.00639754,0.00551523)
(0.0103275,0.00129218)
(-0.00545315,0.0140331)
(0.0139891,-0.00541507)
(0.0101438,-0.00431665)
(0.01303,-0.00708795)
(0.00645983,-0.00780567)
(0.0113384,0.00429616)
(0.00407574,-0.0113053)
(0.0105111,0.00946024)
(0.00356479,-0.020774)
(-0.00232602,-0.00154825)
(0.00778827,-0.0298831)
(-0.0244348,-0.00848412)
(0.00696757,-0.00641887)
(-0.010214,-0.00834363)
(0.0136601,0.00214708)
(0.00805837,-0.0174718)
(-0.00660995,-0.00330552)
(0.00448835,-0.00138841)
(-0.00538194,0.0209031)
(-0.00304792,0.00908935)
(-0.00475182,0.0178277)
(0.00343013,-0.00541843)
(0.00364332,-0.000341082)
(0.00404469,0.00067658)
(0.00421728,-0.0183595)
(-0.0143755,-0.0119728)
(0.00453272,-0.0369714)
(-0.00401248,-0.00493415)
(-0.00167377,-0.0212898)
(-3.98417e-05,-0.00197946)
(-0.00842991,-0.00929635)
(-0.00229254,0.00241513)
(-0.000468859,-0.00445065)
(0.00881984,-0.0034266)
(0.00660224,-0.010618)
(0.00856174,-0.0128406)
(-0.0142386,0.0188419)
(0.000861288,-0.00506315)
(-0.00310162,-0.00164134)
(0.00300188,0.000328899)
(0.0116944,-0.0181357)
(-0.00845322,-0.00851709)
(0.0106799,-0.0126617)
(-0.00549137,-0.00798137)
(0.0242971,0.000645926)
(-0.0156365,-0.0216458)
(0.0172696,0.00964816)
(-0.00465172,-0.0148139)
(0.00198581,0.00772927)
(-0.0153528,-0.0159735)
(-0.011377,-0.000244549)
(-0.00498544,0.000142522)
(-0.00908098,0.00455269)
(0.0116779,0.0161101)
(0.000386662,-0.00499774)
(0.0120512,-0.00533074)
(0.00994891,0.0111026)
(0.00313433,0.0182004)
(0.00503473,-0.00594413)
(0.000362153,0.0030026)
(0.0151634,-0.0167808)
(-0.00422427,0.00965845)
(0.0135288,-0.00812377)
(-0.00426249,-0.0100435)
(0.00884122,0.00304785)
(-0.00205566,-0.0102219)
(0.00679095,0.00941781)
(0.000197022,0.00105073)
(-0.00443786,0.0174445)
(-0.0119487,-0.00944333)
(-0.0185924,0.0098163)
(-0.00225559,-0.00966055)
(-0.0181607,0.00337705)
(0.00439464,0.00277355)
(-0.0239932,-0.00754853)
(0.020715,-0.0117661)
(0.0154486,0.00906226)
(-0.0203848,0.0101342)
(0.00815712,-0.00385139)
(-0.0103716,0.0167264)
(0.0141507,-0.000604046)
(-0.00449001,0.00956628)
(-0.0211524,0.000754262)
(0.000654809,0.0128782)
(-0.0031292,-0.0204492)
(0.0167441,0.0275102)
(-0.0172665,0.000694416)
(-0.00437879,0.0210201)
(-0.0104308,0.00170134)
(0.00315046,0.0357101)
(-0.00837903,-0.00251768)
(-0.013685,0.0157431)
(-0.0277117,-0.000779887)
(-0.0136037,0.00164372)
(-0.0269079,-0.00356775)
(-0.0125632,-0.0108946)
(0.00764772,0.0110521)
(-0.0240537,-0.000636514)
(0.0019996,-0.000183871)
(-0.015395,0.00439429)
(-0.0308598,0.00270789)
(-0.0148403,0.00438945)
(-0.0148771,-0.0103257)
(0.0236216,0.0369388)
(0.0852455,-0.0161058)
(0.118486,0.0539236)
(-0.0143609,0.0539263)
(-0.143397,-0.0838937)
(-0.0304535,-0.0154992)
(-0.0496985,0.031047)
(-0.00561451,-0.0115091)
(-0.0191453,0.027867)
(-0.00186968,-0.0046854)
(-0.0109246,-0.000140911)
(-0.0173098,-0.0023672)
(0.000170096,-0.018415)
(-0.00111323,-0.00275391)
(-0.00873927,0.00749447)
(-0.0154267,-0.000813812)
(0.00606423,0.00681471)
(-0.000899659,-0.00253758)
(-0.00252358,0.0409656)
(0.0391764,0.00403046)
(-0.0542507,0.0337142)
(-0.022741,0.00771539)
(-0.00716546,-0.0271829)
(0.0163524,-0.00746035)
(0.0262965,0.0191948)
(-0.045601,-0.0225304)
(-0.0854176,0.0202341)
(-0.0202376,0.00103912)
(-0.0295467,0.00236814)
(-0.00918798,-0.000101975)
(-0.00863057,-0.0167364)
(-0.0031905,0.00462718)
(-0.000845321,-0.00750212)
(-0.0112064,0.000607963)
(0.00803632,0.000717201)
(-0.00542987,-0.0130623)
(0.0272025,-0.00801452)
(-0.00771893,-0.0155279)
(0.0145111,-0.00935484)
(0.0159555,-0.0174023)
(0.00779911,-0.0431158)
(-0.00164462,0.0100224)
(-0.00896568,0.00577209)
(-0.0148181,-0.00871665)
(0.0043403,0.0179643)
(-0.0182733,0.0764481)
(0.056005,-0.0552185)
(-0.00940328,0.00695592)
(0.00593415,-0.00256377)
(0.0111115,-0.00428069)
(-0.00961347,0.0102435)
(0.00482032,-0.00734477)
(0.00609071,-0.00290444)
(-0.00811162,-0.0152674)
(0.00331891,-0.00950738)
(-0.00505615,-0.0109525)
(0.00577123,0.00217663)
(0.0137555,0.000406473)
(0.0135068,0.0354367)
(0.0242454,-0.004051)
(0.0422653,0.0608048)
(0.00752033,-0.0260498)
(0.0400829,0.0555151)
(0.116964,-0.0294757)
(-0.0829514,-0.135005)
(0.0112087,0.0322)
(0.0490505,-0.0281168)
(0.00933036,0.0263289)
(0.014093,0.00619821)
(0.00806802,0.0269958)
(-0.00529945,-0.000310795)
(0.0143315,0.0193858)
(-0.0108026,0.00871756)
(-0.0100216,0.0014253)
(-0.00589746,-0.00534332)
(1.58624e-05,-0.0072632)
(-0.0154694,0.00849461)
(0.0135844,-0.0101871)
(-0.0115529,0.0129592)
(0.0237363,-0.00267232)
(0.00561679,0.0314417)
(-0.0226785,0.0280166)
(0.0297772,0.0311904)
(-0.00774157,0.0304246)
(-0.00482925,0.00175612)
(-0.013549,0.0289819)
(0.0132998,0.00394134)
(-0.00269732,0.011085)
(-0.0165417,0.00201666)
(0.00269762,0.0267393)
(-0.0233087,0.00266686)
(0.00916434,0.0198724)
(-0.00323754,0.0012684)
(0.00596724,-0.000395244)
(-0.00875522,-0.00555034)
(0.00564994,0.0123845)
(-0.0079053,0.0152717)
(0.000865681,-0.00667561)
(0.00666106,0.00112401)
(0.00462719,-0.011377)
(0.0113645,-0.00522949)
(-0.0158688,-0.0133926)
(0.0041957,-0.00995353)
(-0.0137458,0.00109906)
(-0.00145372,-0.00444151)
(-0.00789984,-0.00819675)
(-0.00781625,-0.00734372)
(0.000590755,-0.0100106)
(-0.0288894,0.00269316)
(0.00881473,0.0113363)
(-0.00476957,-0.00573194)
(0.0106084,0.00354975)
(0.00587175,-0.00576219)
(0.000668409,0.0053124)
(-0.0111381,0.00266927)
(0.00489805,0.00263638)
(-0.0137648,0.00847977)
(-0.00751931,-0.000180314)
(0.00282235,0.00615601)
(0.000527169,-0.0116725)
(-0.00353925,-0.00907782)
(-0.00260177,-0.0215835)
(-0.00710479,-0.0140498)
(-0.00406827,-0.0191847)
(-0.0115835,-0.020091)
(-0.00346945,-0.0135071)
(-0.0143944,0.00299606)
(0.00192414,0.000779242)
(0.00403833,0.012737)
(-0.0020341,-0.00243206)
(0.00142187,0.000280425)
(-0.000846654,-0.00162187)
(0.00990987,-0.0108871)
(-0.0151008,0.0113147)
(-0.00948174,0.00221856)
(-0.0107031,0.00625937)
(-0.000705373,0.00617918)
(0.00121807,-0.0133692)
(-0.0109791,0.000847145)
(0.00312634,0.00117738)
(-0.0125786,-0.0123191)
(-0.000722463,-0.00456793)
(-0.012955,-0.0189353)
(0.00642481,-0.00257174)
(0.0146488,-0.0219533)
(0.00618495,0.00266654)
(-0.00015591,-0.0162351)
(0.00928411,-0.00648047)
(-0.00663542,0.00690336)
(-0.00919673,0.00567805)
(-0.0068005,0.0207167)
(-0.0066818,-0.00095511)
(-4.06455e-05,-0.00209528)
(-0.00484724,0.00129595)
(0.00263006,0.0159288)
(-0.00805472,-0.0107829)
(-0.00198863,0.0124029)
(0.019074,-0.0161315)
(-0.00753841,-7.73937e-05)
(0.0036701,-0.0239484)
(-0.0227387,0.00492793)
(-0.00616282,-0.0152821)
(-0.00398602,-0.00669684)
(0.000426363,-0.000638918)
(0.025686,-0.0160484)
(-0.00964187,0.00203818)
(0.0163539,-0.00878773)
(-0.00846568,0.0144022)
(-0.00269564,-0.00968276)
(-0.0248938,0.0104866)
(-0.00818617,0.0064273)
(-0.0240937,0.0069138)
(-0.00768978,-0.00905176)
(-0.00454239,-0.00352835)
(-0.00372319,0.0205677)
(0.0125158,0.00363534)
(-0.0114749,0.00919098)
(0.0119745,-0.0115565)
(-0.00766708,0.00280625)
(-0.0286731,-0.0205279)
(-0.0109595,0.0080094)
(-0.0318119,-0.0237013)
(0.00569844,0.0112844)
(-0.0167891,-0.0148508)
(0.019573,0.0116639)
(-0.000326942,-0.00957927)
(0.0237722,0.0200685)
(-0.00888943,0.000155673)
(-0.00108812,0.00629178)
(-0.0122607,0.00706258)
(-0.0268638,0.00260012)
(-0.0194339,-0.00533027)
(-0.00439077,-0.013915)
(0.00174935,0.00621095)
(-0.0218668,0.0127845)
(-0.00725769,-0.000151462)
(-0.0162207,-0.00432308)
(-0.0323299,0.000121486)
(-0.00231178,-0.0171747)
(-0.0667742,-0.00712008)
(-0.000376234,-0.00978181)
(-0.0235652,-0.0597434)
(0.0223727,0.0385599)
(-0.0349404,-0.00526283)
(-0.0106308,-0.0397453)
(0.00486458,-0.0536091)
(0.015631,0.0246509)
(0.0166838,-0.0192848)
(0.0156409,0.0258191)
(0.000964452,-9.96482e-05)
(-0.00306175,0.0081523)
(-0.00132391,0.000342405)
(-0.0015648,-0.0026167)
(-0.0123026,-0.00438513)
(0.00247642,-0.00439367)
(-0.0271484,-0.00539751)
(-0.00366298,-0.0145781)
(-0.0353836,0.013436)
(0.00619445,0.00407998)
(-0.0277296,0.00840036)
(-0.00655476,-0.012614)
(0.0436869,-0.0129755)
(-0.0200212,0.0677009)
(-0.0264765,0.0636993)
(0.026071,-0.0483758)
(0.00111029,-0.0417402)
(0.0227707,-0.00124539)
(0.0201836,-0.0287745)
(0.0159625,0.00976035)
(0.00465216,-0.00125944)
(0.00242824,-0.000418202)
(-0.000189918,-0.0026613)
(0.00914714,-0.00758795)
(-0.0062053,-0.00577645)
(0.00767285,-0.0120415)
(-0.0171216,-0.0032006)
(0.0223424,-0.00423524)
(-0.0171081,0.00883585)
(0.021313,-0.0133397)
(-0.0338457,0.0110924)
(0.020768,-0.0484224)
(0.0303296,-0.0145784)
(0.00815074,-0.0630064)
(0.0162899,0.00270498)
(-0.0575425,0.0264101)
(0.0346807,-0.0156501)
(0.0470519,0.0340983)
(0.0351558,-0.0344438)
(0.0253425,0.0277648)
(0.0181492,-0.00767471)
(-0.00937439,0.000911245)
(0.0114333,-0.0098365)
(-0.00308833,-0.000588223)
(0.0101163,-0.00692266)
(-0.00620226,-0.00360645)
(0.0016903,-0.0152345)
(0.00429737,-0.00367448)
(-0.00889649,0.00435728)
(0.00669696,0.0273919)
(-0.0579809,0.0219685)
(0.0260866,0.0471194)
(-0.0919597,0.0443391)
(0.036984,0.0662166)
(-0.0354504,0.0271954)
(-0.0218528,0.0164242)
(-0.0285521,0.00922508)
(0.0323363,0.0439261)
(-0.00141468,0.00985916)
(0.00295976,0.0230103)
(0.0052656,-0.000303626)
(-0.0108336,0.00129923)
(0.0125579,-0.00388901)
(0.0054904,0.00367217)
(0.00808331,-0.00171069)
(-0.00730914,-0.0115584)
(0.0267967,0.00593025)
(0.000250039,-0.00891695)
(0.0227585,-0.00656198)
(-0.00742806,0.00411791)
(-0.00366825,0.00377656)
(0.00545457,0.0181849)
(-0.0423239,0.0183111)
(0.0300046,0.0473489)
(-0.055515,0.0237414)
(0.00586346,0.0235724)
(-0.0289721,0.000563484)
(0.0104846,0.0193405)
(-0.012437,-0.0042271)
(-0.0244767,0.00947083)
(-0.00421761,0.00319346)
(-0.00946306,-0.0104013)
(-0.00813032,0.0157287)
(0.0114702,0.0123067)
(0.0137472,0.00389445)
(-0.00741459,-0.00769306)
(0.0178716,0.00350502)
(-0.00513955,0.00355071)
(0.0173029,-0.00132143)
(0.0179034,-0.00335419)
(0.0209575,-0.0211148)
(0.0107557,-0.0029325)
(-0.00308611,-0.00719931)
(0.0222604,-0.00672479)
(-0.00997561,-0.0131732)
(-0.0161731,-0.013772)
(0.00233874,-0.0203096)
(-0.0319468,-0.0066339)
(0.00317723,-0.0218608)
(-0.0278016,-0.00382755)
(-0.00305271,-0.00217861)
(-0.0083399,-0.0135905)
(0.012347,-0.00329798)
(0.0284725,0.00832279)
(0.0101987,-0.00604741)
(-0.00763537,-0.00802095)
(0.0118326,0.00220365)
(-0.00639581,0.00376346)
(0.00885149,-0.000248375)
(0.00727772,0.00962782)
(0.0114894,-0.0113732)
(0.00889555,0.00501256)
(0.00494158,-0.00673477)
(-0.00819363,-0.020262)
(0.00944899,-0.0176627)
(-0.0193744,-0.0270147)
(0.0158941,-0.0129703)
(-0.0279162,-0.0068178)
(0.00403757,-0.00743215)
(-0.0178628,-0.004311)
(0.00343645,0.0056929)
(-0.00494917,0.000658281)
(0.00608038,-0.00340913)
(0.0169416,-0.00402257)
(-0.0158929,0.0113764)
(-0.00606997,0.00318682)
(-0.0123721,0.0119786)
(-0.00362237,-0.00430778)
(-0.00576298,0.00791598)
(-0.00552856,-0.00576669)
(-0.00693649,0.000740739)
(-0.00361152,-0.00837908)
(-0.00945712,0.00096556)
(0.00029367,-0.0147422)
(-0.0115791,0.0129388)
(0.0126536,-0.019559)
(0.0012821,0.00975652)
(-0.00496529,-0.0122719)
(0.0120521,0.000240847)
(0.000594621,0.00964497)
(0.000454966,0.00453983)
(-0.005597,0.0129849)
(-0.00829892,-0.000783788)
(-0.00391058,-0.0123659)
(-0.00604807,0.0153689)
(0.00637209,0.00896956)
(-0.00162869,0.00840979)
(0.0138171,0.0170579)
(0.00224027,-0.012841)
(-0.00100798,0.0103569)
(0.0162907,-0.00876969)
(0.00614603,-0.00284089)
(-0.00799053,0.00390085)
(0.00637658,0.000366744)
(-0.00530359,0.0110322)
(0.021548,-0.00499025)
(0.00600104,0.0171481)
(0.00115527,-0.0165481)
(-0.00228169,0.0144894)
(-0.0160397,-0.00815179)
(-0.00866266,0.00917792)
(-0.0267349,0.0161624)
(-0.0181988,0.00521401)
(-0.0134777,-0.0142143)
(0.0026402,0.013362)
(0.000364891,0.0331768)
(1.7848e-05,-0.00189411)
(0.00701028,0.0165518)
(0.0132369,0.0101911)
(0.0123586,0.005908)
(-0.00783851,-0.00558469)
(0.000263521,0.0138099)
(-0.0190883,-0.00168216)
(0.0222226,0.0163275)
(-0.00735963,0.000160014)
(0.029686,0.00528205)
(0.00729598,-0.00342313)
(0.0171827,0.00782485)
(0.00341813,0.00818508)
(-0.00996212,-0.00256472)
(-0.0113515,-0.000729215)
(-0.0189164,0.013685)
(-0.0165574,-0.000461474)
(-0.0084825,-0.00134189)
(-0.00495541,0.00032022)
(0.00867483,0.0153054)
(-0.0012193,0.00745336)
(0.00247145,0.0133896)
(-0.0185323,0.0118144)
(0.00425884,0.0118808)
(-0.0392978,0.00478793)
(0.00525825,-0.0106664)
(-0.0231461,-0.0149227)
(0.00984004,0.0125494)
(0.00708003,-0.0108323)
(0.0194579,-0.00285622)
(0.0209119,-0.0201652)
(0.0259763,-0.00380656)
(0.0131395,0.0101897)
(0.0181616,-0.00409527)
(0.00535909,0.015635)
(0.00758096,0.0115253)
(-0.0147456,-0.0021514)
(0.0152904,0.00510192)
(-0.0121219,0.00178974)
(0.00550793,0.0159695)
(-0.0136408,0.00323326)
(-0.00138058,0.0113618)
(-0.00552676,0.0213915)
(-0.00316829,-0.00121739)
(-0.0170459,0.0172825)
(-0.0108422,-0.0160497)
(0.00357665,-0.00351798)
(0.00151256,-0.0116839)
(-0.00124085,-0.00380615)
(0.00114885,-0.0305562)
(0.0262799,-0.0326899)
(0.01909,-0.00850081)
(0.0172969,-0.00143762)
(0.0147109,-0.00352767)
(-0.00546296,0.0195015)
(0.0215445,0.00170583)
(-0.014065,0.00894668)
(0.0284669,0.00545428)
(0.00409467,0.00358124)
(0.000524462,-0.00253833)
(-0.00313955,0.00500167)
(-0.00994221,-0.00675952)
(0.0119557,0.0213212)
(-0.00309995,0.00434535)
(-0.0173753,0.0242665)
(-0.0162734,-0.0338957)
(0.0209535,-0.016202)
(0.00269385,-0.0214671)
(0.0229039,-0.0153915)
(-0.00835657,-0.00404409)
(0.0416957,-0.0310368)
(0.0238572,0.0287894)
(0.0192804,0.00316525)
(-0.00688395,0.00741859)
(0.00121214,0.00230743)
(0.00553187,-0.00684716)
(0.00676955,-0.00751714)
(0.0115758,-0.000187746)
(0.00358646,0.00149338)
(0.00300633,-0.0100506)
(0.0118036,-0.00973001)
(0.0091743,-0.014475)
(0.0253809,0.0128546)
(-0.0083331,0.00317167)
(-0.00206542,0.0184452)
(-0.000726032,-0.00138356)
(-0.0288332,0.0187943)
(0.0237995,0.00989741)
(-0.02834,0.0222826)
(0.00224252,0.0170738)
(-0.0154051,0.0152493)
(0.0113017,0.019862)
(-0.00147107,0.00603125)
(-0.0228421,0.00370871)
(-0.000168382,-0.00294736)
(-0.00334162,-0.00881282)
(0.00195407,-0.00962682)
(0.00835959,-0.00444958)
(0.00862761,0.00790151)
(0.00231812,-0.0155887)
(0.0175658,0.0143333)
(0.00270645,-0.0262414)
(0.0413763,0.00155568)
(0.00303003,-0.0166504)
(0.0386449,-0.0072123)
(-0.0139119,-0.00569364)
(0.0194435,0.0106615)
(0.0209252,-0.000758855)
(-0.0159478,-0.000434927)
(0.0180244,-0.00209762)
(-0.00917293,-0.0102275)
(0.00153981,0.000413624)
(-0.0107717,-0.0160272)
(-0.0142315,-0.0175202)
(-0.0180608,-0.00507469)
(-0.0016155,-0.0124987)
(-0.0025898,0.00477927)
(0.0224132,0.00723963)
(0.00652059,0.00620656)
(0.000914598,-0.0191911)
(0.00918099,0.0293118)
(-0.00245686,-0.00769274)
(0.00805696,0.00521471)
(0.000892466,-0.00359321)
(0.0274973,-0.0106292)
(0.00168211,-0.00609917)
(0.0162276,0.00454537)
(-0.00296811,-0.0136837)
(-0.00324016,-0.013213)
(-0.0183173,-0.0157938)
(-0.00671143,-0.014219)
(-0.0262962,-0.0258189)
(-0.00819595,-0.0146724)
(-0.0251956,-0.0236917)
(-0.0112586,-0.00934831)
(0.00292875,-0.00255115)
(-0.000632812,-0.00643902)
(0.0238516,0.00481927)
(0.00524733,0.0111566)
(0.00255687,-0.0179775)
(0.00472614,0.0102494)
(-0.0101464,0.000905862)
(0.000430914,0.00604635)
(0.000209591,0.0138265)
(0.00390251,-0.000623877)
(-0.00692081,0.00211155)
(0.00839732,0.0117679)
(-0.0118562,-0.0249226)
(0.0113667,0.000437583)
(-0.0284261,-0.0400374)
(0.0189808,0.000987465)
(-0.0265226,-0.0212919)
(0.0135877,-0.00818461)
(-0.0155999,-0.00367109)
(-0.000622148,-0.0060717)
(-0.006413,-0.00058992)
(0.00483909,0.000797046)
(0.0137781,0.00344861)
(-0.0136929,0.0158998)
(-0.0020175,0.00992937)
(-0.0097453,0.020567)
(-0.00745279,0.00600322)
(-0.00220662,0.0073886)
(-0.00759651,-0.00786541)
(0.00674006,-0.0096333)
(-0.00349576,-0.0233314)
(0.00760074,-0.00286962)
(0.000411628,-0.0107954)
(-0.0119904,0.00772444)
(-0.00094296,0.000501909)
(-0.00449622,0.00140493)
(-0.00365206,-0.0118479)
(0.00351715,0.000805393)
(0.0151632,0.00708487)
(0.00535703,-0.00794168)
(0.00928531,0.00385597)
(0.00688046,-0.00727684)
(0.00188816,-0.00387469)
(-0.0241543,0.0164715)
(-0.00355838,0.00899684)
(-0.0167125,0.0254785)
(-0.00608523,0.00099652)
(0.000876617,-0.0028285)
(-0.00302301,-0.0018842)
(0.0196857,-0.0171015)
(-0.0105209,-0.00149539)
(0.00546452,-0.00152951)
(0.00861157,-0.000205778)
(0.00360496,-0.00633228)
(0.000349538,0.00560533)
(-0.00202152,-0.00546017)
(-0.0162898,-0.0100319)
(0.0128816,-0.0185448)
(-0.0014246,0.00748692)
(-0.000198192,-0.00911777)
(-0.0030785,0.00335498)
(0.00299692,0.00176724)
(-0.00493836,-0.0157228)
(0.000751929,0.0128377)
(-0.00179996,0.0158415)
(-0.0143464,0.0152583)
(0.000279227,0.0208685)
(0.00631833,0.00811639)
(0.00759747,0.015628)
(0.00633644,-0.00919134)
(-0.000924878,0.00375263)
(-0.00376628,-0.00864047)
(0.00192904,0.0169675)
(0.00436529,-0.00853352)
(0.00805278,0.00859)
(0.00396165,-0.0212552)
(-0.0148026,-0.00229266)
(0.0120002,-0.0130273)
(-0.00810084,-0.0059446)
(0.00482167,-0.00435223)
(-0.0117612,0.00593967)
(-0.0087341,-0.00237503)
(-0.007415,-0.00190706)
(-0.00266336,0.00548725)
(0.00502829,0.0246536)
(0.000481415,-0.006003)
(-0.000845269,0.0139759)
(-0.000431514,0.0011071)
(0.0104479,0.00506274)
(-0.00108357,-0.00229829)
(-0.0031245,-0.00896547)
(-0.00524184,-0.00276572)
(0.00429526,0.00994354)
(-0.00372646,-0.0118709)
(0.00364889,-0.000303747)
(0.0066419,-0.00693472)
(-0.00547461,-0.0175621)
(-0.00280489,-0.0018265)
(0.00146786,-0.0200763)
(-0.00694792,-0.000298955)
(0.0208817,0.00821919)
(-0.00809436,0.00277194)
(0.01672,0.00359294)
(0.0093265,0.0067006)
(-0.00418765,0.0152806)
(0.00315855,-0.0124881)
(-0.0159547,0.00633705)
(0.0128595,-0.00336022)
(-0.0147578,-0.000756224)
(-0.0020321,-0.00955339)
(-0.0120073,-0.0193199)
(0.00933122,-0.0108051)
(0.00608681,-0.00280796)
(0.00692527,-0.0192255)
(0.010191,-0.013405)
(0.00340369,-0.0114929)
(0.00414084,-0.0185482)
(-0.00919319,0.0118394)
(-0.007466,-0.0200271)
(-0.00299107,-0.00229731)
(0.0226811,0.00601271)
(-0.0120162,-0.00371328)
(0.0235081,0.011454)
(0.00533441,0.00772023)
(-0.00361875,0.0098819)
(-0.00425457,0.00231059)
(-0.0155985,-0.00340732)
(0.0139118,-0.00218633)
(-0.0258038,-0.00928676)
(0.014115,0.00202739)
(-0.00950517,-0.0205229)
(0.00118617,-0.00958937)
(-0.00578274,-0.00994546)
(0.0102407,-0.00582267)
(0.00711898,-0.00863094)
(0.00434075,0.000749388)
(-0.0138049,-0.0137323)
(-0.0039201,0.00989901)
(-0.00930182,-0.0049544)
(-0.00235098,-0.00500751)
(0.00883599,0.00687663)
(-0.00479987,-0.0125613)
(0.0185811,-0.000981697)
(0.00873153,-0.00204243)
(-0.0067076,-0.00234048)
(0.00041547,-0.0104307)
(-0.0138523,-0.0177485)
(0.0131732,-0.00657866)
(0.00413494,-0.0144876)
(0.0103995,-0.0011224)
(-0.0114746,-0.0117894)
(0.00763235,0.0125092)
(0.00619306,-0.00739239)
(-0.0154841,0.000568183)
(0.00146609,-0.0133495)
(-0.0055364,0.0164497)
(-0.00512736,-0.0098566)
(-0.00837251,0.00920312)
(-0.0219677,-0.0144453)
(-0.00375385,0.0017695)
(0.00284018,-0.00154216)
(-0.00400417,-0.00891086)
(0.00496318,-0.00166166)
(0.00271617,-0.00111708)
(-0.00584008,-0.00850727)
(-0.008683,0.00993716)
(-0.0122169,-0.0196566)
(0.00131347,-0.00568276)
(-0.00241126,-0.0142686)
(0.0162514,-0.0188845)
(0.00322749,-0.01377)
(0.0184742,-0.0137986)
(0.00888999,0.00177308)
(0.00333866,-0.0153651)
(0.00612785,-0.00417402)
(-0.00333513,-0.0115319)
(-0.0148522,-0.0204482)
(-0.00584577,0.00128145)
(-0.0185798,-0.0155036)
(-0.00387486,0.00801026)
(-0.00275918,-0.0014295)
(-0.0106949,-0.00477004)
(0.0130675,0.0107747)
(0.00987395,0.00423092)
(0.0041488,-0.000683634)
(-0.00559841,0.0120004)
(-0.00214609,-0.0155267)
(-0.015574,0.00293725)
(-0.00445743,0.00219533)
(0.00215197,-0.0140023)
(-0.004942,0.0131189)
(0.00034486,0.00462071)
(0.00116746,0.0107095)
(-0.0110858,-0.0148134)
(-0.00575377,-0.00139386)
(-0.0117191,-0.0222758)
(-0.0093979,-0.0122439)
(-0.00903406,-0.0170218)
(-0.0078763,-0.00854141)
(-0.00953067,-0.00282685)
(0.00899645,0.00589948)
(0.000227452,0.00367208)
(0.0158049,0.0146059)
(0.00372036,0.00469037)
(0.00994459,-0.00257377)
(0.00599488,0.0225654)
(-0.000759679,0.0056282)
(-0.00191391,0.00571226)
(-0.00390634,0.0112345)
(-0.00459543,0.00790071)
(-0.00913281,0.01186)
(-0.00322141,0.00810946)
(-0.00920149,-0.0079699)
(-0.00363624,-0.0141285)
(-0.0120208,-0.0120748)
(0.00296003,-0.013942)
(-0.00755242,-0.0130303)
(0.00238541,-0.022015)
(-0.00152014,-0.00506899)
(-0.00728484,-0.00189704)
(-0.00848877,0.0168842)
(-0.00557092,0.00763726)
(0.00535802,0.0106945)
(-0.0100305,0.0143669)
(-0.00225132,0.0134427)
(-0.00586264,0.00625601)
(-0.00412326,0.0211555)
(0.00863322,-8.24664e-05)
(-0.00749039,0.00592465)
(0.00759292,-0.0102454)
(-0.0058999,-0.00216561)
(0.00375893,0.00630219)
(-0.00237243,0.00118906)
(-0.0128346,0.00555401)
(-0.00408371,0.010225)
(-0.0140301,0.0118727)
(-0.00830609,0.0193577)
(-0.00613497,0.00668978)
(0.00760938,0.0152858)
(0.00417624,0.0101214)
(0.00784122,0.0103212)
(0.00562104,-0.00156512)
(-0.00864536,-0.00246638)
(-0.0216066,0.00962569)
(-0.0101373,0.0169108)
(-0.0115951,0.0126621)
(-0.0170875,0.0144361)
(0.0100133,0.00809678)
(-0.0105093,0.00809389)
(0.0193081,0.00147975)
(-0.00300724,9.69595e-05)
(0.00398078,-0.00189189)
(-0.00342498,-0.00040512)
(-0.00486649,0.0098826)
(-0.0151085,0.00728692)
(-0.00824402,-0.00918576)
(-0.00976035,0.00911126)
(0.00599304,-0.00725037)
(-0.00142064,0.00529831)
(0.00336699,0.0092662)
(-0.0062458,0.00133588)
(0.0113235,-0.0031701)
(-0.00973941,-0.0110226)
(-0.0127155,0.0119237)
(-0.0120907,0.00797651)
(-0.0175728,0.0120933)
(-0.0112307,0.00541164)
(-0.00936751,0.0108433)
(0.00155461,0.00407958)
(0.0042313,-0.00918821)
(-0.00973338,0.000407553)
(-0.00785494,-0.00480153)
(0.0101896,0.00109239)
(-0.00813493,-0.0132195)
(-0.00505346,0.000604667)
(-0.00881861,-0.0174377)
(-0.0126617,-0.00369597)
(0.00708667,-0.00449797)
(-0.00852933,-0.0080042)
(0.00521654,0.00518871)
(-0.00681013,-0.00875654)
(0.00283732,0.0158152)
(-0.0161959,-0.011912)
(-0.00355505,0.00529419)
(-0.000497592,0.0151727)
(-0.00724199,0.00394555)
(0.00540611,0.0049449)
(-0.00252162,-0.00358503)
(0.00236654,-0.00942667)
(-0.00484273,-0.00861476)
(0.00136094,-0.00277673)
(-0.00277639,-0.00123869)
(-0.00784021,0.00307609)
(0.00454013,-0.00796099)
(-0.00287016,-0.00123983)
(-0.0102366,-0.00546913)
(-0.00635913,-0.0207831)
(-0.00560638,0.00219115)
(-0.00971736,-0.0173908)
(-0.000769622,0.0117231)
(-0.00095431,-0.0149874)
(-0.00657338,0.00297187)
(0.00516211,-0.0073846)
(0.0016247,0.0120925)
(-0.000456267,0.0169112)
(-0.00218093,0.00294187)
(-0.00517241,-0.010398)
(0.0076617,-0.0101281)
(-0.000666773,-0.00391018)
(0.0129525,-0.0138263)
(-0.00299219,-0.0108436)
(0.00880216,-0.0158073)
(-0.00394976,0.00533679)
(-0.00748562,-0.00747551)
(-0.000287432,-0.00712535)
(-0.00741735,-0.00673695)
(-0.00749825,-0.0197192)
(-0.00812089,-0.000470928)
(-0.00256705,-0.00562669)
(-0.0138843,-0.002031)
(0.00991512,-0.00819807)
(-0.012329,-0.00424782)
(0.00833927,-0.00649945)
(-0.00128441,0.00198131)
(-0.000281956,0.0108209)
(-0.0147516,-0.0168613)
(-0.00840703,0.00213043)
(0.00129417,-0.0111001)
(-0.000978338,0.000238437)
(0.00918675,-0.0134353)
(-0.010286,-0.00350595)
(-0.00247992,0.00174601)
(-0.00648104,-0.0023546)
(-0.00235576,-0.00142332)
(-0.0137583,-0.00935346)
(-0.0148373,0.0133638)
(-0.0153113,-0.0117715)
(-0.0198843,0.00662041)
(-0.00604561,0.00361213)
(-0.00610052,-0.00670076)
(0.00169145,0.0132828)
(-0.00272735,-0.0168332)
(0.00714937,0.00265935)
(0.00821989,-0.00408554)
(0.00170093,0.00749803)
(-0.0152385,-0.0223045)
(-0.000695539,0.00663556)
(-0.00495861,-0.0154636)
(0.0052357,-0.00903204)
(-0.00206569,-0.0130105)
(0.00440304,-0.00852847)
(-0.0105348,-0.00466371)
(-0.007717,-0.00125734)
(-0.00834199,0.00140186)
(-0.00404108,-0.0166925)
(-0.00946238,0.00375387)
(-0.0192823,-0.0185285)
(-0.00872352,0.00470196)
(-0.0102323,0.00517184)
(-0.00220462,-0.0046901)
(0.00168168,0.00676517)
(-0.0105889,-0.00591523)
(-0.00193889,-0.00276326)
(0.00683787,-0.0128553)
(-0.00716372,0.0108493)
(0.00237943,-0.016216)
(-0.00391951,0.000850598)
(-0.0166919,-0.00634066)
(0.00649169,0.000205963)
(-0.00113481,-0.015159)
(0.000571809,0.000491276)
(-0.00183993,-0.00778944)
(0.00329169,0.000575819)
(-0.000127988,-0.0136299)
(-0.00486894,-0.0105782)
(-0.00498977,-0.0019343)
(-0.0118113,-0.00786257)
(-0.000544951,-0.00926117)
(-0.0155446,-0.00197905)
(-0.0126579,-0.00488111)
(0.00627234,0.0176089)
(-0.00597815,-0.00441358)
(0.0145482,0.0110519)
(0.00890323,-0.00595985)
(-0.00130281,0.0115296)
(-0.00333423,0.00285326)
(-0.0021585,-0.00170202)
(-0.0164669,-0.00523708)
(-0.00344391,-0.00250047)
(-0.0132382,-0.00203172)
(-0.0105523,0.00703493)
(-0.00487678,0.000792839)
(0.0027888,0.0120221)
(-0.00850519,-0.00717588)
(0.0032433,0.0052637)
(-0.00109051,-0.0119899)
(0.000819895,0.0107244)
(-0.011263,-0.0154441)
(0.00912751,0.00281892)
(-0.010842,-0.005658)
(0.0107942,0.0140202)
(-0.00584045,-0.00287932)
(0.0115111,0.00723574)
(0.00476499,0.00835596)
(-0.000912723,0.0165932)
(-0.000585866,0.0110857)
(0.00407054,0.00623053)
(0.00645165,0.00637262)
(0.00481579,0.00901199)
(-0.00516539,-0.00325112)
(-0.00451653,0.012325)
(-0.00203044,0.012616)
(0.00531101,-0.00398933)
(-0.000974809,-0.0104352)
(0.00530619,0.0045358)
(0.00587561,-0.0169783)
(0.00470718,0.00115038)
(0.000469082,-0.0204433)
(0.00452031,0.0124747)
(-0.00846149,-0.00883318)
(0.000557804,0.00359216)
(-0.00779138,-0.00109051)
(-0.001908,-0.0023472)
