(-0.00287624,0.00131474)
(0.000173141,-0.00201566)
(0.00108752,0.00160469)
(0.00013941,0.00205835)
(-0.00019356,-0.00105847)
(4.28551e-05,-0.00198699)
(0.00238466,0.000624362)
(0.00130144,-0.00150382)
(-0.000628507,-0.00161715)
(0.00302097,-0.00072517)
(0.00050883,-0.000877965)
(-0.000702318,0.00233075)
(0.00277802,-0.00575883)
(-0.000837447,0.00231614)
(0.002463,-0.00295743)
(0.00262761,0.000379782)
(0.00105208,0.00133095)
(0.00251212,0.00362826)
(-0.00385488,0.00202445)
(0.00388317,0.00283198)
(-0.00069645,0.000580928)
(0.000442608,-0.000858301)
(0.000681059,-0.00158812)
(-0.00341282,-0.00267147)
(0.00486167,5.70106e-05)
(-0.00225911,-0.000810965)
(-0.00142788,0.000570908)
(0.00109286,-0.0070764)
(0.00277283,-0.00413457)
(-0.000227987,-0.00430228)
(-0.00372765,-0.00193766)
(0.0020715,-0.0021135)
(-0.00148324,-0.00285604)
(0.00124739,-0.0004846)
(0.00348499,-0.00227764)
(0.00602555,-0.000356314)
(0.00088892,0.000458357)
(0.00306879,0.000526072)
(-0.0014528,-0.00045015)
(0.00524823,-0.000586164)
(-0.00482476,0.00384256)
(-0.0049471,-0.000724218)
(-0.000184353,-0.00106064)
(-0.00424155,-0.00128151)
(-0.00211782,-0.00168459)
(-0.000524122,-0.00438889)
(0.000871429,-4.52211e-05)
(0.00466406,-0.00496761)
(0.000159401,-0.00561503)
(0.00703432,-0.00641963)
(-0.00107299,-0.00451435)
(0.00614619,-0.00374645)
(-0.00299231,-0.00409319)
(0.0047335,0.00117144)
(0.000488706,-0.00284115)
(0.00403287,0.00218542)
(0.00512122,-0.00376306)
(0.00545501,0.000691648)
(0.00316235,-0.00486122)
(0.00372128,-0.00106019)
(-0.00423476,-0.00358338)
(-0.00342541,-0.00081555)
(-0.00435443,0.00194151)
(-0.00112397,0.000347661)
(6.94646e-05,0.000599402)
(0.00139172,-0.00103223)
(-0.00167829,0.000448317)
(0.00185282,-0.00118372)
(0.000719814,-0.00190075)
(0.00377463,-0.0044135)
(5.14706e-05,-0.00649098)
(0.00837622,-0.00174582)
(-0.000344283,-0.00395724)
(0.00494195,0.00453986)
(-0.00137283,0.00101625)
(0.00219765,0.00451028)
(-0.00098891,-0.00248853)
(0.00300998,0.00127719)
(0.00489024,-0.0064459)
(0.00460272,-0.000743976)
(0.00149016,0.00153973)
(-0.00258275,-0.000392408)
(-0.00593798,-0.00416487)
(-0.000398912,-0.00452781)
(-0.00329657,0.00608003)
(0.0015681,0.000956385)
(0.00237279,0.000618671)
(0.00632807,0.00496399)
(0.000514868,-0.000229231)
(0.00747118,-0.00383231)
(-0.000394436,-0.000816279)
(0.00634223,0.00407448)
(-0.00209268,-0.00112829)
(0.00297071,0.00197891)
(-0.00180682,0.00103371)
(0.000667352,0.00464806)
(-0.00289535,0.000735364)
(0.00398427,-0.00236266)
(-0.00101405,-0.000370768)
(0.000397236,0.00293902)
(-0.0035901,-0.00185897)
(-0.00206419,-0.000274175)
(0.00136936,0.00144429)
(-0.00266414,-0.000737086)
(0.000111195,-0.00245684)
(-0.00135503,0.000694081)
(-0.000159341,-0.000837511)
(0.00248498,0.00192646)
(0.000636143,-0.00174401)
(0.00244569,0.00457305)
(0.000129739,0.00494947)
(0.00744346,-0.00526205)
(-0.001557,2.77404e-05)
(0.00580922,0.00107077)
(-0.00647633,0.00532613)
(0.00163591,-0.000549107)
(-0.00407492,0.00589114)
(0.00145525,0.000634897)
(-0.00265027,0.00133556)
(-0.0003041,0.000330534)
(-0.00220239,0.000317574)
(-0.00319297,0.00124142)
(-0.00350264,-0.00262788)
(-0.00417592,-0.00193524)
(0.00394025,0.000648559)
(0.00103993,-0.00179363)
(0.00174598,-0.0050833)
(-0.000616073,0.00070401)
(0.00185266,0.00115955)
(0.00293236,-0.00411213)
(-0.00196325,0.00035306)
(0.00349337,0.00260504)
(-9.91804e-05,0.00339857)
(0.00603678,-0.0031844)
(-0.00188151,0.00612115)
(0.00246553,-0.00102413)
(-0.0053056,0.00472662)
(0.00219572,-0.00461731)
(-0.00228058,0.00234745)
(0.000408653,0.000852314)
(-0.00452756,-4.26524e-06)
(-0.00129708,0.0012224)
(-0.00142536,0.00309453)
(-0.00339887,0.00357261)
(-0.000735229,-0.00467943)
(-0.00140306,0.00231285)
(0.00517654,-0.000801483)
(-0.00104702,-0.000412898)
(0.000232538,-0.0037339)
(-0.00112479,0.00292018)
(0.00318246,0.00233366)
(0.00411443,0.00187054)
(-0.00125448,-0.000910027)
(-0.00120599,-0.000887725)
(-0.00142945,0.00168795)
(0.00176668,-0.00329449)
(-0.00188343,0.003341)
(0.00449727,-0.0041984)
(-0.00637553,0.0031019)
(0.00284764,-0.00220112)
(-0.00294227,0.00386476)
(-0.00116202,0.00224425)
(-0.000302829,-0.00280156)
(-0.00175987,0.00169652)
(0.00208295,-0.00030737)
(0.00153749,0.00540653)
(0.00321369,-0.00645608)
(0.003244,0.00167967)
(0.00320682,-0.00248694)
(0.00270293,0.00139257)
(0.00148224,-0.00408369)
(0.00312048,-0.0032872)
(0.00259361,-0.00303825)
(0.00483551,-0.00358947)
(0.00236155,-0.000244214)
(0.00852486,-0.00586426)
(-0.00240705,0.00235957)
(0.00249346,-0.00489739)
(-0.000312402,-0.00265167)
(0.00256871,0.000496838)
(-0.00169121,-0.0014422)
(0.00364167,0.00100345)
(0.00326097,0.00335889)
(0.00243529,0.000732445)
(-0.000459639,0.00199116)
(0.000556221,0.0025248)
(0.00246241,-0.00152029)
(0.00505198,0.00107527)
(-0.000757093,0.00265968)
(0.00201678,0.00131007)
(0.00167476,0.00251881)
(0.00325032,0.000918671)
(0.00564741,0.00266528)
(0.000962384,-0.00289293)
(-0.00222218,0.000923544)
(0.00351125,-0.000393)
(0.00407735,0.000305793)
(0.00445155,-0.00125647)
(-0.0069796,-0.00136306)
(0.000743562,-0.00103223)
(0.000855204,0.00123763)
(0.00269941,0.00336189)
(0.0011017,0.00278315)
(-0.00187832,0.00169485)
(0.00294485,-0.000833321)
(0.000260142,0.00388394)
(0.00235821,0.00496757)
(0.00231554,0.000116529)
(0.000563082,-0.000895919)
(0.00274678,-0.00367874)
(-0.000906145,-0.00159823)
(-0.000685803,-0.00184973)
(0.00494457,-0.00302213)
(0.000825637,0.00156492)
(0.00404687,-0.000496732)
(0.00485573,0.00388289)
(0.00354651,0.00227875)
(0.0029716,0.000408727)
(-0.00161881,-0.00125657)
(0.0083367,0.00276672)
(-0.000745077,0.00263209)
(-0.00215861,0.00330715)
(-0.00163394,-0.00207603)
(-0.00226969,0.00216909)
(-0.00191695,0.000822276)
(-0.00122519,-0.00168168)
(0.00535624,0.00119931)
(0.0017302,0.00130652)
(-0.00170306,-0.00360394)
(0.00270365,-0.000264037)
(-0.000455894,-0.00560916)
(0.00410769,-0.000902752)
(0.00110765,-0.00770968)
(0.00268962,0.00153183)
(0.00449637,-0.0016374)
(0.000521723,0.00266362)
(0.00627227,-0.000979113)
(0.00600405,0.0024102)
(0.00168589,0.00166511)
(0.00486193,0.000511599)
(-0.000723842,-0.000597586)
(-0.00428144,0.000523899)
(-0.00148147,0.00167495)
(-0.00435351,-0.000780327)
(0.000672949,-0.000891251)
(-0.000323428,-0.000498141)
(-0.00726876,-7.67344e-05)
(0.00278175,-0.00551278)
(-0.000131904,-0.00683299)
(0.00711046,-0.00853637)
(-0.00717907,-0.00613125)
(0.0120886,0.000583238)
(-0.00692839,-0.00440003)
(0.00525764,0.00013738)
(-0.000404744,-0.00218083)
(0.00334532,0.00292958)
(0.00172267,-0.000388335)
(0.00673057,0.00254069)
(0.00345656,-0.00544731)
(0.00729826,-0.00101696)
(0.000486799,-0.000849803)
(-0.00200701,-0.001435)
(-0.00270378,-0.00280924)
(-0.00344072,-0.00417311)
(-0.00560562,0.00141028)
(0.00278407,-0.00267418)
(-0.00136099,0.0021358)
(0.00754784,-0.00719376)
(0.000154237,-0.00332413)
(0.0100294,-0.0112883)
(0.0014341,-0.0026538)
(0.0116457,-0.00348109)
(-0.00198771,-0.00748983)
(0.00728587,0.00333506)
(-0.00227732,-0.00225493)
(0.0068411,0.00346517)
(0.00143736,-0.00193298)
(0.00770243,0.00183013)
(-0.000811802,-0.00222319)
(0.00566993,0.000425324)
(-0.00162624,-0.00336969)
(-0.00528974,-0.00496164)
(-0.00285463,0.000124532)
(0.00128295,-0.00320506)
(-0.000945262,0.00503356)
(0.00407083,0.00113544)
(-9.01118e-05,0.00793854)
(0.00738506,-0.00755012)
(-0.000672461,0.00212176)
(0.0152031,-0.00659772)
(-0.00511402,-0.00323833)
(0.0113468,-0.00356482)
(-0.000231808,-0.00393509)
(0.00727597,0.00311969)
(-0.00581782,-0.00299351)
(0.00385114,0.00364171)
(-0.000921749,0.00143582)
(0.00449631,0.00324276)
(0.000712208,0.00220995)
(0.00314244,-0.000833796)
(-0.0012789,-0.000682795)
(-0.00326437,-0.000632782)
(0.00309547,-0.00236164)
(-0.00104723,0.00190099)
(0.00172711,0.00334637)
(0.00653289,-0.00197572)
(-0.000629616,-0.00230422)
(0.00584641,-0.00217843)
(0.00222435,0.000863786)
(0.00864072,-0.0137767)
(-0.00264155,0.00530561)
(0.0103327,-0.00512543)
(-0.00577295,0.00493512)
(0.00862183,0.00273331)
(-0.00315242,0.000597495)
(0.00485701,0.00297384)
(-0.00647651,0.00500355)
(0.00147458,-0.00210304)
(-0.00261233,0.0042781)
(0.000664065,0.000114034)
(-0.00411051,0.0016625)
(-0.0049118,-0.000621623)
(0.000384247,0.00328969)
(0.00178099,-0.000301217)
(0.00426954,-0.000532449)
(0.000529723,0.000163197)
(0.00389808,-0.00117274)
(0.00151134,-0.00466101)
(-0.00179459,-0.00279226)
(0.00546861,5.81924e-05)
(-0.000835484,0.00525895)
(0.0114978,-5.71327e-05)
(-0.00176213,0.00164737)
(0.0117159,-0.000207978)
(-0.00341081,0.00257126)
(0.00212869,0.00260177)
(-0.00344648,0.00671051)
(0.000850991,-0.00347146)
(-0.00104062,0.00249192)
(0.000343715,0.000345025)
(-0.00211702,0.00268421)
(5.24584e-07,0.0044523)
(0.000575287,-0.000644782)
(0.00167679,0.000809745)
(0.00413462,-0.00308766)
(0.0053876,-0.000168277)
(0.000748493,-0.00446403)
(-0.000842416,-0.00214824)
(-0.0021601,-0.00270427)
(-0.000653992,-0.00268085)
(-0.00208605,-0.00344576)
(0.00203692,0.00307296)
(-0.00226888,-0.0030013)
(0.00416012,-0.00102715)
(0.00112365,0.000348415)
(0.00175895,-0.00147165)
(-0.00364399,0.00379584)
(0.0029195,-0.00296833)
(-0.00194588,0.00393938)
(0.00162069,0.00291289)
(-7.14649e-06,0.00148011)
(0.000122024,0.00285156)
(0.000903045,0.00327946)
(0.00433395,0.00599153)
(0.00123731,-0.00270785)
(-0.00182541,0.00113093)
(0.00397413,-0.00285383)
(0.00298268,0.0014981)
(0.000407492,-0.00337356)
(-0.00300525,-0.000587729)
(-0.000424005,-0.00595941)
(0.00412504,0.000807939)
(0.00149946,-0.00601789)
(0.00436171,-0.00611432)
(-0.000362572,0.000273177)
(0.000469641,-0.00443255)
(0.0031727,8.11094e-05)
(0.003933,-0.00210014)
(-0.00233538,0.00150018)
(0.000275061,-7.30109e-05)
(0.0074096,-0.00181918)
(0.000795832,0.00255029)
(-0.00140621,-0.00159438)
(0.000560479,0.00114611)
(0.0057088,0.00295237)
(0.00428045,7.02054e-06)
(0.00148091,-0.00496436)
(0.00116953,-0.00200045)
(-0.000456731,-0.0013077)
(0.00290071,-0.00158499)
(0.000860444,-0.00461717)
(0.000588133,-3.77966e-05)
(0.00104621,-0.00275929)
(0.000284802,-0.00246607)
(0.00184715,-0.000415614)
(0.00710571,-0.00212721)
(0.00036007,0.00547835)
(0.00252789,-0.000450182)
(0.00190682,-0.00302948)
(0.00270412,-9.15269e-05)
(0.000592548,6.79146e-05)
(-0.00344204,0.000480827)
(-0.00129904,-0.00358807)
(-0.00176566,0.0024642)
(-0.0029775,-0.002488)
(-0.00193147,-0.0014756)
(0.00331314,0.00177642)
(-0.000353448,-0.000212917)
(-0.00380677,-0.0008673)
(0.00188221,-0.00117188)
(-0.000962754,0.000286103)
(0.00253173,-0.00247639)
(0.00159659,0.000587682)
(0.00124145,0.00105142)
(0.00963901,0.00102065)
(0.00289818,0.00410975)
(0.00309165,0.00179445)
(0.00420002,0.00291181)
(0.00129192,0.000960332)
(0.0035474,0.00311727)
(0.000415267,-0.00448676)
(-0.00298567,-0.00175883)
(-0.00251943,-0.00177712)
(-0.002543,0.000608182)
(-0.000549656,-0.00232182)
(7.5496e-05,0.00218174)
(-0.00763074,0.000858855)
(0.0022667,-0.00129618)
(-0.00125456,-0.00519588)
(0.00683387,-0.00230131)
(-0.00575899,-0.0068747)
(0.00656277,-0.000626448)
(-0.00195793,-0.00707612)
(0.00243009,0.00458836)
(0.00814833,-0.00797829)
(0.00335015,0.00615737)
(0.00586047,-0.0016142)
(0.00621219,0.00504701)
(-0.000269211,-0.00218033)
(0.00590986,0.00135582)
(0.00153091,-0.00130101)
(-0.00311442,0.00399029)
(0.00414715,-0.00365808)
(-0.00505696,-0.00312989)
(-0.0111272,-0.000354241)
(-0.00699856,-0.00247214)
(-0.00382513,-0.00605361)
(0.00309226,-0.00325278)
(-0.00194557,-0.00552887)
(0.00760638,-0.00515795)
(-0.000613308,-0.0054572)
(0.00501216,-0.00117)
(-0.00234577,-0.00973432)
(0.00449928,0.00576387)
(0.000677004,-0.00712542)
(0.000393958,0.0107319)
(0.00231984,-0.00843091)
(0.0041175,0.00760019)
(0.00239549,-0.00268231)
(0.00922272,0.00294089)
(-0.00185374,-0.00621114)
(-0.00565445,-0.0025673)
(-0.00648357,-0.0038906)
(-0.00195533,-0.00186204)
(-0.00701724,-0.000350265)
(-0.000269497,0.00207575)
(-0.00264048,0.00412912)
(0.00696539,-0.0145156)
(-0.00903606,-0.00390849)
(0.0111623,-0.0118671)
(-0.00987923,-0.00940895)
(0.00832472,0.00197244)
(0.00485313,-0.00803195)
(0.00356657,-0.000648084)
(-0.000624212,-0.0120396)
(0.00521444,0.00667258)
(-0.00171976,-0.000578627)
(0.00726114,0.0111653)
(3.53622e-05,-0.00409376)
(0.0067891,0.00177568)
(-0.0043156,-0.00364568)
(-0.000341509,-8.79757e-05)
(-0.00562491,-0.00114948)
(0.000111247,-0.00197888)
(-0.00097939,0.00986953)
(0.00434346,-0.00135959)
(0.000827186,-0.00108126)
(0.0127638,-0.0107011)
(-0.0115804,-0.0165137)
(0.0446563,-0.0393473)
(-0.0288715,-0.00762497)
(0.0310755,-0.0262588)
(-0.00247321,-0.00802208)
(0.00718353,0.00639999)
(0.00394683,-0.00685159)
(0.00497499,0.00583995)
(-0.00368667,-0.00747123)
(0.00247484,0.0025577)
(0.000970771,-0.00280203)
(0.00185391,0.00699192)
(-0.00335531,-0.000127116)
(-0.0025369,-0.000268869)
(-0.000689792,0.00190007)
(0.00466013,0.00154912)
(0.00287835,0.000998936)
(0.00322487,0.000709265)
(0.00789872,-0.00464231)
(0.0116176,-0.0149517)
(-0.0106234,-0.0122762)
(0.0437126,-0.0319459)
(-0.0181682,0.000775223)
(0.0408827,-0.0286658)
(-0.00571586,0.00316504)
(0.00336015,-0.00075526)
(-0.00727428,-0.000967071)
(0.00343794,0.0119717)
(0.000257449,-0.000554754)
(0.00472793,0.0054051)
(-0.00287207,-8.46311e-05)
(0.00111742,-0.00239211)
(-0.00465104,-0.000199576)
(-0.0029029,0.000877619)
(0.00581422,-0.00369935)
(8.96613e-05,-0.00190928)
(0.00213903,-0.000138948)
(0.00784297,0.00454423)
(-8.50081e-05,-0.00557082)
(0.00435491,-0.00159243)
(0.00281454,-0.00741861)
(0.0140869,-0.00295679)
(-0.00583207,0.00274355)
(0.0150936,-0.00761582)
(-0.00630047,0.00848477)
(0.00684561,0.0112166)
(0.000480229,0.00302285)
(0.00114804,0.00374318)
(-0.00163161,0.000374581)
(0.00297032,0.00135732)
(-0.00150878,0.00123469)
(-0.00251055,0.00448341)
(-0.00593154,0.00261119)
(-0.00128976,-0.00212928)
(0.00133175,-0.00130895)
(0.00512461,-0.00317924)
(0.00667304,-0.00166847)
(0.00072004,-0.000357593)
(-0.000881657,-0.00116968)
(0.00207711,-0.00074192)
(-0.00364118,-2.01978e-05)
(0.00180317,0.00240162)
(-0.00633573,0.00205669)
(0.00714275,0.00097229)
(-0.00176199,0.00423711)
(-0.000903165,0.00081139)
(-0.000314542,0.000526218)
(-0.00169151,0.00497581)
(-0.00171207,0.00455338)
(0.00141893,0.00196935)
(-0.00357362,-0.000689785)
(-0.000698719,-0.000419686)
(-0.000301569,0.00306114)
(0.00163164,0.0034983)
(0.000662682,-0.001734)
(0.00108266,0.00129491)
(0.00488411,-0.00215967)
(0.0036673,0.00271329)
(0.00148191,-0.00543231)
(-0.00455982,-0.000370085)
(-0.00167504,-0.00119634)
(0.00267441,-0.00122778)
(-0.00302464,-0.00269757)
(-0.00132591,-0.00228745)
(-0.000202324,-0.000888235)
(0.000133563,0.000362907)
(0.00398553,0.00181777)
(0.00213787,-0.000238648)
(0.00371647,0.000514453)
(-0.00145401,0.00136893)
(-0.00151606,0.00158595)
(-0.00191144,0.00110452)
(-0.00198073,-0.00137914)
(0.000924335,0.00505606)
(0.00422413,0.00254602)
(0.00346577,0.00243347)
(0.00206954,-0.00246553)
(-0.000823369,-0.000292114)
(0.00311555,-0.00450614)
(0.00313723,0.000218078)
(-0.0017119,-0.00265227)
(-0.00169938,-0.0059299)
(-0.00156388,-0.00471728)
(0.00277958,0.000726304)
(-0.000372122,-0.00304188)
(0.00381229,-0.00331853)
(0.00701445,-0.00101341)
(0.00226759,-0.0014775)
(0.00190666,0.00262124)
(0.00762782,0.00215879)
(-0.00384741,-0.00265605)
(-0.000510958,0.000718487)
(0.00101948,-0.00190348)
(-0.000931044,-0.00114237)
(-0.00557122,-0.0019884)
(-0.000962909,0.00227246)
(-0.00277534,-0.00236395)
(-0.00407472,0.00149161)
(-0.00727728,0.00313518)
(-0.0020004,0.00277941)
(-0.00565951,2.12658e-05)
(-0.00156318,-0.00162359)
(-0.0072494,0.00228075)
(0.00226661,-0.00073289)
(-0.000549898,-0.000254935)
(-0.000992971,0.0023412)
(0.00326162,-0.00301081)
(0.00352909,0.00322923)
(0.00345496,-0.0011308)
(0.00320639,0.00139046)
(0.00142123,-0.00230379)
(0.00584202,0.00085235)
(0.00338482,0.00127965)
(-0.00234838,-0.00245805)
(-0.00011847,-0.00418386)
(0.000140074,-0.00546505)
(-0.00663275,0.00272122)
(-0.00291425,-0.00520272)
(-0.00552644,-0.00267872)
(-0.00597304,-0.00296804)
(-0.0121914,-0.00628855)
(0.00133989,-0.00284261)
(-0.00485489,-0.0055264)
(-0.00055277,0.00118221)
(-0.00344067,-0.00580758)
(0.00540645,0.00419166)
(0.00196597,-0.0046272)
(0.00184722,0.00642131)
(0.00336282,-0.00618369)
(0.00471429,0.00246528)
(0.000766754,-0.0024939)
(0.00832763,0.00343267)
(0.00614632,-0.0069468)
(-0.00383938,-0.00572927)
(-0.00158246,-0.00150084)
(-0.00841333,-0.00348199)
(-0.00757457,-0.00810752)
(-0.00873184,-0.00202259)
(-0.00874169,-0.00480586)
(-0.00380333,-0.0122769)
(-0.00856683,-0.00932777)
(0.00205277,-0.000558166)
(-0.0148745,-0.00719192)
(0.00615463,0.00881361)
(0.00419305,-0.00993894)
(-0.00142077,0.0043974)
(0.00494288,-0.0158442)
(0.00203229,0.0121571)
(-0.000447362,-0.0037246)
(0.00490147,0.010262)
(0.0019151,-0.00324476)
(0.00482952,0.00382811)
(0.000526163,-0.00790298)
(-0.00447872,-0.000545597)
(-0.00488442,-0.0035024)
(-0.00459359,-0.00182882)
(0.00155451,0.00210147)
(-0.00308387,-0.00405189)
(-0.00690022,-0.00601416)
(0.00519935,-0.00587852)
(-0.0326275,-0.00986144)
(0.0306368,-0.0188124)
(-0.0403117,-0.0111722)
(0.0294207,-0.00671554)
(0.00325499,-0.0111816)
(-0.000446159,0.00870273)
(0.0118386,-0.00547604)
(-0.00182553,0.000908699)
(0.00132677,-0.00661851)
(0.00375682,0.00805134)
(-8.24013e-05,0.000656083)
(0.0024613,0.00542373)
(-0.00345595,-0.00445971)
(-0.00204742,-0.00078069)
(0.004136,-0.00179878)
(-0.000850706,0.0021293)
(0.00720443,-0.00745033)
(0.00240049,-6.11011e-05)
(0.00524481,-0.0150042)
(0.0307833,-0.0302965)
(-0.0819375,-0.0775314)
(0.167511,-0.13334)
(-0.123423,-0.0365851)
(0.141893,-0.133139)
(-0.00200914,-0.00173051)
(0.0113641,0.00269325)
(0.00490362,-0.00848134)
(-0.00205396,0.010125)
(0.00741277,0.00120543)
(0.000161335,0.00704433)
(-0.000862875,-0.0031799)
(0.00022292,0.00160916)
(0.000501992,-0.00391761)
(-0.00282853,0.00278672)
(0.00224917,-0.00361845)
(0.00130973,0.00320574)
(0.00709938,-0.00744294)
(0.00430979,0.00156864)
(0.0111047,-0.024856)
(0.029731,-0.031263)
(-0.0502774,-0.0401785)
(0.18322,-0.148386)
(-0.0894107,-0.010326)
(0.152322,-0.139634)
(0.00577333,0.00441231)
(0.0197238,0.008405)
(0.0064685,-0.00382881)
(-0.000822393,0.00981874)
(-0.00373914,-0.00235856)
(0.000531881,0.00928631)
(0.000162482,0.00034349)
(0.000731614,0.00664025)
(-0.00179398,0.00251779)
(-0.000749635,-0.00361987)
(-0.00205921,-0.00423084)
(0.00292146,0.00441662)
(-0.00520447,-0.00918978)
(-0.000154831,0.00362668)
(0.000659363,-0.0155209)
(0.00986969,0.00446538)
(-0.0030673,-0.028469)
(0.0314882,0.00490736)
(-0.0124174,-0.0198991)
(0.0156195,0.0056579)
(0.00101887,-0.00310267)
(-0.0065405,0.016755)
(-0.00361518,-0.00101182)
(-0.00486251,0.0150051)
(0.00460821,-0.000837428)
(0.00142798,0.0058144)
(0.00144372,-0.00574367)
(0.00278594,0.00229684)
(-0.00310219,0.00198193)
(0.00284136,-0.00196618)
(-0.000346428,-0.00209588)
(0.0028462,-0.00449461)
(-0.00234799,-0.00304561)
(-0.00103967,0.00128888)
(-0.00980332,-0.00563083)
(0.00409083,0.00330412)
(-0.00350616,-0.00616699)
(0.00591146,0.0148528)
(-0.00163292,-0.00328682)
(0.000284164,0.00840518)
(-0.00526821,0.000668822)
(-0.00269619,0.0107451)
(0.00959192,0.00229666)
(-0.00751998,0.0033902)
(0.00214538,-0.00616356)
(0.00220251,0.00333271)
(-0.000542585,-0.00107297)
(0.00198416,0.00518905)
(-0.00600683,0.00304062)
(-0.00171782,0.00344183)
(-0.000718907,0.000313589)
(0.00628344,-0.000152341)
(0.0029605,0.000766128)
(0.000613038,0.00269363)
(0.00234608,-0.00716489)
(-0.000797406,0.000465237)
(-0.00327995,-1.75828e-05)
(-0.00212946,0.004516)
(-0.00437975,-0.00424396)
(0.0021525,0.00139922)
(0.0024188,0.00358357)
(-0.00416985,0.0028662)
(0.00778983,-0.000261356)
(-0.00152635,0.000352967)
(0.000300092,-0.000902271)
(0.000503318,0.00180621)
(0.000931424,-0.00210174)
(0.00044462,0.00128181)
(-0.00164854,-0.000782981)
(0.00331009,0.00230599)
(-0.0012599,0.000727911)
(-0.000387936,0.00306712)
(0.00618237,-0.00228639)
(0.000629761,0.000102067)
(0.00459183,-0.0059424)
(-0.00168238,-0.00220066)
(0.000528571,-0.00666095)
(0.00210703,4.37357e-05)
(-0.000381515,-0.00417327)
(-0.000876372,0.00340708)
(0.00533484,-0.00377372)
(0.00350712,0.00119448)
(0.00599617,-0.00252634)
(0.00190709,0.00302693)
(0.00306765,-0.00101184)
(-0.00221566,0.00267833)
(-0.00134481,0.000685835)
(-0.00228098,-0.000115847)
(-0.00469869,-0.00173743)
(-0.00200817,0.000741946)
(-0.000996361,-0.00294004)
(5.44222e-06,-0.00291853)
(-0.00414196,-0.00506511)
(0.00108872,0.00172853)
(-0.00572372,-0.00212)
(-0.00236929,0.00241374)
(-0.00660595,-0.00122999)
(-0.00182062,0.00188085)
(-0.00364605,-0.0019727)
(-0.0010417,-0.000264621)
(0.000833209,-0.00452648)
(-0.00122404,0.000933745)
(0.00461054,-0.00577667)
(-0.000932178,0.00285449)
(0.00348854,-0.00311831)
(0.00258919,0.00241671)
(-0.000629478,-0.00313629)
(-0.000921968,0.00202136)
(0.000654508,0.00134388)
(-0.00256862,-0.00642085)
(-0.00254745,-0.00469773)
(-4.7714e-05,-0.00224276)
(-0.00770638,-0.00391922)
(-0.00363615,0.00111641)
(-0.0147534,-0.00389248)
(-0.00796829,-0.00275826)
(-0.0112139,-0.00359925)
(-0.00399971,0.000784763)
(-0.0117565,-0.00085537)
(-0.00208653,0.0037377)
(0.00214595,-0.00429709)
(-0.00346077,0.00260729)
(0.00504714,-0.00831567)
(0.000999313,0.00765382)
(0.000856374,-0.00241712)
(-0.000848624,0.00455685)
(0.0028175,-0.00109183)
(0.00195879,-0.000464794)
(-0.0027052,-0.00108262)
(-0.00563769,-0.000907499)
(-0.0039075,-0.00480521)
(-0.00599695,-0.00252724)
(-0.00988756,-0.0082944)
(-0.0112147,-0.00802405)
(-0.0114782,-0.00877716)
(-0.00809757,-5.79006e-05)
(-0.0225472,0.00246158)
(-0.00955606,0.0188757)
(-0.0150061,0.00187044)
(0.000269815,0.015638)
(-0.00195058,-0.00136732)
(0.000617318,0.00975369)
(0.00702763,-0.00755389)
(-0.00250191,0.014034)
(0.00443743,-0.0062482)
(-0.00045533,0.0137062)
(-0.00105467,-0.00159922)
(0.00531894,0.00388181)
(-0.001732,-0.00274568)
(-0.00526092,-0.000443388)
(-0.000607677,-0.00398199)
(-0.0057905,0.00118358)
(-0.00513758,-0.00468832)
(-0.00706009,-0.000967659)
(-0.00296895,0.0165345)
(-0.0218038,0.00784989)
(-0.0487316,0.0376661)
(-0.048123,0.0567695)
(-0.053274,0.0252532)
(-0.0256819,0.059172)
(0.0245961,0.00544003)
(-0.0222274,0.03174)
(0.0133527,-0.00523272)
(-0.00706001,0.00744953)
(0.00645366,-0.000449883)
(-0.00517981,0.00412815)
(0.00136272,-0.000809716)
(0.000626459,0.00476908)
(0.0038454,-0.00446227)
(-0.00104457,0.00529254)
(0.00211548,-0.00185816)
(-0.00309375,0.00306554)
(0.0172343,0.00754847)
(-0.0116076,0.00209751)
(0.0749693,0.0175341)
(-0.0573431,0.0047247)
(0.0152239,0.00580511)
(-0.0180146,0.017816)
(0.0282622,0.00543336)
(-0.00186833,-0.0150406)
(0.114627,0.0107173)
(-0.0758959,0.120112)
(0.0270175,0.00246331)
(-0.0163545,0.0290058)
(0.00668706,-0.00420013)
(-0.00569877,0.00823617)
(0.00307871,0.00239133)
(-0.00206722,0.0037543)
(0.00270942,6.93763e-05)
(-0.00098459,0.00135374)
(0.0063069,-0.00432193)
(-0.000522941,0.00686566)
(0.0259337,-0.00530531)
(-0.0163899,0.00497246)
(0.0713178,0.000338346)
(-0.0499841,-0.0102915)
(-0.033491,0.0406452)
(-0.0207651,-0.00361088)
(-0.00813301,-0.000552407)
(0.0137202,-0.0215819)
(0.103904,0.0232587)
(-0.0480791,0.142567)
(0.0248482,-0.00334402)
(-0.00591449,0.0348387)
(0.00562492,-0.00527161)
(-0.000984756,0.0131157)
(-0.000320861,-0.00217424)
(0.00164962,0.00748377)
(0.001238,-1.03949e-05)
(0.000962988,-0.0033303)
(-0.00465649,0.00146055)
(0.00394333,0.00151128)
(0.0022298,-0.0038276)
(-0.000768874,0.0100233)
(0.0232451,-0.0257435)
(-0.0196526,0.0353814)
(0.0378694,-0.0980791)
(-0.0612209,0.141914)
(0.0187752,-0.119817)
(-0.094906,0.13513)
(0.0265347,-0.0266756)
(-0.0359059,0.0643888)
(0.0137116,-0.00796427)
(-0.0119143,0.0205049)
(0.00391252,-0.00486913)
(-0.0017903,0.00867605)
(0.00342766,-0.00309465)
(0.000858519,0.00322556)
(-0.00294608,0.00298855)
(0.00143584,-0.000702341)
(-0.00188316,-0.00269126)
(0.00455248,-0.00303437)
(-0.00758624,-0.0018145)
(-0.000676783,0.000683925)
(-0.00595709,-0.00541375)
(-0.0040766,0.0137503)
(0.00163881,-0.0218935)
(-0.00802335,0.0411379)
(0.00869377,-0.0285345)
(-0.0191625,0.0396277)
(0.0110537,-0.0116285)
(-0.0150096,0.026064)
(0.00395584,-0.00568285)
(-0.00327944,0.00960239)
(0.00350508,-0.00221852)
(-0.000256729,0.00272318)
(0.00194067,-0.00464142)
(0.00258881,0.00349535)
(-0.00411404,0.000702714)
(0.0053342,0.00150146)
(-0.00407287,0.00112196)
(0.00754892,0.00266922)
(-0.00194447,-0.00563928)
(-0.000901249,-0.000907222)
(-0.00510758,-0.0057344)
(-0.00159085,0.00278844)
(-0.00214879,-0.0140464)
(0.00283403,0.0128006)
(0.00240784,-0.0111077)
(-0.00467639,0.0128556)
(-0.00158722,-0.00606495)
(-0.0036947,0.00735818)
(0.00764339,0.00449706)
(-0.00363407,0.000628788)
(0.00183908,0.000389389)
(8.61555e-05,0.00145186)
(-0.00174253,-0.00324937)
(-0.000916817,0.00295215)
(-0.0036007,0.00141723)
(0.00327033,0.0032965)
(-0.000235334,0.000474416)
(0.00319454,0.00308011)
(0.00218886,0.000518104)
(0.00245002,0.00387471)
(-0.00116505,-0.00834805)
(-0.00010711,0.000147639)
(-0.00034343,-0.00510689)
(-0.0016426,0.00075937)
(-0.00149414,-0.00587541)
(0.00106624,0.00365733)
(0.00373563,-0.00213558)
(0.00126249,0.00299165)
(0.00687038,-0.000338883)
(0.00171857,-0.000102075)
(-0.00181393,0.000451114)
(-0.00231718,-0.00117782)
(0.00251726,0.0014984)
(-0.00243656,-0.000350375)
(-0.00357242,0.000325471)
(0.000260178,-0.0024145)
(-0.00140422,-0.0074289)
(0.00433898,0.0022914)
(-0.000748426,-0.00496038)
(0.00162278,-8.85233e-05)
(-0.00933196,-0.00196017)
(-0.00236126,0.00516545)
(-0.00276767,-0.00428158)
(-0.00667306,0.00140084)
(-0.000872548,0.00105846)
(-0.00549902,0.00123146)
(0.0018685,-0.00273031)
(-0.0028847,0.00144818)
(0.00758492,-0.00447522)
(-0.00288532,0.00100905)
(0.00181399,-0.000508193)
(0.00228139,0.00103633)
(-0.000602831,-0.000413326)
(0.00300762,-0.00198962)
(-0.00288095,-0.00113759)
(-0.000191429,0.00220449)
(-0.000106146,-0.00687684)
(-0.000217649,-0.000262823)
(-0.00749041,-0.00414002)
(-0.00380337,0.00161396)
(-0.00771061,-0.008091)
(-0.00846708,-0.00131899)
(-0.0100241,-0.00585036)
(-0.00821674,-0.00190226)
(0.000414028,0.00612711)
(-0.00821267,0.00172717)
(0.00261968,-0.000356876)
(-0.00601938,-0.000429068)
(0.00230788,-0.00554)
(-0.00352822,0.00660126)
(0.00270045,-0.00100126)
(-0.000184738,0.00485254)
(-0.0027229,-0.000755232)
(0.00478262,-9.22114e-05)
(-0.00332597,-0.00138249)
(-0.000437463,-0.000389314)
(-0.0068529,-0.0045895)
(-0.00220122,0.00177264)
(-0.014323,-0.00845)
(-0.0117255,-0.00149995)
(-0.0104728,-0.00982574)
(-0.0123464,-0.00206522)
(-0.0146097,0.0100791)
(-0.00758874,0.0132882)
(-0.0131975,0.0109166)
(-0.00723848,0.0127058)
(0.0116289,0.0136779)
(-0.0135324,0.00418238)
(0.00572946,-0.00613239)
(-0.00858572,0.0117679)
(0.000666799,0.000654837)
(-0.00461372,0.0102399)
(0.00269144,0.00260156)
(0.00239579,0.00286166)
(-0.000278398,-0.0017436)
(0.0015801,0.00270129)
(-0.00818793,-0.00466666)
(-0.00619475,-0.00452455)
(-0.000368262,0.00152085)
(-0.011246,-0.00318636)
(-0.00189314,0.0194329)
(-0.0196468,0.0086084)
(-0.0253969,0.0582171)
(-0.0348591,0.0499304)
(-0.0281362,0.0551838)
(-0.0270164,0.0545585)
(0.0212967,0.0171494)
(-0.0195856,0.0300042)
(0.0163698,0.00705149)
(-0.0215133,0.00613527)
(0.00209822,9.21201e-05)
(-0.0061244,0.00834045)
(0.00145604,0.00214853)
(-0.000676967,0.00251178)
(0.00199902,-0.00228091)
(-0.00119951,0.000293612)
(0.00689587,-0.000985171)
(-0.00660821,0.00299092)
(0.0146874,0.0124691)
(-0.0165504,-0.002501)
(0.0646886,0.0287227)
(-0.0682351,-0.00680244)
(-0.00143069,-0.0547825)
(0.0289196,0.0146772)
(-0.0215565,-0.0272098)
(0.00295631,0.0140569)
(0.121433,-0.00692806)
(-0.0576216,0.116656)
(0.0296509,1.53142e-05)
(-0.0205739,0.0289929)
(0.00429411,0.00226097)
(-0.0134673,0.00449066)
(0.000497676,0.00100784)
(-0.0058426,0.00337327)
(0.00589215,-0.00219077)
(0.000796408,0.000232834)
(0.00612542,0.00192373)
(-0.00271853,-0.00123999)
(0.0217869,-0.000478674)
(-0.0194869,-0.000805014)
(0.0744729,0.0183958)
(-0.0577715,-0.0150197)
(0.0174804,-0.00616397)
(0.0132063,0.0106844)
(0.00125642,0.0150488)
(-0.00454718,-0.0119536)
(0.11437,-0.000209301)
(-0.0258187,0.134455)
(0.0263352,-0.00423066)
(-0.00308516,0.0337557)
(0.0027648,-0.00599343)
(-0.0100642,0.0114179)
(0.00170537,-0.00018016)
(-0.000147155,0.00647673)
(0.00350043,0.00636891)
(0.00336938,-0.00151564)
(0.00443648,-0.00306885)
(-0.00265406,0.0008122)
(0.00417828,-0.000874237)
(-0.00115101,0.00528108)
(0.016001,-0.0228635)
(-0.0216031,0.0261307)
(0.013523,-0.124241)
(-0.0288583,0.137384)
(-0.0109915,-0.125692)
(-0.0742801,0.129455)
(0.019447,-0.0307022)
(-0.0115183,0.0533621)
(0.00337182,-0.00902544)
(-0.00937553,0.0125006)
(0.00588796,-0.00279709)
(-0.00543185,0.00793253)
(0.00557937,-0.00424769)
(0.000169481,0.00592798)
(0.00161092,0.00119962)
(0.00140993,-0.00168536)
(-0.00207237,0.00342122)
(0.000818513,0.00340788)
(-0.00368856,-0.00438095)
(-0.00545419,0.000261353)
(-0.00378603,-0.00454018)
(-0.00186482,0.00940362)
(-0.00377193,-0.0281919)
(-0.0128116,0.0261813)
(0.00200603,-0.0287507)
(-0.0192484,0.0287873)
(0.00253832,-0.0179683)
(-0.00544977,0.00915954)
(0.0147638,-0.00435485)
(-0.00582445,0.00524705)
(0.00772887,-0.00339223)
(-0.00371077,0.00516252)
(0.00322417,-0.005365)
(-0.00164378,0.00418596)
(-0.000724769,0.00258802)
(-0.000770282,0.00436886)
(0.00204079,-0.00329116)
(0.00513808,0.00165382)
(-0.00165241,0.000609647)
(0.000940923,0.00318318)
(-0.00296706,-0.0123775)
(-0.00361148,0.000680818)
(-0.00245961,-0.0134336)
(-0.0034083,0.0096414)
(-0.00149875,-0.014912)
(-0.0067375,0.00297337)
(0.00926394,-0.00728175)
(-0.00656276,0.00565818)
(0.0105852,-0.00395702)
(0.00137169,0.00594191)
(-0.00346824,-0.000535503)
(-0.00316467,0.00226254)
(0.00531965,-0.000520049)
(-0.00425863,0.00201834)
(-0.00267977,-0.000803082)
(0.000599174,-0.00221543)
(-8.06845e-05,0.00363534)
(0.0032753,0.00263807)
(-0.000763067,-0.000918903)
(0.00404551,-0.00109852)
(-0.0035021,-0.00317528)
(4.38015e-05,0.00113101)
(-0.000481257,-0.00965905)
(-0.00274654,-0.000603134)
(0.00464015,-0.00960046)
(-0.00563508,0.00359242)
(0.00534965,-0.00662165)
(0.000560826,0.00163127)
(0.00378408,0.000702589)
(-0.0025836,0.00156149)
(0.0012688,0.00152763)
(-0.00226683,0.00129777)
(-0.00171829,0.00205119)
(-0.00447678,-0.00112462)
(0.000901641,-3.39731e-05)
(0.00183259,4.84759e-05)
(-0.00312807,-0.00519701)
(0.00119742,-0.00284622)
(0.00196083,-0.00504862)
(0.00065594,0.0028217)
(-0.00328312,-0.00234268)
(-0.00117871,-0.000187871)
(-0.000370105,-0.00605896)
(-0.00382926,-0.00018628)
(0.00144562,-0.000434546)
(-0.00486139,-8.1409e-05)
(0.0033253,-0.00376495)
(-0.00178618,0.00118587)
(0.0065195,-0.0012502)
(0.00170624,0.002309)
(0.0028096,-0.000608118)
(0.00216621,0.00186435)
(-0.00151157,0.0034064)
(0.00405784,0.000184501)
(-0.000412993,-0.00105912)
(0.001824,-0.0034922)
(0.000737107,-0.00270481)
(9.02003e-05,0.00140569)
(-0.00510212,-0.00314941)
(-0.00273819,0.00097878)
(-0.00872041,-0.00813435)
(-0.00817682,-0.0016806)
(-0.00478904,-0.00429442)
(-0.00712878,-0.00335471)
(0.00137165,-0.00143986)
(-0.00717464,-0.00244261)
(0.00390228,-0.0070506)
(-0.00746724,0.000371163)
(0.00765588,-0.00872881)
(-0.00328637,0.00357038)
(0.00349289,0.00280219)
(0.00416123,0.0016764)
(0.0020065,0.00137768)
(0.00246246,0.00139164)
(0.000147433,0.000460467)
(-0.00029931,0.00120786)
(-0.00671839,-0.00321717)
(-0.00363681,0.000445899)
(-0.00968351,-0.0031951)
(-0.00497632,-0.0016769)
(-0.0113277,-0.00778761)
(-0.00797477,-0.00682927)
(-0.00477428,1.42593e-05)
(-0.00774129,-0.00720042)
(0.000156775,0.0135004)
(0.00208245,-0.00998295)
(0.00113603,0.00223945)
(-0.00500823,-0.00485306)
(0.00143523,-0.00492118)
(-0.00345569,0.0069426)
(0.00667224,0.000399967)
(-0.00277717,0.00839755)
(0.00204367,0.00165563)
(0.00500892,0.00228945)
(-0.00509192,0.00146423)
(-0.00101554,-0.00259666)
(-0.00547955,-0.00301939)
(-0.00268741,-0.00243915)
(-0.00942953,0.000351604)
(-0.0113103,-0.00706286)
(0.00273466,0.0143859)
(-0.0144224,-0.013071)
(-0.00210345,0.0505348)
(-0.00927097,-0.031496)
(-0.00298792,0.0453727)
(0.00210308,-0.0346619)
(0.0127627,0.0197196)
(-0.0042093,-0.00647319)
(0.00213862,0.000368927)
(0.000180908,-0.00248549)
(0.000170311,0.00389547)
(0.000724814,0.00256295)
(0.0028544,0.00192295)
(-0.00313785,0.00366256)
(-0.000583009,-0.000703928)
(0.00172754,0.00139314)
(0.000166362,0.00482382)
(-0.0097883,-0.00295382)
(0.00636101,0.0151912)
(-0.0189523,-0.00870638)
(0.00569648,0.0476205)
(-0.0324743,-0.0412574)
(-0.0249192,0.170421)
(-0.0031049,-0.183013)
(-0.0183177,0.129161)
(0.0205418,-0.204986)
(0.0191505,0.0276833)
(-0.00612175,-0.0188613)
(0.00266755,0.00596731)
(-0.00361294,0.00211304)
(0.0031889,-0.00129025)
(-0.00227321,0.00144136)
(0.00406606,0.00203549)
(0.00190538,0.00097564)
(0.00204478,0.00419338)
(0.000879196,-0.0026927)
(0.00514343,0.00107321)
(-0.00512456,0.000493319)
(0.00761605,0.0140218)
(-0.0140294,-0.0122765)
(0.00271544,0.0435657)
(-0.0155042,-0.0429996)
(-0.0716156,0.160855)
(0.0364349,-0.174988)
(-0.0606744,0.115362)
(0.0487579,-0.197153)
(0.0152285,0.0223571)
(0.0132349,-0.00935534)
(-1.12938e-05,-0.00107808)
(-0.00125132,0.00138471)
(-0.00208767,-0.00152283)
(0.00616941,0.000870664)
(0.00289172,0.000880915)
(-0.00543987,0.00496182)
(0.00461476,0.00360822)
(0.000554198,-0.000764814)
(0.00268995,0.00818693)
(0.00223627,-4.57855e-05)
(0.0046259,0.00136398)
(-0.00350764,-0.000700015)
(0.000125547,0.00510481)
(-0.00333176,-0.00336064)
(-0.0208347,0.00230796)
(0.00263457,-0.012018)
(-0.00998122,-0.00523419)
(-0.00584431,-0.00848489)
(-0.00276871,-0.00503533)
(0.00141565,-0.00137242)
(0.00405955,-0.00399846)
(-0.000171753,0.00102262)
(0.00187529,0.00137273)
(0.000412783,0.003849)
(0.00316647,-0.00402727)
(0.00461476,0.0051974)
(0.000948138,0.0037568)
(0.00360556,0.000538702)
(0.00557533,0.00160052)
(0.00393202,0.00305157)
(0.00122831,-8.66142e-05)
(0.00253685,0.00151716)
(0.000289474,-0.00405954)
(0.00224627,0.000702589)
(-0.00375508,-0.0124396)
(0.00233127,0.00168259)
(-0.00647167,-0.00633461)
(0.00010942,-0.00450562)
(0.00742022,-0.0122148)
(0.000123702,0.0018914)
(0.00853472,-0.00249661)
(-0.00085335,0.00264357)
(0.0015421,-0.00418598)
(0.00176372,0.0041643)
(0.00722466,-0.00397511)
(-0.00305259,0.0015762)
(0.000646015,0.00296121)
(0.00160227,-0.000229876)
(0.00514979,0.00495827)
(0.00396379,0.0023719)
(0.00174431,-0.00160598)
(0.00329991,0.00313852)
(-0.00572011,-0.00490983)
(0.00751425,0.00487115)
(-0.00315121,-0.0103973)
(-0.00200298,0.00156942)
(0.00311801,-0.0118813)
(0.000702819,0.00137909)
(0.00624077,-0.0117203)
(-0.00577096,0.00390009)
(0.00909537,-0.00315726)
(-0.00144757,0.00365568)
(0.00669237,3.60492e-05)
(-0.00457956,0.00439237)
(0.00266626,-0.000155799)
(-0.00340976,0.00272585)
(0.00117736,9.87694e-06)
(0.000501016,0.00377884)
(0.0033143,0.000982554)
(0.00508164,0.00119663)
(0.00113197,0.00183158)
(0.00377107,0.00347151)
(-0.00359031,-0.00400449)
(0.00074399,-0.00189202)
(-0.00297409,-0.00651713)
(0.00184216,0.000578077)
(-0.0032878,-0.00582876)
(-0.00224423,-0.00231489)
(0.0035385,-0.00418487)
(-0.00288163,0.00553382)
(0.00514059,-0.000475369)
(2.05132e-05,-0.000529984)
(-0.0021036,0.00326733)
(-0.00372579,-0.00169499)
(0.00636672,0.00553546)
(-0.00563874,-0.00158145)
(-0.00286278,-0.00150228)
(0.000666828,-0.00195359)
(0.00062118,-0.00406263)
(-0.0011692,0.00161056)
(-0.00585889,-0.00307062)
(0.00129111,-0.00158489)
(-8.354e-05,-0.00127454)
(-0.0019029,-0.00315713)
(-0.00217076,-0.00551149)
(-0.0047421,-0.00452216)
(-0.00222167,-0.00492164)
(-0.00369625,-0.00308694)
(0.00111005,-0.0047806)
(-0.00520315,0.000526691)
(0.00209083,-0.00572965)
(0.000477608,0.00356446)
(0.000847668,0.000217263)
(-0.000432717,0.00354308)
(-0.00247727,-0.00162808)
(0.00273141,0.00316943)
(0.000237434,-0.00102607)
(-0.000306585,0.00112467)
(-0.000948809,-0.00599963)
(0.000478685,0.00123636)
(-0.000417247,-0.00253609)
(0.00272221,0.000106391)
(-0.0056747,-0.00380308)
(-0.00313066,-0.000321195)
(-0.00128188,-0.00485738)
(-0.00445936,-0.00842007)
(0.00104878,-0.00273761)
(-0.00542512,-0.00572722)
(0.00217952,-0.00951498)
(-0.00132908,-0.00249878)
(0.00489059,-0.0051733)
(0.00300909,0.00192112)
(0.0016745,-0.000449128)
(-0.000712316,0.00374248)
(-0.000999137,-0.00350943)
(0.00251924,0.00476059)
(0.00497256,-0.00131228)
(0.00338787,-0.000200191)
(0.000317828,-0.000408922)
(0.000183863,-0.00120619)
(-0.00947329,-0.0033292)
(-0.00109283,0.001614)
(-0.00761525,-0.00635761)
(-0.0058932,-0.00480699)
(-0.00297713,-0.0051103)
(-0.00233923,-0.0130517)
(-0.0031503,-0.00473593)
(-0.00186217,-0.00755174)
(-0.00410781,-0.00866424)
(-0.000232939,-0.00754632)
(0.00447811,-0.00768672)
(-0.00115323,0.00103502)
(0.00101669,-0.00164008)
(0.00166078,0.00697385)
(8.37469e-05,-0.00476787)
(-0.00076052,0.00373476)
(0.00086791,-0.0015479)
(0.000985761,-0.00320246)
(-0.0047341,-0.00104661)
(-0.00408391,-0.0023708)
(-0.00699731,0.00609796)
(-0.00181176,-0.00497574)
(-0.0053722,0.00414978)
(-0.00409919,-0.0114957)
(0.00101815,0.00999522)
(0.00166747,-0.0148028)
(0.000386101,0.00830064)
(0.0115043,-0.0174452)
(0.00178887,-0.00312895)
(0.00453102,-0.0101507)
(0.00030045,-0.00443942)
(0.00186704,-0.00414355)
(0.00353684,-0.00240803)
(-0.00668861,0.0047649)
(0.000535882,-0.00103754)
(-0.00235712,0.00164183)
(-0.00189995,0.00046437)
(-0.000161908,-0.00164145)
(-0.000311731,0.00194658)
(0.000814871,-0.00210405)
(-0.00159128,0.00430988)
(-0.00565303,-0.00736319)
(0.00606679,0.0199153)
(-0.00841203,-0.0156882)
(-0.00312521,0.026172)
(-0.00314951,-0.0430261)
(-0.000559786,0.0247383)
(0.00775091,-0.0430525)
(-0.00329533,0.000499865)
(0.00645929,-0.0125268)
(0.00334078,-0.00543017)
(-0.00230577,-0.00894597)
(0.0018032,-0.00405653)
(0.000629209,-0.000259859)
(0.00376947,-0.00413577)
(-0.00913733,0.00167589)
(0.00171096,0.00300462)
(0.00164176,-4.11483e-05)
(0.00383234,0.00327024)
(0.000790032,-0.00319316)
(-0.00136864,0.00923974)
(-0.00257921,-0.00286643)
(-0.00386715,0.0129227)
(-0.00285512,-0.0212412)
(-0.0145646,0.030623)
(0.00963083,-0.0435329)
(-0.0110113,0.0206862)
(0.0146784,-0.0417938)
(-0.00441515,0.00173011)
(0.00503166,-0.0139592)
(-0.00663116,-0.000865281)
(0.00266586,-0.00500336)
(-0.00139533,-0.00424501)
(-0.0114876,0.000332693)
(-0.00118677,-0.00307681)
(-0.00260324,0.00504617)
(0.00420093,-0.00223535)
(0.00274608,-0.00170025)
(0.00569066,0.00353003)
(0.00304578,0.00529536)
(0.00120271,0.00294978)
(0.00375184,0.00327043)
(-0.00349838,0.00686856)
(0.00502758,-0.00338478)
(-0.00626447,-0.000702433)
(0.00727156,-0.0100369)
(-0.0067842,0.00237924)
(0.00358182,-0.0111916)
(-0.00762223,-0.00394926)
(0.000566271,-0.0057114)
(-0.00272987,-0.000730303)
(-0.00928214,-0.00353157)
(-0.00228993,-0.00504848)
(-0.0001217,0.00442162)
(0.00522531,-0.00328217)
(-0.00466511,0.00544324)
(0.00516824,0.000783051)
(0.00373946,0.00100778)
(0.0103738,0.00115616)
(0.00617772,-0.00233051)
(0.00461349,0.00461059)
(0.00379166,0.00229882)
(-0.00217709,-0.00174415)
(0.00634028,-0.00157543)
(-0.0038697,-0.00349777)
(0.00326027,-0.00237058)
(-0.0047076,-0.00413993)
(0.000722649,-0.00558644)
(-0.00308836,-0.00485373)
(-0.00922894,-0.00230041)
(0.00369951,-0.00583596)
(-0.00172781,0.00461768)
(0.00377909,0.00158889)
(-0.00560243,0.00455816)
(-0.00289935,-0.00289861)
(-0.00341189,0.00301787)
(0.00436287,-9.01685e-05)
(-0.000660743,0.00161926)
(0.00552202,0.00522286)
(0.00551387,-0.00146416)
(0.00538928,0.000606155)
(0.00312079,0.00504124)
(-0.00170926,0.00115607)
(0.00264736,-0.000387793)
(-0.00640599,-0.00402067)
(0.00294351,0.00109013)
(-0.00539275,-0.00123172)
(-0.00675765,-0.00570394)
(0.000271109,-0.00548314)
(-0.00295393,0.00598711)
(0.00562177,-0.00143731)
(-0.00613522,0.00271251)
(0.000172076,-0.000149489)
(-0.00353455,0.00339799)
(0.00574648,0.00265808)
(-0.00616979,0.00239718)
(-0.00043595,-0.000349485)
(-0.00150745,0.00174778)
(0.00200016,0.0046471)
(0.000553113,0.00242635)
(0.00208729,0.00216247)
(0.00313472,0.00391034)
(-0.00273912,0.0013654)
(-0.000564458,0.00640206)
(-0.00359924,0.000514226)
(8.94703e-05,-0.00294394)
(-0.00577469,-0.000684005)
(-0.00195578,0.000278321)
(-0.000523573,-0.00250885)
(-0.00156415,-0.0022582)
(-0.00120819,-0.00383593)
(-0.00272833,0.0015068)
(-0.00123812,0.000386199)
(-0.00419146,-0.00169248)
(0.00034401,0.00112259)
(-0.000919423,-0.00329157)
(0.00181392,0.000564132)
(0.00492721,0.00344035)
(-0.00109674,-0.0020166)
(-0.000544168,9.35558e-05)
(-0.00402697,-0.00727221)
(-0.00160851,-0.0011605)
(-0.00188859,-0.0021489)
(-0.0043269,-0.00221794)
(-0.00214949,-0.000463617)
(-0.00199516,-0.00278854)
(-0.000678359,0.00290618)
(-0.00361887,-0.000125467)
(-0.00233587,-0.00270798)
(-0.00177985,0.00480937)
(0.000104398,-0.000861728)
(-0.00292686,0.00551914)
(-0.000163992,0.00068453)
(0.00067294,0.00631565)
(-0.000290301,-0.00276585)
(-0.00183626,0.00399108)
(0.00184559,-0.000282012)
(0.00463687,0.000436593)
(0.000359582,-0.00484115)
(0.000471089,-0.0013288)
(-0.00571244,-0.00445116)
(0.00172298,-0.00127534)
(-0.00196542,0.00231525)
(-0.00399482,-0.00335123)
(0.00148681,0.000990611)
(-0.00709653,-0.00264978)
(0.000103158,-7.63053e-05)
(-0.00127477,-0.00437344)
(-0.000754037,-0.00366459)
(-0.00443835,-0.00301239)
(0.00255271,-0.000819937)
(-0.00207913,0.00429035)
(-0.00235841,-0.00230177)
(-0.000414566,0.00594531)
(-0.00169721,-0.00230534)
(-0.000156619,0.00421885)
(0.000408401,-0.000925602)
(0.00273731,0.000123084)
(-0.00182804,-0.00140273)
(0.00243966,0.000163576)
(-0.00167213,0.00613042)
(0.00102889,-0.00590499)
(-0.00580625,0.00114389)
(-0.00331451,-0.00387702)
(-0.00048875,-0.000930468)
(-0.00277499,-0.00803913)
(-0.00266651,-0.00192157)
(-0.00291407,-0.00958368)
(-0.00114696,-0.00425804)
(-0.00284265,-0.00720878)
(-0.00224682,-0.0044873)
(0.00237229,-0.00185643)
(0.000464582,-0.00123936)
(0.000911711,0.00660488)
(-0.00180885,-0.00631124)
(0.0030249,0.00556499)
(0.00372693,0.00147253)
(0.0014833,-0.00199344)
(0.000214486,0.00243479)
(0.000250695,-0.00673385)
(-0.00733175,0.00522998)
(0.00233858,-0.00530436)
(-0.00163336,0.00875477)
(0.000745922,-0.00675009)
(-0.00139525,0.00450785)
(-0.00144183,-0.0102812)
(0.00113381,0.00128056)
(0.00246299,-0.00703583)
(-0.00276711,-0.00734144)
(-0.000681251,-0.00863554)
(0.00297573,-0.00727337)
(-0.00594892,8.68789e-05)
(-0.00348214,-0.0041844)
(-0.004646,0.00332975)
(0.000859091,-0.0024979)
(-0.00160027,0.000656026)
(-0.00202754,-0.0011282)
(0.00435069,0.000647158)
(8.16023e-05,0.00170666)
(0.00387591,-0.00450199)
(-0.00554019,0.00850324)
(0.0040112,-0.00533385)
(-0.00403597,0.00468689)
(-0.000458161,-0.0102943)
(-0.00261216,0.0100177)
(0.005383,-0.010015)
(-0.000579538,0.0037823)
(0.00496449,-0.0172589)
(0.00483194,-0.00303187)
(-0.00202177,-0.0106647)
(0.00194237,-0.00447749)
(-0.00167986,-0.00938752)
(0.00133493,-0.00409312)
(-0.00758274,0.00150472)
(0.000529786,-0.0012865)
(-0.000753663,0.00596913)
(-0.00152485,0.00104147)
(-0.00131275,-0.00161641)
(0.00136938,0.00455234)
(0.00342839,-0.00168127)
(-0.00323047,0.00146733)
(0.00672057,-0.00304069)
(-0.00784961,0.00665297)
(0.00466329,-0.00928797)
(-0.00138268,0.0075545)
(0.00543452,-0.0135857)
(-0.00219196,0.00441743)
(0.00271978,-0.0138015)
(-0.00215214,0.00106767)
(-0.00200745,-0.0122689)
(0.00198847,-0.000635867)
(-0.0119827,-0.00385087)
(-0.00340669,-0.00466072)
(-0.00705306,0.000345018)
(0.00118048,-0.00340276)
(-0.00737025,0.00398284)
(0.000602581,0.00276045)
(0.00117896,0.00264056)
(0.00116245,-0.0013647)
(0.00605915,0.000190434)
(-0.00666938,0.00519132)
(0.00689451,-0.00103363)
(-0.00223952,0.00293785)
(0.00326182,-0.00257457)
(0.000117545,-0.000311524)
(0.00779331,-0.00686981)
(-0.00262559,0.00283219)
(-0.00205484,-0.00706435)
(-0.00174846,0.00229819)
(-0.0136036,-0.00834755)
(-0.00175856,0.00113651)
(-0.00901409,0.00109345)
(-0.00399067,-0.00206549)
(-0.011079,0.00155818)
(-0.00372845,-0.00189065)
(-0.00393157,0.0022337)
(-0.000709685,-0.000889058)
(0.00232159,0.00107559)
(0.0103552,0.00390477)
(0.00526585,-0.00317428)
(0.00361938,0.00103029)
(0.00685498,-0.00541309)
(-0.000880818,0.00222425)
(0.00815812,-0.0067727)
(-0.00312714,-0.00156644)
(-0.00161165,-0.00232105)
(-0.00360162,0.000945216)
(-0.00924333,-0.00208352)
(-0.00329433,-0.00470681)
(-0.00597958,0.00359964)
(0.0026044,0.00140725)
(-0.0117504,0.00169728)
(-0.00437318,-0.00484747)
(-0.00935373,0.00472154)
(0.00213665,0.000615468)
(-0.00530909,0.00172415)
(0.00142801,0.00248188)
(-0.00603967,0.000260593)
(0.00578365,0.00485443)
(0.00408277,-0.00316447)
(0.00365675,0.00295692)
(0.00216052,1.72797e-05)
(-0.00431831,0.00353328)
(0.00304907,0.00265891)
(-0.00216282,0.00421256)
(-0.000615255,-3.02515e-05)
(-0.00879781,0.00162947)
(-0.00448103,0.00342364)
(-0.00214154,0.00094612)
(-0.00670707,0.00133969)
(-0.002459,-0.00276007)
(-0.00811815,0.00460638)
(0.000498896,-0.000198044)
(-0.00393443,0.000491217)
(0.00211964,0.00569355)
(0.00103548,0.00286905)
(0.00122533,0.00119544)
(-0.000210741,-7.62949e-05)
(0.000998315,0.00356977)
(-0.00121231,0.000298283)
(0.000257428,0.00399388)
(0.00344283,0.000648268)
(-0.00348191,-0.000207185)
(0.00024534,0.00425622)
(-0.0024005,0.00407491)
(0.00308187,0.00455439)
(-0.00393163,0.00185129)
(0.000498628,-0.0014294)
(-0.00265908,0.00124703)
(0.00380681,0.00445267)
(-0.00459037,-0.00220081)
(-0.00118532,0.000230066)
(0.000353561,0.000702868)
(0.00243989,-0.00032845)
(0.00156929,-0.000220575)
(-0.00337949,-0.00297509)
(-0.000772065,0.0019914)
(0.00219445,0.000440547)
(-0.000332993,0.000827232)
(0.00126513,0.0031283)
(-0.00342296,-0.00288195)
(-0.00462393,0.000345658)
(-0.00213521,-0.00277659)
(-0.00431304,-0.000369848)
(-0.00391797,0.000464844)
(-0.0036865,-0.000309079)
(-6.16864e-05,-0.00184241)
(-0.000887628,0.00124333)
(-0.0021948,-9.99266e-05)
(-0.00333129,0.00131209)
(-0.000614362,6.87766e-05)
(0.00276638,0.00283367)
(0.00122214,0.00259557)
(-0.00147459,-0.000815651)
(0.0017503,-0.00222046)
(-0.00413637,0.000725959)
(0.00119052,0.00283409)
(-0.000434257,0.00428074)
(-0.00160927,0.00333058)
(0.000988589,-0.000177548)
(-0.00455262,-0.00204282)
(-0.00511483,-0.000784703)
(-0.000339098,0.000533625)
(-0.00197115,-0.00206333)
(-0.00221818,-0.00023837)
(-0.00350145,-0.00441547)
(-8.61137e-07,-0.00106672)
(0.00132652,-0.00505142)
(-0.00101675,0.00145284)
(0.000541361,-0.0011195)
(0.000434127,0.00046137)
(-0.000973502,0.000422837)
(-0.00155796,0.00132075)
(-0.00167729,0.00417149)
(0.000698734,5.20218e-05)
(0.00138064,0.00136094)
(0.00120327,0.00274661)
(-0.00221725,-0.00133935)
(-0.00115306,-0.000534004)
(-0.00302655,-0.00470586)
(-0.00147819,0.00293138)
(0.00276489,-0.00592119)
(0.00248301,0.00463862)
(-1.50048e-05,-0.00886994)
(0.000579447,-0.00147039)
(-0.000845295,-0.0060696)
(0.00022242,0.000632289)
(0.00257812,-0.00758058)
(-0.00291635,-0.00505016)
(0.000297904,-0.00667631)
(0.00124314,-0.000707819)
(0.00160279,-0.00137991)
(-0.00140173,-0.00199298)
(0.000376366,-0.00385946)
(-0.00151778,-0.000783683)
(0.00172945,-0.000872334)
(-0.00191137,0.00174789)
(0.00129203,0.00235374)
(0.00157389,0.00170599)
(0.00136079,-0.00415264)
(-0.00312096,0.00554478)
(0.000839888,-0.00977946)
(-0.0014914,0.00455505)
(0.00334032,-0.00691928)
(0.003274,0.00448814)
(0.00102798,-0.00672798)
(-0.00352408,-0.00162098)
(-0.000278183,-0.00648132)
(0.00498675,-0.00139798)
(-0.002673,-0.00291714)
(0.000164712,-0.00503894)
(-0.00445784,-0.003202)
(-0.000287733,-0.000908995)
(-0.00123728,0.00078661)
(-0.00244275,0.000536568)
(0.00230468,-0.000416141)
(0.00249024,0.0021466)
(0.00232148,-0.00217112)
(0.00258581,0.00156298)
(0.00471265,-0.00293903)
(-0.00162894,0.00403652)
(0.00421587,-0.0071136)
(-0.00347493,0.0070356)
(0.00433572,-0.00729668)
(-0.000630667,0.00484178)
(-0.00139021,-0.00799776)
(0.00193886,0.00294511)
(-5.73273e-05,-0.0091756)
(0.00239215,-0.000665039)
(0.000419636,-0.0120802)
(0.00670075,-0.00327227)
(-0.00467624,-0.00342138)
(-0.00184477,-0.00143602)
(-0.00278666,-0.00346097)
(-0.00377212,0.000248797)
(-0.000342732,-0.000453615)
(-0.00144838,0.000786257)
(0.00174757,0.00112564)
(-0.000329715,0.000669945)
(0.00626895,-0.00211104)
(-0.00303298,0.001793)
(0.00401819,-0.00749069)
(-0.0036336,0.00612167)
(0.00237096,-0.00686834)
(-0.000269007,0.00515222)
(0.00343408,-0.00459709)
(-8.38948e-05,0.00459176)
(-0.0025363,-0.010337)
(0.0026534,1.56264e-05)
(-0.00441065,-0.00982465)
(0.000625335,-0.00111206)
(-0.00884126,-0.00772376)
(-0.00077609,-5.67168e-05)
(-0.00661436,-0.00184392)
(-0.00222822,-0.00125152)
(-0.000127964,0.000741446)
(-0.00318065,0.000178402)
(0.00214987,-0.00276481)
(0.000831175,0.00236207)
(0.00573694,-0.00167493)
(-0.00361069,-0.00122283)
(0.00748926,-0.00482991)
(-0.00198105,0.00254201)
(0.00700164,-0.00699028)
(0.00260008,0.0013619)
(0.00315036,-0.00507875)
(-0.00102255,0.0026616)
(-0.00135916,-0.00706505)
(0.000624754,-0.0011867)
(-0.00583846,-0.00466907)
(-5.11136e-06,-0.000872396)
(-0.00735613,-0.00389708)
(-0.00246889,-0.00189185)
(-0.00655233,-0.00389183)
(0.00080789,0.00240777)
(-0.000585434,0.00195339)
(-0.00015677,0.00175281)
(-0.00174738,-0.00189833)
(0.000123964,-0.00149165)
(0.00269769,-0.00168158)
(-0.000107223,0.00215094)
(0.00595609,-0.00336393)
(-0.00162932,-0.000436934)
(0.00230738,-0.00114527)
(0.00193319,0.000160288)
(0.000533349,-0.00145868)
(-0.00262596,8.2479e-05)
(-0.00339806,-0.000485124)
(-0.00355763,-0.000784863)
(-0.00783833,-0.0015721)
(0.000136057,-0.00516493)
(-0.00877113,0.000385896)
(0.00136397,-0.00448226)
(-0.00329352,0.00282812)
(-0.00100063,0.0018214)
(-0.0003,0.00549521)
(0.00220649,-0.00132078)
(-0.00122165,-0.00385677)
(0.00387536,0.0041132)
(-0.0016915,0.000207653)
(-0.00073694,0.00181741)
(0.00281301,0.000993436)
(-0.00242629,0.00295035)
(0.00104119,-0.000660316)
(-0.0058332,0.00144656)
(0.00186237,0.00564698)
(-0.00549874,0.00376549)
(-0.00461372,0.00122313)
(-0.00341363,0.000754671)
(-0.00134583,0.000333366)
(3.34193e-05,-0.00315783)
(-0.00472754,0.00192918)
(0.00164515,-0.00197295)
(-0.000393265,0.00488373)
(0.00138843,0.00352642)
(-0.000379752,-0.000913778)
(0.000136214,-0.00333632)
(0.00138356,-0.000676176)
(0.0028439,-0.00269737)
(-0.000423775,-0.000348461)
(0.00237738,0.0029097)
(0.00176841,0.0020968)
(-0.00380124,0.003084)
(0.00264309,0.00312248)
(-0.0040893,0.00234482)
(0.00098258,0.00169515)
(-0.00425681,0.00315607)
(0.00347134,0.00392229)
(-0.0063435,0.00372221)
(0.000609828,-0.00125219)
(0.00141877,-0.00145915)
(0.00280864,0.00405615)
(0.00139585,3.83819e-05)
(-0.000579794,-0.00224273)
(-0.00207871,-0.000418751)
(0.0023818,0.00123601)
