(-0.000853258,-0.00318191)
(3.80534e-05,0.00130803)
(0.00141325,-0.00682472)
(-0.00165101,-0.000318722)
(-0.000613243,-0.00119794)
(-0.00878939,-0.00443779)
(0.00321295,-0.00396829)
(-0.0037438,-0.00411006)
(0.000868328,-0.00264506)
(-0.00109784,-0.00508278)
(0.00123786,-0.00657044)
(0.00138801,-0.00265208)
(-0.00068846,-0.0043439)
(-0.000686084,-0.00136508)
(0.00138952,-0.00667163)
(0.000615708,0.00353858)
(0.00272615,-0.00393784)
(-0.00323279,0.00410588)
(0.00478147,-0.00143876)
(-0.00301797,0.000906878)
(0.00175464,-0.00815017)
(0.0043313,0.00383302)
(-0.000850484,-0.0121195)
(-0.00217089,0.00131228)
(-0.00266625,-0.00842808)
(-0.00908192,-0.000717334)
(-0.000798674,-0.00709427)
(-0.00767672,-0.00629211)
(-0.000203333,-0.00631236)
(-0.00306959,-0.0107923)
(-0.00473083,-0.00723735)
(0.00169933,-0.00504377)
(-0.000123227,-0.00808045)
(-0.00346764,-0.000419366)
(0.00462214,-0.00626523)
(-0.00257335,0.00432683)
(0.00684784,-0.00801168)
(-0.000519764,0.0060267)
(0.0047427,-0.00620725)
(-0.00183718,0.00099123)
(0.0019637,-0.00174889)
(0.000666128,0.00236156)
(-0.00556934,-0.00939021)
(-0.00691753,-0.00165654)
(-0.00325535,-0.0108009)
(-0.00794116,-0.00475401)
(-0.00229417,-0.0132021)
(-0.00134155,-0.0112637)
(-0.00132765,-0.0131185)
(-0.00473528,-0.0128157)
(0.00127396,-0.00616696)
(-0.00792526,-0.010501)
(-0.000383047,-0.00752824)
(-0.0127022,-0.00280793)
(0.00666057,-0.00523799)
(-0.00879384,0.000973842)
(0.0082353,-0.00336983)
(-0.00787498,-0.00161487)
(0.00794718,-0.00217699)
(-0.00151775,-0.0036958)
(0.00122305,-0.000521897)
(-0.000683481,-0.00352164)
(0.00313636,-0.00611276)
(-0.00265496,-0.00298818)
(-0.00238502,-0.00896245)
(-0.00550916,-0.0122271)
(-0.00728199,-0.0152277)
(-0.00294809,-0.00960159)
(-0.00392412,-0.00687952)
(-0.00571077,-0.0160374)
(-0.00103605,-0.00458266)
(-0.0126553,-0.0106355)
(0.00157024,0.000201574)
(-0.0119588,-0.00808325)
(0.00142397,0.00305905)
(-0.0123135,-0.00791856)
(0.00675616,0.00213848)
(-0.00401002,-0.00613416)
(0.00516222,-0.000327204)
(0.00100764,-0.00662743)
(0.00606687,0.000346877)
(-0.00110039,0.0004892)
(0.0023299,-0.00224536)
(-0.00574209,-0.00521608)
(0.000244364,-0.00878977)
(-0.00033854,-0.00369799)
(-0.00312887,-0.0128802)
(0.000779463,-0.00714702)
(-0.00238001,-0.0139286)
(-0.00545097,-0.00968239)
(0.00530272,-0.0103343)
(-0.00458824,-0.00818686)
(0.00395276,0.00217004)
(-0.00745546,-0.00393163)
(-0.00058215,0.00299853)
(-0.00178391,-0.0032439)
(0.000809434,0.00562956)
(0.00130603,-0.000894327)
(0.00251557,0.00513977)
(0.00619693,-0.00128204)
(0.00228706,-0.00399547)
(-0.00427597,0.00686016)
(0.00575144,-0.00645669)
(-0.000592231,0.00230698)
(-6.77756e-05,-0.00630151)
(0.00131368,-0.00211485)
(-0.00595721,-0.005425)
(0.000539801,-0.00133484)
(-0.0015597,-0.010135)
(0.00447715,-0.00699046)
(0.00171919,-0.0069143)
(0.00250173,-0.00651247)
(0.00215024,-0.00418143)
(0.00560752,-0.000108624)
(-0.00125015,0.00329022)
(0.00331456,-0.00142485)
(-0.00141759,0.000945041)
(0.0065367,0.00328585)
(0.000378936,0.00349021)
(0.00606452,-0.0025997)
(0.00392535,-0.00572066)
(-0.00238263,0.00369802)
(0.00173212,-0.00530927)
(0.000845464,0.00578902)
(-0.00131503,-0.00456315)
(0.00262307,-0.00236329)
(-0.00426505,-0.00947954)
(0.00187148,0.00288793)
(-0.004691,-0.0103988)
(0.0042769,0.00179297)
(0.0031618,-0.00754268)
(0.00845932,0.0015745)
(-0.000566281,-0.00423815)
(0.00627485,0.00392652)
(-0.00187906,-3.26005e-05)
(0.00372285,0.00172737)
(-0.00493441,0.00172917)
(0.00317703,-0.00370433)
(-0.00100535,0.00458993)
(0.00185474,-0.00676091)
(0.00530587,-0.00145567)
(-0.0030725,-0.00273523)
(0.00196778,-0.000509063)
(-0.000179507,-0.0050816)
(0.00191359,-0.000374451)
(0.00185267,-0.00146738)
(-0.00459804,-0.00302987)
(0.00166891,-0.00178588)
(-0.00518276,-0.00648927)
(0.00626564,0.00248592)
(-0.0010469,-0.0049955)
(0.00403657,0.00456494)
(-0.00152524,0.000153685)
(0.004353,0.0108071)
(0.000467823,0.00488278)
(0.00431353,0.00233093)
(-0.00195681,0.00423487)
(-0.000632968,-0.00940549)
(-0.00397862,0.00610621)
(-0.00128594,-0.00883294)
(0.0050872,-0.00197966)
(-0.00157079,-0.0124454)
(0.00535247,0.00392553)
(-0.00104273,-0.0141767)
(0.0032357,-0.00251403)
(0.00217804,-0.00948179)
(-0.00291632,-0.00383024)
(0.00851089,-0.00365045)
(-0.00150647,-0.000942138)
(0.0081003,0.000194283)
(0.00116554,0.00238735)
(0.011585,0.00372633)
(0.00155097,0.00397165)
(0.0013987,0.00512188)
(-0.00166101,0.00824164)
(0.00057915,-0.00214779)
(-0.00369562,0.00604273)
(-0.00253676,-0.00486363)
(0.00241797,0.00137973)
(-0.00611448,-0.0103133)
(0.00542277,0.00359578)
(-0.00107762,-0.00442052)
(0.00182932,0.00187233)
(0.00015274,-0.00774797)
(-0.00159574,0.00350632)
(0.00435361,-0.00742013)
(0.00115664,-0.00193651)
(0.00822438,-0.00325431)
(-0.00305593,-0.0004117)
(0.0133249,0.00101131)
(-0.00153375,0.00408782)
(0.00933185,0.00413371)
(-0.00218602,0.00641009)
(0.00654391,0.00562945)
(-0.000906648,0.00865992)
(0.000542871,0.00590125)
(0.00219215,0.00228968)
(-0.00490133,-0.000928406)
(0.00360423,0.00124811)
(-0.00666211,-0.00503383)
(-0.00448187,-0.00485607)
(0.000591611,0.00366297)
(0.00063971,-0.00572781)
(-0.00576579,0.00194309)
(-0.00114455,-0.00511661)
(-0.0115278,-0.00133487)
(0.00119584,-0.00326555)
(-0.0071304,-0.00528763)
(0.00371224,-0.00617794)
(-0.00359135,-0.0028691)
(-0.00253298,-0.00948295)
(-0.00294601,-0.00107594)
(-0.00102142,-0.00583005)
(-0.00630908,0.00399111)
(0.00297999,-0.0072505)
(-0.00645005,0.00556668)
(0.00934585,-0.00616784)
(0.000968003,0.00407941)
(0.00766382,-0.00567551)
(-0.00199377,0.00120063)
(-0.00193988,-0.00543869)
(-0.00449571,0.00557646)
(-0.00809728,-0.0112346)
(-0.00877223,0.00418498)
(-0.00372586,-0.0132466)
(-0.0165421,-0.00596553)
(0.000281796,-0.0177113)
(-0.0067644,-0.010249)
(-0.00215261,-0.0211808)
(-0.00718407,-0.0197537)
(-0.00183544,-0.0174541)
(-0.00629989,-0.0123484)
(-0.00325707,-0.0187169)
(-0.0108567,-0.00451457)
(0.00688049,-0.00832918)
(-0.00801325,0.00297914)
(0.0147115,-0.00792236)
(-0.00338118,0.00524721)
(0.0100065,-0.00582799)
(0.0018289,0.0046144)
(-0.00252882,-0.00807215)
(-0.00388471,0.00087198)
(-0.00165427,-0.0163407)
(-0.00870653,-0.00325753)
(-0.00627143,-0.0156723)
(-0.00581887,-0.0119086)
(-0.00786704,-0.0224309)
(-0.0106164,-0.0194283)
(-0.00945257,-0.0203198)
(-0.00934187,-0.0236239)
(0.00067125,-0.0236212)
(-0.0195403,-0.018505)
(0.00425653,-0.0187989)
(-0.014874,-0.0131683)
(0.00648214,-0.00795861)
(-0.022456,-0.00614272)
(0.0115904,-0.0066385)
(-0.0102712,-0.00188206)
(0.00821964,-0.00278215)
(-0.00526264,-0.0067162)
(-0.000376782,-0.00489615)
(-1.2424e-05,-6.17036e-05)
(-0.00371558,-0.000646925)
(-0.00675658,-0.0088932)
(-0.0127611,-0.0139934)
(-0.00719602,-0.0116648)
(-0.0178689,-0.0170143)
(-0.00375057,-0.015345)
(-0.0102033,-0.0181442)
(-0.0155367,-0.0209698)
(0.00219589,-0.0176771)
(-0.0165513,-0.0195323)
(0.00441407,-0.00835984)
(-0.022807,-0.0105237)
(0.00701212,0.00177434)
(-0.0134492,-0.0130069)
(0.00484414,0.00567491)
(-0.0121868,-0.0102463)
(0.00351495,-5.83532e-05)
(-0.00318071,-0.0103474)
(-0.00401716,0.00175869)
(-0.00580859,0.00531358)
(-0.00139714,-0.000688596)
(-0.00457755,-0.00192201)
(-0.00486278,-0.0101792)
(0.0031953,-0.0075646)
(-0.0122303,-0.016412)
(0.00102559,-0.0133041)
(-0.00584304,-0.00854732)
(0.00580248,-0.0173325)
(0.00521885,-0.0139361)
(-0.00916186,-0.0102341)
(0.00431142,-0.00484033)
(-0.00691659,-0.00350065)
(0.00161194,0.00450729)
(-0.00749898,-0.00707578)
(0.0067193,0.00264222)
(-0.00105818,-0.00354404)
(0.00503225,0.00124041)
(0.000532235,-0.00562122)
(0.00336246,0.00041836)
(0.00223803,0.0106682)
(0.00107514,-0.0014188)
(0.00180939,0.00435543)
(-0.00348675,-0.00392811)
(0.00540232,0.000952431)
(-0.00606168,-0.00766657)
(0.00944082,0.00176613)
(-0.00816962,-0.0128306)
(0.00518689,-0.00827183)
(0.00522794,-0.00706114)
(0.00830513,-0.00903157)
(0.00691832,-0.00498695)
(0.00762001,-0.00538035)
(0.00583171,0.00563314)
(0.00920344,0.00399033)
(0.00330328,0.0078287)
(0.00252914,-0.00148779)
(0.00363682,0.00364732)
(0.0100794,-1.05773e-05)
(3.00466e-05,-0.00264157)
(-0.0027669,0.0098265)
(0.000144642,-0.00109786)
(0.00429618,0.0149824)
(-0.0035519,-0.00380762)
(0.0067214,0.00543116)
(-0.00645891,-0.0121333)
(0.00820325,0.00833063)
(0.001043,-0.0178804)
(0.0188918,0.00481127)
(0.00486988,-0.013435)
(0.0151314,-0.000977494)
(0.0051928,-0.00748053)
(0.0124502,0.00032819)
(0.00114364,0.000937117)
(0.00957364,0.00533594)
(-0.00172476,-0.000130988)
(0.00563086,-0.00360219)
(-0.000673417,0.00332451)
(0.000433816,-0.00471821)
(0.00018733,-0.00257031)
(0.00164886,0.000918758)
(0.00323394,-0.00115482)
(0.006099,0.0032741)
(-0.00301928,-0.00468262)
(0.00650418,0.00291337)
(-0.00290898,-0.0108113)
(0.00675793,0.00351538)
(-0.0045382,-0.0115485)
(0.0120323,0.00422294)
(0.00305127,-0.00693622)
(0.00922173,0.00145009)
(0.00256126,0.000826061)
(0.0112291,0.0037717)
(-0.0045052,0.00341643)
(0.00230545,0.00148089)
(-0.00175066,0.00373811)
(-0.00509119,-0.0069864)
(-0.000270521,0.00285984)
(-0.00273209,-0.00964275)
(0.00615963,0.000896355)
(-0.00228799,-0.0130709)
(0.00655594,0.00120498)
(0.00111099,-0.00959827)
(0.0036845,-0.00278068)
(0.00844225,-0.00499435)
(-0.00443933,-0.00793922)
(0.0112896,-0.00326127)
(-0.00295734,-0.00837838)
(0.0172174,0.00944875)
(-0.000449812,0.00159203)
(0.0133775,0.00609036)
(-0.0037461,0.00341357)
(0.00413596,0.00891385)
(-0.00159823,0.0117031)
(0.00206306,0.00872198)
(0.00390122,0.00363372)
(-0.00156894,-0.0027899)
(0.00532326,0.00456458)
(-0.0140151,-0.00249263)
(0.00572196,-0.00219255)
(-0.00445601,-0.00759502)
(0.00489375,0.000444816)
(-0.00360668,-0.0123541)
(0.000969983,1.37318e-06)
(0.0072137,-0.00568912)
(-0.00110279,-0.00374416)
(0.0137138,0.00256841)
(0.00082995,-0.00286218)
(0.0147873,0.00599984)
(0.00194558,0.00377787)
(0.0150605,0.00874597)
(0.00160909,0.00941647)
(0.00536902,0.0116405)
(-0.000346656,0.00318025)
(0.00486149,0.00249847)
(0.00410348,0.00616388)
(-0.00897182,-0.000846604)
(0.00357418,0.00164046)
(-0.0106145,-0.00419753)
(-0.00226272,-0.00121249)
(-0.00150361,0.00188271)
(-0.00151613,-0.000654755)
(-0.00891098,0.00105101)
(0.000994354,-0.000823816)
(-0.0113994,-0.00325758)
(0.00558896,-0.00774846)
(-0.0037047,-0.00437382)
(0.00156481,-0.0103955)
(-0.00465979,-0.00472044)
(3.95945e-05,-0.00894144)
(-0.0038674,-0.00385616)
(-0.00435028,-0.00565612)
(-0.00504734,-0.000987078)
(-0.000672963,-0.00253852)
(-0.00798006,0.000780342)
(0.00850097,-0.000462007)
(-0.00145586,0.00284873)
(0.00678853,-0.000147127)
(0.0015444,0.00399936)
(-0.00131936,-0.00589967)
(-0.00460591,0.00233504)
(-0.00378462,-0.00957668)
(-0.00762256,0.00181425)
(-0.00121099,-0.0107062)
(-0.0117392,-0.00618245)
(-0.00399305,-0.0188633)
(-0.00884601,-0.0133828)
(-0.0047295,-0.0240438)
(-0.00847428,-0.0187265)
(0.00066127,-0.0243435)
(-0.012421,-0.0141575)
(0.000121647,-0.0173461)
(-0.0144884,-0.00781773)
(0.00471822,-0.00916425)
(-0.0240798,-0.00491856)
(0.00671578,-0.00126893)
(-0.00892154,0.00190468)
(0.00919056,0.0011659)
(0.00486254,-0.00567747)
(0.000238092,-0.0111201)
(-0.0042006,0.00521908)
(-0.0048801,-0.0127839)
(-0.0104302,-0.00293907)
(-0.0108653,-0.0211636)
(-0.0121111,-0.0075528)
(-0.0206682,-0.0301899)
(-0.0077911,-0.0118253)
(-0.0156748,-0.0272205)
(-0.0175986,-0.0305693)
(-0.0050669,-0.0299839)
(-0.0184241,-0.0226005)
(0.00257313,-0.0251052)
(-0.0218365,-0.0163813)
(0.00504772,-0.0127727)
(-0.0222895,-0.0140988)
(0.00595483,0.000364912)
(-0.0217046,-0.0130666)
(0.00175436,-0.00252123)
(-0.00734288,-0.00857784)
(-0.00116154,-0.00547676)
(-0.00472077,-0.00194622)
(-0.00679006,-0.0117571)
(-0.00861051,-0.0031736)
(-0.0204157,-0.0163465)
(-0.00393114,-0.00766936)
(-0.0324521,-0.0162614)
(-0.00669477,-0.0234076)
(-0.0228681,-0.023068)
(-0.00619276,-0.0355001)
(-0.00719333,-0.0233978)
(-0.0198629,-0.0174192)
(0.00366431,-0.0104335)
(-0.016838,-0.0207144)
(0.00977589,-0.00422886)
(-0.0161773,-0.0147098)
(0.00717335,0.000241105)
(-0.0124376,-0.0156354)
(0.0019307,0.0048699)
(-0.00760601,-0.0137656)
(0.00248512,-0.00279876)
(-0.00412716,0.0085609)
(-0.00362013,-0.00545198)
(-0.000961056,0.00393476)
(-0.0105385,-0.00644162)
(0.00257498,-0.000232003)
(-0.0253434,-0.00392487)
(0.0119537,-0.00939923)
(-0.0373448,-0.00610035)
(0.00814226,-0.0194921)
(0.0102874,0.00596463)
(-0.014136,-0.0287999)
(0.018158,-0.00228549)
(-0.00653794,-0.0129911)
(0.0147251,0.00390994)
(0.00257304,-0.00629173)
(0.0133702,0.00746308)
(-0.00242818,-0.00988909)
(0.00616033,0.00368867)
(-0.00236946,-0.0095828)
(0.00104324,9.25292e-05)
(0.00066391,0.0151712)
(-0.00112955,-0.00407113)
(-0.000423884,0.0179568)
(-0.0089134,-0.0063245)
(0.00627585,0.0167876)
(-0.0175883,-0.0143773)
(0.0177261,0.0143312)
(-0.014282,-0.00140693)
(0.018791,0.0279735)
(0.0264103,0.0170183)
(-0.000785624,0.0138254)
(0.0228299,0.00726701)
(0.0141491,-0.00215375)
(0.0205636,0.0113527)
(0.0129855,-0.00427676)
(0.0118441,0.00807246)
(0.00754091,-0.00171177)
(0.00767548,0.0106679)
(-0.0050597,-0.00462668)
(0.00328205,-0.00194378)
(0.00723738,0.014861)
(0.000282932,-0.00128131)
(0.00717364,0.0111977)
(-0.00102882,-0.0104076)
(0.01362,0.0189792)
(-0.00988852,-0.0270968)
(0.0242278,0.0237089)
(-0.00039858,-0.0259494)
(0.0203054,0.0192121)
(0.0304886,-0.0117349)
(0.0226756,0.00929896)
(0.0267953,-0.0016669)
(0.0243195,-0.00127518)
(0.0226013,0.00405342)
(0.0184674,3.74045e-05)
(0.0107278,0.0072508)
(0.00740496,-0.00658936)
(0.00974206,0.00406212)
(0.000259227,-0.00752254)
(0.00198533,-0.00347207)
(0.00694136,0.00470152)
(0.00118958,-0.0081248)
(0.0126103,0.00869177)
(-0.0005363,-0.00839643)
(0.012675,0.0043164)
(-0.00468907,-0.0212581)
(0.0181661,0.0157959)
(0.000358129,-0.0175002)
(0.024302,0.00949525)
(0.0212823,0.0016916)
(0.021375,0.00442387)
(0.022814,0.0055846)
(0.0158766,-0.00405222)
(0.0134109,0.0104962)
(0.0119317,-0.00571385)
(0.0059274,0.00669941)
(0.00122368,-0.00757934)
(0.00806555,0.00143576)
(-0.00418504,-0.00389231)
(-0.000426492,-0.0056119)
(0.00328177,-0.00273333)
(0.00258566,-0.00956494)
(0.00344735,-0.00018467)
(-0.000487517,-0.00885066)
(0.0107124,0.00645646)
(-0.00521445,-0.00819862)
(0.0100461,0.00870875)
(0.000938607,-0.00810106)
(0.0236852,0.0101455)
(0.00498482,0.00730852)
(0.00867602,0.00719122)
(0.00929637,0.00817237)
(0.0094628,0.00487239)
(0.00433805,0.00746444)
(0.0059764,0.00252553)
(0.0120077,0.00787346)
(-0.00619497,-0.00559116)
(0.0157527,-0.000283734)
(-0.0126579,-0.0127473)
(0.00158309,-0.00326596)
(-0.00659176,-0.00513754)
(0.000520723,0.000128469)
(-0.00170945,-0.00379115)
(0.00043293,-0.00372361)
(0.00697878,0.00500773)
(0.00112238,-0.00580034)
(0.0133283,0.00948707)
(0.000223686,-0.000222638)
(0.0128379,0.0148163)
(0.00621655,0.00477214)
(0.0109919,0.0134453)
(0.000797501,0.00465402)
(0.00501183,0.0127665)
(0.0078043,0.00835607)
(0.00341543,0.00534711)
(0.00623544,0.00536201)
(-0.00747516,-0.00399401)
(0.00585692,0.000720203)
(-0.00986005,-0.00372248)
(0.000898415,0.000451775)
(-0.00368893,0.000907036)
(-0.00118603,0.000505308)
(-0.00704767,0.00102346)
(-0.000352094,-0.000184034)
(-0.00988228,0.000112517)
(0.00475096,-0.00428223)
(-0.00556397,-0.00125584)
(-0.00107299,-0.0092105)
(-0.00288364,-0.00600053)
(-0.000159005,-0.0112478)
(-0.00178747,-0.00666563)
(-0.00232143,-0.00859697)
(-0.00507281,-0.00374069)
(0.00250666,-0.00210687)
(-0.00907167,-0.00557334)
(0.00233715,-0.00332627)
(-0.00689652,0.00378739)
(0.00693728,0.00027497)
(-0.00146778,-3.54283e-05)
(-0.000680498,-0.004105)
(-0.00707512,0.00116242)
(-0.000906669,0.000491252)
(-0.0131457,0.00271277)
(-0.000456964,-0.00301518)
(-0.0148305,-0.0017938)
(-0.00404834,-0.0224757)
(-0.00602973,-0.0127687)
(-0.00354596,-0.0239535)
(-0.00972547,-0.0212556)
(0.000351489,-0.0265733)
(-0.0024163,-0.0242213)
(0.0009845,-0.0167677)
(-0.0117094,-0.0180822)
(0.000303257,-0.0126537)
(-0.0146194,-0.0104889)
(0.00876006,-0.00374261)
(-0.0142589,-0.0109072)
(0.00399276,-0.00123759)
(0.00044774,-0.00401589)
(-0.00232037,-0.0094852)
(-0.00938294,0.00329811)
(-0.00684823,-0.00818539)
(-0.0168829,0.00549318)
(-0.015333,-0.0122852)
(-0.0139376,0.0023387)
(-0.0267375,-0.0200452)
(-0.0124528,-0.0269955)
(-0.0234261,-0.0283676)
(-0.0146985,-0.0406508)
(-0.0129698,-0.0308075)
(-0.0114459,-0.038209)
(-0.00599151,-0.0160922)
(-0.0121203,-0.0285109)
(0.002997,-0.01782)
(-0.0202452,-0.0244019)
(0.00238988,-0.00698185)
(-0.0162768,-0.0186002)
(0.00542177,0.00561654)
(-0.00921525,-0.0116871)
(-0.00221704,-0.00823423)
(-0.00747403,0.0085069)
(-0.00566673,-0.00383203)
(-0.0140765,0.00920624)
(-0.0214775,-0.00762911)
(-0.0118214,-0.0105901)
(-0.0381342,-0.0118025)
(-0.0165887,-0.0391422)
(-0.077635,-0.0443649)
(-0.00313419,-0.066104)
(-0.00317095,-0.0101167)
(-0.0211346,-0.0859282)
(0.00393021,-0.00847219)
(-0.013885,-0.0387067)
(0.0029814,-0.00164707)
(-0.0106942,-0.025269)
(0.0117708,-0.00602394)
(-0.011821,-0.0225115)
(0.00443263,-0.000807385)
(-0.00565741,-0.0167605)
(0.000919624,-0.00143226)
(-0.00847274,0.00921509)
(-0.00357624,-0.0027262)
(-0.0111869,0.0116241)
(-0.0177581,-0.0042977)
(-0.0057001,0.00922182)
(-0.0304964,-0.000392934)
(0.0160508,-0.0251874)
(-0.132823,0.00715905)
(0.0236022,-0.0535199)
(0.0268815,0.0449257)
(-0.0786853,-0.0889206)
(0.0252445,0.00576079)
(-0.0153875,-0.0296607)
(0.018948,-0.000240253)
(0.00114723,-0.0150555)
(0.0180571,0.00112975)
(0.00424738,-0.0102939)
(0.00706757,0.00469207)
(-0.00223062,-0.00914209)
(0.00511638,-0.00139544)
(-0.00443472,0.0139615)
(-0.00438194,-0.000408716)
(-0.00408074,0.0201526)
(-0.010983,-0.0124913)
(0.0110745,0.02811)
(-0.0248258,-0.0347385)
(0.057487,0.0563392)
(-0.0670317,0.0467037)
(0.0318929,0.114246)
(0.0944669,0.0547902)
(-0.0469936,0.0958589)
(0.0709704,0.0103873)
(0.0265198,0.0321011)
(0.0361197,0.014296)
(0.0256231,-0.00370774)
(0.0208673,0.00740785)
(0.0122629,-0.00442194)
(0.0108047,0.00341796)
(0.00527908,-0.000700379)
(0.00657455,0.00166401)
(-0.00244987,0.00794148)
(0.00289166,-0.00551302)
(0.000112044,0.0163058)
(-0.0130956,-0.0290158)
(0.0172151,0.0306129)
(-0.0221241,-0.0477473)
(0.0451453,0.0600656)
(-0.0123094,-0.0439971)
(0.0419752,0.0933436)
(0.0823115,0.0047981)
(0.0318841,0.0220632)
(0.0658286,0.00470542)
(0.0380698,7.54457e-05)
(0.0352435,0.00561927)
(0.0233704,-0.000432166)
(0.0253977,0.00704064)
(0.0135029,-0.00543369)
(0.012419,0.00773475)
(0.00279496,-0.00766161)
(0.00594113,-0.00588954)
(0.00348459,0.00771713)
(0.00316656,-0.00480531)
(0.00637688,0.0061465)
(0.00123684,-0.0185126)
(0.0164109,0.018436)
(-0.0162488,-0.0390265)
(0.0242532,0.0325175)
(0.00474867,-0.0326581)
(0.0311557,0.0317287)
(0.0393476,-0.00876382)
(0.0241342,0.0185546)
(0.0401411,0.00546538)
(0.0261457,0.00169773)
(0.0366857,0.0103422)
(0.0232012,-0.00289589)
(0.0183703,0.00801961)
(0.00747477,-0.00225964)
(0.00818022,0.00662316)
(0.00297306,-0.00346599)
(-0.00194914,-0.00415965)
(0.00115933,0.00307404)
(0.00587685,-0.0114375)
(0.00432083,0.00982454)
(0.00396146,-0.00883767)
(0.0119464,0.012616)
(-0.00359799,-0.0152666)
(0.0171235,0.0198628)
(-0.00387224,-0.0116429)
(0.0187635,0.0194722)
(0.0173695,0.00537786)
(0.0141108,0.013297)
(0.0189242,0.00778494)
(0.0163709,0.00249309)
(0.0157998,0.00825471)
(0.0101683,0.00275279)
(0.0174532,0.00646062)
(-0.00231668,-0.00275528)
(0.0161006,0.0021859)
(-0.00968957,-0.00379262)
(-0.00517963,-0.00563079)
(1.01235e-05,0.000600995)
(0.00182626,-0.00702852)
(-0.00255291,0.00753264)
(0.000947975,-0.00301146)
(0.00389131,0.0148799)
(-0.00137804,-0.0052143)
(0.0101618,0.015547)
(-0.00221432,-0.00282933)
(0.0057668,0.0156821)
(0.00358013,0.00717937)
(0.00746223,0.0159528)
(0.00595671,0.00279143)
(0.00263939,0.00918338)
(0.00759565,0.00338204)
(0.00361636,0.00652692)
(0.0100234,0.0059487)
(-0.00647279,-0.00194753)
(0.00705512,0.0035212)
(-0.00985118,-0.00857969)
(-0.000554499,0.00232386)
(-0.00415588,-0.00228517)
(-0.00290536,0.00143124)
(-0.00494722,-0.000427442)
(-0.000544448,0.00196763)
(-0.0101476,-0.00386097)
(0.00311346,-0.00700012)
(-0.0089487,-0.00757686)
(0.00273428,-0.00270909)
(-0.00557666,-0.0034823)
(0.00180893,-0.00888714)
(-0.00331691,-0.00890486)
(0.00369741,-0.00411397)
(-0.00300235,-0.00536293)
(0.000324172,-0.0092467)
(-0.00804552,-0.00203563)
(0.00673955,-0.00212483)
(-0.00704481,-0.000252758)
(0.00367328,-0.00462612)
(-0.00128025,0.00239223)
(-0.000866351,-0.00450305)
(-0.00326926,0.00139865)
(-0.000312396,-0.00200149)
(-0.0139813,0.00443344)
(-0.00529421,0.000657149)
(-0.0162809,-0.00337793)
(-0.00185794,-0.00584446)
(-0.0147415,-0.0181616)
(0.00203464,-0.0126488)
(-0.0139,-0.0242108)
(0.00144188,-0.0160651)
(-0.006728,-0.0242606)
(0.00251715,-0.0115459)
(-0.0101622,-0.0153907)
(0.00370772,-0.0133129)
(-0.0148672,-0.0113809)
(0.000299586,-0.00574852)
(-0.0126969,-0.00435854)
(0.00824587,0.00122973)
(0.000758731,-0.0044633)
(-0.00768984,-0.000367336)
(-0.0133429,0.00652915)
(-0.00441976,-0.000955706)
(-0.0193219,0.00938531)
(-0.00881043,3.13136e-05)
(-0.024659,-0.0088126)
(-0.0089875,-0.0007561)
(-0.0244574,-0.0243818)
(-0.0127921,-0.0196886)
(-0.0174354,-0.0333758)
(0.00114837,-0.0140893)
(-0.00687125,-0.0274824)
(-0.00125561,-0.00510442)
(-0.0118195,-0.0269436)
(-0.00134785,-0.00925214)
(-0.0223784,-0.0217939)
(0.00887966,-0.00692645)
(-0.0183661,-0.0172841)
(0.00530906,0.00430825)
(-0.00743991,-0.0132812)
(-0.0017891,-0.00182085)
(-0.0122563,0.0110647)
(-0.00986053,6.13426e-05)
(-0.0232826,0.00536961)
(-0.0101548,0.0106337)
(-0.0283817,-0.000837446)
(-0.011077,-0.00394835)
(-0.0454299,-0.0451229)
(-0.0600905,-0.100762)
(0.00623798,-0.0105136)
(0.0335197,-0.0290373)
(0.0267536,-0.0723548)
(0.00463401,0.00711142)
(-0.0137422,-0.0235614)
(0.0047092,-0.00777046)
(-0.0156418,-0.0237845)
(0.00560762,-0.00394163)
(-0.0119124,-0.0203606)
(0.00727432,0.000289415)
(-0.00146445,-0.0133577)
(0.000193226,-0.000634808)
(-0.00655119,0.00836786)
(-0.00592788,0.0029944)
(-0.0190691,0.0162916)
(0.00485391,0.0117216)
(-0.0227674,-0.0051328)
(0.0903076,0.0412028)
(-0.0552935,-0.0931737)
(0.0200482,0.00672147)
(0.00134423,0.0341537)
(0.00482347,-0.00487686)
(0.0157327,0.019684)
(-0.0416282,0.00801841)
(-0.020272,0.0290996)
(0.0136181,-0.0025117)
(-0.00974383,0.000201014)
(0.0148656,-0.00762785)
(-0.00138882,-0.00798772)
(0.0051489,0.00116719)
(0.00336693,-0.0112172)
(-0.00193882,0.00368588)
(-0.00369776,0.00755076)
(-0.00676827,0.000614116)
(-0.00491083,0.0161984)
(-0.0133269,-0.0174644)
(0.0218776,0.0236694)
(0.0308696,-0.0898727)
(0.10963,0.02926)
(0.0205059,0.0258771)
(-0.0328879,-0.0507498)
(-0.048741,-0.00892158)
(-0.0230921,-0.00653161)
(0.0259056,-0.0286158)
(0.0948357,0.0607185)
(0.0292654,-0.00701133)
(0.0205906,0.000117085)
(0.0242302,0.000595788)
(0.0094588,-0.0118786)
(0.0106035,-6.6799e-05)
(0.00170311,-0.00243022)
(0.00123661,-0.00449362)
(-0.00102396,0.00753651)
(-0.00857381,-0.00238654)
(-0.00301277,0.0113737)
(-0.0205035,-0.0196958)
(0.0179531,0.0378305)
(-0.0425966,-0.0851946)
(0.0596816,0.0834345)
(-0.0618028,-0.0858328)
(0.00967946,0.112008)
(0.116029,-0.00128116)
(0.0372502,-0.140504)
(0.0936065,0.00246588)
(0.050212,-0.0395394)
(0.0530072,0.0141346)
(0.0194553,-0.0136247)
(0.0256261,0.00588324)
(0.00681259,-0.0043387)
(0.00968532,0.00515925)
(0.00615187,-0.00425133)
(0.00331609,-0.000879162)
(-0.00260754,0.00682108)
(0.00262962,-0.00639411)
(0.00369555,0.0113762)
(-0.00410244,-0.0196238)
(0.0120441,0.0204088)
(-0.0205549,-0.0406193)
(0.0321648,0.041939)
(-0.0102741,-0.0484047)
(0.0216403,0.0472106)
(0.0536361,-0.00494929)
(0.0281133,-0.0192008)
(0.0586611,0.0013627)
(0.0177434,-0.00568082)
(0.0397883,0.00412527)
(0.0141337,-0.00149662)
(0.0251604,0.00701381)
(0.0107424,-0.000265439)
(0.0122709,0.00914786)
(-1.60093e-05,0.000100113)
(0.000842375,-0.0040095)
(-0.00248701,0.00654427)
(2.43034e-06,-0.00400656)
(0.00457311,0.00899058)
(-0.00239814,-0.00623658)
(0.0116876,0.0129751)
(-0.0087812,-0.01947)
(0.00881847,0.0201636)
(-0.00330627,-0.0173342)
(0.0155957,0.0240983)
(0.0179606,-0.00671233)
(0.00302692,0.0141611)
(0.0193673,-0.000740859)
(0.00980089,0.0103441)
(0.0216333,0.00757907)
(0.010952,0.00525874)
(0.0159799,0.0114101)
(0.00130054,0.00417679)
(0.0105005,0.00352301)
(-0.000828747,-0.00487025)
(0.00208501,-0.0044081)
(0.000906296,0.00639398)
(-0.00199477,-0.00421857)
(0.0022898,0.00645374)
(0.000926061,-0.0047911)
(0.0038976,0.0124644)
(-0.000592384,-0.00501454)
(0.00630974,0.0128321)
(-0.000999307,-0.00304043)
(0.00512815,0.0161111)
(0.0015373,-0.000566993)
(0.00120547,0.0145652)
(0.00209517,0.000925097)
(0.00619925,0.0116955)
(0.00986249,0.00542144)
(0.00522205,0.00604651)
(0.00646307,0.00486851)
(-0.00104395,-0.00140592)
(0.00941894,0.00365243)
(-0.00240623,0.00247131)
(-0.00400234,0.000406976)
(0.00194271,0.00154287)
(-0.0018334,0.00120222)
(-0.00482113,-0.00179405)
(-0.00412959,0.0017264)
(-0.0090557,-0.00488088)
(-0.0010161,7.74886e-05)
(-0.00698728,-0.00486558)
(0.00396591,-0.000361995)
(-0.0100517,-0.00876022)
(0.00534736,-0.000271522)
(-0.00536145,-0.00489515)
(0.00249576,-0.00507272)
(-0.00433826,-0.00453249)
(0.00434361,-0.0061121)
(-0.00685035,0.000399195)
(0.000395644,-0.0114614)
(-0.00430546,-9.76363e-06)
(0.00378827,0.00111032)
(0.000849289,-0.00339803)
(-0.00595034,0.000336692)
(-0.00830282,0.00653617)
(-0.00469051,0.0046718)
(-0.0071131,0.000798667)
(-0.00252964,0.00654701)
(-0.0142617,-0.00915513)
(0.000759896,0.00566076)
(-0.0137213,-0.0135305)
(0.00818102,0.00672475)
(-0.011935,-0.0138522)
(0.011072,-0.00399681)
(0.000330646,-0.011038)
(0.00689128,-0.00163474)
(-0.00602079,-0.00866136)
(-0.00424738,-0.0100101)
(-0.0129621,-0.0113635)
(0.000314273,-0.00676314)
(-0.0115432,-0.0114277)
(-0.000724514,-0.00364839)
(-0.00488573,-0.00294273)
(-0.00857262,0.000285527)
(-0.0095346,0.00484401)
(-0.00657006,0.00512684)
(-0.0222112,0.00646614)
(-0.00413199,0.0135127)
(-0.0230049,-0.00277551)
(0.00267325,0.0234505)
(-0.0261306,-0.0148743)
(0.0171946,0.0188561)
(-0.00189617,0.00522167)
(0.0218425,0.0144752)
(0.00969067,0.0017898)
(0.00298517,-0.000300212)
(-0.0033128,-0.00117389)
(-0.00110504,-0.00706758)
(-0.0145506,-0.013931)
(-0.00362865,-0.00876812)
(-0.0139219,-0.0142924)
(0.00614539,-0.000244769)
(-0.00824891,-0.012993)
(-0.00925313,0.00142659)
(-0.00965955,0.00712027)
(-0.00110877,0.0119881)
(-0.0157478,0.0148917)
(-0.00865752,0.0238647)
(-0.0300609,0.00389291)
(0.00327044,0.0453975)
(-0.0509998,-0.00115177)
(0.0229791,0.00547975)
(0.0299913,0.116734)
(0.0921904,0.0598684)
(0.0800748,0.0506626)
(0.0059604,0.0334469)
(-0.00894573,0.00439698)
(-0.0050523,-0.0034235)
(-0.0132103,-0.00537339)
(0.00730454,-0.00715974)
(-0.00599535,-0.0114409)
(0.00368928,-0.00336832)
(-0.00206103,-0.0128017)
(-0.0022773,0.00714022)
(-0.00373076,0.00425122)
(-0.00754997,0.0114233)
(-0.0186404,0.0123584)
(-0.00608334,0.0383439)
(-0.0335301,0.00022746)
(0.0117735,0.105937)
(-0.118343,-0.101579)
(-0.0118605,-0.0199854)
(0.0100773,-0.0215702)
(-0.0141711,-0.0286919)
(-0.0110196,-0.0195434)
(-0.092789,0.0458452)
(-0.0953412,0.0215453)
(-0.0106016,0.00423727)
(-0.0196428,-0.00129545)
(0.00953956,-0.0052476)
(-0.00503661,-0.00908369)
(0.0088343,-0.00635677)
(0.00119173,-0.00374422)
(-0.00346079,0.0056209)
(-0.00475748,0.0030867)
(-0.00855611,0.00933399)
(-0.00698036,0.00945073)
(-0.0218935,0.00862247)
(0.000252661,0.0202661)
(-0.00798983,0.00962606)
(0.0465252,0.018209)
(0.0419063,0.0162912)
(0.0129413,-0.0135492)
(-0.00680122,0.00269721)
(0.0161759,0.0459961)
(-0.0624794,-0.0240679)
(0.0134011,0.0327585)
(-0.00356898,-0.00462433)
(0.000103003,-0.00652569)
(0.0161232,-0.00641929)
(0.00108945,-0.00789089)
(0.0112665,-0.00821497)
(0.00636161,-0.00517355)
(-0.00115854,0.0045998)
(-0.00665794,0.00187188)
(-0.00566307,0.0028382)
(-0.00944,0.0068837)
(-0.0325488,-0.0102557)
(0.003584,0.0298155)
(-0.0724629,-0.0279993)
(0.0155643,0.0773479)
(-0.140578,0.0154339)
(-0.0570675,0.05656)
(0.0895865,0.093245)
(-0.0406629,-0.17495)
(0.057686,0.00909577)
(0.000682386,-0.0737543)
(0.0345889,0.0045849)
(-0.00171583,-0.024061)
(0.0191993,0.000753625)
(0.00381098,-0.0145614)
(0.00634921,-0.00423043)
(0.00185091,-0.00324911)
(0.0045531,-0.00100638)
(-0.00544194,0.0101413)
(0.00394493,0.00446271)
(-0.00714781,0.00984703)
(-0.00862189,-0.00573423)
(0.00104734,0.0143622)
(-0.0250138,-0.0243144)
(0.00772285,0.0392502)
(-0.0293157,-0.0160446)
(0.00149641,0.0333364)
(0.042437,0.00945088)
(-0.00868636,-0.0330003)
(0.0401948,0.00539983)
(0.00261482,-0.0241345)
(0.0332476,-0.000228201)
(0.000732775,-0.0132031)
(0.0210007,0.00431932)
(-0.00299977,-0.00445999)
(0.00704037,0.00764284)
(0.00101708,0.00170878)
(0.00404383,-0.00246437)
(-0.00206039,0.0121348)
(0.00569252,0.000404479)
(-0.00584626,0.0100558)
(0.00432675,0.00127159)
(0.00184871,0.013225)
(-0.00474173,-0.0096959)
(0.00463046,0.0196929)
(-0.00223772,-0.0123222)
(0.00305376,0.0228147)
(0.0100924,-0.00394128)
(-0.000766191,0.00584897)
(0.0130759,-0.00610485)
(0.0020428,-0.00192067)
(0.0219025,0.000751545)
(-3.59304e-05,9.69967e-05)
(0.0154268,0.00265276)
(0.000702799,0.00219766)
(0.0100097,0.00331721)
(-0.00266366,0.0028548)
(0.000709738,-0.000346713)
(-0.00210267,0.0111565)
(0.00414076,-0.000725921)
(0.00310786,0.0101789)
(0.000905398,0.00238309)
(0.00256973,0.00667863)
(-0.00173472,-0.00474095)
(0.0028058,0.0120919)
(-0.00102756,-0.00922292)
(-0.000938456,0.00749149)
(-0.00443743,-0.00505822)
(0.00536487,0.00960843)
(0.00260811,-0.00138119)
(0.00186793,0.00203387)
(0.0052293,0.000423116)
(0.00732365,-0.00143668)
(0.0125321,0.00435831)
(0.00123252,0.0045971)
(0.00411278,0.00244866)
(-0.00204389,0.00294085)
(-0.000672088,0.00317564)
(-0.000263085,-0.00266016)
(-0.000481445,0.00813894)
(0.00502378,-0.0026838)
(0.000898294,0.00197637)
(-0.0014262,0.00366976)
(-0.00156993,-0.00162013)
(-0.00234068,-0.010958)
(0.00186661,0.00127206)
(-0.000873958,-0.00492026)
(-0.00177807,0.000383529)
(-0.00273934,-0.00673169)
(-0.00232117,0.00101414)
(-0.000811809,-0.000500462)
(-0.00678477,-0.00587976)
(-0.00166628,-0.000888126)
(-0.00161498,-0.00556836)
(-0.00236404,0.000666251)
(-0.00133237,-0.00564748)
(0.00187369,0.000141197)
(-0.000977609,0.00123535)
(0.000987627,0.00163908)
(-0.00507447,0.00149502)
(-0.00153129,0.00243794)
(-0.0052141,0.00890496)
(-0.00356436,-0.00206354)
(0.00145262,0.00304242)
(-0.00567959,-0.00888098)
(0.00754945,0.0117352)
(-0.00316402,-0.0124607)
(0.00833172,0.000470267)
(0.000323997,-0.00964565)
(0.00127569,-0.00038804)
(-0.00437754,-0.00414078)
(-0.008569,-0.00609299)
(-0.00359899,-0.00652062)
(-0.00908911,-0.00774313)
(-0.0018146,-0.0132076)
(-0.00273552,-0.00502584)
(0.00303112,-0.00884806)
(-0.00687386,0.0040684)
(-0.00618771,0.0098036)
(-0.00532508,0.00923171)
(-0.00745806,0.00165196)
(-0.00741564,0.0141281)
(-0.0122764,-0.0053969)
(0.00117116,0.0251441)
(-0.011646,-0.00885602)
(0.00666001,0.0288233)
(-0.00337574,-0.000813048)
(0.0131199,0.0147863)
(0.00658718,0.00537293)
(0.00440299,0.0070282)
(-0.00253013,0.000399514)
(-0.0128474,-0.00436175)
(-0.00701408,-0.00971605)
(-0.00339985,-0.0047896)
(-0.00808023,-0.0125971)
(0.00184944,-0.000888255)
(0.00511809,-0.00722862)
(-0.0112454,0.00798787)
(-0.00173485,0.00768704)
(-0.0147709,0.0110647)
(-0.0099859,0.0104647)
(-0.00455625,0.0177764)
(-0.0143726,0.0074959)
(-0.00500696,0.0361537)
(-0.0183396,0.00877281)
(0.0218602,0.0350821)
(0.0158472,0.058219)
(0.0489939,0.049611)
(0.0349212,0.0356587)
(0.0177832,0.0153479)
(0.000163772,0.0112529)
(0.00163159,-0.00305632)
(-0.00707673,0.00259766)
(0.00134726,-0.010684)
(-0.00194163,-0.0110177)
(0.00800547,-0.00251516)
(0.0062434,-0.00584401)
(-0.0117149,0.0059831)
(-0.00517292,0.00819853)
(-0.0103961,0.0125232)
(-0.00893642,0.00941481)
(-0.0164747,0.0247335)
(-0.00847063,0.0155377)
(-0.0110238,0.0306858)
(-0.0221788,0.00671858)
(0.00858233,0.00886516)
(0.0574301,0.0831689)
(0.0864449,0.0534828)
(0.049132,0.0157527)
(0.00928634,0.0285299)
(-0.0235137,-0.00623778)
(0.00393652,0.00176736)
(-0.00940125,-0.00348936)
(0.008307,-0.0116154)
(-0.000263214,0.000567248)
(0.0122932,-0.00873547)
(0.00806222,-0.00499062)
(-0.00841213,0.0109808)
(-0.00406939,0.000910753)
(-0.0184819,0.0118489)
(-0.00522707,0.0114506)
(-0.023728,0.00651127)
(-0.00786613,0.0183561)
(-0.0453742,-0.0153735)
(-0.0050781,0.0218508)
(-0.0647515,-0.0736947)
(-0.0434639,0.0179349)
(-0.00164419,-0.0355411)
(-0.0350356,-0.0638331)
(-0.00907494,-0.0132179)
(-0.0234449,-0.0474997)
(0.00387461,-0.0110913)
(-0.0152287,-0.0243996)
(0.0172457,-0.00803447)
(0.00083438,-0.00690769)
(0.0122998,-0.0126141)
(0.00339682,0.000935091)
(-0.00293397,0.00695545)
(-0.00715867,0.00312859)
(-0.0146099,0.00581073)
(-0.0072534,0.00374956)
(-0.0297476,0.00115413)
(-0.00332043,0.0201172)
(-0.0534543,-0.0182941)
(-0.0117923,0.0331004)
(-0.0820763,-0.0322088)
(-0.0412674,0.00539179)
(0.010267,-0.00253075)
(-0.0432855,-0.0809598)
(0.0201337,-0.00486366)
(-0.0210581,-0.0600901)
(0.0137183,-0.00624505)
(-0.00974286,-0.0284908)
(0.0107651,-0.00481977)
(-0.00454272,-0.00788148)
(0.00686247,-0.00252477)
(0.0014844,0.000167762)
(0.00142508,0.00234568)
(-0.00460372,0.00927917)
(0.00046765,0.001158)
(-0.00188848,0.00500217)
(-0.00222337,-0.0032249)
(-0.000424578,0.00630097)
(-0.017084,-0.0211113)
(0.00138625,0.0159814)
(-0.02188,-0.0248894)
(-0.00786611,0.00813044)
(0.00400112,-0.00950604)
(-0.013187,-0.0236254)
(0.0159169,-0.0158217)
(-0.00818193,-0.0296212)
(0.0174067,-0.00824846)
(-0.003472,-0.0143357)
(0.0115443,-0.00536994)
(-0.00132013,-0.00527058)
(0.00820757,-0.00290182)
(-4.08623e-05,0.00399076)
(0.00783125,0.00017717)
(2.20394e-05,0.00751869)
(0.00496714,-0.000192758)
(0.00183383,0.000873358)
(0.00308639,-0.000298688)
(0.0103892,-0.000239785)
(0.00212188,-0.00922433)
(0.00392672,0.00882712)
(-0.00743386,-0.0175742)
(0.00972396,0.0064552)
(-0.0020328,-0.0208953)
(0.000325412,-0.0029661)
(0.00311425,-0.0158918)
(0.00264382,-0.00934956)
(0.00844114,-0.0109335)
(0.000675833,-0.0043441)
(0.0119268,-0.00307655)
(-0.0062817,0.00151834)
(0.00412202,-0.00490909)
(-0.00491726,0.00044497)
(0.00225359,0.0015666)
(0.000496941,0.00756075)
(0.00485243,0.000737506)
(0.000362446,-0.00195036)
(0.000195248,-0.000602357)
(0.00152747,0.0026149)
(-0.0020412,-0.00382358)
(0.00712421,0.00141498)
(-0.000110479,-0.00965265)
(0.00759443,0.0050934)
(-0.00539581,-0.00876019)
(0.00514049,-0.00175669)
(-0.00649484,-0.00677049)
(0.00422146,-5.35154e-07)
(0.0117958,-0.00366138)
(0.00255478,-0.0016188)
(0.00640387,-0.0014914)
(-0.000393852,0.000893803)
(0.00553908,-0.0013736)
(-0.00199817,0.00549781)
(-0.000228417,0.00486495)
(0.00445758,-0.00247503)
(0.00110564,0.00309181)
(0.0025927,0.000916219)
(0.00203492,0.00498521)
(-5.03483e-05,0.000970983)
(0.0110137,0.00258697)
(-0.00283141,0.00124951)
(0.00227642,0.00275013)
(-0.00622754,-0.00165686)
(0.00195038,0.00711291)
(0.00259784,-0.000897804)
(-0.00646738,0.0037825)
(0.00145442,0.00367108)
(-0.00387131,0.00373694)
(0.0022483,0.0056322)
(-0.00419038,-0.00228034)
(0.00247712,0.00481613)
(-0.00183536,-0.00835879)
(0.0069319,-0.00139408)
(-0.00530017,0.00412836)
(0.000933945,0.00257878)
(2.1112e-05,0.0071826)
(0.00721185,2.65507e-05)
(-0.00267788,0.0100917)
(-0.00373569,0.00285506)
(0.00329762,0.0113789)
(0.00414623,-0.00137758)
(0.00673066,0.00614947)
(-0.00299325,-0.0075231)
(0.00997222,0.0102387)
(0.00264924,-0.00398064)
(-0.000978815,0.00708327)
(0.00175771,-0.00185547)
(-0.00847694,0.00178368)
(0.00381542,-0.00354375)
(-0.00245061,0.000205927)
(0.00565385,-0.0059997)
(-0.000261357,-0.00348857)
(0.00743059,-0.0060718)
(-0.00769633,0.00403566)
(-0.000491669,0.00317713)
(-0.00658053,0.0119387)
(-0.00324324,0.0028912)
(-0.00853473,0.0078231)
(-0.000842774,-0.00357207)
(-0.00615499,0.0177269)
(-0.00473106,-0.00812395)
(0.00786753,0.0228043)
(0.00377746,-8.36067e-05)
(0.00466277,0.013559)
(-0.000946959,0.0017443)
(-0.00232639,0.00887815)
(0.000756214,0.00280036)
(-0.00741729,0.00303005)
(0.00142643,-0.00591051)
(-0.00303512,-0.00368911)
(0.00832457,-0.00611182)
(0.00279401,-0.00263953)
(0.0130945,-0.00220689)
(-0.0108051,0.00793368)
(-0.00606567,0.00959363)
(-0.0137543,0.0137248)
(0.00402646,0.00747487)
(-0.0169078,0.0213436)
(-0.00378759,0.00422153)
(-0.0101469,0.0291804)
(-0.00494305,0.00572887)
(-0.00419831,0.0317084)
(0.000645286,0.0117953)
(0.00969547,0.0274773)
(0.0031205,0.0155767)
(0.000453405,0.00660247)
(-0.00072906,0.0115359)
(-0.00807793,-0.000115962)
(0.00981282,0.00289488)
(0.00249879,-0.00296292)
(0.0140803,-0.00171182)
(0.00607389,-0.00685003)
(0.00999619,-0.00304251)
(-0.0111652,0.00794913)
(-0.00348668,0.00675087)
(-0.0188357,0.0187395)
(-0.00133028,0.0142113)
(-0.0178882,0.0220807)
(0.00586542,0.0121636)
(-0.0168361,0.0293767)
(0.00330033,0.0101255)
(-0.0166831,0.0128714)
(0.010267,0.0156206)
(0.0108479,0.021805)
(0.0036899,0.00178861)
(-0.000280317,0.00859311)
(-0.00516643,-0.00266765)
(-0.00156763,-0.00161094)
(-0.00342252,0.00218931)
(0.00383383,-0.00604721)
(0.0108876,-0.00357334)
(0.00778198,-0.00569747)
(0.0117173,0.00325306)
(-0.0112321,0.00883804)
(-0.00724255,0.00349671)
(-0.0186539,0.0181927)
(0.000246358,0.00847441)
(-0.0218904,0.0208333)
(0.00827228,0.0140154)
(-0.0349665,0.00138791)
(-0.0037268,0.00676512)
(-0.0315899,-0.0162963)
(-0.00625661,-0.00759631)
(-0.0107623,-0.0125642)
(-0.0150714,-0.0288612)
(-0.00394758,-0.0122554)
(-0.0124008,-0.0253346)
(0.00155174,-0.00601077)
(-0.00700177,-0.00691509)
(0.0102117,-0.00607953)
(0.00344889,0.00641384)
(0.012827,-0.0102262)
(0.00356662,0.000403014)
(-0.00510621,0.0108503)
(-0.00679649,0.00343921)
(-0.0144722,0.0092118)
(0.00273242,0.00255366)
(-0.0185715,0.00525155)
(0.00687286,0.00674964)
(-0.031093,-0.00250968)
(0.00289218,0.0131755)
(-0.0398694,-0.017734)
(-0.0109155,-0.00252051)
(-0.00897987,-0.0144487)
(-0.0125339,-0.0296618)
(-0.00278278,-0.0161525)
(-0.011561,-0.0305724)
(0.00712225,-0.00864266)
(-0.00343009,-0.0131136)
(0.0103677,-0.00612938)
(-0.000781776,-0.00148316)
(0.00520261,-0.00544773)
(0.000976008,0.00176177)
(0.00558344,0.00263932)
(0.000628698,0.00459939)
(-0.00617882,0.00582951)
(0.00146718,0.00410135)
(-0.0101837,0.000287362)
(0.0120703,-0.0011064)
(-0.0112961,-0.0119937)
(0.0057681,0.00222009)
(-0.0118225,-0.0219294)
(0.00768516,0.00177625)
(-0.00883843,-0.0218813)
(-0.00161292,-0.0214409)
(0.00393436,-0.0143526)
(0.00143325,-0.0192296)
(0.00693797,-0.0169852)
(-0.00182118,-0.00621188)
(0.00622763,-0.0105952)
(-0.00693151,0.00204544)
(-0.00160221,-0.0060971)
(0.000844701,0.00723869)
(0.00555417,-0.001528)
(0.00299418,0.00124979)
(0.00686196,0.0016433)
(0.00340639,-0.00619396)
(-0.00439508,-0.00155353)
(0.0057332,-0.00554134)
(-0.0075635,-0.00843243)
(0.0106824,-0.000542672)
(-0.00196237,-0.021014)
(0.00550573,0.000711179)
(-0.00502838,-0.0137967)
(0.00943232,-0.00441605)
(-0.00413055,-0.0207027)
(0.0021268,-0.00231289)
(0.00744335,-0.00974169)
(-0.00533741,-0.000462434)
(0.00238844,-0.0121846)
(-0.00784105,-0.00210542)
(0.00546673,-0.00692379)
(-0.0107181,0.00119462)
(0.00417662,-0.00269701)
(0.00362332,-0.00026061)
(0.00142514,-0.00359965)
(0.000100697,-0.000170683)
(-0.00264526,-0.00543994)
(0.00195408,-0.00683751)
(-0.00379552,-0.00893196)
(0.00406651,0.000967353)
(0.00195382,-0.0106465)
(0.00620238,-0.000459913)
(-0.00410345,-0.00884497)
(0.00498556,-0.00104641)
(1.08033e-05,-0.00150344)
(0.00318338,-0.000601611)
(0.00115775,-0.010126)
(-0.00141371,-0.00371197)
(0.00953855,-0.00848175)
(-0.00986366,0.000497702)
(0.00273324,-0.00146278)
(-0.00587091,0.00208843)
(0.00407767,0.00403031)
(-0.00160953,0.00368884)
(0.00108716,0.00603741)
(0.00334787,0.00147781)
(0.00389675,0.00534879)
(-0.000413201,0.000285149)
(0.00493062,0.000389889)
(-0.00371433,0.00167364)
(0.00460545,0.00315066)
(-0.00520008,-0.00385979)
(0.00485504,0.00530338)
(-0.00584091,0.00378556)
(0.00146044,0.0106475)
(0.001562,0.00489403)
(-0.000727485,0.0044757)
(0.00214485,0.00814974)
(0.000551686,0.0035972)
(0.0078143,-0.00125315)
(0.000644052,0.00353706)
(0.0104934,-0.00190415)
(-0.00543552,-0.000349062)
(0.0001691,0.00652916)
(0.000537778,0.00593095)
(0.00540626,0.00360037)
(0.00577952,0.00680662)
(-0.00233989,0.00326012)
(0.00356774,0.00815959)
(-0.00729986,0.00379393)
(0.00761716,0.00695724)
(0.00137919,0.00410361)
(0.00791406,0.00932133)
(-0.00126253,0.000893696)
(0.00565455,0.00823083)
(0.000674544,0.00792597)
(0.00165781,0.00921625)
(0.00786728,0.00453257)
(0.00286592,0.00313679)
(0.00474242,-0.000264518)
(0.00180473,0.00272575)
(0.0109843,-0.00434789)
(-0.00375077,0.00782347)
(0.000635458,0.00172678)
(-0.00757277,0.00801822)
(0.00531282,0.00555436)
(-0.00407233,0.0162976)
(-0.00111796,-0.000163741)
(-0.00481372,0.0187964)
(-0.001301,-0.000907327)
(-0.000483365,0.0165812)
(-0.00080488,0.0031231)
(0.00727745,0.0130819)
(0.00543437,0.0108447)
(0.00100781,0.00445486)
(0.00765909,0.00679264)
(-0.00256583,0.00449398)
(0.00844279,0.00122074)
(0.0032699,0.000462175)
(0.0119175,-0.000346714)
(0.0051031,-0.00163838)
(0.00862424,0.0011566)
(-0.00390551,0.00640506)
(0.00063116,0.00625916)
(-0.0118786,0.0194147)
(0.00261573,0.00666161)
(-0.01397,0.0202901)
(0.00380399,0.00384575)
(-0.0132395,0.0244645)
(-0.00658687,0.00475262)
(-0.00800236,0.0213965)
(0.000567563,0.00452283)
(-0.004592,0.0129924)
(-0.00171152,0.0103825)
(-0.00750907,0.00518577)
(0.00827277,0.00838695)
(2.22489e-05,0.00107506)
(0.0110178,0.00648045)
(-0.00145731,-0.00551024)
(0.00894148,0.00234457)
(0.00321948,0.000270072)
(0.0102982,0.0012222)
(-0.0061973,0.00667885)
(-0.00610011,0.00701802)
(-0.0102149,0.0168149)
(-0.000389305,0.00410381)
(-0.015569,0.0251884)
(0.00131403,0.00587086)
(-0.0157106,0.0234265)
(0.000637455,0.00142135)
(-0.0127504,0.0178892)
(0.00102478,0.00318008)
(-0.0101262,0.0111492)
(0.000411977,0.00318926)
(-0.0116608,-0.00421347)
(-0.00218265,0.00483231)
(-0.00696926,-0.00184023)
(0.00431484,0.00212001)
(-0.00179343,-0.00452313)
(0.00977355,0.0083562)
(0.00591586,-0.00988876)
(0.00616995,0.00190577)
(-0.000657579,0.0138997)
(-0.0042708,0.00275709)
(-0.0078366,0.0165755)
(-0.00141104,0.00301162)
(-0.0176235,0.0167649)
(0.010936,0.00154332)
(-0.0175301,0.0148232)
(0.00719093,0.00203744)
(-0.0225426,0.00168841)
(-0.00038614,-0.00203254)
(-0.0120079,-0.00647335)
(-0.00356737,-0.00687807)
(-0.00984141,-0.00716483)
(0.000564214,-0.00827872)
(-0.00650041,-0.00785572)
(0.00470903,0.00478332)
(0.00682607,-0.00681866)
(0.00210927,0.00693157)
(0.00289811,-0.00810597)
(0.00221932,0.00836405)
(0.00325253,0.00741533)
(-0.00424496,0.000196154)
(-0.00370088,0.0122545)
(0.00140775,0.000581696)
(-0.014993,0.00987864)
(0.0126499,-0.00143451)
(-0.0181841,-0.00137937)
(0.0108148,-0.00136608)
(-0.017269,-0.0113093)
(0.00663082,-0.00821955)
(-0.0140984,-0.0127854)
(-0.00244012,-0.0167737)
(-0.0089933,-0.0129377)
(-0.00088,-0.0182551)
(-0.00344024,-0.0135485)
(0.00272988,-0.00323076)
(0.000743814,-0.0090708)
(-0.00461466,0.00632737)
(-0.000440515,-0.00641931)
(-0.00140689,0.00559484)
(0.00379079,0.00333939)
(-4.15769e-05,0.00386364)
(0.00369905,0.00231257)
(0.00716203,-0.00233341)
(-0.00960948,0.0034728)
(0.00806262,-0.00278793)
(-0.00943939,-0.00691382)
(0.00389192,-0.00414948)
(-0.0102026,-0.0166354)
(0.00233838,-0.00837141)
(-0.0065399,-0.0184174)
(0.0021459,-0.0135239)
(-0.00463974,-0.0164752)
(0.00113145,-0.0116053)
(-0.00480001,-0.00959209)
(0.00025235,-0.00201626)
(-0.0042435,-0.00970341)
(-0.00498265,0.00752452)
(-0.00307362,-0.00837438)
(-0.00521726,0.00648914)
(0.00747435,0.00287476)
(0.00531661,-0.000978659)
(0.00351827,-0.000526039)
(0.0089775,-0.000668728)
(-0.000704413,-0.000391163)
(0.006586,-0.00866192)
(-0.00311335,-0.00680268)
(0.00095827,-0.00496571)
(-0.00169065,-0.009153)
(0.000767936,-0.00952569)
(-0.00195033,-0.0124865)
(0.00308404,-0.00513501)
(0.00123923,-0.00905088)
(0.000601657,-0.00450777)
(-0.00230355,-0.0136429)
(-0.00262244,0.000320723)
(0.001202,-0.0130635)
(-0.00780886,0.00302798)
(-0.00307805,-0.00442252)
(-0.00716674,-0.00180441)
(0.00149947,0.000661659)
(-6.73468e-05,0.00577993)
(0.00372002,0.000134676)
(0.00264712,-0.00674652)
(-0.000879163,-0.00269154)
(0.000688636,-0.0070114)
(0.000298731,-0.00964921)
(0.000524516,-0.0101642)
(0.0044534,-0.00739841)
(0.00227837,-0.00685419)
(0.00159417,-0.00805421)
(0.00152938,-0.00801455)
(-2.21261e-05,-0.00600398)
(0.0012104,-0.00394828)
(0.00917365,-0.00632597)
(-0.000955085,0.000640737)
(0.00179869,-0.000176975)
(-0.00346541,0.000605111)
(0.00547187,0.000794595)
(-0.00534997,0.00240652)
(0.0012721,-0.00320403)
(-0.00112588,0.00367388)
(0.00459283,0.00370729)
(0.00337841,0.00298534)
(0.0065435,-0.000340302)
(0.00170896,0.00228065)
(0.00367617,-0.00103611)
(-0.00262441,-0.000153338)
(0.0036903,-0.00159131)
(-0.00157055,0.00461113)
(0.00308903,0.00707913)
(-0.00390091,0.0006683)
(0.000401805,0.00456673)
(-8.58265e-05,0.00498096)
(0.0016649,0.0056962)
(0.00282855,0.00494831)
(0.000784231,0.000805288)
(0.00508596,0.00553083)
(0.00132279,-0.000566288)
(0.00202551,-0.00103818)
(0.00305806,0.00328875)
(-9.54406e-05,0.0039515)
(-0.00389419,0.00151645)
(0.00709491,0.00757918)
(-0.00434921,0.00122953)
(0.00112218,0.00642459)
(0.00266037,-0.000812766)
(-0.00130282,0.00430568)
(0.00284242,0.00358085)
(-0.00552536,0.00599567)
(0.00457391,0.00458842)
(-0.00486527,0.00554471)
(0.00187196,0.00895949)
(0.00563059,0.00605295)
(0.00224464,0.00472814)
(0.00346789,0.00355801)
(0.00256146,0.00650269)
(0.00733447,-0.0024344)
(-0.000854508,0.00367219)
(0.00521103,-0.00154756)
(-0.00762889,-0.000261709)
(0.0015027,0.00251474)
(-0.00475327,0.00485318)
(0.0028148,0.00145076)
(-0.00647394,0.00609196)
(-0.00175948,0.00105312)
(-0.00511212,0.00844115)
(-0.00778956,0.00347419)
(-0.00255226,0.0065426)
(0.000943958,0.00555817)
(0.00157171,0.00651171)
(0.000188338,0.00497055)
(0.00112967,0.00573086)
(0.0040294,0.00870633)
(-0.00071003,0.00307502)
(0.00918668,0.00578754)
(0.00113826,0.00220355)
(0.005566,0.000354222)
(0.00829395,0.00017486)
(0.0063521,0.000554901)
(-0.00241679,0.00503061)
(-0.0027762,0.00205802)
(-0.00715617,0.0113984)
(0.00325626,-4.82666e-05)
(-0.00914573,0.0142294)
(-0.00055683,0.00353573)
(-0.00953258,0.0159506)
(-0.00609009,-0.00195559)
(-0.00690314,0.0131391)
(-0.0032971,0.00546386)
(-0.00108525,0.00810383)
(0.00121919,0.00954392)
(-0.000135288,0.000406509)
(0.007798,0.00365814)
(7.29107e-05,0.00131327)
(0.00586616,0.00392492)
(0.00236608,0.00163229)
(0.0073285,0.00171063)
(0.00451292,-0.00207485)
(0.00535946,0.000592992)
(8.83339e-05,0.00256227)
(-0.00338076,0.000125373)
(-0.00157282,0.00896305)
(-0.00391607,0.000877135)
(-0.00579381,0.0150939)
(8.42018e-05,-0.00510135)
(-0.012714,0.0131771)
(-0.00365535,-0.000690508)
(-0.00531625,0.00890604)
(0.00121029,-0.00106313)
(-0.00356099,-0.00170494)
(-0.00278719,-0.00147466)
(-0.0038336,-0.00125454)
(0.00103155,0.00287938)
(-0.00018396,-0.00339842)
(0.00724393,0.00675875)
(-0.00071395,-0.00289471)
(0.00405231,0.00407572)
(-0.00297065,-0.00397313)
(0.00624722,0.00745874)
(0.00362765,0.0047558)
(-0.0075287,-0.000804801)
(0.0044446,0.0117307)
(5.8986e-05,-0.00652359)
(-0.00463458,0.0119181)
(0.000695622,-0.00566059)
(-0.0106303,0.00841239)
(0.00711239,-0.0055709)
(-0.00723151,0.00404819)
(0.00220461,-0.00145205)
(-0.00439811,-0.00159708)
(-0.00567546,-0.00370764)
(-0.0062566,-0.00982905)
(0.00352589,-0.00380581)
(-0.00405976,-0.00533601)
(0.00429214,0.00595875)
(-0.00364967,-0.00782921)
(0.00301037,0.010365)
(0.0028137,-0.00478078)
(0.00212182,0.00426622)
(0.00618456,0.0119073)
(-0.00489169,0.0013272)
(0.00886026,0.00263791)
(0.00116172,-0.00372336)
(-0.00121789,0.00689747)
(0.00695924,0.00145083)
(-0.00738627,2.59002e-05)
(0.004809,-0.002)
(-0.0094841,-0.00486151)
(0.00216511,-0.00435878)
(-0.00845358,-0.0114499)
(0.000252442,-0.00935037)
(-0.00765827,-0.00921057)
(0.000330968,-0.00456788)
(-0.0102652,-0.00797421)
(0.00133381,0.000136339)
(-0.000901278,-0.00639568)
(-0.00230591,0.00635932)
(-0.00156543,-0.00354235)
(0.0030745,0.00523383)
(0.00716309,0.00479436)
(-0.000457463,-0.00047887)
(0.0107864,0.00617314)
(0.0046698,-0.000132238)
(0.00404782,0.00490784)
(0.00506767,-0.00224611)
(-0.00372816,0.00118172)
(0.00228458,-0.00511643)
(-0.00521859,-0.0100792)
(-0.00196069,-0.00515563)
(-0.00300153,-0.0114585)
(0.00145842,-0.00840213)
(-0.0066511,-0.00690267)
(-7.63582e-05,-0.0102597)
(-0.00636242,-0.00750587)
(0.00104306,0.000627934)
(-0.00581899,-0.00598842)
(-0.00356352,0.00311602)
(-0.00362172,-0.00395503)
(-0.00100039,0.000242494)
(0.00352029,0.00434859)
(0.00391695,0.00121171)
(0.00797355,0.00147632)
(0.00594926,-0.00697707)
(0.00575677,0.0045816)
(0.00360361,-0.00760921)
(0.000704337,-0.000707731)
(0.00208676,-0.00962578)
(0.00296916,-0.00288746)
(-3.59993e-05,-0.0103809)
(-0.00278575,-0.0059316)
(-0.00276162,-0.00826329)
(-0.00268682,-0.00313179)
(-0.00388388,-0.00314959)
(0.001388,-0.00935286)
(-0.00405067,0.00115906)
(-0.00382217,-0.00441693)
(-0.00533364,0.000458141)
(-0.00325792,-0.00163212)
(-0.00503916,-0.00149661)
(0.00691993,0.00450445)
(-0.000175454,0.00271923)
(0.000863641,0.00398222)
(0.00425728,-0.00281945)
(0.0042185,0.000741711)
(0.000261232,-0.00711278)
(0.00449093,-0.00029983)
(-0.00133006,-0.0100419)
(0.00167128,-0.0028784)
(2.62912e-05,-0.00747201)
(0.00302669,-0.000270329)
(-0.00263062,-0.00903154)
(0.00285895,-0.00276367)
(-0.00533179,-0.00323027)
(-0.00169129,-0.000768368)
(-0.00489582,0.00135828)
(-0.00181649,-0.0039173)
(-0.00255835,0.00330667)
(0.0013174,-0.00121029)
(-0.00274573,-0.000802911)
