(0.00145429,-2.63459e-05)
(-0.00055119,-0.00688816)
(0.00829947,-0.000192372)
(-0.00167059,-0.00787956)
(0.00781736,0.00122459)
(0.00191614,-0.00407445)
(-0.000873437,-0.00547986)
(0.00624567,-0.00430447)
(-0.0013982,-0.00632451)
(0.00236242,0.00343155)
(-0.00139003,-0.00306884)
(0.000584273,0.00442028)
(0.00479526,0.000303142)
(0.000526785,0.00410465)
(0.00302516,-0.000804212)
(-0.00533441,0.00419528)
(-0.00227319,-0.0023401)
(-0.000266314,0.00205384)
(0.0017479,-0.00522772)
(-0.000746413,0.00181645)
(-0.00162295,-0.00319836)
(-0.00118929,-0.00870639)
(0.00176454,0.000892161)
(-0.00108124,-0.0106337)
(0.00123106,-0.00692773)
(0.00479738,-0.0117126)
(-0.00275412,-0.00397415)
(0.00376006,-0.00124606)
(0.000257614,-0.00745868)
(0.0102159,0.00210443)
(0.00667622,0.000531383)
(0.00851851,0.00856301)
(0.00676557,-0.00353867)
(0.00102034,0.00535739)
(0.00851114,-0.00306947)
(-0.00351364,0.00766615)
(0.00500488,0.000435158)
(-0.0027314,0.00865875)
(-0.00194758,-0.00150314)
(0.00161772,0.00525463)
(0.00310184,0.00107685)
(-0.00309117,-0.00834001)
(0.00269704,-0.00379592)
(-0.000341714,-0.00733696)
(0.00137363,-0.0089691)
(-0.00139886,-0.00677338)
(-0.00212552,-0.0100727)
(0.00611119,-0.00163478)
(-0.00118577,-0.00354881)
(0.0014142,8.94428e-05)
(0.00424244,-0.000798372)
(0.00153203,0.00580574)
(0.0104887,0.00264219)
(-0.00101446,0.00938637)
(0.0073104,0.00287955)
(-0.00506985,0.0103973)
(0.00664772,-0.00208974)
(-0.00231473,0.0101298)
(0.00557479,0.00267852)
(0.000969012,0.00714947)
(-0.000778414,0.00237474)
(-0.00199994,-0.00634693)
(0.00151015,-0.000722632)
(-0.00172676,-0.00713731)
(0.00238585,-0.00557869)
(-0.0015644,-0.0101709)
(0.00652768,-0.000500478)
(0.00113899,-0.00653801)
(0.0048644,-0.0046897)
(0.00152763,0.00110043)
(0.00800999,0.0057159)
(-0.00160475,0.00253467)
(0.00752697,0.000448)
(0.00114123,0.00689249)
(0.00701899,0.00531173)
(-0.00172713,0.0109777)
(0.00728554,0.00367463)
(0.00347863,0.00866433)
(0.00543444,0.000131586)
(-0.000340092,0.00774425)
(-0.00302878,-4.27457e-05)
(0.00056115,-0.00742383)
(-0.000308345,-0.000661195)
(0.00106645,-0.00983351)
(0.00546332,0.000615946)
(-0.00306411,-0.0158583)
(0.0068062,-0.00168488)
(0.000299658,-0.0118262)
(0.00485249,-0.00106466)
(0.00227974,-0.00932734)
(0.00170239,-0.00020799)
(-0.000149923,-0.00633051)
(0.00538179,0.00585609)
(0.00013133,-0.00165681)
(0.00287674,0.00636501)
(-0.00216012,0.00142018)
(0.00486124,0.00381741)
(-0.00301129,0.00353994)
(0.00667192,0.00278322)
(-0.0031192,-0.0011136)
(-0.00172966,-0.000161146)
(-0.00425617,-0.00209116)
(2.57861e-06,0.000393587)
(0.000651461,-0.011143)
(0.00367671,0.00397345)
(-0.00564329,-0.0152311)
(0.00323314,-0.0022876)
(-0.0040004,-0.0163615)
(0.000617493,-0.00177902)
(-0.0027249,-0.0150659)
(0.00153747,0.00257443)
(0.000448262,-0.0100549)
(-0.00208333,0.00490137)
(-0.00342759,-0.00816373)
(0.00100269,0.00819636)
(-0.0109571,0.00141628)
(0.00321993,0.00897482)
(-0.0107125,-0.000157212)
(0.00221279,0.00300632)
(-0.00479057,-0.000348968)
(0.00352933,0.00146837)
(-0.00310394,-0.000341545)
(0.0057401,0.00294378)
(0.00426825,-0.00534863)
(0.00166356,0.0066135)
(-0.00221926,-0.0124336)
(0.00163758,0.00137339)
(-0.00881194,-0.0129711)
(-0.00326598,-0.00371811)
(-0.0036138,-0.0149805)
(0.00195875,-2.53836e-05)
(-0.00517804,-0.0114681)
(0.00164828,0.00533914)
(-0.00916821,-0.00739514)
(0.00378148,0.00810574)
(-0.0123571,-0.00737933)
(0.00943753,0.00904932)
(-0.0120406,-0.00823394)
(0.00809945,0.00261762)
(-0.00558462,-0.00136963)
(0.0034047,0.000877025)
(0.00147524,0.00385096)
(0.00184209,0.00527592)
(-0.00212691,-0.000756439)
(0.00170796,0.00920349)
(-0.0036528,-0.00369117)
(-0.000250858,0.00617755)
(-0.00816641,-0.0172372)
(0.00147658,-0.000329897)
(-0.0129217,-0.0171202)
(-0.00229449,0.00420487)
(-0.0129054,-0.0135513)
(0.00999258,0.00934519)
(-0.0120489,-0.0113419)
(0.00691127,0.0090373)
(-0.00896551,-0.00881075)
(0.0121426,0.0125815)
(-0.00733425,-0.0110658)
(0.00585775,0.00569087)
(-0.000462832,-0.00527138)
(3.84631e-05,0.000602872)
(0.00499438,0.00793378)
(-0.00381586,0.00570769)
(-0.00164658,0.00376032)
(-0.00273814,0.00676733)
(-0.00279359,0.000619578)
(-0.00365263,0.00956311)
(-0.011153,-0.00816558)
(-0.00118028,0.00280836)
(-0.0119464,-0.0119893)
(0.00600449,0.0034134)
(-0.0115234,-0.00924857)
(0.00916295,0.00817804)
(-0.00898704,-0.00724115)
(0.0115406,0.00833935)
(-0.00843619,-0.00814028)
(0.0135936,0.011045)
(-0.00572926,-0.011737)
(0.00654323,0.00490941)
(0.000574977,-0.00375768)
(-0.000248333,-0.00195538)
(-0.00464668,-0.0021784)
(0.000351035,0.00186714)
(-0.00164381,0.00695439)
(0.000238591,0.0046588)
(-0.00663653,1.76856e-05)
(-0.00114896,0.00199385)
(-0.00836384,-0.00649399)
(-9.2692e-05,0.00723802)
(-0.00863774,-0.00389966)
(0.00263551,0.00533773)
(-0.00544085,-0.00343078)
(0.00603779,0.00420046)
(-0.0053957,-0.00373731)
(0.00694634,0.00193699)
(-0.00442125,-0.00490896)
(0.00615271,0.00347139)
(0.000140656,-0.0032453)
(0.00465127,0.0009633)
(0.000264554,-0.0029177)
(0.00605801,0.00112664)
(-0.004578,-0.00465412)
(0.00185677,0.00194107)
(-0.0034594,-0.00521193)
(0.00495341,-0.0062244)
(0.00269183,-0.00623138)
(0.00380228,-0.00514945)
(0.00492157,0.00228511)
(0.00601033,-0.0109365)
(0.00875241,0.00261412)
(0.00828994,-0.00457049)
(0.00374362,0.00655452)
(0.00996854,-0.0083793)
(-0.0044728,0.00199687)
(0.00725694,-0.00226993)
(-0.00276292,0.00630672)
(0.00467833,-0.00268123)
(-0.00136447,0.00314494)
(-0.000963553,0.00128974)
(0.00271745,0.00125768)
(0.000723782,-0.00277943)
(-0.0064804,-0.00782936)
(0.00517223,-0.00799622)
(0.00440035,-0.0151665)
(0.00809153,-0.0110467)
(0.00390714,-0.0081782)
(0.000770313,-0.010511)
(0.0131019,-0.00231098)
(0.0100101,-0.00985995)
(0.0098887,0.00288745)
(0.011054,-0.00304283)
(0.000717856,0.00523079)
(0.0126527,-0.00270452)
(-0.00538942,0.00708984)
(0.0109772,-0.00701619)
(-0.00415416,0.00960596)
(0.00513522,-0.00175104)
(-0.00176216,0.011574)
(0.00359218,0.000886655)
(0.00162099,0.00779812)
(0.00525925,-0.000198267)
(-0.00413574,-0.00935923)
(0.00669045,-0.00566374)
(-0.000507609,-0.0107174)
(0.00262634,-0.0161614)
(0.00474859,-0.00512945)
(0.00812455,-0.0153638)
(0.00960884,0.000241318)
(0.0134875,-0.0106984)
(0.00619489,0.00196678)
(0.0189175,-0.00459558)
(-0.00750658,0.00498519)
(0.0156736,-0.000415722)
(-0.00576644,0.00888649)
(0.0136291,-0.00435777)
(-0.000482102,0.0132332)
(0.00759362,-0.00250759)
(0.00552276,0.0149812)
(0.00460659,-0.000834139)
(0.00290444,0.00969685)
(-0.00194299,0.00646081)
(0.000876893,-0.00751105)
(0.00551404,0.00142594)
(0.00366441,-0.0145769)
(0.0107587,-0.00300513)
(-0.00140781,-0.0109109)
(0.0126214,-0.00583055)
(0.0100443,-0.00695856)
(0.0149452,-0.00605725)
(0.00107674,-0.00534036)
(0.0151788,-0.00517063)
(-0.00748748,0.000105545)
(0.0161122,0.000904828)
(-0.00917168,0.0101292)
(0.0122954,-0.000894518)
(-0.00509837,0.0139485)
(0.0105157,-0.00251027)
(-0.00418987,0.0122718)
(0.00771602,0.00294809)
(0.00195935,0.00524544)
(-0.00302878,0.00501954)
(0.00355506,-0.00842441)
(0.00496173,-0.000272443)
(0.00126658,-0.0144232)
(0.00621734,-0.00433155)
(-0.00119187,-0.0206382)
(0.0111393,-0.000525123)
(0.00190278,-0.0188914)
(0.00767534,-0.000421223)
(-0.00158081,-0.00939157)
(0.0113646,-0.0029458)
(-0.003019,-0.00384)
(0.00533644,-0.00289822)
(-0.00453639,0.00155841)
(0.00270367,-0.00284434)
(-0.00672772,0.00604166)
(0.00556444,0.00261537)
(-0.00938788,0.0105701)
(0.00420363,0.00260759)
(-0.00856858,0.00488772)
(0.00122575,0.00177575)
(0.0016665,-0.0054457)
(0.00689954,0.000607835)
(-0.00502722,-0.0110051)
(0.00620994,-0.00323773)
(-0.00821058,-0.0232814)
(0.00189103,-0.0013769)
(-0.00363342,-0.0224862)
(-0.0037766,-0.000472128)
(0.00227621,-0.0248692)
(-0.00046747,0.00266403)
(0.00144821,-0.0180871)
(-0.0028039,-0.000907499)
(-0.00671938,-0.0107004)
(0.00273696,0.00174566)
(-0.0161302,-0.000393944)
(0.00747006,0.00287551)
(-0.0135584,-0.00170565)
(0.00528955,0.00429387)
(-0.0128937,-0.000770166)
(0.00634419,0.000344305)
(0.0016246,-0.00221987)
(0.0106961,0.00599179)
(-0.00374624,-0.00377298)
(0.00810264,0.00160711)
(-0.013865,-0.0149012)
(0.00145676,-0.00157281)
(-0.0107839,-0.0278683)
(-0.00545076,-0.0060739)
(-0.006733,-0.0305839)
(-0.00353493,-0.00347265)
(-0.00480368,-0.018101)
(-0.00107754,0.000888301)
(-0.0142772,-0.0122043)
(0.008852,0.00559491)
(-0.0146329,-0.0120576)
(0.00914329,0.00914407)
(-0.0211024,-0.0116112)
(0.0032975,0.00618008)
(-0.0159742,-0.00509801)
(0.00401078,0.00183614)
(0.0014644,0.00121401)
(0.00656499,0.00777154)
(-0.00317059,-0.000814209)
(0.00614757,0.00690266)
(-0.012056,-0.00995814)
(0.000167347,0.00127498)
(-0.0140346,-0.0207079)
(-0.00422744,-0.005525)
(-0.0107685,-0.028161)
(-0.00368728,-0.0013598)
(-0.0149781,-0.0208805)
(0.00301662,0.00482826)
(-0.0146331,-0.0176011)
(0.00905247,0.0138417)
(-0.0152411,-0.0174671)
(0.0101708,0.0129763)
(-0.0193624,-0.0207656)
(0.00449991,0.00315832)
(-0.0137171,-0.0148257)
(-0.00168495,0.00387592)
(0.0038042,0.00477457)
(-0.000662173,0.00716286)
(-0.00460878,-0.000271917)
(-0.00256991,0.0087493)
(-0.00786795,-0.00685457)
(-0.00600982,0.00124657)
(-0.0148854,-0.0161398)
(-0.00536792,0.00418677)
(-0.014213,-0.0180951)
(0.00240121,0.00766989)
(-0.0187924,-0.0165421)
(0.0108378,0.0061944)
(-0.0100366,-0.0132533)
(0.0125929,0.0164306)
(-0.00371178,-0.0180672)
(0.00593603,0.0103074)
(-0.00942697,-0.0181021)
(0.00400407,0.00721748)
(-0.00583184,-0.00752845)
(-0.00205473,0.00151986)
(0.000395974,0.00302487)
(-0.00597226,0.00395981)
(-0.00351296,-0.00329124)
(-0.00372112,0.00181018)
(-0.00820702,-0.00526486)
(-0.00271742,0.00409021)
(-0.010886,-0.0113167)
(-0.00151286,0.00442697)
(-0.00977568,-0.00936928)
(0.00913707,0.00843464)
(-0.0115703,-0.00873505)
(0.00892553,0.00918024)
(-0.00771386,-0.00761323)
(0.00469965,0.00240528)
(-0.01023,-0.0107967)
(0.00183971,0.00155659)
(-0.00591536,-0.0102844)
(0.00136706,0.00482386)
(-0.00478062,-0.0018022)
(0.00284147,0.00359672)
(-0.00337294,-0.000935658)
(0.00722223,-0.00205571)
(-0.000979666,-0.00277942)
(0.00456891,0.000546284)
(-0.00240371,-0.00122783)
(0.00307466,-0.00373681)
(0.0074372,0.000818405)
(0.00451899,-0.00561671)
(0.00540188,0.00144382)
(0.00261657,-0.00122701)
(-0.0010719,-0.00333462)
(0.00914046,-0.0058421)
(-0.00661652,0.00106256)
(0.00500648,-0.00513539)
(-0.00426101,0.00371222)
(0.00133406,-0.0030925)
(-0.00203819,0.00366232)
(0.000787957,-0.00141817)
(0.000892886,-0.000368681)
(0.0111941,-0.00159504)
(-0.00433039,-0.0068565)
(0.0126975,-0.0042807)
(-0.00178161,-0.0046112)
(0.00544473,-0.00871556)
(0.00569549,-0.00493703)
(0.0110271,-0.00907266)
(0.00852363,0.00559439)
(0.0111216,-0.00521041)
(0.00401409,-0.0031333)
(0.0145531,-0.0048197)
(-0.00121914,0.00206388)
(0.011808,0.0011857)
(-0.0084128,-0.001516)
(0.00996683,-0.00529197)
(-0.00358598,0.00650761)
(0.00767474,-0.00886042)
(0.00236989,0.00962697)
(0.000927339,-0.000540248)
(0.0035128,0.00629553)
(0.00903409,-0.0035279)
(-0.000130557,-0.00596692)
(0.0117003,-0.000148927)
(0.00379004,-0.00814234)
(0.0154173,-0.00692118)
(0.00673597,-0.00199197)
(0.0196511,-0.0103944)
(0.0124992,0.00430166)
(0.0245166,-0.0137178)
(0.00675981,0.000340697)
(0.0249004,-0.00189982)
(-0.00667952,-0.00417123)
(0.0231675,-0.0026421)
(-0.010201,0.00364748)
(0.013675,-0.00330206)
(0.00411756,0.00769194)
(0.00883033,-0.00391104)
(0.00529205,0.0132333)
(0.0031375,-0.00262826)
(0.0091566,0.013834)
(0.00406697,0.00731233)
(0.00372078,-0.00668479)
(0.0127285,0.0058063)
(0.00427145,-0.00841424)
(0.0149802,0.00500069)
(0.00631478,-0.00883144)
(0.0210289,0.00121427)
(0.0140713,-0.0047913)
(0.0226509,-0.0104738)
(0.00547622,-0.000619541)
(0.0299062,-0.0103239)
(-0.00536931,-0.00466425)
(0.0245872,-0.00670604)
(-0.00647417,0.000779837)
(0.0123989,-0.00416577)
(-0.004179,0.0075271)
(0.00426668,-0.00723022)
(0.00137095,0.0138484)
(0.00813101,-0.000620279)
(0.000534114,0.00878345)
(0.00021055,0.00419408)
(-7.79241e-05,-0.00468303)
(0.00272197,0.00406283)
(0.00102461,-0.00812586)
(0.00952025,0.00658064)
(-0.0026162,-0.0212426)
(0.00778285,0.0112836)
(0.00256537,-0.00951561)
(0.026067,-0.00216949)
(-0.000685123,0.00449519)
(0.0248661,-0.00882675)
(-0.0106264,0.0130018)
(0.0190003,-0.00602564)
(-0.0100634,0.00871805)
(0.00396524,-0.00382732)
(-0.00671939,0.00632741)
(0.00965031,-0.00260332)
(-0.00703384,0.00579183)
(0.00834269,0.00363633)
(-0.00970603,0.00366246)
(0.00491614,0.00296007)
(-0.00174799,-0.00175689)
(0.010288,0.00438712)
(-0.00286967,-0.00858924)
(0.000190057,0.00278891)
(-0.0101515,-0.0187488)
(-0.0129668,0.00669203)
(0.00125295,-0.0398661)
(-0.021107,0.0004501)
(-0.00168588,-0.0359648)
(-0.0209632,0.00495281)
(-0.00527258,-0.0172398)
(-0.000536616,-0.00242072)
(-0.0148318,-0.00333576)
(0.00496208,-0.00790776)
(-0.015134,0.000949605)
(0.00619148,-0.00461684)
(-0.0174148,0.00482618)
(0.0062759,-0.000304054)
(-0.01381,0.00373444)
(0.0110416,0.00297351)
(-0.00285272,0.00252274)
(0.0120956,0.00428764)
(-0.00794589,-0.00525133)
(0.00180009,0.00478288)
(-0.0145978,-0.0234747)
(-0.0108416,0.00726661)
(-0.00776883,-0.0381046)
(-0.0164732,0.00527088)
(-0.00214623,-0.050799)
(-0.0147083,0.00798566)
(-0.00733518,-0.0274724)
(-0.00468911,5.51968e-05)
(-0.0138211,-0.0105598)
(0.00361091,-0.00503996)
(-0.0217649,-0.00679415)
(0.00756492,-0.00183598)
(-0.0208434,-0.00838817)
(0.00847586,0.00313793)
(-0.0190252,-0.00669423)
(0.00423284,0.0016588)
(0.00470066,0.000589506)
(0.0147112,0.00872253)
(-0.00945365,-0.00216448)
(0.00503132,0.00427264)
(-0.0159462,-0.0137363)
(-0.00278125,0.00286147)
(-0.00894601,-0.0282275)
(-0.00855151,-0.00114387)
(-0.00769428,-0.034904)
(-0.011813,-0.000510249)
(-0.0100034,-0.0235889)
(-0.00136852,-0.002566)
(-0.0197903,-0.0241743)
(0.00628331,0.00664753)
(-0.0200453,-0.0167747)
(0.00645236,0.0107084)
(-0.0189975,-0.0163906)
(0.00479113,0.0100657)
(-0.0143047,-0.011104)
(0.00250019,0.00602395)
(0.00167837,-0.00115083)
(0.00237076,0.0084335)
(-0.00676,-0.00745632)
(0.00468393,0.00586647)
(-0.011536,-0.0120869)
(-0.00548923,0.0080026)
(-0.012802,-0.0182847)
(-0.0128117,0.00159772)
(-0.012166,-0.0221831)
(-0.00407955,-0.000639351)
(-0.0146686,-0.0161828)
(0.00299028,0.00638828)
(-0.014612,-0.0143814)
(0.00668638,0.00728789)
(-0.0153164,-0.0185051)
(0.000106613,0.0106447)
(-0.0175363,-0.0201726)
(-0.00215909,0.000935439)
(-0.0177201,-0.0111496)
(-0.00472032,0.00220754)
(-0.000754588,-0.00486548)
(-0.00269829,0.00122926)
(-0.0058419,-0.010266)
(-0.00462112,0.00336685)
(-0.00790622,-0.0144746)
(-0.00591429,0.00237098)
(-0.011744,-0.0113519)
(-0.00227971,0.00516484)
(-0.00709158,-0.00583755)
(-0.00228917,0.00273467)
(-0.00661421,-0.00538794)
(0.00730214,0.00263488)
(-0.00784741,-0.0110459)
(0.00512133,0.00694866)
(-0.00894335,-0.0110538)
(-0.00383611,-0.000406941)
(-0.0201011,-0.00979672)
(-0.0024327,-0.000788135)
(-0.0110208,-0.0031475)
(0.00287463,0.00258088)
(-0.00113553,0.000280634)
(-8.54888e-05,0.00181262)
(-0.00324153,-0.00177288)
(0.00417852,0.00555756)
(0.00246431,-0.00406977)
(0.00707286,0.00439868)
(0.00214645,0.000706582)
(0.00694959,0.00177624)
(-0.00249439,-0.00738863)
(0.0017352,-0.00312132)
(0.00149475,-0.00897264)
(0.00264355,-0.00258296)
(-0.00269654,-0.00440404)
(0.00703444,-0.00578769)
(-0.00246618,0.00136172)
(0.00400912,-0.00617192)
(-0.0022723,0.00113436)
(-0.00101886,0.000377498)
(-0.000820328,0.00235502)
(0.00564192,-0.000240924)
(-0.000534683,0.00132354)
(0.00413399,0.00622482)
(0.00277526,-0.00111666)
(0.00978844,0.00890058)
(0.000253566,-0.00324733)
(0.0154615,0.00657663)
(0.0074288,-0.000968737)
(0.0187371,0.00039145)
(0.0049075,-0.00344962)
(0.012904,-0.00198538)
(0.00082198,-0.0129125)
(0.0124244,-0.00663531)
(-0.00310224,-0.00320932)
(0.0109037,-0.00473868)
(-0.00319803,-0.00170274)
(0.00787862,-0.00450818)
(-0.00134054,0.00495568)
(0.00699306,0.00394972)
(0.00063114,0.000264991)
(0.00781259,0.00648585)
(0.000931437,0.00373464)
(0.0132684,0.00500568)
(0.00236713,-0.00274081)
(0.0192022,0.00903407)
(0.00484282,-0.00323722)
(0.0241454,0.0103963)
(0.0127746,0.00380143)
(0.02567,-0.007065)
(0.00611324,-0.0102186)
(0.0306921,-0.00929382)
(0.00168306,-0.0115915)
(0.0225327,-0.0124845)
(0.00290568,-0.00766545)
(0.00861522,-0.0119071)
(0.00239559,0.00042412)
(0.0128576,-0.00941532)
(0.00215612,0.00744824)
(0.00878158,0.000861218)
(0.00480331,0.00294364)
(0.000383724,0.0064291)
(0.0036899,-0.00197968)
(0.0104135,0.0134773)
(0.00507054,-0.00174666)
(0.0186333,0.0219572)
(0.00365554,-0.00384442)
(0.0303451,0.0297126)
(0.00982269,-0.000206357)
(0.0512164,-0.00516062)
(-0.0183054,-0.00442662)
(0.0796638,-0.0383209)
(-0.0101214,-0.000817442)
(0.0448575,-0.0183923)
(-0.00253506,1.3939e-05)
(0.0129607,-0.0078879)
(0.00593863,0.00203374)
(0.00631066,-0.00271656)
(0.00276561,-0.00212134)
(0.00900562,-0.00139663)
(0.00139203,0.00578392)
(0.00178595,0.00680276)
(0.000556992,-2.88832e-06)
(0.0058979,0.0123189)
(-0.00524816,-0.00390256)
(0.0108174,0.0239024)
(-0.00372993,-0.00115602)
(0.0289879,0.0401784)
(0.013632,-0.00917963)
(0.0460516,-0.0387526)
(0.00513502,0.0753157)
(0.0869543,-0.0612951)
(0.00541029,0.0899653)
(0.0530894,-0.00778317)
(-0.00976222,0.0321323)
(0.0172458,-0.00913304)
(0.00109128,0.012238)
(0.00452201,-0.00510346)
(-0.00161809,0.00438646)
(0.00298103,0.00190069)
(-0.00172469,-0.00333762)
(0.00353589,0.00278213)
(0.00106313,0.00136743)
(0.00206597,0.00366699)
(-0.00691172,0.00214123)
(-0.00303767,0.0132234)
(-0.0126811,-0.0221587)
(-0.0106237,0.0205128)
(-0.00526174,-0.0697868)
(-0.106646,-0.00107818)
(0.029997,-0.0586867)
(-0.0823971,-0.00277343)
(0.0219721,-0.00193303)
(-0.0207882,0.00372785)
(-0.0216928,0.0164536)
(0.0052168,-0.0159347)
(-0.0180011,0.00860962)
(0.00464096,-0.00777299)
(-0.0101946,0.00151452)
(-0.00156785,-0.00380902)
(-0.0116799,-0.000641395)
(0.00254061,0.00212007)
(-0.00243874,0.00299983)
(0.00186409,0.010267)
(-0.00602462,-0.00740732)
(-0.00879212,0.010728)
(-0.00860027,-0.0294934)
(-0.00730428,0.0180852)
(-0.0069716,-0.0638508)
(-0.0097708,0.0377881)
(0.00599581,-0.0888821)
(0.00191264,0.0291831)
(0.00494702,-0.0361599)
(0.00203628,-0.000815983)
(-0.0232726,-0.0098253)
(0.00142578,-0.00834954)
(-0.0216703,-0.00173482)
(-0.000744329,-0.00729612)
(-0.0223345,-0.00196511)
(0.00401061,-0.00217201)
(-0.0107418,-0.00305986)
(0.00151936,-0.000370855)
(-0.00320283,0.00136926)
(0.00310134,0.00578952)
(-0.0089125,-0.0068567)
(-0.00160896,0.0118877)
(-0.00990599,-0.025269)
(-0.00161055,0.0134791)
(-0.00158189,-0.0423419)
(-0.0074797,0.0133796)
(-0.00770955,-0.046996)
(-0.014233,0.00806322)
(-0.0157484,-0.027345)
(-0.0095809,0.000850285)
(-0.023037,-0.0147863)
(-0.000913326,-0.00508856)
(-0.0280186,-0.0127089)
(0.0036973,0.00125572)
(-0.0216167,-0.0134456)
(-0.000483945,0.00200074)
(-0.0154384,-0.00926731)
(-0.00465513,0.00803719)
(-0.00027711,-0.00338713)
(0.00319747,0.00639426)
(-0.00775523,-0.00956719)
(-0.00175521,0.0128069)
(-0.0118607,-0.0185105)
(-0.00718217,0.0084114)
(-0.00358208,-0.0233024)
(-0.00898659,0.00447018)
(-0.00845365,-0.0174376)
(-0.00876448,0.00257424)
(-0.0126708,-0.00901379)
(0.00148383,-0.00131115)
(-0.0184159,-0.00964182)
(0.000398651,0.000184977)
(-0.0168945,-0.0144191)
(-0.00454596,-5.79097e-05)
(-0.0224709,-0.0102607)
(-0.000506232,0.00415206)
(-0.0102013,-0.00873761)
(-0.00275545,0.0022578)
(0.00209436,-0.00363998)
(-0.00347951,0.00398771)
(-0.00191308,-0.0136888)
(-0.00528872,0.00318059)
(-0.00936581,-0.0126031)
(-0.0044471,0.00657587)
(-0.00599509,-0.0114086)
(-0.00297918,0.00131539)
(-0.006871,-0.00335582)
(-0.00284994,-0.000724086)
(-0.00891404,0.000808572)
(0.00213782,-0.000342486)
(-0.00842968,0.0021436)
(0.00143817,-0.000754941)
(-0.0107884,-0.00380036)
(-0.00324829,-0.00333745)
(-0.0139248,-0.00390294)
(-0.00513186,0.000567855)
(-0.0106668,-0.00495562)
(0.000797845,0.00119055)
(-0.000296055,0.0027124)
(0.00027798,0.00845016)
(0.000402461,0.000773609)
(0.00297545,0.00956208)
(-0.00517428,-0.00390067)
(0.00943222,0.00317449)
(0.000154277,-0.000412742)
(0.00685895,0.000750835)
(0.000175186,-0.0030933)
(0.00377071,-0.00376622)
(-0.00320481,-0.0096964)
(0.00774135,-0.00882366)
(-0.00112246,-0.00697283)
(0.0103537,-0.00599299)
(0.00199053,-0.00376776)
(0.00705465,-0.00214814)
(-0.00401341,-0.00155809)
(0.00854002,-0.00212432)
(-0.00153135,-0.00309102)
(0.00186209,0.00611913)
(0.00490524,0.00394108)
(0.00404001,0.0115998)
(0.000687782,-0.00234879)
(0.0105657,0.018422)
(0.00371292,-0.00609203)
(0.0143535,0.0179224)
(0.00217003,-0.0023166)
(0.0087949,0.00721521)
(0.000435325,-0.00722492)
(0.0114422,-0.00450204)
(0.00375958,-0.0120695)
(0.0098582,-0.00933495)
(0.00255126,-0.012075)
(0.0129001,-0.0100198)
(-0.00183893,-0.00538023)
(0.0173588,-0.0068305)
(-0.00287955,-0.00299871)
(0.00797078,-0.000782381)
(0.00218073,-0.00301482)
(0.00511204,0.00652463)
(0.00453226,-0.00103724)
(0.00588238,0.0135899)
(0.0049048,-0.00055523)
(0.00916088,0.0234353)
(0.00495592,-0.00170089)
(0.00905468,0.029441)
(0.000879434,0.00263945)
(0.0131798,0.010699)
(-0.00753851,-0.0077702)
(0.0316981,-0.00989724)
(0.00697751,-0.0157001)
(0.0225936,-0.0165503)
(0.0097006,-0.0113247)
(0.0179774,-0.0101642)
(0.00285255,-0.00480968)
(0.0148366,-0.0113666)
(0.000614042,-0.00429185)
(0.0154627,-0.00233859)
(0.00266875,-0.0023983)
(7.99379e-05,0.00716665)
(0.00513905,0.00123368)
(-0.000141871,0.012238)
(0.00895768,0.00174991)
(0.0066628,0.0338315)
(0.0101984,0.00748973)
(0.0149888,0.0643221)
(0.00648926,-0.0026843)
(-0.0441847,0.00273919)
(-0.0686113,-0.0717037)
(0.0631306,-0.0561419)
(-0.0360477,-0.0887179)
(0.061541,-0.015532)
(0.0129976,-0.0117124)
(0.0198185,-0.00982259)
(0.0156729,0.000814278)
(0.0138762,-0.00738719)
(0.00841626,-0.003007)
(0.0136707,-0.00313466)
(0.00281338,-0.00547891)
(-0.00720211,0.00363809)
(0.00324309,0.000453144)
(-0.00753976,0.0117447)
(0.00512527,0.00793116)
(0.0100065,0.0350903)
(0.00850796,-0.00451737)
(0.0776251,0.120769)
(0.0449744,0.00702406)
(-0.0115302,-0.0157885)
(0.00270175,0.00207242)
(-0.0356925,0.017014)
(0.00109947,-0.00142577)
(0.0478149,0.0744748)
(0.0445357,0.0217172)
(0.0149965,-0.00426189)
(0.00356997,0.0107904)
(0.00936415,-0.00815214)
(0.00191331,9.8039e-05)
(0.00572103,-0.00382236)
(-0.00161975,-0.00733376)
(-0.00627897,0.001975)
(0.0013067,0.0010786)
(-0.00470027,0.00520667)
(0.00194765,-0.00362599)
(-0.00397505,0.0101879)
(-0.00864562,-0.0229022)
(0.0500141,0.0285475)
(-0.0476086,-0.0746834)
(-0.0111091,-0.0244229)
(-0.00838897,0.050152)
(0.00161739,-0.0105286)
(-0.00259779,-0.016489)
(-0.0834042,0.0172975)
(-0.0306744,0.0475198)
(-0.013303,-0.0129021)
(-0.0198327,0.0180798)
(0.00395582,-0.0128914)
(-0.0133039,0.00513269)
(0.000981762,-0.00658665)
(-0.00835017,-0.0064936)
(-0.00447622,0.00285557)
(0.00156142,-0.00494276)
(-0.00916135,0.0060378)
(-0.0040373,-0.00542347)
(-0.011396,0.00870512)
(-0.00285888,-0.028302)
(0.018179,0.028827)
(-0.0144912,-0.0645932)
(0.100623,0.0892998)
(0.000242134,-0.074731)
(0.158829,0.0599965)
(0.024408,0.0350438)
(0.0099541,0.00140874)
(-0.0205568,0.029215)
(0.0037672,-0.0166662)
(-0.0241465,0.0106676)
(0.00235092,-0.0115194)
(-0.0187478,0.00080081)
(1.17832e-05,-0.00297911)
(-0.013366,-0.0010497)
(-0.00322853,-0.000877219)
(-0.00174582,-0.00683618)
(-0.00654628,0.00549794)
(-0.010133,-0.011678)
(-0.013004,0.0117936)
(-0.00357611,-0.0248016)
(-0.00775738,0.00977592)
(-0.000661462,-0.0367191)
(0.0139712,0.0237806)
(0.00209465,-0.0311161)
(0.0164972,0.0199974)
(-0.00353925,-0.00182693)
(-0.00567316,-0.00508546)
(-0.0224608,-0.00548415)
(-2.34179e-05,-0.0104118)
(-0.0255777,-0.00448558)
(-0.00459754,-0.00114562)
(-0.0232596,-0.00451402)
(0.0028665,-0.00234885)
(-0.0115088,-0.00589623)
(-0.00153375,0.00370432)
(-0.00507921,-0.00260896)
(-0.00835877,0.00488002)
(-0.0121817,-0.0128086)
(-0.00954796,0.00705755)
(-0.00858774,-0.0169486)
(-0.00720628,0.0102404)
(-0.00187903,-0.0168605)
(-0.0100648,0.000626761)
(-0.00269961,-0.0138204)
(-0.0127034,0.00212221)
(-0.00670228,0.000116577)
(-0.0122352,-0.000386679)
(-0.0117776,-0.00327987)
(-0.00487316,-0.00129577)
(-0.0117395,-0.00203015)
(0.000320646,-0.000348029)
(-0.0170639,-0.00275431)
(-0.0054204,0.00115634)
(-0.0124341,-0.000832034)
(-0.00721583,-4.41461e-05)
(0.00159795,-0.00868308)
(-0.00616478,0.00117785)
(-0.00541087,-0.0070825)
(-0.00454952,0.00555577)
(-0.00923589,-0.0112135)
(-0.00397852,0.00667528)
(-0.00783148,-0.0101594)
(-0.00398961,0.00122062)
(-0.00550661,-0.00226502)
(-0.0119179,-0.00374741)
(-0.00287714,0.00488536)
(-0.0065128,-0.00578446)
(-0.0010594,0.0071733)
(-0.00817549,-0.00329573)
(-0.00839862,0.00110433)
(-0.00586664,-0.0019328)
(-0.0107539,-0.00131371)
(-0.00130357,0.00269398)
(-0.00637206,-0.00338657)
(0.000221385,0.0053357)
(-7.8258e-05,0.00528309)
(0.00255324,0.0054305)
(0.0020158,0.00395289)
(0.00634447,0.00703462)
(0.000786717,0.00101567)
(0.011251,-0.000448804)
(-0.0010653,-0.00139957)
(0.00820603,-0.00397358)
(-0.00128017,0.000634487)
(0.00755713,-0.00410452)
(9.45093e-05,-0.00278117)
(0.00907083,-0.00244724)
(-0.0010617,-0.00157338)
(0.00748594,-0.00353654)
(-0.000413778,-0.00164669)
(0.00965618,-0.00153124)
(-0.006942,-0.00554445)
(0.0097267,-0.00121383)
(-0.00437284,0.00035896)
(0.00403488,0.00896929)
(0.0053632,0.00463774)
(0.00127137,0.0211352)
(0.00570133,0.00415893)
(0.000578058,0.016106)
(0.00354611,-0.00320755)
(0.0100418,0.0111299)
(0.00737883,0.00702369)
(0.00466415,-2.50177e-05)
(0.00930405,0.00997607)
(0.00732469,0.000400575)
(0.00841573,0.00490335)
(0.0110704,-0.00875174)
(0.00874892,-0.00139841)
(0.0179885,-0.0124737)
(-0.000584523,-0.00759713)
(0.0124924,-0.00667355)
(-0.00647092,-0.00823078)
(0.0114871,-0.00512365)
(-0.00493792,-0.00697564)
(-0.0030654,0.0135671)
(0.00525256,0.0101458)
(-0.00413209,0.0132546)
(0.00954372,0.00328179)
(-0.00387716,0.0174406)
(0.0106183,0.0111732)
(-0.00157946,0.0190504)
(0.00877793,0.0255644)
(-0.0157009,0.0112567)
(0.00725002,0.0237784)
(0.0110442,-0.000933196)
(0.0128204,0.00888161)
(0.0187641,-0.00592576)
(0.0189091,0.000744714)
(0.0168756,-0.00765549)
(0.00392895,-0.00298206)
(0.0189879,-0.0105089)
(-0.00439654,-0.00720823)
(0.0151556,-0.00556462)
(-0.000356711,-0.00463918)
(-0.0112528,0.00451696)
(0.00928095,0.00706114)
(-0.0153519,0.00602865)
(0.0116006,0.0105153)
(-0.01153,0.0171419)
(0.0138381,0.0227531)
(-0.0212478,0.0414088)
(0.019115,0.0561373)
(-0.140433,0.0414975)
(-0.0305711,0.0521292)
(-0.0478693,-0.0178656)
(0.0222678,-0.00144403)
(0.0278981,0.00237523)
(0.042733,-0.00769276)
(0.0228094,-0.00190631)
(0.0146567,-0.00430999)
(0.015957,-0.00706393)
(-0.000227636,-0.00760701)
(0.0153256,-0.00388694)
(-0.000245569,-0.00780265)
(-0.0167615,-0.00168082)
(0.00883217,0.00624522)
(-0.0211012,-0.000770076)
(0.0166145,0.0118836)
(-0.0130377,-0.00337755)
(0.0180375,0.0379818)
(0.0383225,-0.0142009)
(0.0701273,0.0775097)
(0.00438367,-0.0143181)
(-0.00528697,-0.05198)
(-0.027629,-0.0170167)
(-0.01382,0.000689757)
(0.00759733,0.0238492)
(0.0928801,-0.0216023)
(0.0117973,0.00279866)
(0.015238,0.000371252)
(0.0142397,-0.00434361)
(-0.0032542,-0.00503792)
(0.00957303,-0.000832136)
(-0.00303304,-0.00939854)
(-0.0136399,-0.00018388)
(0.00958492,0.00178343)
(-0.0278267,-0.00619606)
(0.0166604,0.0056721)
(-0.0358983,-0.0270588)
(0.00665846,0.00154197)
(-0.0477575,-0.119907)
(-0.0259504,0.00998557)
(0.0350873,0.0299063)
(0.0148195,-0.00725481)
(0.025238,0.012162)
(0.00348903,0.00895909)
(-0.108674,-0.0471613)
(-0.0344631,-0.0265583)
(-0.0131572,-0.018514)
(-0.0197649,-0.000231089)
(0.00324344,-0.00730719)
(-0.0195553,0.00250083)
(0.00224578,-0.0022247)
(-0.00989063,-0.00407956)
(-0.0171526,0.00621097)
(0.00125903,-0.00353491)
(-0.0243192,0.00166491)
(0.00821499,-0.00971113)
(-0.0416854,-0.0151582)
(0.00296725,-0.00604541)
(-0.0647996,-0.0485221)
(-0.0142563,-0.0236911)
(-0.0589361,-0.045901)
(0.020296,0.0289809)
(-0.010466,-0.0418125)
(0.0287462,0.145217)
(-0.027448,-0.0374344)
(-0.017053,0.0364397)
(-0.00297548,-0.0159562)
(-0.0247905,0.00871274)
(0.00859512,-0.00581758)
(-0.0247317,0.000693267)
(0.00376739,-0.00441321)
(-0.0135539,-0.00430261)
(-0.0104919,0.0071228)
(-0.00544084,-0.00615638)
(-0.0231349,-0.0015511)
(-0.00691099,-0.0104496)
(-0.0297098,-0.00395239)
(0.00433961,-0.0145854)
(-0.0369149,-0.013556)
(0.00312347,-0.0191864)
(-0.0369462,-0.0168693)
(0.0031953,-0.00419849)
(-0.0275197,-0.0248797)
(0.00531213,0.0254904)
(-0.0187705,-0.00969414)
(-0.0130886,-0.00358409)
(0.00218708,-0.00684404)
(-0.0208052,-0.000415643)
(0.00149086,-0.00574663)
(-0.0199503,-0.00184803)
(-0.000525601,-0.00298588)
(-0.0112746,-0.000686398)
(-0.00929906,0.00020834)
(-0.00403739,-0.00735611)
(-0.0174577,-0.00216205)
(-0.0110771,-0.00474941)
(-0.0214764,-0.00476004)
(-0.00499914,-0.00920041)
(-0.022664,-0.00632882)
(0.000125256,-0.00707469)
(-0.0171759,-0.0131249)
(-0.00150904,-0.00337419)
(-0.0242754,-0.014424)
(-0.00115127,-0.000985534)
(-0.0139223,-0.0101315)
(-0.00680391,0.00169907)
(-0.00863234,-0.00477926)
(-0.018586,0.00360596)
(-0.00975537,-0.00256974)
(-0.0129784,0.00187921)
(-0.00295455,-0.000676649)
(-0.00331231,0.00225326)
(-0.000276571,-0.000803344)
(0.00117884,-0.00429948)
(-0.00530353,-0.00124936)
(0.000149306,-0.00351186)
(-0.0105287,-0.00190762)
(-0.00311609,-0.00506871)
(-0.00390245,0.000789724)
(0.00100197,-0.00268971)
(-0.00933822,-0.00684054)
(0.00357792,0.00311852)
(-0.0125387,-0.00759341)
(0.0032465,0.00807867)
(-0.0117187,-0.00918787)
(0.000518274,0.00847345)
(-0.0147127,-0.00652127)
(-0.000858965,0.00566906)
(-0.00638425,0.00105537)
(-0.00829101,0.000108794)
(-0.00186771,0.0019211)
(-0.0075121,-0.000368498)
(-0.00119622,0.00129428)
(0.0030475,0.00739281)
(-0.00149248,0.00209578)
(0.000981665,0.00325953)
(0.000388626,0.0026875)
(0.001408,0.00385025)
(0.00911519,0.00095173)
(0.000646237,5.68087e-05)
(0.0088573,-0.00329355)
(-0.000715226,0.00381655)
(0.00440481,-0.000806424)
(0.00017314,0.00451031)
(0.00482719,-0.00589187)
(0.000963506,0.00360778)
(0.00601334,-0.00329453)
(-0.000208576,-0.000600752)
(0.00457011,-0.00257449)
(-0.000924941,-0.0013325)
(0.00774154,-0.00592984)
(-0.00503584,-0.000897973)
(-0.00290829,0.00822947)
(0.00288025,0.00559598)
(-0.0112213,0.0121484)
(0.00301358,0.00248967)
(-0.00280341,0.0162438)
(0.00852571,0.00194305)
(0.00373244,0.00879508)
(0.00923911,0.00788345)
(0.00485134,-0.00196676)
(0.00611841,0.0164434)
(0.0133262,-0.00451108)
(0.00621852,0.0110081)
(0.0123384,-0.0103041)
(0.00914553,0.00592677)
(0.00914367,-0.0103363)
(-0.00218569,-0.00946936)
(0.0103108,-0.00491216)
(-0.00840598,-0.0108657)
(0.010834,-0.00472972)
(-0.00906148,-0.00377976)
(-0.0091881,0.00468753)
(0.00244717,0.00373309)
(-0.0098754,0.0113435)
(0.00559332,0.00314327)
(-0.0139007,0.0138788)
(0.00708846,0.00760308)
(-0.0088398,0.00505825)
(-0.00173462,0.0270198)
(-0.00312521,0.00497283)
(0.0103133,0.0355058)
(0.0180785,0.000814129)
(0.015773,0.0294785)
(0.0222278,-0.0098478)
(0.0199743,0.00096999)
(0.0167254,-0.0140843)
(0.0047801,-0.00595468)
(0.0154081,-0.00442783)
(-0.00652859,-0.00730117)
(0.0156217,-0.000274751)
(-0.00534548,-0.0060114)
(-0.0105809,0.00519704)
(0.00466644,0.00416557)
(-0.0273726,0.000458844)
(0.00720484,0.0055841)
(-0.0279517,-0.000843416)
(0.00765848,0.0162099)
(-0.0211842,0.0103631)
(0.00426865,0.0592927)
(-0.016325,0.0201992)
(0.000367057,0.0913569)
(0.0511633,0.013093)
(0.0166096,0.0390398)
(0.0417691,-0.00740232)
(0.0301491,0.00245996)
(0.0209817,-0.00539791)
(0.0161557,-0.00421209)
(0.019966,-0.00337239)
(0.00127109,-0.00821869)
(0.0137592,-0.00434673)
(-0.000949982,-0.00534537)
(-0.0203392,-0.00447504)
(0.00455645,0.00553554)
(-0.037536,-0.00468121)
(0.0120166,0.00861605)
(-0.0375309,-0.0121333)
(0.01254,0.031639)
(-0.0121802,-0.022082)
(0.00899486,0.0885673)
(0.0833355,0.0201253)
(-0.0122574,0.149075)
(0.197501,0.0721113)
(0.00603431,0.0209958)
(0.0630175,0.00375962)
(0.0301491,-0.0255879)
(0.0194379,-0.0137174)
(0.00623028,-0.0127137)
(0.0139033,-0.00762343)
(-0.00511791,-0.00590392)
(0.00942124,-0.00135125)
(-0.00319369,-0.00650202)
(-0.027093,-0.00285172)
(0.0066644,0.00500013)
(-0.041976,-0.00569252)
(0.0115047,0.00336487)
(-0.0669468,-0.0252356)
(0.00632453,0.0113699)
(-0.0881761,-0.0617081)
(-0.0202662,0.0202722)
(-0.0792116,0.00202628)
(-0.0646714,-0.0154995)
(0.0196099,0.0321079)
(-0.0275844,-0.140982)
(-0.0135826,-0.0283788)
(-0.0184257,-0.0675766)
(0.00358961,-0.0210014)
(-0.0233231,-0.0136938)
(0.00404037,-0.00908272)
(-0.0162617,-0.00502524)
(0.00842961,0.00110987)
(-0.00506814,0.00122658)
(-0.0226673,0.00188519)
(0.00113139,-0.000207014)
(-0.0431857,-0.00206202)
(0.00825327,0.00105974)
(-0.0566042,-0.0253544)
(0.00644186,-0.00181466)
(-0.0924157,-0.0517562)
(-0.00943577,-0.00659809)
(-0.103439,-0.0476411)
(-0.0141201,-0.0143873)
(-0.0665168,-0.0390519)
(0.00766314,-0.00830088)
(-0.0264543,-0.0366396)
(-0.0156948,-0.0183398)
(0.00361474,-0.017888)
(-0.0224751,-0.00963872)
(0.00154489,-0.0129451)
(-0.0210866,0.00125528)
(0.00489328,-0.000808673)
(-0.00836145,0.00157528)
(-0.0172666,0.00692036)
(-0.00386178,-0.00503925)
(-0.0337233,-0.00345767)
(-0.00286032,-0.00559833)
(-0.0535767,-0.0118522)
(0.00770273,-0.00100652)
(-0.0556862,-0.029974)
(0.00954464,-0.00939719)
(-0.0567174,-0.0322842)
(0.00843978,-0.00806876)
(-0.042188,-0.0308491)
(0.00533062,-0.0135472)
(-0.0155721,-0.0210647)
(-0.011556,-0.0144465)
(-0.00873529,-0.0187653)
(-0.0203941,-0.0113947)
(0.00211829,-0.00925696)
(-0.0144756,-0.00828245)
(-0.004249,-0.00449534)
(-0.0056759,0.00105848)
(-0.0135043,0.00337341)
(-0.00268609,-0.00308122)
(-0.0238297,-0.00249498)
(-0.00510262,-0.000775982)
(-0.0311112,-0.00804415)
(-0.00181147,0.000963247)
(-0.0333915,-0.0138546)
(0.00977995,0.00555287)
(-0.0301215,-0.0182177)
(0.00586135,0.000562018)
(-0.0268747,-0.0182269)
(0.00765924,-0.000698782)
(-0.0165773,-0.0141756)
(-0.00433744,-0.000877144)
(-0.017425,-0.013669)
(-0.00245939,-0.00316366)
(-0.00860813,-0.00493097)
(-0.0111636,-5.49574e-05)
(-0.006561,-0.00889805)
(-0.00939038,0.00469591)
(-0.00310143,-0.00196188)
(0.00165224,-0.00610378)
(-0.00935221,-0.00388798)
(-0.00374193,-0.00209982)
(-0.0104292,-0.0073759)
(0.00418414,0.00363615)
(-0.0114831,-0.00418835)
(0.00301164,0.00257079)
(-0.00844835,-0.00987394)
(0.00314013,0.0051463)
(-0.00962549,-0.0120765)
(0.00525076,0.00672866)
(-0.0161293,-0.0123992)
(0.00914743,0.00570267)
(-0.0121898,-0.00756889)
(0.000683523,0.00187874)
(-0.0106267,-0.00401962)
(-0.00729948,-0.00314423)
(-0.00777023,-0.00169725)
(-0.00575264,0.000374134)
(-0.00392228,0.00083542)
(-8.46363e-05,0.00107568)
(-0.00521186,0.000812088)
(-0.000715964,0.00507484)
(0.00232071,0.00412834)
(-0.00358931,0.00563829)
(0.000839778,0.000782426)
(-0.00116484,0.00124397)
(0.00456682,-0.000218186)
(9.50186e-05,0.00437779)
(0.00723055,-0.00522123)
(0.00329302,3.9067e-05)
(0.00526542,-0.00226708)
(-0.000289273,0.00184256)
(0.00316872,-0.00466032)
(0.000870656,-0.000522607)
(-0.00144495,-0.00373546)
(-0.00468941,0.00123671)
(0.00370907,-0.00425284)
(-0.00385018,0.00145204)
(-0.00512799,0.00106989)
(-0.000795529,-0.000320583)
(-0.00928686,0.00253181)
(-0.00418143,0.00464683)
(-0.00778127,0.00576087)
(-0.00229909,0.00690921)
(-0.00317003,0.00475143)
(0.00194978,0.0058078)
(0.000206436,-0.00264933)
(0.00315733,0.013234)
(0.00840637,-0.00242708)
(0.00524573,0.00541892)
(0.00716641,-0.0150007)
(0.00192498,-0.00168094)
(0.000224863,-0.00954325)
(-0.00450859,-0.00964364)
(-0.00143237,-0.00376171)
(-0.00364289,-0.00686528)
(0.00687366,-0.00100792)
(-0.0100188,-0.00232692)
(-0.013341,0.00390757)
(-0.00268495,0.00349776)
(-0.0154065,-0.00125419)
(-0.0019518,0.00297884)
(-0.0175983,0.00354139)
(0.00275469,0.00564515)
(-0.0135861,0.000789652)
(-0.00191841,0.0142629)
(-0.00459886,-0.00115751)
(0.0028423,0.0192612)
(0.0102983,-0.00580735)
(0.0109403,0.0119764)
(0.0156417,-0.012092)
(0.00942977,0.00198888)
(0.00831592,-0.0159347)
(0.00162091,-0.0079815)
(0.00780857,-0.00359293)
(-0.00666633,-0.00814642)
(0.00973302,-0.00258498)
(-0.00347494,-0.00199282)
(-0.0136695,-0.00304573)
(0.00291526,0.0025837)
(-0.0200697,-0.00229514)
(0.000440002,0.00331802)
(-0.0324693,-0.00508683)
(0.000769721,0.00635602)
(-0.0292599,0.000460052)
(-0.00366207,0.0184111)
(-0.0106034,0.00694748)
(0.00267487,0.0299831)
(0.0113342,-0.00138283)
(0.0155597,0.0169283)
(0.0221321,-0.0122579)
(0.0178386,-0.0027028)
(0.00809112,-0.0104418)
(0.00159451,-0.0130875)
(0.00594735,-0.00809551)
(-0.00459529,-0.00819184)
(0.0131842,-0.000334534)
(-0.00146107,-0.0037335)
(-0.0167488,-0.00163954)
(0.00233398,0.00510917)
(-0.0327841,-0.00642253)
(0.00818033,0.00249894)
(-0.0477326,-0.00825947)
(0.00581914,0.00424404)
(-0.0422566,-0.00966184)
(-0.00304267,0.0278257)
(-0.0168208,0.00466323)
(-0.00974844,0.0310012)
(0.0349241,0.00780803)
(0.012577,-0.00286617)
(0.0229245,-0.0185651)
(0.0185427,-0.0149456)
(0.00810124,-0.0205839)
(0.0017527,-0.0142947)
(0.0022681,-0.00346817)
(-0.00735219,-0.00851424)
(0.00710799,0.00119926)
(-0.00466765,-0.0090173)
(-0.024442,-0.00543369)
(0.00140941,0.00370397)
(-0.0365146,-9.70492e-05)
(0.000372268,0.00119849)
(-0.0608827,-0.0187747)
(-0.00170328,0.000570974)
(-0.0729908,-0.0244312)
(-0.00671471,0.00223038)
(-0.0591517,-0.0161461)
(-0.0210363,-0.00994086)
(-0.0250864,-0.0103118)
(-0.00423847,-0.0383812)
(-0.00153593,-0.0242858)
(-0.00880554,-0.0235011)
(-0.00449941,-0.0160115)
(-0.0128819,-0.0132738)
(0.00153538,-0.00922445)
(-0.0099447,-0.00557888)
(0.00104789,-0.00219704)
(-0.00136627,-0.00495401)
(-0.0232626,0.00203924)
(-0.00060886,-0.000585202)
(-0.0386974,-0.00877779)
(-0.000512964,6.54962e-05)
(-0.0600799,-0.017288)
(0.00179184,-0.000990585)
(-0.0655644,-0.0396181)
(-0.00129734,-0.00504532)
(-0.0662392,-0.0327111)
(0.00549296,-0.0134849)
(-0.0394557,-0.0285779)
(-0.000494207,-0.0170801)
(-0.0166875,-0.0233695)
(-0.00526134,-0.0167536)
(-0.00771434,-0.0226393)
(-0.0127801,-0.0107873)
(-0.00487879,-0.00935037)
(-0.0093224,-0.00350123)
(-0.00356622,-0.00196183)
(-0.00427235,-0.00198926)
(-0.0199186,0.000594594)
(-0.00518495,-0.000680202)
(-0.0364094,-0.0102477)
(-0.0036132,0.00192981)
(-0.0462443,-0.0212259)
(0.00174932,-0.00253584)
(-0.0486542,-0.0302659)
(0.0127281,-0.00214781)
(-0.0413986,-0.03246)
(0.00763908,-0.00969599)
(-0.0337414,-0.028029)
(0.00798492,-0.00999043)
(-0.0164913,-0.0252826)
(-0.00304414,-0.011125)
(-0.0145844,-0.0181193)
(-0.00549984,-0.0144479)
(-0.0122575,-0.0138361)
(-0.00293372,-0.00592023)
(-0.000837461,-0.00730445)
(-0.00185285,-0.00340008)
(-0.0167061,-0.000725171)
(-0.00517807,-0.00535628)
(-0.0303062,-0.0101741)
(-0.00465561,-0.000104193)
(-0.0354576,-0.0149607)
(-2.20633e-05,0.00215089)
(-0.0280998,-0.0190325)
(0.00869098,0.00380952)
(-0.0227191,-0.0229471)
(0.00933909,0.000492087)
(-0.0167478,-0.018402)
(0.00394088,0.00170968)
(-0.0154008,-0.0160454)
(0.00913837,-0.00392423)
(-0.0153909,-0.0134249)
(0.00400294,-0.00691986)
(-0.010526,-0.00677717)
(0.000514806,-0.00692628)
(-0.00248363,-0.00558114)
(-0.00256965,-0.000254248)
(0.000540421,-0.000665759)
(0.000369923,0.00080442)
(-0.0184085,-0.00566836)
(-0.00101294,0.00355614)
(-0.0155056,-0.0080562)
(0.00550286,0.0026586)
(-0.0177278,-0.00758425)
(0.00707363,0.00171758)
(-0.0141223,-0.00957886)
(0.00462135,0.000480661)
(-0.0140633,-0.00755835)
(0.0120407,0.00109128)
(-0.0078483,-0.0073033)
(0.00943757,-0.00198106)
(-0.011416,-0.00653081)
(0.00632531,-0.00467961)
(-0.0120835,-0.00497755)
(0.000391123,-0.00328997)
(-0.00403043,-0.00621257)
(-0.00283512,0.00110474)
(0.000196664,0.00274895)
(-0.00433587,-0.0013384)
(-0.00501768,-0.00101657)
(-0.00689933,-0.00207324)
(0.00372614,0.00355277)
(-0.00897745,0.00747734)
(0.00598392,0.00697281)
(-0.00857304,0.00460242)
(0.00431064,0.00142313)
(-0.00627299,0.00657553)
(0.00246933,-0.0017618)
(-0.000309085,0.00480885)
(-0.0013447,-0.00458324)
(-0.000783102,0.0012755)
(-0.00203073,-0.00386393)
(0.00268325,-0.00352698)
(-0.0102288,-0.00556219)
(-0.00232423,0.00258905)
(-0.00163711,-0.00334245)
(-0.00206484,0.00378727)
(-0.0094057,-0.00337277)
(-0.00544794,-0.00116256)
(-0.00734946,-0.0014667)
(-0.0120578,0.00439316)
(-0.00392725,0.00531617)
(-0.0113973,0.0085507)
(0.00153982,0.00473774)
(-0.00585555,0.00960129)
(-0.000905152,0.000231036)
(-0.00353725,0.0105898)
(-0.00142693,-0.00467545)
(0.00319534,0.00350631)
(-7.91776e-05,-0.0055114)
(0.00684782,-0.00196083)
(-0.00936918,-0.0101183)
(0.00417195,-0.00402434)
(-0.00872178,-0.00804265)
(-0.00327886,0.00321006)
(-0.000886929,-0.00515985)
(-0.000613389,0.0059389)
(-0.0107219,-0.00372026)
(-0.00477939,0.00149259)
(-0.0121047,-0.00164952)
(-0.00758642,0.00464665)
(-0.0136297,-0.00362971)
(-0.00868443,0.00845962)
(-0.0142543,0.000932133)
(-0.00382523,0.0100567)
(-0.00463474,-0.00271744)
(0.000748517,0.00931942)
(0.000545209,-0.00489554)
(0.00982178,0.00159367)
(0.000540022,-0.016272)
(0.00947146,-0.00404131)
(-0.00722323,-0.00909069)
(0.00390116,-0.00926286)
(-0.0032987,-0.00918747)
(-0.0039931,-0.00345012)
(0.00429424,-0.0016529)
(-0.00288272,0.00496782)
(-0.0150197,-0.00144528)
(0.00136491,-0.00035182)
(-0.0132154,-0.00367225)
(0.000919427,-0.0032484)
(-0.0211112,-0.00450654)
(-0.00311804,0.00411669)
(-0.0226169,-0.00427899)
(-0.00364066,0.00623528)
(-0.0140145,0.00353382)
(-0.00261392,0.00529738)
(-0.00272517,-0.00286364)
(0.00695008,0.00495877)
(0.0067503,-0.00566885)
(0.00882213,-0.00268884)
(-0.00295456,-0.0133735)
(0.00295234,-0.00374066)
(-0.000478993,-0.0061741)
(0.00215984,-0.0039533)
(0.0032865,-0.000297275)
(-0.000496487,0.000273515)
(-0.0100099,-0.00173084)
(0.0015132,0.000509177)
(-0.0216419,-0.000892213)
(0.00362389,0.00151576)
(-0.0284846,-0.0067505)
(0.00106417,-0.00108448)
(-0.0367423,-0.00888326)
(5.21055e-05,0.00481307)
(-0.0226498,-0.00629714)
(-0.00276422,0.00779186)
(-0.00733392,-0.0085245)
(0.00547577,0.00107615)
(0.0044366,-0.00806126)
(0.000726764,-0.00788075)
(0.00191801,-0.00635591)
(0.000168787,-0.00727463)
(-0.00197809,-0.00946527)
(-0.00618065,-0.00120727)
(-0.00105264,-0.00367473)
(-0.000925425,-0.00156693)
(-0.0177575,-0.00228882)
(-0.00301344,0.000339436)
(-0.0236845,-0.0078083)
(-0.00278367,-0.00369265)
(-0.0365178,-0.00872749)
(-0.000425304,-0.00104763)
(-0.0454044,-0.017892)
(-0.00176224,0.00138249)
(-0.0373531,-0.0108067)
(-0.00472505,-0.0033919)
(-0.0206277,-0.00953922)
(-0.000947761,-0.0111278)
(-0.00743479,-0.0118197)
(-0.00242304,-0.00551125)
(-0.00813535,-0.0111337)
(-0.0118299,-0.00691071)
(-0.00345447,-0.00431084)
(-0.00310461,-0.00243748)
(-0.0052993,-0.000491816)
(0.00103941,-0.00561618)
(-0.0160208,-0.000133379)
(-0.00593867,0.000217319)
(-0.0270909,-0.0059882)
(-0.000685007,-0.00070746)
(-0.0391863,-0.0181792)
(0.00284013,-0.00307699)
(-0.0459231,-0.0261696)
(0.00731688,1.57763e-05)
(-0.0390254,-0.0220063)
(0.00566188,-0.00312474)
(-0.0298356,-0.0149095)
(0.00399956,-0.00373864)
(-0.017043,-0.0119098)
(-0.000299566,-0.00466301)
(-0.0114673,-0.0124386)
(-0.00736305,-0.00270474)
(-0.0139614,-0.00685448)
(-0.00153867,-0.00194312)
(-0.00724152,-0.00236621)
(0.000904673,-0.000737165)
(-0.0132901,0.00123115)
(-0.00332781,-0.000203073)
(-0.0242239,-0.00380101)
(-0.00478178,-0.00437025)
(-0.0351843,-0.0159708)
(0.00195362,-0.00106112)
(-0.0324132,-0.0207891)
(0.00844577,0.00251805)
(-0.029769,-0.025999)
(0.0115483,-0.00133828)
(-0.0225646,-0.0187355)
(0.00279307,-0.00131896)
(-0.0165874,-0.0170858)
(0.000745775,-0.001054)
(-0.0173375,-0.0101169)
(-0.000358015,-0.00323541)
(-0.00630539,-0.00218432)
(-0.000349131,-0.00901521)
(-0.0107765,0.000128293)
(0.00373083,-0.00449475)
(-0.00503052,-0.00516062)
(0.00142592,-0.00317693)
(-0.0230922,-0.00571845)
(-0.00217018,-0.00336003)
(-0.0293619,-0.0111078)
(0.00616189,-0.00428144)
(-0.0290236,-0.0169999)
(0.00716168,-0.00298543)
(-0.0170088,-0.0160297)
(0.0071658,-0.000749504)
(-0.0132749,-0.0109931)
(0.00588657,-0.00535067)
(-0.0137511,-0.00913092)
(0.00570482,-0.000677202)
(-0.00943671,-0.00613802)
(0.00567675,-0.00878297)
(-0.00704237,-0.00412519)
(0.00603711,-0.00199013)
(-0.00496365,-0.00312091)
(-0.00286327,0.000232919)
(-0.00284806,-0.00341072)
(-0.00454157,-0.00355216)
(-0.00487266,-0.000522588)
(-0.00323664,0.00169693)
(-0.0192273,-0.00410672)
(0.00231314,0.00164628)
(-0.0107759,-0.00923778)
(0.00531373,-0.000792037)
(-0.0134214,-0.00670858)
(0.00882413,-0.00545843)
(-0.00515388,-0.00278309)
(0.00372629,-0.00163753)
(-0.00854769,-0.00172454)
(0.00728275,-0.000327834)
(-0.00747102,-0.00364022)
(0.00323511,-0.00520345)
(-0.0102335,-0.00476801)
(0.0022038,-0.00543891)
(-0.00455024,-0.00388553)
(0.00160504,-5.72163e-05)
(-0.00369805,0.000896677)
(-0.0051333,-0.00180825)
(-0.00397429,-0.000943825)
(-0.00442189,-0.00247392)
(-0.000738584,0.00216183)
(-0.00750739,-0.00234243)
(-0.000458532,0.00289878)
(-0.00585696,0.00256667)
(0.00353773,0.000951111)
(-0.00422975,0.00380698)
(-0.00382657,-0.00353961)
(-0.00271011,0.0023499)
(-0.00149935,-0.00584879)
(0.00355888,-0.00252285)
(-0.00625634,-0.00589883)
(0.00191165,0.00461216)
(-0.00717112,-0.00359368)
(-0.00323105,0.00102117)
(-0.00225954,-0.000952726)
(-0.00359837,0.00147646)
(-0.00873261,-4.52001e-05)
(-0.00641221,0.00166234)
(-0.0149067,-0.00142029)
(-0.0123023,-0.003899)
(-0.010894,-0.00312335)
(-0.01158,0.00314197)
(-0.00355232,0.000496469)
(-0.00894866,0.00293042)
(5.00277e-05,-0.00489879)
(-0.00785555,0.00656422)
(-0.000826192,-0.00950669)
(-0.00312922,0.00342923)
(-0.00621462,-0.00827747)
(-0.000539034,-0.00170005)
(-0.0112328,-0.00559762)
(1.6605e-05,-0.000364642)
(-0.0108077,-0.00534185)
(-0.00181441,0.00351786)
(-0.00340588,-0.00413244)
(-0.00079319,0.0053043)
(-0.011387,-0.00468963)
(-0.0034674,0.00234509)
(-0.0124421,-0.00567711)
(-0.00641313,0.00040971)
(-0.00895285,-0.00453425)
(-0.0081285,0.00647859)
(-0.00460592,-0.0052234)
(6.4921e-05,0.0100349)
(-0.00516337,-0.00513393)
(-0.0027491,0.0072754)
(-0.00329192,-0.0107085)
(0.00207018,0.00540268)
(-0.00565872,-0.00876287)
(0.00310085,-0.000360098)
(-0.00534773,-0.00969814)
(-0.000809716,-0.00139188)
(-0.00572237,-0.00577844)
(-0.00211408,0.00585891)
(0.00302835,-0.00546154)
(-0.00380772,0.00553213)
(-0.00705909,-0.00120054)
(0.000826385,-0.00170008)
(-0.0164529,-0.0037645)
(-0.000681465,-0.0020097)
(-0.0101132,-0.00544911)
(-0.00422788,0.0046411)
(-0.0163524,-0.00618762)
(0.000533385,0.00347429)
(-0.00487812,-0.00331394)
(-0.00305289,0.00949945)
(-0.00422303,-0.00499561)
(0.00198424,0.00145855)
(-0.00418765,-0.0071711)
(0.0015759,0.00363075)
(-0.00174199,-0.00823955)
(0.006235,-0.00187668)
(-0.00171799,-0.00494377)
(-0.000391081,0.000744079)
(0.000469429,-0.00411416)
(-0.00135854,0.00396655)
(-0.00888439,-0.00184372)
(-0.00475175,0.00229774)
(-0.0142306,-0.00478536)
(0.00298224,-0.00186188)
(-0.0148571,-0.00619763)
(0.00111068,0.00382019)
(-0.0154158,-0.00934406)
(-0.00305695,0.00302243)
(-0.0127648,-0.00667556)
(-0.0038755,0.0017646)
(-0.00455084,-0.00903609)
(0.00120407,0.00365226)
(0.0044553,-0.00223776)
(-0.00355907,-0.00034699)
(-0.00251216,-0.00925243)
(-0.00326563,-0.000327829)
(0.00372668,-0.00584665)
(-0.00223042,0.000400314)
(0.00324118,-0.000808289)
(-0.00189886,-0.00230711)
(-0.0111119,-0.00414646)
(-0.00235028,-0.0031768)
(-0.01614,-0.00200113)
(-0.00320363,-0.000566477)
(-0.0192934,-0.00613581)
(0.00014287,0.00234841)
(-0.0238134,-0.0116623)
(0.0041725,0.00491638)
(-0.0213399,-0.00777412)
(0.000329745,0.00669186)
(-0.0144819,-0.00748505)
(-0.000385302,0.00537776)
(-0.0060962,-0.00549731)
(0.00115479,-0.000178561)
(-0.00503314,-0.00804082)
(-0.00299604,-0.00354265)
(1.49665e-05,-0.00431889)
(-0.00297979,-0.00289835)
(-0.00194646,-9.27151e-05)
(0.00301803,-0.000484779)
(-0.0116049,-0.00349218)
(-0.000700538,-0.000293769)
(-0.0126425,-0.00608562)
(-0.00244448,-0.00254243)
(-0.0210452,-0.011179)
(0.00603546,0.00026861)
(-0.0224659,-0.0137682)
(0.00273695,0.0055627)
(-0.0227991,-0.0176112)
(0.00376531,0.00541181)
(-0.015398,-0.0062034)
(0.00126363,0.001389)
(-0.0066583,-0.00881085)
(0.00165257,-0.000229396)
(-0.00986366,-0.00699238)
(-0.000113118,-0.00486868)
(-0.00647395,-0.00122794)
(0.00172308,-0.000904524)
(-0.00997981,0.000582942)
(0.00130147,-0.00161551)
(-0.00229845,-0.00199487)
(0.00086434,0.000197138)
(-0.0120583,-0.00310911)
(0.00162099,-0.00114821)
(-0.01704,-0.00925586)
(0.00354436,-0.00196287)
(-0.0167519,-0.010267)
(0.00432446,-0.00160676)
(-0.0211545,-0.0137052)
(-0.0010706,0.00311774)
(-0.0145163,-0.00869052)
(0.00335499,0.00225744)
(-0.0110791,-0.00537315)
(0.00293912,0.00233996)
(-0.00612893,-0.00161888)
(0.00318868,-0.00431177)
(-0.00255272,0.00538019)
(0.0019104,-0.000276692)
(-0.00652128,-0.00041232)
(0.00140512,0.00255843)
(0.000561044,-0.00391508)
(-0.000823023,-0.00300823)
(-0.0072729,-0.00148915)
(0.00493745,-0.0018844)
(-0.0179854,-0.00369025)
(-0.000803014,-0.00187506)
(-0.0138188,-0.00912897)
(0.000978773,-0.00289244)
(-0.010612,-0.00884907)
(0.00196356,-0.00540275)
(-0.0096685,-0.00609988)
(0.00112752,-0.00116145)
(-0.00713589,-0.00302015)
(0.00518172,0.00494981)
(-0.00457785,-0.00337915)
(0.0033838,-0.00203405)
(0.000485011,-0.00065529)
(-0.000361218,0.000360867)
(-0.00563524,0.000516921)
(-0.000440485,0.00614297)
(0.00267165,0.00127092)
(-0.00121396,0.00160501)
(-0.00408805,-0.00091239)
(-0.00421858,-7.81709e-05)
(-0.00563664,-0.00215989)
(-0.00117963,-3.00213e-05)
(-0.0105824,-0.00549526)
(0.00104284,-0.00472302)
(-0.00327863,-0.00404578)
(0.00589449,-0.0039533)
(-0.0072627,-0.00613157)
(0.00249756,-0.00432269)
(-0.00260012,-0.00541469)
(0.00392783,-0.000801206)
(-0.00136768,0.00134484)
(0.00284758,-0.00315434)
(-0.00143416,0.00299108)
(0.000198307,-0.00099832)
(0.00215643,0.000721784)
(4.67607e-05,-0.000760979)
