(0.00253001,-0.00287414)
(-0.00832647,0.0123348)
(0.00159229,-0.00562274)
(-0.0234134,0.00422475)
(-0.0136188,-0.0023091)
(-0.00553955,0.0040206)
(0.00863626,-0.000551994)
(-0.00962179,0.0117163)
(-0.000437649,-0.0033188)
(0.00415415,0.00355581)
(0.00908377,0.00449906)
(0.000546937,0.00461998)
(-0.0104516,-0.0157926)
(-0.00208882,-0.00969139)
(-0.00365778,-0.00145134)
(0.0108845,0.00054103)
(0.0090091,0.00930372)
(0.0195085,0.00288618)
(0.0107194,0.00494457)
(-0.010454,0.00117361)
(0.00014416,-0.00131987)
(0.0058829,0.000120949)
(-0.0337487,0.0124035)
(0.0021163,-0.000260631)
(-0.00662492,-0.0042806)
(-0.00998826,0.00281712)
(-0.013491,0.0121893)
(0.00151801,0.00275288)
(-0.00513426,0.0090596)
(0.0148798,-0.0130078)
(0.0060913,0.00601334)
(0.0350975,0.00762564)
(-0.00891343,0.00945959)
(0.0104448,-0.00501206)
(0.0130256,-0.00846161)
(-0.00795747,-0.013103)
(-0.00492081,-0.00148047)
(0.0118716,0.00409298)
(-0.0161424,-0.00379849)
(-0.00282944,0.00308877)
(-0.0191137,0.00874181)
(0.0112834,0.000151123)
(-0.00241101,-0.00271949)
(-0.0234498,0.000295087)
(-0.0123879,-0.0115792)
(-0.0126877,0.00268041)
(-0.00203588,0.00631577)
(0.00748933,0.0128334)
(-0.00235264,0.00169952)
(-0.00759695,0.00387419)
(-0.0109536,0.000217382)
(-0.0135332,-0.00952706)
(-0.00333556,0.00529787)
(0.00388486,0.00780049)
(0.00115734,0.00351292)
(0.00827372,-0.010726)
(-0.0129976,0.00818261)
(-0.00532843,0.000392747)
(0.00494506,-0.00161674)
(-0.00740655,-0.00756596)
(-0.00891757,0.00790107)
(0.000235504,0.000548539)
(0.00517631,-0.0071359)
(0.00664545,-0.00206655)
(-0.000973096,-0.00137321)
(0.0166401,-0.00774888)
(-0.0125984,0.00986905)
(0.00825584,0.00321005)
(-0.019796,0.0141799)
(0.0215312,-0.00772088)
(0.0136851,-0.00391956)
(-0.013298,-0.00270319)
(-0.0170534,0.0113959)
(0.0324903,-0.00392453)
(0.0286263,0.00747723)
(0.0198273,-0.0034568)
(0.00812271,-0.00730226)
(0.00788461,0.0102082)
(0.00892546,-0.00776102)
(0.00470618,-0.000870407)
(0.0245446,0.00370776)
(-0.0195532,0.00549017)
(0.0146762,-0.0041942)
(-0.00921196,0.0057706)
(0.0117828,-0.00767717)
(-0.00633301,-0.00584135)
(-0.0178882,0.00127993)
(0.0221432,-0.0141308)
(0.00866621,-0.00193556)
(-0.00129923,0.0103633)
(0.0104363,0.0132253)
(0.0119653,0.0103225)
(-0.00683837,-0.00346895)
(0.00829149,0.0103136)
(-0.00350765,0.00140904)
(0.0229019,0.0123724)
(0.0245501,-0.0123295)
(0.00639522,-0.00743542)
(-0.0044915,0.00852955)
(-0.00902728,0.00634655)
(-0.0116939,0.0175797)
(-0.00661621,0.0164654)
(0.00463517,-0.0018341)
(-0.0134021,-0.0005161)
(-0.00525495,-0.000160862)
(0.0149214,0.00929896)
(0.00505308,0.00483962)
(-0.0104624,-0.00885583)
(0.0159563,-0.0028954)
(-0.0026943,0.00894945)
(0.0145933,-0.0171176)
(-0.014821,0.0151246)
(-0.0174671,0.00590469)
(0.00725205,-0.00692617)
(-0.0124705,0.0020499)
(0.024796,-0.0149198)
(-0.0218327,-0.00756796)
(-0.00715551,0.000652094)
(-0.0030787,-0.0143857)
(-0.0127341,-0.000686658)
(-0.00422268,0.00485148)
(-0.0152421,-0.00808873)
(-0.00226829,-0.00834618)
(0.00167428,0.00529851)
(0.00636742,0.00154911)
(0.00954353,-0.003531)
(0.00920656,0.00756823)
(0.013607,-0.00645009)
(-0.0017641,0.0151074)
(-0.00100242,-0.0062034)
(0.00587257,0.0146323)
(-0.0053592,0.00268362)
(0.00373271,-0.00735865)
(-0.00843665,0.00113504)
(0.00131165,0.00816964)
(0.0132342,0.00481476)
(0.00956933,-0.00167199)
(-0.00668723,-0.00143753)
(-0.00445559,0.0095122)
(0.00632548,0.00544792)
(-0.0105234,0.00543322)
(0.038319,-0.00495043)
(-0.0149766,-0.00879369)
(0.0140102,-0.0128963)
(-0.0101642,-0.017308)
(0.000330805,0.00455415)
(0.00733941,0.00980859)
(-0.00245351,-0.000736229)
(0.0147935,0.00136108)
(0.00675617,0.0136685)
(0.0200245,0.00363942)
(0.00725376,0.00125787)
(-0.0168008,0.00922122)
(-0.000487418,-0.0139575)
(0.0131718,0.00201648)
(0.00109186,-0.00986751)
(-0.00746563,-0.00503138)
(0.00575861,0.0105334)
(0.00132719,-9.87089e-05)
(0.0107647,0.00507851)
(-0.00899892,-0.00558467)
(-0.00383269,-0.00985648)
(-0.00221608,0.0058786)
(-0.00632002,0.00602256)
(-0.00855448,0.00631072)
(-0.0190112,-0.00722754)
(0.0162853,-0.00582805)
(-0.020172,0.00231313)
(0.0173223,-0.0128803)
(-0.0128858,0.0103055)
(-0.00390793,-0.00250448)
(-0.0155988,0.00625369)
(-0.0150266,-0.00434628)
(-0.0032595,-0.00484204)
(0.0140449,-0.0104354)
(-0.013052,-0.000378574)
(-0.00449802,0.0018232)
(0.0190345,0.00139539)
(-0.0124705,0.0168838)
(0.00435018,-0.010095)
(0.00324435,0.00448584)
(-0.00845459,-0.00751676)
(0.0141351,0.00357053)
(0.00859954,-0.00678579)
(-0.0238581,0.0213171)
(-0.00035127,0.005921)
(-0.0123856,0.00579023)
(0.0102857,-0.00701698)
(-0.000168851,-0.00206458)
(0.000944982,0.00175102)
(0.00632843,0.00026158)
(0.00116108,0.00877771)
(0.00873263,0.000288219)
(0.0174118,-0.00221078)
(0.00435338,4.38136e-06)
(0.0107113,0.00530883)
(-0.00757135,0.00569556)
(0.0124269,0.0105797)
(0.000558535,-0.00612636)
(0.0267201,0.00350793)
(0.0228572,-0.00582694)
(-0.00414149,0.00927373)
(0.0147879,-0.0167866)
(0.000813762,0.00466609)
(0.00155997,-0.012986)
(0.00651531,0.0146819)
(0.0126297,0.0170039)
(0.028499,0.00356302)
(-0.00276556,0.00103872)
(-0.00807188,0.00117895)
(0.00757942,-0.0181083)
(-0.0120204,0.0135229)
(-0.00873361,-0.000243671)
(-0.0112115,0.00379858)
(0.00698782,-0.00659495)
(-0.00419845,0.00540909)
(0.011363,0.00974092)
(0.00277952,0.00399257)
(-0.0015678,-0.000480176)
(-0.00110682,0.00797228)
(0.000978378,-0.00946363)
(0.00456599,0.00571997)
(0.0341374,-0.00762691)
(-0.00485156,-0.00197849)
(-0.00388987,0.00438369)
(0.0110508,-0.00401726)
(0.012831,0.00247997)
(0.0259547,0.00376594)
(-0.0108603,-0.00142789)
(0.0213656,0.00655993)
(0.00846546,0.00122524)
(-0.00239224,-0.0138467)
(0.0162734,-0.00890984)
(0.0131058,-0.00474284)
(-0.0103277,0.00757911)
(-0.00982101,0.00542549)
(-0.0131957,0.0108009)
(0.0148033,0.00371593)
(-0.00282841,0.00615648)
(-0.0111658,0.00877379)
(0.0208183,-0.00325026)
(-0.0135603,-0.00334519)
(-0.0169846,-0.00114554)
(-0.00476247,-0.00792833)
(-0.0030659,0.00525967)
(-0.0130978,2.18936e-05)
(-0.00278683,0.00822057)
(-0.00122497,0.00336639)
(0.00561618,0.00638537)
(-0.0214298,0.00450256)
(0.0171641,-0.00348964)
(-0.0088919,0.0164897)
(0.00977176,0.00319648)
(0.0107544,-0.00605542)
(0.00613524,0.00449666)
(0.00912265,-0.0115974)
(-0.00624247,-0.00512888)
(-0.00791679,0.0106422)
(-0.000896488,-0.0136258)
(-0.00684543,0.00676243)
(0.0164288,-5.75231e-05)
(0.00573648,-0.00480857)
(-0.0109486,0.00376094)
(6.46306e-05,-0.0118643)
(-0.000346381,-0.0115191)
(0.0107073,0.00632698)
(-0.0103669,0.00224542)
(-0.00315897,0.00451569)
(0.00328261,-0.0015422)
(-0.0182526,-0.0148771)
(-0.0112869,0.00838463)
(-0.00926225,-0.00684429)
(0.00029325,0.00558151)
(0.00345476,0.0058046)
(-0.00590539,-0.00307383)
(-0.00175851,-0.0108385)
(-0.0049119,-0.00454795)
(-0.00194775,-0.0136648)
(0.00482426,0.00647165)
(-0.00926235,-0.000842245)
(0.00984465,0.0136184)
(-0.00680041,0.00817012)
(-4.2587e-05,-0.00681784)
(-0.0134349,-0.00260444)
(0.0147882,0.00293574)
(0.00517989,-0.00230781)
(0.00891559,0.00579731)
(-0.00390467,-0.012881)
(0.03222,0.00543155)
(-0.0161629,0.00190207)
(0.0138636,0.0100685)
(-0.0142039,0.0119866)
(-0.00217274,0.00203323)
(-0.0131244,-0.0126185)
(0.0132864,0.00968812)
(-0.00659384,-0.0106209)
(-0.000803075,0.0196518)
(-0.0202138,-0.0100634)
(0.0123595,-0.00508599)
(0.0111625,-0.00569535)
(0.00916716,-0.0177028)
(0.00761767,0.00356436)
(-0.00160415,0.0033215)
(0.011305,0.00611612)
(-0.000806643,0.00747519)
(0.0127935,0.00895436)
(-0.00498907,0.00711108)
(-0.0105108,0.00449299)
(0.00582361,0.00821985)
(-0.00795287,0.0105872)
(0.00935903,-0.00626143)
(0.00626664,0.00965911)
(-0.00158811,0.00192715)
(-0.0161091,0.0112855)
(0.00291007,-0.00688312)
(0.00326445,0.00216929)
(-0.00886623,-0.0157214)
(-0.00243024,-0.010572)
(-0.0040245,0.00150223)
(0.0103198,0.0139945)
(-0.00708059,0.0128716)
(0.013743,-0.000381728)
(-0.016123,0.00839693)
(-0.0199861,-0.000256327)
(-0.00423275,-0.0115215)
(-0.00248441,-0.020323)
(-0.0190169,0.000829974)
(0.00874873,-0.0121659)
(0.00206306,0.0140602)
(0.023477,-0.00888139)
(0.00501968,0.00361478)
(0.00379932,0.0249427)
(0.0285605,-0.0221644)
(0.0229362,0.00919927)
(0.0187048,0.00041006)
(-0.0127983,-0.00366383)
(-0.00733464,0.00808715)
(-0.0110841,-0.00160074)
(-0.00934686,-0.0147969)
(0.0106571,-0.00240166)
(0.000432213,0.0071709)
(0.0185293,-0.00366153)
(-0.00308924,0.00221845)
(-0.00122813,0.000663346)
(-0.0239841,0.0131639)
(-0.0178197,-0.00256294)
(-0.0131383,-0.00541198)
(0.00023467,-0.0148386)
(-0.00308122,0.00712132)
(-0.00904903,0.00875504)
(0.0104154,-0.00372605)
(-0.0123499,0.00386355)
(-0.000928392,0.00329176)
(0.00125649,-0.000550754)
(0.00718322,-0.00075563)
(8.00697e-05,-0.000865908)
(-0.00596674,0.0068435)
(-0.00182526,0.00182588)
(0.00753493,0.00757245)
(-0.000132697,0.00234318)
(0.0116326,5.23444e-05)
(0.0124627,0.0122857)
(0.00132754,0.00345972)
(0.0136809,-0.0128202)
(0.00140339,-0.00109625)
(0.0135459,-0.00345005)
(0.0211816,0.00667251)
(-0.00360132,0.00710853)
(0.0162034,-0.00955177)
(-0.0147252,0.00480598)
(-0.00196145,0.00760376)
(-0.0143544,0.00320322)
(-0.0143767,-0.00202596)
(-0.0359647,0.00141893)
(0.0226545,-0.0129926)
(0.0147041,0.00115854)
(-0.000774986,0.00249523)
(-0.00790852,-0.00664852)
(0.011579,0.00216154)
(0.00406246,-0.00182236)
(-0.0175414,0.00998911)
(0.000801296,0.00134557)
(0.0172285,0.0101182)
(0.0282438,-0.00609083)
(-0.0160726,0.0170495)
(0.0118222,-0.01)
(-0.00137734,0.0154072)
(-0.0273289,-0.0014727)
(-0.011903,-0.0133835)
(0.0102243,-0.00343724)
(-0.00394903,-0.0044555)
(-0.000922655,0.00868225)
(0.00198531,-0.00225125)
(0.0172419,-0.00667729)
(0.00658721,-0.00659784)
(-0.00385879,-0.00249774)
(-0.0121873,0.00830907)
(-0.0056859,0.00785361)
(-0.00833575,0.0137985)
(-0.0201134,-0.000549282)
(-0.0121491,-0.000240358)
(-0.00119235,-0.00226596)
(-0.00386806,0.0098251)
(-0.00239153,-0.000169986)
(-0.00954442,-0.0155419)
(0.00592182,0.00531596)
(-0.0170628,0.00848289)
(0.0172626,-0.0167818)
(-0.0105765,0.0201669)
(-0.0192912,0.00901582)
(0.00140251,0.0189353)
(-0.00439235,0.00347954)
(0.00933652,-0.01517)
(-0.0173145,-0.00852913)
(-0.0163761,0.00695351)
(-0.00672255,-0.00847044)
(-0.00818941,-0.0024438)
(-0.0106405,-0.00521123)
(0.0152728,-0.00113398)
(-0.0148761,-0.00130185)
(-0.00114111,0.00663708)
(-0.0155525,0.0112524)
(0.0235182,0.00511255)
(-0.0099313,-0.00522948)
(-0.00249298,0.00390648)
(0.0200034,-0.000106024)
(-0.0046804,0.00391471)
(-0.00816392,0.00712858)
(0.0027481,0.000782964)
(-0.0174305,-0.00106)
(-0.0180385,-0.000336025)
(0.00340895,0.0114765)
(-0.00446453,-0.00515953)
(0.000280026,-0.014629)
(-0.00679573,0.0106012)
(-0.0111411,0.00365985)
(-0.0226233,-0.0161586)
(-0.0125279,-0.00676234)
(-0.00081989,-0.00803765)
(0.00593177,0.00556051)
(-0.00350181,0.000932863)
(0.0129335,-0.0127089)
(-0.00567294,0.00465823)
(0.0276306,-0.0011659)
(-0.00119714,0.001948)
(0.00715942,-0.00165127)
(0.0172724,-0.00735193)
(-0.0097432,-0.00365239)
(0.0167162,-0.00795317)
(-0.0149602,-0.00463433)
(0.0106591,-0.00574238)
(0.032039,-0.0114551)
(-0.0215698,-0.00188942)
(0.00352696,0.0128859)
(-0.00293466,-0.0135891)
(-0.000949006,0.00581316)
(-0.0221861,-0.0127538)
(-0.00390107,0.0141325)
(-0.0102255,0.000366301)
(-0.00361414,0.00510797)
(0.00319276,0.00158746)
(0.0111048,-0.00669681)
(-0.00249807,0.00391152)
(0.00910025,0.0106524)
(-0.0162613,-0.00139092)
(-0.0129271,-0.00689043)
(-0.0048212,0.00611762)
(-0.038924,-0.0118394)
(0.005985,0.000970156)
(0.00062777,0.0235669)
(-0.0276101,0.0190049)
(4.76272e-05,0.00442187)
(-0.0292019,0.00525125)
(0.00535873,0.0173435)
(-0.0222657,0.00429338)
(-0.00446491,0.0116051)
(0.00869291,-0.0121336)
(0.00479416,-0.00282486)
(0.00315426,-0.0182683)
(0.0104431,0.00188949)
(-0.0325449,0.00604872)
(-0.00322848,-0.00983912)
(0.00811219,0.00764076)
(-0.0125554,0.00230503)
(0.0082753,-0.00115602)
(-0.00781668,0.00726839)
(-0.0164854,-0.00669711)
(0.0142262,-0.00762311)
(-0.0117111,0.00750262)
(0.00294353,0.0127353)
(0.0153084,-0.00246317)
(0.0143383,-0.00308098)
(-0.00109283,-0.0105801)
(0.0157037,-0.00349486)
(-0.00925253,0.0120037)
(0.000644013,0.00313961)
(0.00862064,0.00972658)
(-0.0123776,-0.00245964)
(-0.0170702,-0.00285948)
(-0.0232458,-0.00785188)
(0.00825745,0.000542682)
(0.0132308,-0.00104125)
(0.0201987,-0.0104608)
(-0.00632557,0.0121897)
(0.0186454,0.0015637)
(0.00758664,0.0108109)
(0.00975783,0.00554106)
(-0.00619593,0.0158332)
(0.00289699,0.00257736)
(-0.0274975,0.00748553)
(-0.00600531,0.0356618)
(-0.00369442,0.0100836)
(-0.00615954,0.00704754)
(-0.0331875,-0.00666911)
(-0.00567072,0.0114961)
(-0.018702,0.0022336)
(0.013601,-0.00095797)
(-0.000956686,0.00694967)
(0.00642853,-0.00920202)
(-0.000156133,-0.00412884)
(0.00104756,0.002993)
(0.00447911,0.000228022)
(0.00221554,-0.00179432)
(-0.00728423,0.000935405)
(0.00726422,-0.0146304)
(0.0209252,-0.0101294)
(-0.00730942,0.0283285)
(0.00832171,0.00862009)
(0.0273405,0.0154478)
(0.003831,-0.0109689)
(0.00591537,0.000268064)
(-0.018863,0.00151934)
(-0.00556364,0.0168072)
(0.021035,-0.00653124)
(0.00456502,-0.0348586)
(0.0232575,0.00891921)
(-0.0186515,0.00153616)
(-0.0152816,-0.00691393)
(-0.0210201,-0.00158793)
(-0.000847753,0.0106752)
(0.0166723,-0.00122156)
(0.00285955,-0.00433087)
(0.0155143,0.0116826)
(-0.0167595,0.00967629)
(0.0103011,-0.0126741)
(0.0321512,-0.0127369)
(-0.0224953,-0.0116182)
(0.0036243,0.0050151)
(-0.0162775,0.0185213)
(-0.0098888,-0.0204954)
(-0.0173936,-0.000310995)
(0.00471552,0.00640294)
(0.0330416,-0.0353403)
(0.0164813,0.0303742)
(-0.0139211,0.00972035)
(-0.0221029,-0.00769521)
(-0.0219449,0.00570288)
(-0.0185906,0.000484588)
(-0.0159183,0.00170746)
(0.0225614,-0.0115227)
(-0.0221783,-2.49107e-05)
(0.00697109,-0.00325152)
(0.00117719,0.0015887)
(0.0201561,-0.00472082)
(-0.021152,0.0225128)
(0.0345743,-0.00386982)
(-0.00620167,0.0079579)
(0.00663622,0.00141646)
(-0.00865951,-0.00881452)
(0.00643444,0.000917175)
(0.00948313,-0.00558451)
(-0.018653,0.000225277)
(0.0203229,-0.00487576)
(-0.0126771,-0.0124875)
(-0.000266702,0.00694036)
(-0.00791961,-0.00157323)
(-0.0242285,0.0118178)
(0.0191403,-0.0226754)
(0.00272011,0.00896576)
(0.00116019,0.00265945)
(-0.0106773,5.75895e-05)
(0.000383332,0.00117295)
(-0.00338889,0.0118165)
(0.03492,-0.00956282)
(-0.0124646,0.0106663)
(0.0056655,0.00883944)
(0.000930282,0.00529757)
(-0.0110746,0.0147299)
(-0.023975,0.0126394)
(0.00316267,-0.0104281)
(0.0263411,-0.00452474)
(0.00528421,-0.00756009)
(0.0333001,0.00387458)
(-0.0271725,0.00227942)
(0.0062796,2.5304e-05)
(-0.0102329,-0.00997962)
(0.0191067,-0.000227383)
(0.00912466,-0.0135257)
(0.00767324,0.0123524)
(0.00316223,-0.00662895)
(0.000209297,0.0103524)
(0.00658006,0.00261939)
(-0.0148765,0.0036903)
(-0.0171199,0.00582004)
(-0.00119515,0.00634935)
(0.00828435,-0.000944139)
(0.00629346,-0.00814373)
(-0.00429885,0.015724)
(0.0074997,0.00130134)
(-0.0169934,0.00923052)
(-0.00744288,0.0074353)
(0.00494,0.00300448)
(-0.0119457,0.00816343)
(-0.00791668,-0.00166915)
(0.00999091,0.00889728)
(-0.00869165,-0.00364806)
(-0.00553967,-0.00795013)
(-0.0173731,-0.00341581)
(0.00570131,0.00533349)
(0.00820771,0.00548072)
(-0.00708486,0.00835374)
(0.00363376,-0.0022766)
(-0.0200177,0.00688572)
(-0.00846702,-0.00311541)
(0.0102311,-0.00425021)
(-0.00242414,-0.00324879)
(-0.00104346,-0.0130857)
(-0.0235182,0.00631351)
(-0.0163095,0.0113017)
(0.00379026,0.00570822)
(0.0173842,-0.0124197)
(0.0399922,0.00583873)
(-0.00137486,-0.000360157)
(0.00807426,-0.00466181)
(-0.0160466,-0.00682302)
(-0.000271536,0.00132127)
(0.00160059,0.00101128)
(-0.0110086,-0.00396195)
(0.00447506,-0.00296988)
(-0.00926146,0.0215892)
(0.00273431,-0.00581227)
(-0.000847031,-0.00159079)
(-0.0100212,0.000198958)
(-0.00114365,0.0125767)
(0.0129889,-0.0179015)
(-0.016678,-0.00313477)
(0.00900285,0.00503487)
(-0.0274251,-0.0235511)
(0.0081565,-0.0104225)
(-0.00433782,0.007206)
(-0.0192716,0.0145999)
(-0.00432646,0.000215777)
(-0.0327756,0.00566517)
(0.0118164,0.0253329)
(-0.0139831,0.00136204)
(-0.00383548,0.0109601)
(0.0189833,-0.0134041)
(0.0256664,0.00320333)
(0.000458653,-0.00623653)
(-0.0035796,0.00261266)
(-0.0234555,-0.00273975)
(0.00178057,-0.000372555)
(0.00839112,-0.00755744)
(-0.00394585,-0.00358533)
(-0.0220323,0.0103083)
(-0.0478016,-0.00537111)
(-0.0163515,0.0316111)
(-0.00865264,-0.00895609)
(-0.0183438,0.0293062)
(0.0632029,0.0624745)
(-0.010364,-0.0206393)
(-0.0593168,-0.0421846)
(-0.0231164,0.0240456)
(-0.00202941,-0.00746329)
(-0.038351,0.0212689)
(-0.0320757,0.00673199)
(0.0288576,-0.0126001)
(-0.00774603,0.0076424)
(-0.000190411,-0.00231637)
(0.0177967,0.00048635)
(-0.0203706,0.0065464)
(-0.00263736,-0.00617963)
(-0.0180334,0.0113018)
(0.0254787,-0.0206898)
(-0.0388361,-0.00509331)
(0.0187014,-0.00385188)
(0.0234504,-0.00735504)
(0.0766936,-0.0202999)
(0.00728855,0.0111336)
(-0.00394982,0.0285307)
(-0.0142656,-0.01701)
(0.00734735,-0.00275695)
(0.0656208,-0.132629)
(0.109888,0.0257572)
(-0.0121653,-0.0147561)
(-0.001364,0.0010303)
(0.00957246,0.00393001)
(0.0036924,-0.00746828)
(0.00366345,0.00275465)
(0.000340081,0.00793824)
(-0.0202633,0.0184073)
(-0.00626328,0.0154176)
(-0.0233081,-0.00496231)
(-0.00369986,-0.00195984)
(-0.00381367,0.0117079)
(-0.0110282,0.000296929)
(0.0370875,-0.00629212)
(-0.0748769,-0.0186283)
(-0.0190421,-0.00364207)
(-0.00843652,0.00412524)
(0.0346297,-0.0220874)
(0.00717222,0.0175277)
(0.0449851,-0.0131669)
(0.0410835,0.0272462)
(-0.0192236,0.0184229)
(-0.00537046,-0.0136793)
(-0.00292931,0.013071)
(0.00272217,-0.00567901)
(-0.0054781,0.000718132)
(0.00996174,0.00563261)
(-0.00898441,-0.00234598)
(0.00453845,0.00342346)
(-0.0136573,-0.00331008)
(-0.0154022,0.00303891)
(-0.00809243,-0.00635447)
(-0.00119183,0.0295113)
(0.0717222,0.0135501)
(0.0274084,0.0236459)
(0.0770401,-0.109914)
(0.0490203,0.0562491)
(0.0229276,-0.120177)
(-0.0631804,-0.0502701)
(-0.0228875,0.060854)
(-0.110261,-0.0746852)
(-0.022955,0.0191053)
(-0.0201504,0.0117303)
(-0.0135299,-0.0106343)
(0.0274297,0.0135647)
(0.00217801,0.00140719)
(-0.00699895,0.0237471)
(-0.00343954,0.00604985)
(0.014333,-0.00950999)
(-0.0213111,-0.00364505)
(-0.0132395,-0.000396946)
(-0.00570184,-0.000708435)
(-0.0126567,-0.000131081)
(0.0177029,0.00572447)
(0.00251099,0.00899342)
(0.00964164,0.0183108)
(0.00855131,0.00750446)
(-0.00515523,0.00503775)
(-0.00447613,-0.0184749)
(-0.0116332,0.0116295)
(0.0286891,0.0139775)
(0.00191837,-0.0283798)
(0.0216719,0.0223922)
(0.00331277,0.00475963)
(-0.00510854,0.00351353)
(-0.00970573,0.00814783)
(-0.0288436,0.00215006)
(0.00223157,-0.00378578)
(-0.00666984,-0.00376115)
(-0.00203689,0.0193192)
(-0.0115699,0.00150396)
(-0.0108762,-0.00184436)
(0.0257679,-0.00107871)
(0.0110975,-0.0216036)
(-0.0205505,0.0042966)
(-0.019805,0.0004086)
(-0.00908838,-0.0190197)
(-0.00312403,-0.00351121)
(-0.000974029,0.00423201)
(0.0103192,-0.0094988)
(-0.00417449,0.00327448)
(-0.0106983,0.00463194)
(0.00761536,0.00244651)
(0.00202398,0.00869657)
(-0.0140564,-0.00459281)
(-0.00906715,0.00414245)
(-0.000668187,-0.00249972)
(-0.00448834,-0.00256689)
(0.00862009,-0.000262174)
(0.0319861,-0.00208155)
(0.0196595,-0.00322872)
(-0.0199561,0.00800149)
(0.0086283,0.00413339)
(-0.0141266,0.00854309)
(0.00349012,0.00815111)
(-0.00277006,-0.0139345)
(0.0131342,0.0124433)
(-0.0105516,-0.000812211)
(0.00113641,-0.00982582)
(0.0018539,-0.00108052)
(-0.00801239,6.14166e-05)
(0.00993846,0.0064949)
(-0.02145,0.000203117)
(-2.00195e-05,0.00914156)
(0.0102424,-0.014315)
(0.0034454,0.0126221)
(-0.00821674,-0.00401673)
(0.00205934,-0.00760849)
(0.0108663,-0.00560387)
(0.00215825,0.00640215)
(-0.0153136,0.00808837)
(-0.00365013,0.00949269)
(-0.000188718,0.00188903)
(0.00389392,0.000179022)
(-0.0150481,0.00289815)
(-0.000752206,0.00517464)
(-0.0246213,0.00358712)
(-0.0253808,0.00144836)
(0.0103405,0.00657233)
(0.00227003,0.0144884)
(0.000401345,-0.0053055)
(-0.0202089,0.0109553)
(0.00580381,-0.00235285)
(-0.00605327,0.00321873)
(0.00994405,0.00221479)
(-0.0144099,0.00287605)
(-0.011614,0.00770463)
(0.016692,-0.00303046)
(-0.00313509,0.00420863)
(-0.0182604,0.0145453)
(-0.0214998,0.015565)
(-0.019868,0.00779249)
(0.0161341,-0.0145373)
(-0.00292763,0.0234757)
(-0.0139195,-0.0132094)
(0.00570667,-0.0102553)
(-0.0136487,-0.00944015)
(-0.0119273,0.00325096)
(0.00131541,0.0146413)
(-0.0202775,0.0142743)
(-0.0173168,0.0221211)
(-0.00762387,0.00913275)
(-0.00694995,-0.000484859)
(9.50974e-05,0.0067236)
(-0.0243998,-0.0026067)
(-0.00764669,-0.00569052)
(-0.0424324,0.00296444)
(-0.00126123,0.00800648)
(-0.00684941,0.0164638)
(0.00422682,-0.00819445)
(-0.000580717,-0.0150232)
(0.0116872,0.00877649)
(-0.00148436,-0.0146721)
(0.0186794,0.0199947)
(-0.020459,-0.00868253)
(0.00986365,0.0109672)
(-0.021003,-0.00122616)
(-0.0158584,0.0146514)
(0.00704797,0.0113524)
(0.0275199,0.0117901)
(-0.00543416,0.0236713)
(-0.0139127,0.0070539)
(0.00395173,0.018656)
(-0.00437241,-0.00278365)
(-0.0135974,-0.0126857)
(0.00340912,0.00670438)
(-0.0191766,0.017531)
(0.00975642,-0.00738331)
(-0.0046007,-0.012614)
(-0.00798526,0.00049559)
(0.0257965,-0.00626072)
(0.00863006,0.00765034)
(-0.0130217,0.015796)
(0.063543,-0.0307065)
(0.146723,0.0252078)
(0.0141289,-0.0166436)
(0.014951,-0.00327344)
(0.0213243,-0.0240268)
(0.00173208,0.000248675)
(0.151808,-0.0304111)
(0.0829187,-0.178793)
(0.0157852,0.00516233)
(-0.00465131,0.0223594)
(-0.000415192,0.00478153)
(0.0036278,-0.00458026)
(0.00383115,0.00417038)
(0.0140787,0.0129981)
(-0.00199895,-0.00495825)
(-0.00674135,0.00207622)
(-0.00246941,0.0013003)
(0.00749913,0.00212862)
(-0.0193894,0.0157516)
(0.00961223,0.00254399)
(0.00993552,-0.00412774)
(-0.0086658,-0.0105346)
(0.00646052,0.00414105)
(-0.0212264,0.010788)
(0.0034827,-0.0119148)
(-0.0256919,-0.00115117)
(-0.00711789,0.00136371)
(-0.0227547,0.00747043)
(-0.0290651,0.0143572)
(-0.0038194,0.00347504)
(0.00406622,0.000576232)
(0.010088,0.000665482)
(-0.0233635,0.0121487)
(-0.0070288,0.0030555)
(-0.00371685,0.00369546)
(-0.00629786,-0.00137643)
(-0.00143341,0.019807)
(-0.0165551,-0.00466837)
(-0.00696468,-0.0018365)
(-0.00126511,0.00423021)
(-0.00801505,-0.0103984)
(-0.0190167,0.00537158)
(0.0129068,0.0025721)
(-0.00476578,-0.000988552)
(-0.0156053,-0.0126138)
(0.0154713,-0.000481497)
(0.00397259,-0.02657)
(0.0176261,0.0270908)
(-0.0183077,0.00425325)
(0.031028,-0.0138003)
(-0.00682585,0.000728378)
(0.00172612,0.0124672)
(0.0390145,0.00912536)
(-0.00619294,0.00245565)
(-0.000950858,0.00911157)
(0.00874889,0.00120228)
(-0.0165527,0.00222494)
(0.0054099,-0.000407683)
(0.0185252,0.0116279)
(0.0250531,0.00689204)
(-0.044631,0.0380507)
(-0.0325343,-0.0671532)
(-0.00234761,-0.00490774)
(0.0103939,0.000886841)
(0.0110089,-0.0192749)
(-0.00681803,0.00265339)
(0.107659,-0.0712904)
(-0.0916881,-0.0825766)
(0.0179727,0.0171447)
(-0.0246263,-0.0217342)
(-0.0344438,2.16987e-05)
(0.00821314,0.00772523)
(-0.0125089,0.0046362)
(0.00326605,0.00804294)
(0.0124653,0.00370791)
(0.00391392,-0.00353823)
(0.00886009,-0.00962757)
(-0.0112974,-0.0176878)
(0.010296,-0.0158697)
(0.018575,0.013985)
(-0.00165504,0.00975784)
(0.00811058,0.0162103)
(-0.000984118,-0.0166943)
(0.00967378,-0.00485)
(-0.00880003,0.0126373)
(-0.0150537,0.00950864)
(0.0102635,0.0165899)
(-0.00160616,-0.0374318)
(-0.0199612,-0.00679383)
(0.0139386,0.0200398)
(-0.018004,0.00778525)
(-0.0166865,0.00856714)
(-0.00484362,-0.00252158)
(-0.00721556,0.000639022)
(-0.0115917,0.00215445)
(0.00140687,-0.00128915)
(-0.00125928,-0.00063684)
(0.0143653,-0.00356161)
(-0.0109908,-0.00220818)
(0.0074178,0.00619817)
(0.0130792,-0.00781904)
(0.0015781,0.00171095)
(0.00124055,0.0079382)
(-0.00213134,-0.0106001)
(-0.00286722,-0.00428455)
(-0.0159812,-0.00919772)
(-0.00235295,0.00357658)
(-0.0092352,0.00795823)
(-0.00761081,0.000542953)
(0.0276997,-0.0053122)
(-0.0058234,0.00738992)
(0.00674579,-0.00907497)
(0.0205644,0.00177001)
(-0.0136649,0.0102099)
(0.0309571,-0.00392625)
(-0.00158827,-0.00814964)
(-0.00983992,-0.000496758)
(-0.00153186,0.00180244)
(-0.00473474,-0.000600935)
(0.011687,-0.0161262)
(-0.00131867,0.0131859)
(-0.0123231,0.0112535)
(0.00713688,-0.00176995)
(0.002698,-0.0104303)
(-0.00164039,0.0125843)
(0.0087836,-0.0127359)
(-0.00989042,0.00303881)
(-0.0118145,-0.00374316)
(0.00842062,-0.00228978)
(-0.00280653,-0.00503658)
(-0.00929665,0.0120964)
(-0.00182352,-0.0032984)
(0.00360204,0.0243554)
(0.0211112,-0.0214878)
(0.00263532,-0.00358538)
(-0.0077063,0.00835654)
(0.0116674,0.000765557)
(-0.0232055,0.0181739)
(-0.00175653,0.00450761)
(-0.0122375,-0.00980468)
(0.00999717,-0.00113848)
(-0.0278781,0.0127752)
(0.00270299,-0.00407377)
(-0.005545,0.0134738)
(-0.0203482,6.53387e-05)
(0.00435826,-0.00257616)
(-0.0133223,-0.00184692)
(0.00982718,0.0109647)
(-0.00938355,0.00622453)
(-0.00915054,0.0060802)
(-0.000659732,0.00556787)
(-0.0045783,0.00570319)
(0.00726811,-0.0116787)
(-0.00470834,0.00322838)
(0.0194035,-0.00684241)
(0.014464,0.00451199)
(-0.00416149,-0.00747634)
(-0.0247992,0.010441)
(-0.0240926,0.0019646)
(0.0106077,0.010947)
(-0.0215569,-0.0172729)
(0.00703819,0.0300778)
(0.016907,0.000324875)
(0.0155251,-0.00134435)
(0.0047589,0.0028822)
(0.00992955,0.00705636)
(-0.00783535,0.0175789)
(-0.0251417,0.00448709)
(-0.00779844,0.0102657)
(0.0381072,-0.00604822)
(-0.0085693,-0.00670882)
(0.0190783,-0.000475448)
(0.0132139,-0.0118243)
(0.000313416,0.00434687)
(0.00217114,0.0118613)
(-0.000837138,-0.0156147)
(-0.0165351,0.00517182)
(-0.00406949,0.0161389)
(0.00783629,-0.0127337)
(0.0295712,0.0169852)
(0.0214527,0.00415271)
(0.00434052,0.00651194)
(0.00154752,-0.000736288)
(-0.00812322,0.00427226)
(0.0407086,-0.0359748)
(0.0516585,0.0174811)
(0.0119524,0.00348798)
(0.0110864,0.0154346)
(-0.00193955,0.00857788)
(-0.0175762,0.00806132)
(0.0113984,-0.00158997)
(0.0241297,-0.0214925)
(0.00552018,-0.0023215)
(-0.0129506,0.00403838)
(-0.0182888,-0.0109938)
(0.0205966,0.00212058)
(-0.00558772,-0.0065975)
(0.00722778,0.014951)
(0.0135027,-0.0214125)
(0.00663239,0.00010878)
(-0.0510742,-0.0282693)
(-0.0129949,-0.0821869)
(-0.00754831,-0.00964347)
(-0.00631251,0.018184)
(-0.0264304,0.0308478)
(-0.00454379,-0.0218875)
(-0.0414351,-0.00353993)
(-0.0130718,-0.0582347)
(0.00921238,0.000423619)
(-0.000357701,0.0170628)
(0.017805,-0.00809832)
(-0.0144942,0.00258367)
(-0.00265343,-0.010199)
(0.0296996,-0.00694342)
(0.011551,-0.00681786)
(0.00379484,0.000225302)
(-0.00267536,-0.000576563)
(-0.0023894,0.00737456)
(0.00725068,-0.00809854)
(-0.0317457,0.007997)
(0.0353361,-0.0310734)
(-0.0187261,0.0183311)
(0.00174172,0.00969851)
(-0.00515155,-0.00609628)
(0.0020102,0.0244039)
(-0.00280864,-0.00987169)
(-0.000354581,0.00760057)
(0.00309529,0.00296154)
(-0.0181212,-0.000865398)
(0.013853,-0.00107388)
(-0.00779575,-0.000128177)
(-0.0107294,0.00340887)
(0.0166047,-0.000417779)
(0.00210885,0.0169056)
(0.00346827,-0.00460931)
(0.0117013,-0.00638899)
(-0.0240788,-0.00269207)
(0.0110112,-0.00741586)
(-0.00313449,0.00770142)
(0.00401848,-0.00711713)
(0.0181149,-0.0124514)
(-0.0104768,0.0174055)
(-0.000380619,-0.00458498)
(-0.0165366,0.00362264)
(-0.00546197,0.00077882)
(0.00624017,0.00547208)
(-0.0334026,0.0134489)
(0.0170424,-0.00315327)
(0.0355098,0.00406926)
(0.016847,0.00915671)
(0.0122202,-0.010477)
(0.0133621,0.0108552)
(-0.00211687,0.0097618)
(-0.0093981,0.0180934)
(-0.00701469,-0.0141473)
(-0.00118522,0.00622245)
(0.0109578,-0.000295904)
(-0.00260047,0.00308881)
(-0.0104509,0.00542336)
(0.0125065,-0.0198394)
(-0.0883611,-0.0541176)
(-0.0764815,-0.0626037)
(0.00710511,-0.00365647)
(-0.00332844,0.0099431)
(0.00484489,0.0060512)
(-0.0130053,0.0143362)
(0.0199481,-0.124043)
(0.0722561,0.0294888)
(0.0160499,0.0147404)
(-0.00140356,0.0092089)
(0.0024826,0.00168039)
(-0.00828118,0.00951351)
(-0.0153094,0.00711159)
(0.0170813,-0.00382703)
(0.00112029,-0.0211578)
(0.00406327,-0.010762)
(0.000956014,-0.0140203)
(-0.00704764,-0.00825739)
(-0.0167834,-0.00740821)
(-0.0161026,0.000882366)
(-0.0102076,-0.00910795)
(0.00648822,-0.00917712)
(-0.021375,0.0274559)
(0.00471658,-0.00162389)
(-0.0314141,-0.0061793)
(-0.0042697,-0.00562936)
(0.0241342,0.0182869)
(-0.00419229,0.0195415)
(0.00533839,0.00219061)
(-0.00939023,-0.00304652)
(0.00593657,-0.0123395)
(0.00129002,-0.012597)
(0.0151864,-0.00743143)
(0.0084232,0.00992115)
(0.0022025,0.00611954)
(-0.010626,0.00970089)
(0.0120709,0.00183011)
(0.00455154,-0.0102056)
(0.00437246,0.0171376)
(-0.0122147,-0.0133671)
(0.0149261,0.0116882)
(-0.0107668,-0.0135548)
(-0.00320101,-0.00805157)
(0.0189689,-0.0312612)
(-0.0100285,0.016452)
(-0.0208178,-0.00230435)
(-0.0075795,-0.00213067)
(0.0065715,0.00250901)
(0.00563756,-0.00757184)
(0.00081661,-0.00644077)
(-0.00467162,0.00939309)
(0.00585381,0.00538987)
(0.01139,-0.00398708)
(-0.000677824,0.00363991)
(-0.00584239,-0.00980335)
(0.00083468,0.010794)
(-0.00438923,0.00121625)
(0.00654319,-0.0135335)
(-0.00152834,-0.00189077)
(-0.0105387,-0.00122155)
(0.00973225,-0.00647416)
(-0.00150675,0.000945278)
(-0.0114793,0.0134925)
(0.0162524,-0.00837632)
(0.0173036,-0.0074595)
(-0.0100745,-0.0062988)
(-0.00582014,0.00914776)
(-0.00850977,0.000836636)
(0.00270629,-0.015371)
(-0.00448979,-0.000426027)
(0.000288934,0.00696627)
(-0.00325308,-0.00347597)
(-0.00512466,0.00276499)
(-0.0257666,0.0050482)
(-0.00933461,0.00642309)
(0.0130167,0.000224279)
(-0.00594579,0.00974411)
(0.0161462,0.0166347)
(0.011328,-0.00490785)
(0.0039347,-0.0153078)
(-0.00100616,0.0166518)
(-0.00406769,0.00846014)
(-0.00175981,0.00342884)
(0.0017558,-0.00208453)
(-0.00277476,0.0129789)
(-0.00398377,0.00503369)
(-0.00254851,0.00444527)
(0.000620243,0.0160085)
(0.00713645,0.0050263)
(0.00857432,-0.00466031)
(0.0157264,-0.00774579)
(-0.0217659,0.0128909)
(0.000589938,0.00319285)
(-0.0154717,-0.00774785)
(0.0114135,0.00571635)
(-0.0104752,-0.00475257)
(-0.0108241,0.00358346)
(0.0170063,-0.00686838)
(-0.0112453,-0.00134302)
(-0.00810923,-0.00986862)
(0.0098578,-0.00317964)
(-0.0137766,0.0147496)
(-0.00212072,-0.00100049)
(-0.0112742,-0.00576223)
(0.0226794,-0.0101712)
(-0.00864683,-0.00491357)
(-0.00313124,0.0154071)
(-0.00392848,-0.00036029)
(-0.00526503,0.00759161)
(-0.0038452,0.00872776)
(0.00890314,-0.00154355)
(0.00421489,0.00829278)
(0.00819069,0.0119681)
(-0.0229043,0.0142145)
(-0.0110607,-0.00744904)
(-0.00841456,0.000579734)
(-0.025365,-0.00488275)
(-0.014995,-0.0198498)
(0.0175344,-0.000417062)
(0.025855,0.012262)
(0.00805863,0.0187851)
(0.0252534,0.0216277)
(0.0153618,0.034983)
(-0.0229421,0.014716)
(-0.0158401,-0.0187915)
(0.0188038,-0.0137171)
(-0.0150908,-0.00873981)
(-0.00864443,-0.00420275)
(-0.00340417,-0.00336539)
(-0.0110165,-0.0225701)
(0.00876371,0.00172571)
(0.00859803,0.00944511)
(0.00570578,-0.0133902)
(-0.00188964,-0.0147671)
(-0.0140746,-0.00185985)
(-0.0188997,-0.00928186)
(0.00651056,-0.00599878)
(0.00974719,0.00407549)
(0.0224278,0.0255637)
(0.0242004,0.0261075)
(-0.0900535,0.0829577)
(-0.0078773,-0.0105327)
(0.014371,0.00355846)
(-0.0996408,0.0403931)
(-0.00625812,0.0256962)
(-0.0473259,0.014814)
(0.0134161,-0.0490104)
(0.0334728,0.0283085)
(-0.011954,-0.00581928)
(0.00611075,0.00375509)
(0.0132029,-0.00202766)
(-0.00425357,-0.0127437)
(0.0160728,-0.00940145)
(0.00586422,0.00676569)
(0.000340252,0.00583049)
(-0.00366459,-0.00471843)
(-0.015505,0.00974405)
(-0.0105854,-0.00430206)
(-0.0159784,0.00703439)
(0.0277461,-0.0224872)
(-0.0502186,-0.0592784)
(-0.0501875,-0.0468012)
(0.0366437,-0.0264476)
(0.0270847,-0.00172362)
(-0.00529392,0.0191321)
(-0.0118635,-0.0107612)
(-0.0454099,-0.0152298)
(-0.0489903,0.00602316)
(0.00196815,0.011555)
(-0.0162648,-0.0233656)
(0.00415231,0.00595715)
(-0.0176484,0.0043763)
(0.0238742,-0.00910864)
(-0.000205486,0.0128391)
(-0.00968131,-0.00102642)
(0.00773933,-0.00368676)
(-0.0173918,0.00145715)
(0.0315743,0.00244647)
(0.00878059,-0.0284105)
(0.0405728,-0.00708726)
(-0.00846623,-0.0245961)
(0.00166195,0.0322168)
(0.00924897,0.00381937)
(0.00235551,-0.00839883)
(-0.00217427,-0.0104871)
(-0.0258363,-0.0108905)
(-0.086137,0.0734166)
(-0.0553414,0.0173334)
(0.0427899,-0.014801)
(0.005074,-0.0113939)
(0.0269134,-0.0182368)
(0.00473671,0.00551683)
(0.00770101,0.00715181)
(-0.0171255,-0.00936675)
(0.0122348,0.0103833)
(-0.00352034,0.0116594)
(-0.010158,0.00721364)
(0.00337963,-0.0177727)
(0.0363348,-0.00444047)
(0.0164973,-0.00490605)
(0.0224985,-0.0449421)
(0.0552472,-0.0300809)
(-0.108537,-0.0469819)
(-0.0954393,0.0570863)
(-0.0255221,0.119905)
(-0.0335323,0.0196632)
(0.0932054,-0.00911201)
(0.0205719,0.0105606)
(0.020801,-0.00595324)
(-0.00714904,0.0087759)
(-0.0191013,0.00522493)
(0.00793928,0.00481566)
(-0.0111611,-0.00647731)
(0.00493291,-0.0118012)
(-0.0119375,-0.00144323)
(-0.0150253,0.00408895)
(-0.00790493,0.00167201)
(0.00399886,-0.00836516)
(-0.0159294,0.003694)
(-0.00828908,-0.0210527)
(0.0109385,0.0146916)
(0.00487151,0.000950027)
(0.0185049,-0.0190799)
(-0.00283644,-0.0112151)
(-0.0269707,0.0161204)
(-0.0022949,0.00841906)
(0.00308586,-0.00179259)
(-0.0147226,-0.00147254)
(0.0183737,-0.0164037)
(-0.0232108,0.0113063)
(0.0108488,0.0079229)
(-0.000896507,-0.0097945)
(-0.0120458,0.0115785)
(-0.020409,0.00653589)
(-0.00504572,0.00119117)
(-0.00247558,0.00404473)
(-0.0105972,-0.00195337)
(0.0265308,0.0029581)
(-0.0050163,0.00193839)
(0.00559271,-0.0166507)
(-0.00529873,0.00267331)
(-0.00419813,-0.00605518)
(0.00544562,0.0130304)
(-0.00569625,-0.0180234)
(0.00330749,-0.000933668)
(0.00644755,-0.0190135)
(-0.0252803,0.00142941)
(-0.00202723,-0.00603448)
(-0.0250973,-0.00064742)
(-0.00833232,-0.00666479)
(-0.00282642,0.0109969)
(0.0120027,0.00795908)
(-0.00106794,0.00931428)
(-0.0164953,0.004963)
(0.0143969,0.00193477)
(-0.00874343,0.0130081)
(0.014353,-0.00548156)
(0.00497839,-0.00737777)
(-0.00268742,-0.00262883)
(-0.000766117,0.00465024)
(-0.00963887,0.00702968)
(-0.000197368,0.00241448)
(0.00859083,-0.00282277)
(0.00476081,-0.00819594)
(-0.00689613,0.024727)
(-0.00165473,0.00345075)
(-0.00614302,0.000991217)
(0.0224506,0.00044793)
(-0.0106325,0.00991907)
(0.0131702,-0.0114656)
(-0.000427079,-0.0011112)
(-0.0149323,0.0056647)
(0.00267264,-0.00775936)
(-0.0109734,-0.00586565)
(-0.0194382,0.0102368)
(0.0114419,0.00113903)
(-0.00265562,-0.000658088)
(0.0101714,0.00222948)
(-0.00921179,-0.00163297)
(-0.0069822,-0.00360133)
(-0.00611268,-0.00704384)
(0.000586262,-0.0034436)
(-0.00525614,0.0083813)
(0.00122395,-0.00556141)
(-0.00288839,-0.0088288)
(-0.00464174,-0.00284029)
(0.0274503,0.00929943)
(0.0336224,0.0109026)
(0.0137274,-0.0016607)
(-0.011299,0.0165871)
(0.00265235,0.00248968)
(0.0198594,-0.0193103)
(0.00631959,-0.00227897)
(-0.00578192,0.0119122)
(-0.0146837,9.80096e-05)
(0.0196817,-0.00441708)
(0.00926507,0.0120214)
(-0.000631705,-0.00313122)
(0.0260215,-0.00500399)
(-0.000107057,-0.00802197)
(-0.0111982,0.00593484)
(0.00122441,0.00269481)
(-0.0094331,-0.00648678)
(-0.0087561,0.00485899)
(0.0102775,-0.00726204)
(-0.00187611,0.00586092)
(-0.00546175,-0.0028829)
(0.0153254,-0.00157253)
(0.0218925,-0.00318978)
(0.00348742,0.00398074)
(-0.00637416,0.000798879)
(0.000110014,-0.00422866)
(0.0103492,-0.0117639)
(-0.0174826,0.000121908)
(0.0143252,-0.0103353)
(0.000371629,-0.00356176)
(0.0117428,-0.00179459)
(-0.0167127,-0.00590315)
(-0.0210719,0.00942488)
(0.000468143,0.00149595)
(0.0111482,-0.00814383)
(0.0170757,0.019171)
(-0.0160561,0.0252823)
(-0.00633059,-0.0113432)
(0.0122907,-0.0132625)
(0.0195013,-0.0023332)
(0.00642434,0.0252158)
(-0.0167989,-0.00273002)
(-0.00532982,-0.000862938)
(-0.0022087,0.00656227)
(0.0211678,-0.00223048)
(0.000974939,0.0167106)
(0.00590065,-0.00070654)
(0.00476453,-0.000603357)
(0.00685064,-0.00162831)
(0.0018681,-0.00572205)
(-0.0243701,-0.00631553)
(0.00575465,0.00606033)
(0.0320551,-0.0163123)
(-0.00101669,0.00744347)
(0.0149634,0.0375125)
(0.0407016,0.00928745)
(-0.0231161,0.0318143)
(-0.0127405,0.0105038)
(-0.0280306,-0.0458956)
(-0.0154694,0.0132194)
(0.0171331,-0.00859789)
(0.0195084,0.00474912)
(0.00503719,0.00512204)
(-0.00257578,0.00962066)
(0.0148031,-0.000205104)
(-0.0236144,0.00572788)
(-0.0180706,0.00184001)
(0.0084273,0.00496914)
(-0.00370038,-0.0152644)
(0.000569682,-0.00305593)
(-0.000915272,-0.0141721)
(-0.00692196,-0.00479971)
(0.00604422,0.00423737)
(0.00129093,-0.015281)
(-0.0453033,0.00438796)
(0.0224944,0.0086691)
(-0.0159609,0.0183072)
(0.0132058,-0.00145917)
(-0.0173598,0.00159681)
(-0.000324892,-0.00542442)
(0.0402232,0.0052153)
(0.0185177,-0.00938463)
(-0.00496617,0.00667686)
(0.020306,0.00522333)
(0.000357426,0.00266168)
(-0.00362935,0.0092594)
(-0.0104614,-0.00537369)
(-0.00137261,-0.00256802)
(0.0156415,-0.00554776)
(0.00300652,-0.0053885)
(-0.00160925,-0.0200496)
(0.0124717,-0.0102699)
(0.0145555,-0.0187663)
(0.00170919,0.00783765)
(-0.0152747,-0.00268155)
(0.0303682,0.0252408)
(-0.00811919,0.0139353)
(-0.0131479,-0.0048494)
(0.00657874,-0.027163)
(-0.0112978,0.0162201)
(0.0442803,0.0155059)
(0.0245198,-0.00633908)
(-0.00619482,-0.00794725)
(0.0397496,0.00710532)
(-0.0252027,-0.000405249)
(-0.00820348,0.0107763)
(-6.35501e-05,0.00359533)
(0.00681047,-0.00241199)
(0.0109828,-0.00463486)
(-0.0124179,0.0016073)
(-0.0172892,0.00990845)
(0.00661016,0.00307743)
(0.00572895,0.00255627)
(-0.000422239,-0.0112742)
(0.0326894,0.00396004)
(0.0234086,-0.0202978)
(0.0154118,-0.0213103)
(0.0225515,-0.0203655)
(-0.00804669,0.00461411)
(0.0238253,-0.0144872)
(0.015878,-0.0184497)
(-0.00642292,0.0080444)
(-0.00927216,0.0091757)
(-0.0233545,0.00234733)
(-0.0199372,0.00651138)
(0.0042398,-0.00999811)
(-0.00517781,0.00961458)
(-0.00142989,-0.00692964)
(0.0150623,0.0044781)
(0.00364921,0.000242579)
(0.00731399,0.00129373)
(0.00171499,0.00654927)
(-0.0181538,-0.000476429)
(-0.00500852,-0.000497451)
(-0.0207754,0.00561127)
(-0.00619351,0.00437346)
(0.0200364,0.00638653)
(0.0285847,-0.0146247)
(-0.00352839,-0.019683)
(-0.030397,-0.000188593)
(-0.00139871,-0.0110366)
(-0.0317995,-0.00979638)
(0.0046375,0.00846589)
(0.00465672,-0.00782191)
(0.00319051,0.0175341)
(0.0166726,-0.00840367)
(-0.0113164,0.00431085)
(-0.0111002,-0.00707157)
(0.00997452,0.000212744)
(0.0151024,-0.00804096)
(0.00966278,0.00585567)
(0.00282056,0.0176294)
(-0.0137815,-0.0107572)
(0.032747,0.00642837)
(-0.0315898,0.0017193)
(0.00717554,-0.00233594)
(0.00449449,0.0109595)
(-0.0203204,0.00340414)
(-0.025116,-0.000638705)
(-0.0212189,0.0087276)
(-0.0294431,-0.000825892)
(-0.00626181,-0.0104403)
(-0.0145201,0.0269285)
(0.0119593,0.0157468)
(0.0253395,0.0104938)
(-0.0107348,0.0124321)
(0.0118916,0.00722258)
(0.0065655,-0.0158791)
(0.00256475,0.00270467)
(0.0162827,0.0151965)
(0.00244042,0.00310789)
(-0.00784687,-2.69625e-05)
(-0.0160981,0.00149235)
(0.0030082,0.00460402)
(-0.00627202,0.00367235)
(0.00844064,0.00325194)
(-0.00816505,0.000893325)
(-0.00706386,0.00470373)
(-0.0118703,-0.000721309)
(-0.00985786,-0.00686712)
(-0.00764836,0.00615497)
(0.0215397,0.00856474)
(-0.0293715,-0.0037407)
(0.00795241,-0.00877703)
(-0.00614395,-0.00214863)
(0.0104097,-0.0017945)
(-0.0141325,-0.0079689)
(-0.000993217,0.00553804)
(-0.0017111,0.0103282)
(0.000442257,-0.00608756)
(-0.00111612,0.00361778)
(-0.0040544,-0.0060355)
(0.0151985,0.000999302)
(-0.000724534,-0.00388921)
(0.0152881,-0.00580064)
(-0.00138084,0.0208169)
(0.00486126,-0.00105436)
(-0.00472211,0.0148288)
(0.0178419,0.00432204)
(-0.00163453,-0.00381432)
(0.00564297,-0.0092215)
(-0.0110494,-0.00134302)
(-0.00735734,0.0111998)
(-0.0249363,-0.00339514)
(0.00212262,-0.00966377)
(0.0171259,-0.000390713)
(-0.00238249,0.00783531)
(0.0160171,0.0069026)
(-0.018904,-0.00257499)
(-0.00311066,-0.00159044)
(-0.0166667,-0.00169852)
(-0.0170679,0.00294528)
(0.00608929,0.0108169)
(-0.00308191,0.000903885)
(-0.00667789,0.00899282)
(-0.00709945,0.00845329)
(-0.013075,-0.00865563)
(0.0251415,-0.00627134)
(-0.000132689,8.54354e-05)
(-0.00723284,0.0219379)
(0.000498013,-0.00562611)
(0.0182729,0.00528476)
(0.00687647,-0.00651622)
(-0.00941467,0.00759324)
(0.00477884,-0.0262306)
(0.00735217,0.00451881)
(0.018716,-0.00633363)
(0.000280015,0.0021591)
(0.0117787,-0.00214076)
(0.0150853,0.00809644)
(0.01794,-0.00492509)
(-0.000625241,-0.00651515)
(0.00620768,-0.00790077)
(0.0090336,0.00782201)
(-0.0351024,-0.0193273)
(0.0137843,0.00501605)
(0.00552326,-0.000455559)
(0.0139221,0.00248708)
(0.00709313,0.00812003)
(0.00350834,0.00443089)
(-0.00330522,0.0112239)
(-0.00581475,0.00592953)
(-0.000405903,0.000605176)
(0.00344317,0.0114282)
(0.0197942,-0.00182812)
(0.00138473,-0.00249143)
(0.0181642,-0.0174683)
(0.0171471,-0.0183716)
(0.0245523,-0.00230863)
(0.0195474,0.00684095)
(0.00774819,-3.26203e-06)
(0.0141797,0.0100803)
(0.00971531,-0.00880231)
(0.00325033,-0.00519065)
(0.00608183,-0.0111437)
(0.0102343,0.000411717)
(0.00993968,0.000449708)
(0.00400251,-0.0145211)
(0.0101016,-0.015584)
(-0.00903243,0.00858457)
(-0.000664753,-0.000625588)
(-0.0214572,0.0124417)
(-0.00954741,-0.00727654)
(-0.00496319,0.00619776)
(0.0106186,-0.00660965)
(0.00156149,0.008198)
(-0.00827249,-0.000538116)
(0.0137411,0.0128685)
(0.0038272,-0.0149628)
(0.00264625,-0.00365464)
(0.0115528,-0.00498089)
(0.00474991,0.00388071)
(0.018272,-0.00692866)
(-0.00506558,0.00248028)
(0.012095,0.000340697)
(-5.77914e-05,-0.0129483)
(-0.0187816,-0.00763687)
(0.0119462,-0.00556174)
(-0.0104783,-0.00637328)
(0.018238,-0.00278643)
(-0.0306725,0.0106745)
(0.00580808,0.0130422)
(-0.00751018,0.00905656)
(-0.0110297,0.0262158)
(-0.000188024,0.00674706)
(0.00299911,0.00527196)
(-0.00902417,0.00523213)
(0.0194771,-0.00269792)
(0.00639098,-0.0173311)
(-0.0227268,0.0136873)
(-0.0118863,0.00433534)
(0.0121654,-0.00694203)
(-0.0167413,-0.00291706)
(-0.00583624,-0.00906762)
(0.0101251,-0.0118063)
(-0.000384704,0.00272285)
(-0.00630315,0.00386098)
(0.00300179,0.00459119)
(-0.0191225,0.00450905)
(-0.00107026,-0.00951085)
(0.0123793,-0.00965137)
(0.0110564,0.00260107)
(-0.0127506,0.0168981)
(-0.00833438,0.0163329)
(0.00268419,0.00646035)
(-0.00912154,-0.00672321)
(-0.0135882,-0.00239165)
(0.00131933,-0.00583827)
(-0.0256119,-0.00355069)
(-0.0047632,0.00838783)
(-0.0120805,-0.0127296)
(0.00810621,0.00205008)
(0.0105602,0.00818693)
(-0.0127421,-0.00271589)
(-0.00842177,0.0182796)
(0.00895138,0.00441289)
(0.0120131,0.00341162)
(-0.0113718,-0.0117227)
(0.00107466,-0.00271668)
(0.0211767,-0.00107845)
(-0.0060391,-0.00261435)
(-0.00897249,-0.000308915)
(-0.000937903,0.00239884)
(-0.00556505,-0.00601531)
(-0.00289034,0.0104369)
(-0.0301009,-0.00157665)
(-0.00696852,0.0100866)
(-0.00622321,0.00290274)
(0.00280069,0.00193804)
(0.011049,0.00510955)
(0.000647703,0.0238447)
(0.00230073,0.0120039)
(-0.0135432,0.00694232)
(-0.010114,0.0130117)
(-0.00851017,0.00928536)
(0.0121788,-0.0118419)
(0.00659879,-0.0110641)
(0.0124836,0.0128319)
(-0.0217818,0.00174146)
(0.0202247,-0.00640956)
(-0.012636,-0.000352216)
(0.00305665,-0.0110025)
(0.00343081,-0.0100887)
(0.031168,0.00186756)
(0.0196585,-0.00769526)
(0.0195977,-0.0101831)
(0.0142433,0.0124999)
(0.0233563,-0.0104362)
(0.00382269,0.000691047)
(-0.0151264,0.00755085)
(-0.0143692,-0.000902334)
(0.0167227,-0.00254551)
(0.000551187,-0.00643968)
(0.0120486,0.00421078)
(0.00775806,0.0135308)
(0.0187314,-0.0125531)
(-0.00699431,-0.00030853)
(-0.0133744,-0.000492883)
(-0.00683417,0.012568)
(-0.00938686,-0.00452323)
(0.00291418,-0.00988672)
(0.00408211,0.00886669)
(-0.0106513,0.00019768)
(-9.34616e-05,0.00634098)
(-0.00636997,0.00527808)
(-0.000789655,-0.00362134)
(0.00914399,0.00441433)
(-0.00891641,-0.00178541)
(-0.0072266,0.00523735)
(-0.00187771,-0.0225511)
(-0.0417842,0.00990364)
(-0.00804996,-0.00266586)
(-0.00945806,0.00891989)
(-0.00927133,-0.000348594)
(-0.00847866,0.00414777)
(0.0161352,0.000631784)
(-0.00673662,-0.00241302)
(0.000165639,-0.0115855)
(-0.00978297,0.00480855)
(-0.00648897,0.00872096)
(-0.00102291,-0.00678173)
(0.00920561,-0.00487328)
(-0.0159251,0.00961052)
(-0.023422,-0.0138113)
(-0.0109384,-0.00267619)
(-0.00279398,0.0104892)
(-0.0153394,-0.00224626)
(-0.0154728,0.00291046)
(0.0157615,0.00717482)
(-0.00136754,-0.00592024)
(0.0146919,-0.0102044)
(-0.0146258,-0.00975942)
(0.00905565,-0.00934571)
(0.00624845,0.000958674)
(0.00782423,-0.00804576)
(0.0153094,-0.00681475)
(0.0133523,-0.0134958)
(-0.0112834,0.0123046)
(-0.00307557,-0.0099255)
(-0.0122133,0.0093988)
(0.0175015,-0.0043083)
(0.00876695,-0.00074163)
(0.0121769,0.00127959)
(-0.0152226,0.000194259)
(0.00759344,0.00885478)
(0.00761294,0.00218029)
(0.0185099,-0.00373536)
(-0.00820085,0.00315374)
(0.021692,0.00994888)
(0.0015786,-0.00909551)
(0.00529606,0.00911464)
(-0.0115179,-0.00338761)
(0.00639578,0.00378051)
(0.0114192,0.0168223)
(-0.000279738,-0.000761415)
(0.00325961,0.0180078)
(0.00242862,-0.000271423)
(-0.0226611,-6.63525e-06)
(0.000280872,-0.0125855)
(-0.0102563,-0.00162222)
(0.0116996,-0.00639931)
(0.0188018,-0.00151785)
(0.0315275,0.0209508)
(-0.0063086,0.00357666)
(0.00285992,-0.0140282)
(-0.00115154,0.013147)
(0.007199,0.0123234)
(-0.0141567,0.00346835)
(0.00813363,0.0120915)
(0.0241638,-0.00445062)
(0.00371184,-0.00189807)
(-0.0162516,0.00555798)
(0.0127136,0.000941356)
(0.0187321,0.000515973)
(-0.0138536,0.00179846)
(0.0251451,0.000322076)
(0.00297244,-0.0036831)
(0.00739312,-0.0200521)
(-0.0160377,0.007616)
(-0.00323688,0.00504611)
(-0.0199385,-0.00193732)
(0.0143287,0.00550543)
(-0.00751329,-0.00406341)
(0.0038569,-0.000588111)
(0.0139157,-0.00304606)
(-0.00867342,-0.0132442)
(0.00974864,-0.0112661)
(-0.00562086,-0.00720235)
(-0.0167816,-0.00483647)
(0.0336499,-0.00542167)
(0.0092992,-0.00947147)
(0.0433636,-0.00576687)
(0.00140793,0.00373354)
(0.00807297,-0.00497993)
(-0.0169375,-0.000289269)
(0.00389454,-0.0106428)
(0.0265823,-0.00482616)
(-0.00613392,-0.00223198)
(0.0175026,-0.0103467)
(0.0132919,0.00048576)
(0.00202542,-0.0129253)
(-0.0205298,-0.00156717)
(0.0111532,-0.0141033)
(0.0138675,0.000487767)
(-0.00952593,0.00261175)
(-0.00789845,0.00550147)
(-0.00635945,-0.000723067)
(-0.00995067,-0.000139524)
(-0.0015744,0.000159567)
(0.00661679,-0.0132771)
(-0.00395692,-0.00295609)
(0.0142092,0.00231098)
(-0.0128172,-0.00179656)
(0.010181,-0.00127477)
(0.00394598,0.0141058)
(-0.0166212,0.00786103)
(0.00274942,0.00833713)
(0.00576937,0.00747456)
(-0.00194634,-7.03638e-05)
(-0.00203076,-0.0100145)
(-0.0098166,0.00667562)
(0.0144546,-0.000849494)
(0.00742811,-0.000464752)
(0.00931797,-0.002286)
(0.00332583,0.00187322)
(0.0169641,-0.00904487)
(-0.0135957,-0.000662061)
(0.0147483,-0.00598706)
(-0.0108987,-0.0093603)
(-0.0123851,-0.0124609)
(-0.00285342,-0.00204519)
(-0.00293132,-0.00794531)
(-0.00738978,0.00744668)
(0.00453376,-0.00238234)
(-0.0236277,-0.00417628)
(0.00467544,-0.00500773)
(-0.00476207,-0.0171431)
(0.00928636,-0.0168082)
(-0.00175038,0.00761426)
(-0.0131971,-0.00947054)
(-0.0159876,0.00696157)
(-0.00216128,-0.000896505)
(-0.0152595,0.000791841)
(0.0181684,-0.0151797)
(-0.00528161,0.0014452)
(-0.0247137,0.00304146)
(0.00693323,0.00567037)
(-0.0130627,0.00828688)
(-0.00266278,0.00626793)
(0.0146898,0.00930212)
(0.00906022,-0.00438032)
(0.0152399,-0.0125397)
(-0.00505511,0.00244681)
(-0.0172974,0.00119467)
(0.00537578,0.0118075)
(-0.00822812,0.00185988)
(-0.00752291,0.0113168)
(-0.00734677,0.00523331)
(0.00972782,-0.007107)
(-0.0190065,-0.00216803)
(-0.00247201,0.00556677)
(-0.0184398,0.0021137)
(0.00966615,0.012121)
(0.0201115,-0.00349056)
(0.00753042,-0.00437974)
(-0.00510645,-0.00218289)
(0.0140935,0.0150879)
(0.017833,0.00895443)
(0.0098828,-0.0101749)
(0.000828971,0.00698666)
(-0.0205949,0.00786257)
(0.00479937,0.00598533)
(0.0167312,0.0115563)
(-0.00972841,0.0130934)
(0.00391546,0.00784019)
(0.00083556,-0.00502033)
(0.000991458,0.00423549)
(0.0117552,-0.00372976)
(-0.0202661,0.00144169)
(-0.00166619,-0.00615005)
(0.0125979,0.00269884)
(-0.00683849,-0.00685648)
(-0.00206405,0.00576363)
(0.00454252,0.00146834)
(-0.0093024,-0.00480428)
(0.00396783,0.0127384)
(-0.012122,0.0207939)
(0.011436,0.00871209)
(0.00390269,-0.012102)
(-0.0145022,0.0142766)
(0.00254736,0.0100292)
(0.0155878,0.0111362)
(-0.00347679,0.00399261)
(-0.0148042,-0.0197639)
(0.00934722,0.000440913)
(-0.0249936,0.00335072)
(-0.0175423,-0.00795306)
(-0.0204474,0.00186884)
(-0.0192942,0.00365838)
(-0.000251013,0.000103122)
(0.0130236,0.00145354)
(-0.00946375,-0.0116613)
(-0.00358677,-0.0153788)
(-0.00182067,-0.00430074)
(-0.00996693,-0.00683617)
(-0.00733433,-0.00829172)
(0.00705954,0.0190359)
(0.00241232,0.00133558)
(0.00237499,-0.0024471)
(-0.0104073,0.00982915)
(-0.00393278,-0.00499648)
(0.012527,0.0066374)
(0.00699988,0.00710697)
(0.00795711,-0.00795511)
(-0.00235244,-0.00243473)
(0.0128438,-0.00204783)
(0.0138132,-2.35762e-05)
(0.0127636,-0.0108384)
(0.00491335,0.000912544)
(0.0228593,0.00817566)
(0.0257466,-0.00235994)
(0.00263361,-0.001748)
(0.0118964,-0.00428783)
(-0.00197955,-0.00498818)
(0.00386959,0.00403613)
(-0.00293188,-0.00597019)
(0.0156085,0.000342327)
(0.00604299,-0.00749517)
