(0.0023831,-0.00311647)
(0.00350949,-0.00947513)
(0.00301796,-0.000148392)
(0.0081967,-0.0142657)
(0.0159614,0.00484043)
(0.0108356,-0.00947229)
(0.011643,-8.53273e-05)
(0.0102205,2.84181e-05)
(0.00768045,0.00139395)
(0.007931,-0.00443633)
(0.00597922,-0.00548714)
(0.00524941,-0.00147769)
(0.000776174,-0.00890644)
(0.00157512,-0.00148344)
(0.00146299,-0.0143099)
(0.00324516,-0.00240577)
(0.00585385,-0.0175592)
(0.000560608,0.00276589)
(0.00153397,-0.0109656)
(-0.00332586,-0.00297591)
(0.00440436,-0.00228269)
(0.00485054,-0.0148115)
(0.0128723,0.0075489)
(0.011334,-0.0127984)
(0.0166895,0.00441377)
(0.0132003,-0.00165936)
(0.0237282,0.00819035)
(0.0172991,-0.000813481)
(0.0169025,0.00647977)
(0.00924671,0.00812903)
(0.00570996,-0.00291874)
(0.0098351,0.00977932)
(0.00137344,-0.016)
(0.0113457,0.00212966)
(0.000590155,-0.0182855)
(0.00593434,0.0066832)
(0.00413498,-0.0145546)
(-0.00109316,-0.00031543)
(0.0072411,-0.0115212)
(-0.00455778,0.00478086)
(0.0113736,0.00292834)
(0.00924757,-0.00752803)
(0.0161254,0.00355803)
(0.0133234,-0.00247754)
(0.0188913,0.00955124)
(0.0150052,-0.00172765)
(0.0203679,0.0172784)
(0.0119275,0.0025061)
(0.0140428,0.00325608)
(0.0100209,0.0109318)
(0.00495582,-0.000539544)
(0.0136788,0.0153279)
(0.00277565,-0.00893989)
(0.0113327,0.0111379)
(-0.00163814,-0.0183308)
(0.00236981,0.00895112)
(-0.00545623,-0.00996077)
(-0.00768579,0.00725455)
(0.00188266,0.00171116)
(-0.00786359,0.00283101)
(0.00645592,0.00256357)
(0.00604181,-0.00438191)
(0.0160111,0.00158694)
(0.00776546,-0.0054362)
(0.0150106,0.0125672)
(0.00994453,0.00243987)
(0.0118433,0.00980987)
(0.00814564,0.00254054)
(0.0164072,0.0083455)
(0.00417487,0.0136344)
(0.00666148,0.000762886)
(0.00396291,0.0117072)
(0.00175982,-0.00408773)
(0.00431345,0.0185702)
(-0.0130609,-0.00709941)
(-0.00641643,0.0194937)
(-0.012655,-0.00877586)
(-0.0068377,0.01238)
(-0.00829514,0.00162218)
(-0.00738305,0.0113466)
(0.00412633,-0.000829049)
(0.00278458,-0.000847407)
(0.0134854,-0.00070291)
(-0.0023317,0.00268778)
(0.0118257,0.0057893)
(0.00602881,-0.00351482)
(0.0115638,0.0142482)
(0.00172031,0.0027216)
(0.00945459,0.00561352)
(0.00117188,0.00166032)
(0.0172803,0.00140507)
(0.00320911,0.0088175)
(0.00759379,0.00690056)
(0.00362495,0.0189422)
(-0.00498028,-0.0034126)
(-0.00147632,0.0203)
(-0.0119165,-0.00273292)
(-0.00702711,0.0134395)
(-0.00972994,0.001169)
(-0.00552272,0.00519186)
(0.00870152,-0.00204857)
(0.0003825,0.00394467)
(0.00785654,-0.00667797)
(-0.00291422,0.00432152)
(0.00508914,0.00139103)
(0.00219051,0.00228335)
(0.00902393,-0.00192705)
(0.00291099,-0.00534651)
(0.0126366,-0.00718262)
(-0.00196867,-0.00338675)
(0.0140455,-0.00370248)
(0.00234396,-0.00313109)
(0.0103601,0.00107129)
(0.00677136,0.00622676)
(0.00470322,0.00380546)
(0.000278266,0.00792198)
(-0.00208158,-0.00535741)
(-0.00496651,0.00369484)
(-0.00786554,-0.00685879)
(-0.00331213,0.00444339)
(0.00433168,-0.00470349)
(-0.00502422,0.00931581)
(0.00359394,-0.00784514)
(-0.00565893,0.0166221)
(0.00818124,-0.00504539)
(-0.00316269,0.000525367)
(0.000593084,-0.00553867)
(0.00211671,-0.00297689)
(0.0070604,-0.00749328)
(-0.00397241,-0.0155292)
(0.0155669,-0.00131435)
(-0.000979395,-0.00517261)
(0.0102441,0.00357022)
(0.000522626,0.00282835)
(0.00432651,-0.0014435)
(-0.000439804,0.00400614)
(-0.00194722,-0.0091792)
(-0.000948038,0.011452)
(-0.00819303,-0.00652788)
(0.00019597,1.22884e-05)
(0.00413258,-0.00464529)
(-0.00269758,0.0124278)
(0.00104771,-0.00660217)
(-0.00315121,0.0130883)
(0.00261277,-0.00515365)
(-0.000606979,0.00936232)
(0.00586847,-0.00677384)
(-0.00653763,-0.0111772)
(0.0049437,-0.0100505)
(-0.00260563,-0.0132429)
(0.00807441,-0.00916573)
(-0.00985578,-0.00639275)
(0.00453527,0.00395422)
(-0.0065541,0.00461984)
(0.0055201,0.00331856)
(-0.00396149,0.0128689)
(-0.00401702,-0.00718606)
(0.00323176,0.0151533)
(-0.00931288,-0.00679919)
(-0.000130712,0.00590424)
(-0.000937367,-0.00892654)
(-0.00899557,0.0157021)
(-0.00313508,-0.00636134)
(-0.00295812,0.0169062)
(-0.0057274,-0.00235588)
(0.00245743,0.00509921)
(-0.00358258,-0.00605037)
(0.00212245,-0.0122881)
(-0.000549571,-0.00650814)
(-0.00120492,-0.0120639)
(-0.00250525,-0.00247727)
(-0.00844568,0.00282152)
(-0.00545006,0.0047559)
(-0.0119067,0.00669408)
(-0.0094669,0.00120902)
(-0.000348908,0.0145285)
(-0.0015921,-0.0013886)
(-0.00167191,0.0150648)
(-0.00985924,-0.00490373)
(-0.00154259,0.00834047)
(-0.00312778,-0.00309112)
(-0.00696467,0.010049)
(-0.00590262,-0.00382561)
(-0.00368757,0.00743745)
(-0.00672891,-0.00659314)
(0.0015808,0.00139221)
(-0.00946869,-0.0082147)
(0.00401052,-0.0109593)
(-0.00476013,-0.00840084)
(0.00430005,-0.0015395)
(0.00139241,-0.00495735)
(-0.00234409,0.005399)
(-0.00360915,-0.000187206)
(-0.00708927,0.00181671)
(-0.00607618,0.00182076)
(-0.00486991,0.00666423)
(-0.00837453,-0.00171392)
(-0.00141673,0.00507875)
(-0.00168644,0.00145314)
(-0.00261268,0.00433869)
(0.00249092,-0.00422772)
(0.0085662,-0.0103005)
(0.0120607,-0.000829134)
(0.0123102,-0.0173889)
(0.0188691,0.00504743)
(0.0126123,-0.0122227)
(0.0166884,0.00498389)
(0.0134751,-0.0137614)
(0.00997236,0.00820989)
(0.0108874,-0.00241443)
(0.000547638,-0.00471662)
(0.00635212,-0.00103282)
(-0.000787222,-0.00186144)
(0.0056348,0.0031771)
(-0.00262975,-0.016741)
(0.00136127,0.00471902)
(0.000744183,-0.011765)
(-0.00191384,-0.000966335)
(0.0010907,-0.0151895)
(-0.00135654,0.00393366)
(0.00753931,-0.00129185)
(0.00967082,-0.0124387)
(0.0152075,-0.00465955)
(0.0113174,-0.0103027)
(0.0228884,0.00615285)
(0.0224258,-0.0175364)
(0.0257195,0.0216222)
(0.0210794,-0.00339427)
(0.0226791,0.0132052)
(0.0168573,0.00432528)
(0.00699914,0.000106085)
(0.0141332,0.0126306)
(0.00555856,-0.00271982)
(0.0181881,0.0112588)
(-0.00266208,-0.0164649)
(0.00402212,0.00339126)
(0.00344416,-0.0174315)
(0.00180771,0.00843907)
(0.00699671,-0.00152448)
(-0.00154639,-0.00267604)
(0.0115624,-0.00445256)
(0.0090984,-0.00634441)
(0.0235693,0.00878401)
(0.0138681,-0.0125808)
(0.0279143,0.0207685)
(0.0212589,-0.00263816)
(0.035571,0.0206507)
(0.0263302,0.00260351)
(0.0272523,0.0201104)
(0.0172602,0.015332)
(0.0221298,-0.000121996)
(0.0154527,0.0197304)
(0.0135384,-0.00846021)
(0.0189174,0.0217333)
(0.0102675,-0.0137684)
(0.00444006,0.0114862)
(-0.00236629,-0.0182247)
(-0.00325199,0.00796293)
(0.00287878,-0.00370581)
(-0.00594228,0.00493311)
(0.0129934,0.0013129)
(0.00353157,-0.00104304)
(0.0199356,0.0061317)
(0.00681625,0.000364722)
(0.0254147,0.0120292)
(0.0123772,-0.00333702)
(0.0334831,0.0216905)
(0.00947317,0.00548429)
(0.0290127,0.0204813)
(0.0114004,0.00647607)
(0.0374618,0.000180748)
(0.0109994,0.0183192)
(0.0215566,-0.00158467)
(0.00962991,0.0175985)
(0.00367692,-0.00805326)
(-0.00214748,0.0287787)
(-0.0112583,-0.00835544)
(-0.0069719,0.0198381)
(-0.00696065,1.24617e-05)
(-0.00808411,0.00783197)
(0.0106034,-0.0022746)
(-0.00325592,0.0125114)
(0.0163237,0.0006913)
(0.00141256,0.0016728)
(0.0192426,0.0124551)
(0.0090401,0.00361375)
(0.0186778,0.0165125)
(0.00273861,0.00337421)
(0.0166307,0.0123161)
(0.00501972,0.00175616)
(0.0378585,0.00745754)
(0.00782928,-0.00082464)
(0.0251048,-0.00199418)
(0.00500549,0.0113334)
(0.00105676,-0.000977566)
(-0.00249237,0.0271425)
(-0.0135391,-0.0102933)
(-0.00774327,0.0206641)
(-0.00890553,-0.000238527)
(0.000243745,0.00796698)
(0.0112675,-0.00628112)
(-0.00664701,0.00743369)
(0.00624769,-0.00872035)
(-0.00447189,0.0117025)
(0.00842435,0.0040668)
(0.00878661,0.00421483)
(0.0132166,0.00594461)
(0.00500052,0.00949832)
(0.0158924,-0.000566511)
(0.00484588,-0.0116643)
(0.0294795,-0.00518764)
(-6.41158e-05,-0.000792604)
(0.0198988,0.00347374)
(-0.0015223,0.000216768)
(0.00402591,-0.00321505)
(-0.0048048,0.00941876)
(-0.00569152,-0.0084856)
(-0.00637329,0.00989186)
(-0.0112394,-0.0133555)
(-0.00305269,0.00226123)
(0.00889774,-0.0125281)
(-0.0131384,0.011736)
(0.0113494,-0.00365756)
(-0.0134167,0.0158105)
(-0.00157001,-0.00568767)
(0.00117161,0.00835943)
(0.00815066,-0.00519572)
(0.00132519,-0.0154162)
(0.0110326,-0.0125103)
(-0.00302886,-0.0158635)
(0.0186057,-0.00699491)
(-0.00432894,-0.0133271)
(0.0131722,-0.00567278)
(-0.00950604,-0.00678886)
(0.00259392,-0.00160094)
(-0.00734299,-0.000471672)
(-0.0134579,-0.0157388)
(-0.0112997,0.0109874)
(-0.0192811,-0.0178926)
(0.00105077,0.00866256)
(-0.00206167,-0.00948669)
(-0.00425207,0.0157936)
(-0.00295425,-0.0106888)
(-0.0113066,0.0255259)
(0.00492808,0.000444404)
(-0.0124304,0.0101928)
(0.0057669,-0.0102251)
(-0.00460656,-0.0117705)
(0.00614166,-0.0137437)
(-0.00924798,-0.0247802)
(0.0123828,-0.00914061)
(-0.0181593,-0.0156422)
(0.00634147,-0.0019856)
(-0.0186881,-0.00600889)
(-0.00756853,-0.0107249)
(-0.00955702,0.00209325)
(-0.0150799,-0.0242547)
(0.000646572,0.0187839)
(-0.0209991,-0.0206366)
(-0.00255136,0.00971214)
(-0.00487207,-0.0123721)
(-0.0060381,0.0209013)
(-0.000463314,-0.00921566)
(-0.00464999,0.0220381)
(0.000293175,-0.0111445)
(-0.00526681,0.00451357)
(0.00301175,-0.00546077)
(-0.00415561,-0.022605)
(0.00204766,-0.00624935)
(-0.00133842,-0.0172967)
(0.00406316,-0.00423978)
(-0.0156426,-0.0140951)
(0.00136083,0.00045487)
(-0.0172566,-0.00489735)
(-0.0114301,-0.00782515)
(-0.00417397,0.00458386)
(-0.0215481,-0.0152114)
(0.00379904,0.0208867)
(-0.0128513,-0.014436)
(-0.00165877,0.0105425)
(-0.0023723,-0.0101685)
(-0.0118279,0.016356)
(-0.000519971,-0.0109032)
(-0.00626896,0.0205144)
(-0.0042422,-0.0046901)
(0.00562502,0.000526174)
(-0.00814924,-0.00747373)
(0.00360566,-0.00589618)
(-0.00674237,-0.0064982)
(-0.00101853,-0.0170528)
(-0.00375677,-0.00486073)
(-0.00580487,-0.00706266)
(-0.00329666,0.00247081)
(-0.0121295,-0.0046181)
(-0.0104741,-0.00228223)
(-0.000659342,0.00310386)
(-0.00714553,-0.00125279)
(0.00258188,0.0104716)
(-0.0123507,-0.00564488)
(-0.00372689,0.00872634)
(0.0058808,-0.00401707)
(0.00703939,-0.00816853)
(0.00777697,-0.0015731)
(0.0095918,-0.00895189)
(0.0105624,0.000973371)
(0.0149705,-0.0184768)
(0.00457281,0.0160262)
(0.010747,-0.0150615)
(0.00342793,0.00595238)
(0.00852966,-0.0125217)
(-0.00533563,-9.53684e-05)
(0.00465038,-0.00664656)
(-0.00209706,-0.0028917)
(0.00483972,0.0023309)
(-0.000626029,-0.00624824)
(-0.00329156,0.00570274)
(0.00548118,-0.0143012)
(-0.00123445,0.00480826)
(0.00471069,-0.00800008)
(-0.00148158,0.000462164)
(-7.25768e-05,-0.00480159)
(0.0104726,-0.00192908)
(-0.00418859,-0.00043827)
(0.0166413,-0.0183563)
(0.00853989,0.0142017)
(0.0261736,-0.0178412)
(0.01331,0.0194606)
(0.0227803,-0.0177539)
(0.013507,0.0114266)
(0.0149989,-0.00546656)
(0.00925347,-0.00689583)
(0.0140076,0.00363048)
(0.00442479,-0.00624871)
(0.0108461,0.0139899)
(0.00293293,-0.011545)
(0.00794532,0.0170329)
(0.00240654,-0.00894941)
(0.00454495,0.0130981)
(0.0049818,-0.00747709)
(0.000721134,0.0117285)
(-0.00107178,-0.00181207)
(0.00970832,-0.00877297)
(0.00523075,0.00517277)
(0.0135586,-0.0134049)
(0.0135287,0.0162895)
(0.027841,-0.0134952)
(0.0253175,0.0249528)
(0.0176079,-0.0110948)
(0.0281446,0.0161236)
(0.0186849,-0.00374666)
(0.0314903,-0.00105902)
(0.0144719,0.0115896)
(0.0244236,-0.010072)
(0.0126852,0.0201874)
(0.0165713,-0.010202)
(0.00703324,0.0253335)
(0.00608663,-0.00929366)
(0.00369923,0.0139252)
(0.00342008,-7.73403e-05)
(-0.00568055,0.00986445)
(0.00271652,-0.00451746)
(0.00237075,0.00362237)
(0.00802681,0.00323343)
(0.00933649,-0.00379752)
(0.0243282,0.0167793)
(0.00719697,-0.0118946)
(0.0236211,0.0236489)
(0.0102795,-0.00864863)
(0.0182728,0.0233641)
(0.00976009,-0.00370316)
(0.0431728,0.00787507)
(0.0153233,-0.0102206)
(0.0303905,-0.0090504)
(0.00830141,0.0162328)
(0.0161833,-0.00403923)
(-0.00155134,0.029523)
(0.00237404,-0.00806359)
(0.00431872,0.0286676)
(-0.00360835,0.00540676)
(-0.000438321,0.00806033)
(0.00119483,-0.00307171)
(-0.00413402,0.00771219)
(0.00995548,-0.00314778)
(0.00140603,0.00478566)
(0.012611,0.0176326)
(0.0163288,0.00695525)
(-0.00193789,0.0180651)
(0.0111368,0.00936619)
(-0.00808333,0.0314561)
(0.010843,0.00498426)
(0.0505296,0.025834)
(0.0136777,-0.014153)
(0.0392566,0.0132418)
(0.00309668,0.000968852)
(0.0146636,0.00129924)
(-0.00133939,0.0262291)
(0.0039773,8.81651e-05)
(-0.00245033,0.0217219)
(-0.00755731,0.00253883)
(0.000369598,0.0132889)
(0.00684253,-0.00882639)
(-0.0114286,0.00825562)
(0.0132313,-0.00453074)
(0.00245456,0.0137443)
(0.0189914,0.00939931)
(0.0125001,0.014768)
(0.0106525,0.00667779)
(0.0132045,0.00920255)
(-0.00873674,-0.019774)
(0.0286935,0.0142942)
(0.0435902,-0.020743)
(0.0113999,-0.021516)
(0.0229089,0.0115158)
(-0.0045903,-0.00688121)
(0.00900476,0.00190951)
(-0.0153866,0.00394602)
(-0.00729584,-0.00267937)
(-0.00945384,0.0166285)
(-0.00881559,-0.00466631)
(-0.00147031,0.00696411)
(0.0132473,-0.00572438)
(-0.0105805,0.00915167)
(0.00800139,-0.000140339)
(-0.00611983,0.0132124)
(0.014701,0.00863137)
(0.00641666,0.00683258)
(0.0162474,0.00516275)
(0.0121725,0.00203037)
(0.00798593,-0.0129417)
(0.0262279,-0.00473718)
(0.0254849,-0.0132737)
(0.00235967,-0.0143123)
(0.0125969,-0.00141279)
(-0.0124425,-0.0157238)
(-0.00581515,-0.0117941)
(-0.0149577,-0.00374682)
(-0.0242684,-0.0123071)
(-0.0136434,0.00548195)
(-0.0234314,-0.0148112)
(-0.00245805,0.0027838)
(0.00481681,-0.0104618)
(-0.012494,0.0123354)
(0.00593832,0.000883368)
(-0.0137569,0.0163978)
(0.00393137,-0.00251389)
(0.00429067,0.0138173)
(0.0133862,0.000725316)
(0.00909465,-0.0155638)
(0.00294138,-0.00796236)
(0.0020476,-0.0183884)
(0.00592484,-0.00673496)
(-0.00851539,-0.0210651)
(-0.00211017,-0.0109782)
(-0.0158133,-0.0157465)
(-0.023172,-0.0158842)
(-0.0105495,-0.00397364)
(-0.0322255,-0.0293461)
(-0.00479145,0.0127495)
(-0.0332658,-0.0201211)
(-6.44911e-05,0.0103126)
(-0.00151681,-0.011863)
(-0.00917674,0.0190597)
(0.00682324,-0.0123635)
(-0.00946647,0.0243107)
(0.0174813,-0.00282194)
(-0.00170749,0.00504927)
(0.00743058,-0.00557015)
(0.00716463,-0.00937455)
(0.00327704,-0.00129004)
(-0.0063511,-0.0304979)
(-0.00439858,0.00180352)
(-0.0133924,-0.0204864)
(-0.0182869,-0.00430985)
(-0.00614919,-0.0173623)
(-0.027568,-0.0146053)
(-0.004422,-0.000511239)
(-0.0279999,-0.0167107)
(0.00517085,0.0118446)
(-0.0273893,-0.0223568)
(-0.00142472,0.00971408)
(0.00153791,-0.0114079)
(-0.0108738,0.01339)
(0.00441514,-0.0109369)
(-0.00568815,0.0154048)
(-6.33074e-05,-0.00978997)
(0.00176085,0.00348559)
(-0.00138297,-0.00224198)
(0.0012745,-0.0114116)
(-0.00716157,0.00118554)
(-0.000225734,-0.0143731)
(-0.00718612,-0.00139351)
(-0.0147583,-0.0147119)
(-0.00950459,-0.00752881)
(-0.0118035,-0.011474)
(-0.0129439,-0.00988461)
(4.40063e-05,0.000888895)
(-0.0138223,-0.0126509)
(0.00461609,0.0106157)
(-0.0115374,-0.00649736)
(0.00427237,0.00270395)
(0.0025457,-0.00294546)
(0.00647021,-0.00234072)
(-0.00465952,-0.00482292)
(0.00357454,-0.00528706)
(-0.00356163,0.0022459)
(0.00419662,-0.0148459)
(-0.00666787,0.00361655)
(0.00574048,-0.024803)
(-0.00269304,-0.000751333)
(0.00355142,-0.0162736)
(-0.00641281,-0.00627375)
(0.00208531,-0.00333261)
(0.00552207,-0.0081817)
(-0.000827636,0.00805788)
(0.00806125,-0.0111143)
(-5.57672e-05,0.0100789)
(0.00975471,-0.00578945)
(-0.00267452,0.00254995)
(0.00842726,-0.00716149)
(-0.00238265,0.00067761)
(-0.0121751,-0.00526283)
(0.0066017,-0.0047213)
(-0.0107559,-0.00401322)
(0.0100489,-0.0138433)
(-0.0116496,0.00698957)
(0.0124511,-0.0302197)
(-0.000399697,0.0179104)
(0.00725388,-0.0299147)
(0.0045693,0.00758952)
(0.0128892,-0.0158476)
(-0.00053434,-0.00931726)
(0.00944874,0.00741699)
(0.0119471,-0.0103321)
(0.0068705,0.0253948)
(0.016934,-0.00484241)
(0.00705394,0.0282056)
(0.0112834,-0.00581774)
(0.00528852,0.0203986)
(0.0029358,-0.00600089)
(-0.00576745,0.00675098)
(-0.0137342,-0.00207131)
(0.00727218,-0.00195991)
(-0.012941,0.00742417)
(0.00804549,-0.0222619)
(-0.00335931,0.0246951)
(0.00729704,-0.0362105)
(0.0094834,0.0192722)
(0.0160758,-0.0348489)
(0.020896,0.0162275)
(0.00765642,-0.0203905)
(0.0213135,-0.00850472)
(0.00837231,-0.00841782)
(0.015157,-0.0218362)
(-0.000681678,0.0243402)
(0.0148003,-0.00806334)
(0.00201966,0.031958)
(0.0188253,-0.00777949)
(0.00298653,0.0347719)
(0.00824959,-8.07601e-05)
(0.00393094,0.00957725)
(-0.00792999,0.00102839)
(-0.00111176,-0.00347395)
(-0.00195121,0.00454676)
(-0.00362752,-0.0124229)
(0.00289503,0.0153899)
(0.00653415,-0.027971)
(0.00144217,0.0161412)
(0.00185824,-0.0351068)
(0.0012179,0.0358164)
(-0.0320584,-0.000987863)
(0.025527,-0.0129885)
(-0.0131553,-0.0447425)
(0.0122729,-0.0112853)
(3.94699e-05,-0.00774897)
(0.00776461,-0.0107214)
(0.00246725,0.0320605)
(0.0112607,-0.00403209)
(0.00490523,0.0379147)
(0.00096529,0.00617984)
(0.0096293,0.0229438)
(-0.000386453,-0.00204569)
(-0.00764737,0.00379274)
(-0.00151512,-0.000717785)
(-0.000177569,0.00424239)
(-0.00970958,0.00399588)
(0.00774657,0.00273494)
(-0.0619774,0.0142786)
(-0.00142747,-0.00842869)
(-0.0766273,0.0747764)
(-0.00346593,0.0792796)
(0.075133,0.0836052)
(0.00649945,-0.063286)
(-0.00508222,0.0442694)
(-0.0117062,-0.0193166)
(0.00929848,0.00764186)
(0.000146247,0.0164124)
(0.00580059,0.00668726)
(0.00551505,0.031062)
(0.00308707,0.00758645)
(0.00230158,0.0155204)
(0.0125334,-0.00222275)
(-0.00858419,0.00450011)
(0.0144378,0.0035382)
(-0.00749663,0.00572486)
(0.0125255,0.00934552)
(-0.00166154,0.0121237)
(-0.0281622,0.00278608)
(-0.0199167,0.0369377)
(-0.113129,-0.0706474)
(-0.000351144,0.0945868)
(0.0642002,-0.0345887)
(0.0103722,-0.0634688)
(-0.0060535,0.0183266)
(0.00929824,-0.0121374)
(-0.005831,0.0233649)
(-0.00357024,0.0108072)
(-0.00349221,-0.000228016)
(-0.0103892,0.0165171)
(-0.00571526,0.00258706)
(-0.000867069,0.00546821)
(0.0123792,-0.00178249)
(-0.00617423,0.00501864)
(0.0159942,0.0067559)
(-0.00295481,0.00811863)
(0.011415,0.00417676)
(0.00703233,0.00850323)
(0.00733372,-0.0064682)
(0.0107915,0.00786911)
(-0.0270182,-0.0551217)
(0.0512213,0.00749338)
(0.0575595,-0.0285523)
(0.0361531,-0.0229823)
(0.00870827,0.00687515)
(0.00482492,-0.00973829)
(-0.0136698,-0.000179376)
(-0.0144332,-0.00647778)
(-0.02664,-0.0103557)
(-0.010008,0.000480085)
(-0.0220888,-0.00528935)
(-0.00439961,0.00353754)
(0.00590608,-0.00246572)
(-0.00482034,0.00374514)
(0.0139143,0.00403778)
(-0.00115609,0.0122782)
(0.0205888,0.0104267)
(0.0102135,0.00890458)
(0.00955594,0.000991513)
(0.0132612,-0.00632736)
(-0.00145709,-0.0062661)
(0.020501,-0.00828438)
(0.00980834,-0.0155654)
(-0.00336315,-0.0242297)
(-0.0103198,-0.00671546)
(-0.00697835,-0.0206864)
(-0.0300301,-0.0206244)
(-0.0134429,-0.0111092)
(-0.0422404,-0.0233885)
(-0.00696197,0.00117857)
(-0.0242636,-0.0153476)
(-0.000336731,0.00332761)
(0.00579144,-0.00912777)
(-0.00248932,0.0100265)
(0.00626166,0.000460766)
(-0.0027419,0.0121383)
(0.0150623,0.00260499)
(0.0148018,0.0118541)
(0.0109839,0.00978349)
(0.0174577,-0.00771398)
(-0.00396193,0.00794682)
(0.00720658,-0.0162665)
(-0.00493151,0.00587735)
(-0.00734319,-0.0220174)
(-0.0186548,-0.0107814)
(-0.00902896,-0.0173329)
(-0.0306329,-0.0148328)
(-0.00247101,-0.00533195)
(-0.0365242,-0.0218074)
(0.000699727,0.00658748)
(-0.0216868,-0.0110301)
(-0.000326271,-0.00163356)
(-0.00178472,-0.000702995)
(-0.0106421,0.00945188)
(0.00241817,-0.00457125)
(-0.00870892,0.00963312)
(0.00762037,-0.000818427)
(0.00616562,0.00146177)
(0.00100292,0.00570854)
(0.0109424,-0.00458754)
(-0.00407633,0.00578168)
(0.00103829,-0.0103378)
(-0.00623438,0.000528617)
(-0.00829704,-0.0123636)
(-0.0158978,-0.00374087)
(-0.00541373,-0.00997369)
(-0.0200013,-0.01276)
(-0.00667839,-0.00596411)
(-0.0198666,-0.0112658)
(-0.00320184,0.00422769)
(-0.0150547,-0.00728155)
(0.00178803,0.00975872)
(-0.00434932,-0.00387349)
(0.00108395,-0.00335725)
(-0.00337286,-0.00481278)
(0.000509856,-0.00340313)
(-0.0097991,-0.0018596)
(-0.00174311,-0.0127461)
(-0.0109076,0.00616731)
(0.00341743,-0.012768)
(-0.00721414,-0.00274019)
(-0.00235874,-0.0146599)
(-0.00798197,-0.0051703)
(-0.00569516,0.00339352)
(0.00121921,-0.00401736)
(-0.00658784,0.0127245)
(0.00274163,0.00220027)
(-0.00135,0.0200449)
(0.00531199,-0.000435496)
(-0.00676652,0.0107859)
(0.00804849,0.000519022)
(-0.00227339,-0.000404499)
(-0.0112214,-0.00400223)
(0.00771054,0.000113016)
(-0.0202643,-0.00112544)
(0.00483438,-0.0166659)
(-0.0214998,0.00758265)
(0.00723853,-0.0256995)
(-0.0180397,0.00581138)
(0.00685939,-0.0299535)
(-0.00892978,-0.00266756)
(0.00279635,-0.0210885)
(-0.00904072,-0.00909035)
(0.00472787,0.00647266)
(-0.00545917,-0.0101624)
(-0.00117436,0.0334574)
(0.00764116,0.00666088)
(0.0032585,0.0357636)
(0.0161036,0.00503262)
(0.00566489,0.0303131)
(0.0127584,-0.00135346)
(-0.000393527,0.0147707)
(-0.0130027,-0.00203255)
(0.000804886,-0.0043419)
(-0.0237235,0.00840898)
(0.00267776,-0.0234979)
(-0.0213442,0.00967996)
(0.00804091,-0.0456879)
(0.000736612,0.00192129)
(0.00718247,-0.0511927)
(0.0187279,-0.00405942)
(-0.0160523,-0.0202624)
(-0.0146107,-0.0356669)
(-0.00540963,-0.0202733)
(-0.0086005,-0.0196613)
(-0.00904699,0.0181866)
(0.00642285,-0.0066913)
(-0.00195813,0.0377219)
(0.0135339,0.00876292)
(0.00329918,0.0336262)
(0.00278569,0.0031679)
(0.000133014,0.0210261)
(-0.00704766,0.00410699)
(-0.00611176,-0.00129951)
(-0.00904372,0.000193521)
(0.000844164,-0.0197486)
(-0.00745216,-0.0063413)
(0.00229482,-0.0471259)
(-0.00327828,-0.0256849)
(-0.0263417,-0.0667514)
(0.0185979,0.0154366)
(-0.115696,0.0206347)
(-0.0413511,-0.114272)
(-0.0640359,-0.0669794)
(-0.0579345,-0.0488167)
(-0.0380958,-0.0388468)
(-0.009391,-0.00671729)
(-0.0110836,0.0162191)
(0.00893711,0.00605586)
(0.00703469,0.0336863)
(0.00333641,0.0115688)
(0.00674022,0.0142302)
(6.44484e-05,-0.00268199)
(-0.00661207,0.00587287)
(-0.0105281,-0.00529417)
(-0.00648905,-0.00122494)
(-0.0259914,-0.0297751)
(0.00807679,-0.0149944)
(-0.096041,-0.0936948)
(-0.000254748,-0.105331)
(0.0266818,-0.00151297)
(0.0252701,0.00508795)
(0.0129452,-0.00106943)
(0.0142065,0.0256246)
(-0.131826,0.0279063)
(-0.063778,-0.0280226)
(-0.0342162,0.00914219)
(-0.0126154,-0.00376907)
(-0.000544159,0.00876529)
(0.00118631,0.0157387)
(-0.00391122,0.0159451)
(0.00213478,0.014957)
(0.0071743,-0.00132394)
(-0.00971015,0.00537636)
(-0.000634284,0.000621338)
(-0.00365278,0.00366219)
(0.000475821,0.0120307)
(-0.03212,0.0013452)
(0.00295474,0.0509435)
(-0.0843478,0.0251688)
(0.0220168,0.0176776)
(-0.00142869,-0.0115909)
(-0.011218,-0.00703635)
(-0.0176776,-0.00453898)
(-0.0756578,0.0542157)
(0.0215804,0.0853187)
(-0.0273727,0.0180578)
(-0.00542543,0.0251251)
(-0.00781675,0.0132619)
(-0.00107244,0.0142748)
(-0.00261604,0.00977994)
(-0.00318733,0.00293474)
(0.0115754,0.0082674)
(-0.00208944,0.00772203)
(0.0068834,0.00613058)
(0.00662325,0.000342221)
(0.00515696,-0.000607499)
(0.00274938,0.00172936)
(0.00214581,-0.00421979)
(-0.0084542,0.00146545)
(-0.0453115,-0.0521052)
(0.0808275,-0.00526913)
(0.0580747,0.0172573)
(0.0407382,0.0409044)
(0.00591418,0.010452)
(0.00328079,0.0224762)
(-0.0118916,0.00085493)
(-0.00353207,0.00276779)
(-0.0146113,-0.00934356)
(-0.0114608,-0.00456565)
(-0.0154963,-0.000587748)
(-0.000228853,-0.000901077)
(0.00440576,0.00463146)
(-0.0010276,0.00515835)
(0.00604964,0.00929)
(0.00219764,0.00925012)
(0.0045568,0.00971262)
(0.0203885,0.00171815)
(0.00608807,-0.000140088)
(0.00654997,-0.00159259)
(-0.000929109,-0.0116123)
(0.0182696,-0.00801947)
(0.024427,-0.000367077)
(0.00541762,-0.00047505)
(0.00712603,-0.0111464)
(-0.0107071,-0.00834812)
(-0.020789,-0.0149007)
(-0.0193724,-0.0178598)
(-0.0282837,-0.0123075)
(-0.00701039,-0.0109875)
(-0.0168324,-0.00445669)
(0.00274304,-0.00540824)
(0.00477718,0.00575839)
(-0.00259447,0.00818349)
(0.00506118,0.0072492)
(0.000187703,0.0107912)
(0.00429764,0.010999)
(0.0105154,0.00440482)
(0.00437948,0.0130092)
(0.0175087,-0.00502182)
(0.00327463,0.0105099)
(-0.00124522,-0.0040671)
(0.0102055,0.00129173)
(-0.0159169,-0.00977845)
(-0.0083796,-0.00853753)
(-0.0143574,-0.0121759)
(-0.022025,-0.0223299)
(-0.016113,-0.0136857)
(-0.0260521,-0.0163371)
(-0.00049423,-0.00795516)
(-0.0117605,-0.00526685)
(0.00745372,-0.00387891)
(-0.00186119,-0.0058983)
(-0.00812758,0.00790851)
(0.00225987,0.00222525)
(-0.00114455,0.0122062)
(-0.00636362,0.00777028)
(0.0100075,0.00495095)
(0.00495058,0.00481665)
(0.00818184,-0.00475201)
(0.000548027,0.00244233)
(-0.00244837,-0.00386572)
(-0.0016802,0.00188166)
(-0.0139482,-0.00821031)
(-0.0092863,-0.013363)
(-0.0136394,-0.0106188)
(-0.0144202,-0.0129078)
(-0.00591812,-0.0050628)
(-0.0169613,-0.00939502)
(0.001379,0.000148054)
(-0.0108405,-0.00343425)
(0.00760682,0.0021458)
(-0.00638904,-0.00180787)
(0.00470954,0.00463522)
(-0.0102872,-0.00255794)
(-0.00241223,0.00287828)
(-0.0146381,-0.0100409)
(0.00175192,-0.00503838)
(-0.0119128,-0.00271023)
(-0.00162322,-0.0130127)
(-0.00732937,-0.00158444)
(-0.00474581,-0.00899556)
(-0.0106955,-0.00209017)
(-0.00327217,0.00264702)
(-0.00411102,-0.00205158)
(-0.0129104,0.0184577)
(-0.00646376,0.00608988)
(-0.00805645,0.018661)
(0.00437311,0.0110343)
(-0.00194719,0.0145682)
(0.0065698,0.00357891)
(0.000330261,0.00756867)
(-0.0149219,-0.00588408)
(-0.00414461,-0.00189403)
(-0.0201309,-0.0113293)
(0.00103823,-0.00494222)
(-0.0307381,-0.0127439)
(-0.00118477,-0.0200612)
(-0.0275147,-0.010719)
(0.00177151,-0.0292055)
(-0.0198078,-0.00203607)
(0.00463894,-0.0128852)
(-0.0124566,-0.0038211)
(0.0112354,0.00747367)
(-0.00971266,0.00823536)
(-0.00449348,0.0265789)
(-0.00106863,0.00869051)
(-0.00399391,0.0377216)
(0.00689127,0.00978204)
(0.00102206,0.0303367)
(0.0138374,0.00826823)
(-0.00170661,0.013616)
(-0.0139715,-0.0101589)
(0.000149124,-0.000574666)
(-0.0163421,-0.0134777)
(-0.00271271,-0.0171351)
(-0.0220941,-0.010227)
(0.00486352,-0.0412717)
(-0.00787133,-0.00393454)
(0.0153719,-0.0481751)
(0.0145195,0.0200439)
(0.0260573,0.0101683)
(-0.00633488,-0.0058816)
(0.0355866,0.00200651)
(0.00349342,0.00228674)
(0.0066099,0.00972027)
(0.00306203,0.013121)
(-0.00792609,0.0346683)
(0.0121543,0.00540878)
(0.00247116,0.0330628)
(0.00688501,0.011029)
(0.00631631,0.0164467)
(-0.00555494,-0.00393048)
(-0.00743727,-0.00428825)
(-0.0116294,-0.013605)
(-0.00732049,-0.020139)
(-0.00309414,-0.00778929)
(0.0115145,-0.0464551)
(0.0455986,0.00519744)
(0.0286223,-0.00945479)
(0.0778538,0.120086)
(0.0681383,0.1307)
(-0.0100938,-0.00624594)
(0.114313,-0.00359966)
(-0.00613728,-0.0266034)
(0.0254988,-0.0544251)
(0.00739277,-0.00240109)
(0.00292095,-0.0107169)
(0.00276714,0.0121364)
(-0.00153561,0.0200785)
(0.000385507,0.015132)
(0.00277504,0.0126963)
(-0.00520806,-0.00723311)
(-0.0040638,0.00350993)
(-0.00330999,-0.0125463)
(0.00777091,-0.0113396)
(0.00906828,-0.0148835)
(0.0227756,-0.00469888)
(0.0149688,-0.0660536)
(0.0444823,0.00781876)
(-0.040453,-0.0141925)
(-0.0147323,-0.0355685)
(0.00390718,0.0251215)
(-0.00820787,0.00929732)
(0.0397801,-0.0297276)
(0.0149424,-0.101781)
(0.00715175,-0.00451034)
(0.00952208,-0.0337296)
(-0.00157211,0.0165349)
(-0.000452798,0.00149524)
(0.00211271,0.0233839)
(-0.00682439,0.00416632)
(0.00130485,0.00138126)
(0.0064071,0.000431582)
(-0.00222808,-0.000742707)
(0.0112251,-0.00540089)
(0.0362269,0.0159728)
(0.00697826,0.0106923)
(0.0989386,0.0701604)
(-0.0562672,0.0961536)
(0.00439851,-0.0209825)
(0.00355025,-0.00492127)
(-0.00894988,0.00928956)
(-0.00879784,-0.0133571)
(0.123755,-0.00873033)
(0.131111,0.0165253)
(0.0306581,-0.000327667)
(0.0329056,0.0156692)
(0.00331103,0.0055253)
(-0.00288624,0.0115343)
(0.000793908,0.0113127)
(-0.0062859,0.00457902)
(0.00228246,-0.00101822)
(0.00901978,0.0073271)
(-0.00397337,0.000180598)
(0.0176451,0.000770648)
(0.00794013,-0.00058359)
(0.0283623,-0.0169045)
(0.0175679,0.00388084)
(-0.011528,0.000426522)
(-0.061801,-0.0362315)
(-0.0527958,-0.0277228)
(0.0200595,0.0287192)
(-0.119879,0.0143482)
(0.063015,0.0109823)
(0.00261094,0.0198236)
(0.0133505,-0.00291132)
(-0.00105961,0.00800611)
(-0.007635,-0.000712244)
(-0.0044666,0.00282566)
(-0.0029273,0.00626304)
(-0.00830326,-0.0026904)
(-0.000560504,-0.00125553)
(0.000933955,0.00651019)
(-0.00718096,0.000988207)
(0.0194916,0.00911131)
(0.00729258,0.00997391)
(0.0292369,-0.00341125)
(0.010017,0.00373473)
(0.0101426,-0.0163781)
(-0.00394709,-0.0128339)
(-0.0159802,-0.0206316)
(0.0243396,-0.00259266)
(-0.0341715,-0.00311627)
(0.0215629,-0.00871526)
(-0.0188537,-0.00737253)
(-0.00613607,-0.0101177)
(-0.00961387,-0.0119893)
(-0.0130881,-0.00112515)
(-0.00228661,-0.00933626)
(-0.00763258,0.00284959)
(0.00144535,-0.00729249)
(0.00180256,-0.0023328)
(-0.000476127,0.0114489)
(-0.00418093,0.00529216)
(0.00921894,0.0135837)
(-0.00326666,0.0130475)
(0.0243018,0.00125792)
(0.0068334,0.00878535)
(0.0228371,-0.00944294)
(0.0107326,0.0134498)
(-0.00105899,-0.00723497)
(0.015018,0.00320571)
(-0.0103001,-0.00339808)
(0.00319614,-0.00967992)
(-0.0170524,-0.0101228)
(-0.0117598,-0.0116099)
(-0.0109908,-0.0109629)
(-0.011404,-0.00834197)
(-0.0053392,-0.00776615)
(-0.014088,8.54692e-05)
(0.0064837,-0.00526025)
(-0.00418034,0.000948553)
(0.00164015,0.0109426)
(-0.00395755,-0.000471122)
(0.00252214,0.012506)
(-0.00768308,0.0040613)
(0.011561,0.00504414)
(-0.00462006,0.00577003)
(0.0149051,-0.000683944)
(0.00453014,0.00623475)
(0.00352272,0.00343896)
(0.0016581,0.00184795)
(-0.00707555,0.00268183)
(-0.00552007,-0.00694614)
(-0.00783906,-0.00178774)
(-0.00649087,-0.0102548)
(-0.0121275,-0.00379691)
(-0.0108539,-0.00713211)
(-0.00357127,-0.00271491)
(-0.00769995,-0.00327101)
(0.00786234,-0.000700442)
(-0.00633875,-0.00126907)
(0.00315385,0.00707102)
(-0.0100779,-0.011636)
(0.00412258,0.0101308)
(-0.0164428,-0.0118124)
(-0.00246937,-0.00519897)
(-0.0184605,-0.00458538)
(-0.00624593,-0.00936053)
(-0.0118482,-0.00540221)
(-0.00679403,-0.000866812)
(-0.00210944,0.00750353)
(-0.00692195,0.00656523)
(0.0041894,0.0134963)
(-0.0170455,0.0119469)
(0.00285584,0.00854274)
(-0.00516844,0.00779845)
(0.000426784,0.00848679)
(-0.000934267,0.00888494)
(0.00453151,0.00402079)
(-0.00172651,0.00121363)
(-0.0136707,-0.00702721)
(0.0049822,0.0105058)
(-0.0215786,-0.0125069)
(-0.00282195,0.00792819)
(-0.0309733,-0.0164212)
(0.00169823,-0.00605525)
(-0.0344936,-0.0169518)
(-0.0053416,-0.0188888)
(-0.0159891,-0.00951269)
(-0.000408653,-0.0127098)
(-0.00736663,0.00109982)
(-0.00175698,0.00639899)
(0.00444663,0.0174191)
(-0.0129853,0.0163543)
(0.00932125,0.0198841)
(-0.0137341,0.0209986)
(0.00725914,0.0113872)
(-0.00406612,0.0239198)
(0.00875377,0.0098266)
(0.00353106,0.0166378)
(-0.0096432,-0.00635855)
(-0.00414199,0.00211855)
(-0.0287628,-0.0165554)
(0.00194253,-0.00856769)
(-0.0331874,-0.0233293)
(-0.00255494,-0.0234085)
(-0.0165968,-0.0207683)
(-0.00357442,-0.0275408)
(0.000409426,-0.0145617)
(0.00955534,0.000595224)
(0.00408206,-0.0118029)
(-0.00117319,-0.00373166)
(0.00922044,0.0167633)
(-0.0157292,-0.002694)
(0.00905772,0.0200468)
(-0.0148068,0.0147873)
(0.0108992,0.0189251)
(0.00076058,0.0174562)
(0.00932474,0.0125933)
(0.0045915,0.00967633)
(-0.00999767,-0.00447788)
(0.000633181,0.00497603)
(-0.017926,-0.0180756)
(-0.00375729,-0.0124549)
(-0.0202405,-0.013909)
(0.000171397,-0.0311734)
(0.0168075,-0.00291436)
(0.00573766,-0.0193259)
(0.0539876,0.0258322)
(0.0123223,0.0490551)
(0.0151256,-0.0478617)
(-0.00430271,0.0102999)
(0.0107625,0.00131339)
(-0.0124762,-0.0346051)
(0.00829399,0.0261736)
(-0.0116561,-0.0201546)
(0.00643772,0.0243865)
(-0.00070104,-0.00376512)
(0.00456765,0.0237326)
(0.00631663,8.64333e-05)
(-0.00476472,-0.00490815)
(0.00139852,0.00234042)
(-0.01614,-0.0100686)
(0.00149478,-0.0140393)
(0.00127207,-0.00400225)
(0.0083134,-0.0197758)
(0.0423774,0.0175139)
(0.0222091,0.0156941)
(0.0719099,0.0262046)
(-0.0293362,0.0544287)
(-0.00702058,-0.101869)
(-0.081598,0.0375509)
(0.00662758,-0.0186078)
(-0.0147351,-0.0565941)
(0.0130907,0.0103292)
(-0.0120705,-0.0347896)
(0.00343992,0.022378)
(-0.00718737,-0.0220178)
(-0.00486204,0.0186495)
(-0.00681182,-0.00699453)
(-0.00322439,0.00180119)
(0.00429445,-0.00184005)
(-0.00716512,-0.0036035)
(0.00969519,-0.012544)
(0.0033783,0.0137865)
(0.0248971,-0.0255959)
(0.0251027,0.0780192)
(0.0359725,0.0180999)
(-0.0338922,0.0805137)
(0.107745,0.0265391)
(-0.0763232,-0.0636129)
(0.0323923,0.0374728)
(0.015154,-0.0200449)
(0.0522781,-0.00350074)
(0.00554588,0.0178965)
(-0.00282871,0.000380975)
(-0.00264241,0.0113891)
(-0.0132465,-0.00659408)
(0.00340202,0.0102085)
(-0.012569,-0.0082494)
(-0.00211283,-0.00596218)
(0.00352551,-0.00114493)
(-0.00828833,-0.0109349)
(0.0133181,-0.0119744)
(-0.00659667,-0.00154663)
(0.0263375,-0.0268293)
(-0.0010927,0.012361)
(0.0238905,-0.0291194)
(-0.0429614,0.0116955)
(0.0141028,-0.0294234)
(-0.0281024,-0.017047)
(-0.0271426,-0.0124544)
(0.0135911,-0.00670022)
(-0.00526497,-0.00133573)
(-0.00335224,0.00886103)
(-0.0103018,-0.0066498)
(-0.00167475,0.00889813)
(-0.0102798,-0.0102356)
(0.000544412,0.00741587)
(-0.00933521,-0.00551908)
(-0.000608854,-0.0161278)
(0.00105486,0.0056673)
(-0.00750942,-0.0153982)
(0.0121452,0.00660126)
(0.00296861,-7.64697e-05)
(0.0291085,-0.016219)
(0.00556355,0.00776584)
(0.0278802,-0.0242389)
(0.00224006,0.00776743)
(-0.00280807,-0.0199513)
(0.0126733,-0.0156844)
(-0.0162333,-0.0145145)
(0.0107453,-0.00316107)
(-0.0147156,-0.0143628)
(-0.00303633,0.00315878)
(-0.00860141,-0.0143165)
(0.00312136,0.00170155)
(-0.0086665,-0.00729666)
(0.00259991,0.00585465)
(-0.00335155,-0.00448414)
(0.00378274,-0.00966037)
(0.00284415,0.012923)
(0.00301555,-0.00660568)
(0.00604425,0.0146111)
(0.00333341,-0.00431032)
(0.0140958,0.00640749)
(0.00714663,0.00352252)
(0.0213391,-0.00880887)
(0.0121756,0.00583284)
(0.00167049,-0.00561831)
(0.0132127,0.000318946)
(-0.011006,-0.00243631)
(0.00423335,-0.00477532)
(-0.0170418,-0.0065812)
(0.00033713,-0.0100716)
(-0.011714,-0.0104427)
(-0.00134816,-0.00101405)
(-0.00233055,-0.00378192)
(-0.000443068,-2.11685e-05)
(3.04512e-05,0.00208437)
(-1.1355e-05,-0.00457192)
(0.00124561,0.0111451)
(0.00231318,0.00084538)
(0.00978901,0.0131257)
(0.00176664,-0.00108795)
(0.0150582,0.00888998)
(0.00301287,0.00102638)
(0.0126165,0.00446532)
(0.00104962,0.00352049)
(0.00163866,0.00350985)
(0.00459493,-0.00211793)
(-0.0111007,0.0068463)
(0.000428573,-0.00307109)
(-0.0106474,-0.00442957)
(-0.00140661,-0.00197873)
(-0.00714776,-0.000399804)
(0.00271929,-0.00678296)
(-0.00258593,0.00476074)
(-0.00303028,-0.0039267)
(0.00379949,0.00429757)
(0.00197694,0.00154699)
(0.00162989,0.00714697)
(-0.0112948,-0.00654812)
(0.000516436,0.003521)
(-0.00391665,-0.00901154)
(-0.00202711,-0.00138482)
(-0.016475,-0.00677523)
(-0.00634938,-0.00532834)
(-0.00774373,0.00102983)
(-0.00567766,-0.00413053)
(-0.00113122,0.0110668)
(-0.00727893,0.00477283)
(0.00943818,0.00853285)
(-0.00414459,0.00639163)
(0.0113265,0.00504395)
(-0.00575987,0.00748343)
(0.00970557,0.00169304)
(-0.00152303,0.00311947)
(0.00684179,0.0031649)
(-0.000808763,0.00315987)
(-0.00371401,0.000880232)
(-0.00661945,0.0104187)
(-0.00608787,-0.00709923)
(0.00046494,0.00245344)
(-0.0198199,-0.0181825)
(-0.000348802,-0.0056887)
(-0.0226465,-0.0235379)
(-0.00696561,-0.012791)
(-0.0164204,-0.00480222)
(-0.00772559,-0.00706947)
(0.00537071,0.00858692)
(-0.0121601,-0.00235354)
(0.015348,0.0140791)
(-0.0153411,0.000710947)
(0.0161707,0.0126412)
(-0.00446418,0.00481511)
(0.00905371,0.0048989)
(0.00168281,0.0129638)
(0.0129217,0.00635512)
(-0.00116163,0.00464612)
(-0.00440776,-0.00297219)
(0.00127138,0.00688858)
(-0.0123873,-0.0126738)
(0.00579197,0.00363308)
(-0.0215711,-0.018917)
(0.001475,-0.00685523)
(-0.0270122,-0.0286871)
(-0.0113753,-0.0171561)
(-0.0073894,-0.0199523)
(-0.0130162,-0.0115151)
(0.00610379,-0.000136518)
(-0.0174635,-0.00588504)
(0.0258249,0.0180027)
(-0.0219379,-0.0147623)
(0.0193746,0.0208948)
(-0.0140732,-0.0018905)
(0.0137415,0.0146552)
(-0.00586374,0.0106495)
(0.00685859,0.0158391)
(0.00513048,0.00526685)
(-0.00435197,-0.00231329)
(0.0101725,0.0014762)
(-0.0133415,-0.00677759)
(0.00475819,0.000657039)
(-0.0190159,-0.0222318)
(-0.00441519,-0.00741583)
(-0.0160343,-0.0170838)
(-0.0118635,-0.0158806)
(-4.55696e-05,-0.0124032)
(-0.0117626,0.000658541)
(-3.7045e-05,-0.0191032)
(-0.0270721,-0.0142561)
(0.0176962,0.0194763)
(-0.0216103,-0.0310227)
(0.0208513,0.024633)
(-0.0100311,-0.0218392)
(0.0140686,0.024063)
(0.00543683,-0.00320493)
(0.0022129,0.0186298)
(0.001031,0.00363867)
(-0.000284724,0.000380741)
(0.00897699,0.00120536)
(-0.0112289,-0.00391375)
(0.00279047,0.000916594)
(-0.017456,-0.00223524)
(-0.0056037,-0.0138549)
(-0.0122497,-0.000243583)
(-0.00650915,-0.0114487)
(0.00613304,0.00669651)
(-0.0133101,0.00260366)
(-0.00844759,-0.0328741)
(-0.0308647,-0.00823976)
(0.0163653,0.00529507)
(-0.0294415,-0.0346535)
(0.00761084,0.0223237)
(-0.0151692,-0.0316648)
(0.00262087,0.0173073)
(-0.00818563,-0.00465397)
(-0.00784676,0.0173926)
(-0.0061242,-0.00548501)
(-0.00179866,0.000680271)
(0.00301298,-0.00772409)
(-0.0118563,0.00433243)
(0.00301276,-0.0120016)
(-0.0163613,0.012732)
(-0.00402699,-0.0198836)
(-0.0148689,0.0215351)
(0.00288482,-0.0264947)
(-0.0282535,0.0330277)
(0.0188877,-0.0117004)
(-0.0315052,-0.0233982)
(0.00127929,-0.0122111)
(-0.00521689,0.00962593)
(-0.0145357,-0.0159607)
(0.00422491,0.0148923)
(-0.0192255,-0.00966048)
(0.000839071,0.0086706)
(-0.0145006,-0.0064282)
(-0.00339473,0.00669441)
(-0.0157488,-0.00673101)
(0.000998949,-0.00905879)
(0.000543614,-0.00632514)
(-0.00160889,-0.00407744)
(-0.00266082,-0.00247072)
(-0.0119374,0.00722825)
(0.00181279,-0.0235922)
(-0.0119607,0.0126916)
(0.0010354,-0.0371659)
(-0.0114273,0.00297376)
(-0.00860706,-0.0288906)
(-0.0204732,-0.018997)
(-0.0138638,-0.0280267)
(0.00411519,0.00356834)
(-0.0123911,-0.0192844)
(-0.00631148,0.0120754)
(-0.0129644,-0.0200242)
(-0.00233112,0.0115786)
(-0.0182451,-0.00961742)
(-0.00480067,0.00136117)
(-0.0102858,-0.00729449)
(0.00484153,-0.0160521)
(-0.0043683,-0.000701696)
(0.0045891,-0.0153873)
(0.00498498,0.00426998)
(0.0141052,-0.00862636)
(0.00810029,0.00107679)
(0.00450866,-0.00131839)
(0.0146209,-0.019808)
(0.0108723,-0.00158397)
(0.00128489,-0.0199101)
(0.00957029,-0.0124967)
(-0.00734036,-0.0185972)
(0.00519839,-0.00407632)
(-0.0153884,-0.0190112)
(-0.00496452,0.0139125)
(-0.0112865,-0.0161543)
(0.00763426,0.0133735)
(-0.00147835,-0.0081797)
(0.00393549,-0.000439273)
(-0.00855447,-0.00735622)
(0.0063027,-0.0114362)
(0.000118357,0.00810649)
(0.0128902,-0.0109203)
(0.00844353,0.00849155)
(0.0213005,-0.000949652)
(0.0172401,0.00614543)
(0.0224002,-0.00964862)
(0.0114672,0.0019269)
(0.0167305,-0.00167772)
(0.00593837,-0.00430699)
(0.0156873,-0.00616674)
(-0.00991181,-0.00225091)
(0.00258223,-0.000905995)
(-0.00926675,-0.00614205)
(-0.00164409,0.0100728)
(-0.00401379,-0.00183225)
(0.000122651,-0.00165444)
(-0.00666344,-0.000215491)
(-0.0024669,-0.00320785)
(-0.00371251,0.00291566)
(0.00160075,-0.0057429)
(-0.00198624,0.00533084)
(0.0127438,-0.00973148)
(0.0109722,0.00962738)
(0.015933,0.000955683)
(0.0142059,0.0122078)
(0.0145311,-0.00194091)
(0.0138563,0.00931438)
(0.0131945,-0.00199297)
(0.00240012,0.00914045)
(0.0043386,0.00362525)
(-0.00223577,0.00171167)
(0.00196681,0.00189967)
(-0.00642069,0.0041527)
(0.000403726,0.00434396)
(-0.00177225,0.00118205)
(-0.0069702,-0.00159447)
(-0.00719406,0.00305831)
(-0.000852098,-0.00833295)
(-0.00803648,0.00721102)
(0.000651152,0.00424231)
(-0.000408048,0.00488289)
(-0.00115611,0.00459661)
(-0.00414833,0.00580392)
(-0.00631069,-0.00669202)
(-0.0053652,0.0013122)
(-0.0148053,-0.00536848)
(-0.00746126,0.00630352)
(-0.0102629,2.97064e-05)
(-0.0100286,0.00348656)
(-7.85018e-05,0.0067318)
(-0.0123519,0.0106218)
(0.0120353,-0.00193154)
(-0.0140327,0.00433953)
(0.0201926,0.00470347)
(-0.00624937,0.00526804)
(0.0175674,-0.00678467)
(-0.00891741,0.0077229)
(0.00466749,-0.000983315)
(-0.00385453,0.0107911)
(0.00602052,0.00561372)
(-0.00740801,0.00691985)
(-0.00133347,-0.00298943)
(-0.00278551,0.00466639)
(-0.0123165,-0.00996446)
(-0.000393336,0.00173829)
(-0.0237825,-0.0167801)
(-0.0112323,-0.00152083)
(-0.0117346,-0.0138123)
(-0.0195366,-0.00400563)
(0.0100709,-0.00219532)
(-0.0185411,-0.000340255)
(0.0219,0.00152538)
(-0.0170535,0.00415458)
(0.0235749,0.000562303)
(-0.0117622,0.000857529)
(0.0179287,0.00613168)
(-0.00679415,0.0115209)
(0.0132435,0.0013911)
(-0.000864941,0.00749819)
(0.00059561,-0.00388316)
(-0.00156854,0.00775178)
(0.00468301,-0.00644725)
(0.0049437,-0.000863557)
(-0.0114652,-0.0222384)
(-9.71176e-05,-0.000555741)
(-0.0241753,-0.0321826)
(-0.00863629,-0.00821825)
(-0.0127067,-0.0206632)
(-0.0153126,-0.0067741)
(0.0161989,-0.00691683)
(-0.0247066,-0.0132698)
(0.0300759,0.00168128)
(-0.0218571,-0.0104285)
(0.0256222,0.00942447)
(-0.0184811,-0.00212103)
(0.0140655,0.00817786)
(-0.000352514,-0.000831494)
(0.0111267,0.0109564)
(-0.00279741,0.00689955)
(-0.00375128,0.000828842)
(0.00964723,0.00247127)
(-0.00363393,-0.00926348)
(0.00852327,0.00779855)
(-0.0111821,-0.0149154)
(0.000223286,0.00188778)
(-0.0213612,-0.0215355)
(-0.0128656,-0.00943824)
(-0.00244368,-0.0158173)
(-0.0155303,-0.0122489)
(0.00824997,-0.00526411)
(-0.0178587,-0.0195136)
(0.0274105,0.00813901)
(-0.0147446,-0.0198264)
(0.0177852,0.0140478)
(-0.0112116,-0.0133301)
(0.0125109,0.0105875)
(-0.00244116,-0.00821818)
(0.00143265,0.0110732)
(0.00321727,-0.00488833)
(-0.00329111,0.00496265)
(0.0101632,-0.00190149)
(-0.00369374,0.00118971)
(0.00930329,0.00197442)
(-0.00679575,-0.00670074)
(0.000464921,-0.00063004)
(-0.0138863,-0.00340682)
(-0.00370821,-0.00972456)
(-0.0142484,-8.79062e-05)
(-0.0077414,-0.00704005)
(-0.00147171,-0.00942947)
(-0.0102857,-0.0159565)
(0.00907118,0.00788327)
(-0.0086225,-0.0163143)
(0.00717547,0.0171418)
(-0.0114566,-0.00878875)
(-0.00446393,0.0136706)
(-0.00136266,-0.00376281)
(-0.00793914,0.0102677)
(0.00105054,-0.00296826)
(-0.00486579,-0.000691211)
(0.00174816,-0.00830824)
(-0.00928923,0.00517552)
(-0.000629068,-0.00214311)
(-0.010469,0.0108024)
(-0.00471227,-0.00987525)
(-0.0165684,0.00814328)
(-0.011359,-0.0203688)
(-0.0129819,0.00632926)
(-0.000497564,-0.0190732)
(-0.0181721,-0.00254052)
(-0.00246179,-0.0105667)
(0.005536,0.00996479)
(-0.00793356,-0.00671337)
(-0.00799819,0.0125262)
(-0.0146152,-0.00901286)
(-0.00476565,0.0100376)
(-0.0142199,-0.00251345)
(-0.00986003,0.000247074)
(-0.00912821,-0.00963436)
(0.000288734,-0.00718827)
(-0.00246666,-0.0103674)
(-0.00162345,-0.00311008)
(-0.00141386,-0.00416167)
(0.00521259,0.00395985)
(-0.00651691,-0.00691418)
(-0.00259466,0.0033255)
(-0.000242526,-0.0186467)
(-0.00527979,-8.56579e-05)
(0.000407972,-0.0196293)
(-0.000521896,-0.00994336)
(-0.00176785,-0.0143856)
(-0.00334941,0.0055854)
(-0.00479334,-0.0202719)
(-0.00538015,0.0183228)
(-0.00989512,-0.0121603)
(-0.00851398,0.0134686)
(-0.00933699,-0.0129479)
(-0.0117601,0.000507555)
(-0.00872181,-0.0107874)
(0.00794652,-0.0146773)
(-0.00462989,-0.00304766)
(0.0113425,-0.0133049)
(-0.00252898,-0.00373776)
(0.0121379,-0.0059226)
(0.00679114,0.00663834)
(0.0171333,-6.13601e-05)
(0.00765706,-0.0070242)
(0.0114252,-0.000377887)
(0.0147218,-0.010662)
(0.00777891,-0.006061)
(0.00288189,-0.0130692)
(-0.00163476,0.00811405)
(-0.00279563,-0.0156911)
(-0.00965175,0.025129)
(-0.00966878,-0.0122533)
(-0.00667629,0.0138738)
(-0.00526748,-0.0137917)
(-0.0110168,-0.0007336)
(-0.00727569,-0.00692023)
(0.00245439,-0.011552)
(-0.00204473,0.00222418)
(0.0126708,-0.00995788)
(0.00246922,0.0048262)
(0.0170858,-0.0012678)
(0.0111015,0.00457006)
(0.0226596,0.00296128)
(0.0147702,0.00333217)
(0.0173684,0.00048786)
(0.0119733,0.00104137)
(0.00747145,0.0091745)
(0.00477713,0.000671238)
(-0.00345047,0.0132905)
(-0.0108248,-0.00425349)
(-0.0124741,0.0164166)
(-0.0128516,-0.000977463)
(-0.014933,0.0097727)
(-0.0111605,0.00242733)
(-0.00754013,-0.00404754)
(-0.0112984,0.000240861)
(0.00226401,-0.00604431)
(-0.000607251,0.00125804)
(0.0127487,-0.000658937)
(0.00217311,0.00402329)
(0.0191435,0.000701022)
(0.0110145,0.00952976)
(0.0188031,0.0031721)
(0.00437996,0.00893524)
(0.0118247,0.00660537)
(0.0101945,0.00870556)
(0.00201296,0.011971)
(-0.000444669,0.00508955)
(-0.00577241,0.0114917)
(-0.00338818,0.00222771)
(-0.00998529,0.0122885)
(-0.00479016,0.00340389)
(-0.00945744,0.0015082)
(-0.00558907,0.00940958)
(-0.00655604,-0.0016381)
(-0.0031496,0.00853002)
(0.00713232,-0.00246258)
(0.000576729,0.000665739)
(0.00227553,1.53229e-05)
(-0.00434667,0.001843)
(0.00138678,-0.00250255)
(4.089e-06,0.00542277)
(-0.00293822,-0.00227274)
(-0.00585818,0.00296107)
(0.000757595,-0.000988677)
(-0.0117272,0.0100599)
(0.00514014,-0.00336371)
(-0.0138916,0.00712555)
(0.01048,-0.000848045)
(-0.0103174,0.00766072)
(0.0160467,-0.00408211)
(-0.00745127,0.00681117)
(0.00728787,-0.000141414)
(-0.00639551,0.00866952)
(0.00298917,-0.00328993)
(-0.00523354,0.00226554)
(0.00338354,-0.00545365)
(-0.00560592,-0.00101939)
(0.00549708,0.000300687)
(-0.00523954,2.51957e-05)
(-0.00577447,-0.0106321)
(-0.00312867,-0.00314512)
(-0.0102079,-0.0137576)
(-0.00553591,0.00982805)
(-0.0033917,-0.00912413)
(-0.00983018,0.00237878)
(0.00504782,-0.00302388)
(-0.0158847,0.0109678)
(0.0157852,-0.00561001)
(-0.015665,-0.000554198)
(0.0183733,0.00183629)
(-0.0101294,0.00415071)
(0.0163328,-0.000368424)
(-0.0106713,0.00317341)
(0.0035702,-0.00452139)
(-0.00331284,0.00426308)
(0.00395431,0.000994572)
(-0.00413247,0.000548775)
(0.00114965,-0.0108051)
(-0.00142546,-0.000962822)
(-0.00785196,-0.0138207)
(-0.00282548,-0.000180859)
(-0.0165019,-0.017159)
(-0.0118578,-0.000489521)
(-0.00636782,-0.0134377)
(-0.0120251,-0.00105186)
(0.0119993,-0.00774836)
(-0.0162613,-0.00255405)
(0.0159438,-0.00135656)
(-0.0155658,-0.00186261)
(0.0185848,0.00393003)
(-0.0158135,-0.01164)
(0.0140568,0.00937374)
(-0.00554049,0.00295048)
(0.00222879,0.00285748)
(-0.00212559,-0.000427228)
(-0.00104517,-0.00237238)
(0.00918486,-0.00411426)
(-0.00371072,-0.00699482)
(0.000776085,-0.00120228)
(-0.00202637,-0.0135068)
(-0.0012121,0.00143424)
(-0.00979245,-0.0173331)
(-0.00827592,-0.00616016)
(-0.00178984,-0.0085734)
(-0.00955647,-0.012072)
(0.0110703,-0.00363023)
(-0.013207,-0.0117766)
(0.0179551,-0.00269756)
(-0.0135465,-0.0114952)
(0.0127773,0.00229306)
(-0.00967129,-0.00746712)
(0.0068916,0.0020939)
(0.000482696,-0.0151786)
(-0.000220057,0.00500742)
(0.00516831,-0.00149338)
(-0.003811,0.0010272)
(0.00831493,-0.0039868)
(-0.00678299,0.000938903)
(0.00481705,-0.00342359)
(0.00234741,-0.00402894)
(-0.00247112,0.00100073)
(-0.0032015,-0.00235024)
(-0.0054473,-0.00683697)
(-0.00354993,0.00473741)
(-0.00593022,-0.0116455)
(0.00121748,-0.00185336)
(-0.00956124,-0.00990398)
(0.0120654,0.006722)
(-0.00348672,-0.0052385)
(0.00292263,0.00562209)
(-0.00544053,-0.0102603)
(-0.00324286,0.000858356)
(0.000484178,-0.00240643)
(-0.00236467,0.00134701)
(0.00649035,-0.00589813)
(-0.00764756,0.00209237)
(0.00450363,-0.0111837)
(-0.00798516,0.00254264)
(0.00533216,-0.0107811)
(0.00189831,0.00580378)
(-0.000499285,-0.0021614)
(0.000257083,0.00700168)
(-0.00291818,-0.0121422)
(-0.000878934,0.00575249)
(-0.00382248,-0.0173833)
(0.00164903,0.00492726)
(0.00205602,-0.00892128)
(0.00193468,0.00949256)
(-0.00395696,-0.00894924)
(0.00209923,0.0144663)
(-0.0086039,-0.00224828)
(-0.00519688,0.00233513)
(-0.00387373,-0.00826349)
(-0.0112772,0.00175315)
(-0.000281365,-0.00953774)
(0.000877397,-0.00652472)
(0.00196851,-0.0129081)
(0.000417239,-0.00232851)
(0.0051242,-0.00765883)
(0.00447219,0.00787523)
(0.00313744,-0.00467693)
(0.00640899,0.00590722)
(-0.000393869,-0.00891309)
(0.00257334,0.00860194)
(0.00526652,-0.0148001)
(-0.00320993,0.00196758)
(-0.000496557,-0.0114308)
(-0.00480846,0.0136474)
(-0.00258701,-0.00551598)
(-0.00600013,0.0177467)
(-0.00907869,-0.0129227)
(-0.00897825,0.0108101)
(-0.00657295,-0.00957988)
(-0.0112456,0.000322924)
(-0.00450421,-0.00819929)
(0.00717839,-0.0105304)
(0.00244824,-0.00891389)
(0.00768237,-0.0107273)
(0.00171327,-0.00655238)
(0.00807826,0.00323881)
(-0.00101999,-0.0044556)
(0.00671624,0.00723568)
(0.00485045,-0.00535522)
(0.00939484,0.00747954)
(0.013355,-0.0087251)
(0.00273913,0.00687412)
(0.00427301,-0.00823705)
(-0.00674489,0.01585)
(-0.00253104,-0.000344439)
(-0.00998061,0.0190358)
(-0.0129181,-0.00939134)
(-0.0114213,0.0109191)
(-0.0082054,-0.00669604)
(-0.0121716,0.00323256)
(-0.00168362,-0.00950765)
(0.00806928,0.000116497)
(0.00177292,-0.000876423)
(0.00392426,-0.00720332)
(-0.00505041,-0.00624407)
(0.0106257,-0.00321047)
(0.00604353,0.00437416)
(0.0164054,0.00698671)
(0.00387807,0.00290214)
(0.00786105,0.0130801)
(0.0129331,0.000547444)
(0.0045574,0.0103567)
(0.00349336,0.00146066)
(-0.00604355,0.00990525)
(-0.00679397,0.00233571)
(-0.00981229,0.017411)
(-0.0114988,0.00141085)
(-0.0092868,0.00592126)
(-0.00617826,-0.000106921)
(-0.00494765,0.000458065)
(-0.00322437,0.00646742)
(-0.000296483,0.00531279)
(-0.00433742,-0.00336273)
(0.00502945,-0.00147675)
(-0.000973355,0.00126103)
(0.0127594,-0.00028439)
(0.00257512,0.00209337)
(0.0122239,0.00693384)
(0.00385594,0.00761098)
(0.0115451,0.0104224)
(0.00616534,0.00822928)
(-0.000661079,0.0118143)
(0.0062022,0.00284699)
(0.00263415,0.0058662)
(-0.00041918,0.00407566)
(-0.00604648,0.00523372)
(-2.51385e-05,0.00756177)
(-0.00387474,0.000459209)
(-0.00313279,0.0119763)
(-0.00139819,0.00320148)
(-0.0041339,0.00818684)
