(-0.00179503,0.00524083)
(0.00198941,0.0102624)
(0.00386547,0.00488704)
(0.000463119,-0.0115675)
(0.00218373,0.00572665)
(-0.00565983,-0.00821751)
(-0.00223754,-0.00763098)
(-0.00223699,-0.00714621)
(-0.00616614,0.00415825)
(0.00425701,0.00680363)
(-0.00366539,-0.000691602)
(0.00219661,-0.000598375)
(-0.00647212,0.00249996)
(0.00287424,-0.00294032)
(-0.00494225,0.00624304)
(0.00545834,0.00681192)
(-0.0128558,0.00685106)
(-0.0191337,0.0122634)
(0.00566082,0.00513928)
(0.0020573,-0.000906761)
(-0.00873185,0.010317)
(0.00190742,-0.0124324)
(0.012667,-0.00293244)
(0.008159,-0.0207363)
(0.00670763,0.00455789)
(-0.00702138,-0.0186824)
(0.00415005,0.00647299)
(0.0093716,0.000887403)
(0.0140444,-0.00942146)
(0.00897977,-0.000804186)
(0.00770598,-0.00578224)
(0.0164093,-0.00229687)
(0.000132355,-0.00896763)
(0.00574437,-0.00665655)
(-0.00179332,0.00800588)
(0.0166781,0.000102338)
(0.00723033,0.00567775)
(-0.000412372,0.00934454)
(-0.00104748,0.00517977)
(-0.00431392,0.0130948)
(-0.0171221,-0.00660736)
(0.00340753,0.000325027)
(0.00359036,-0.013068)
(-0.0150924,-0.015343)
(0.0152876,-0.00341112)
(-0.00932011,-0.0267766)
(0.0235556,-0.00141162)
(-0.00380883,-0.0110776)
(0.0272722,0.00885091)
(0.0231232,0.00337115)
(0.0108406,0.00770593)
(0.0231722,0.00286148)
(0.00454405,0.0115435)
(0.0217237,-0.00423478)
(0.00230954,0.00888123)
(0.00904927,0.000315662)
(0.00888661,-0.0083557)
(0.0220511,0.0167675)
(0.00413281,-0.00190938)
(0.0261648,0.00866959)
(-0.0206226,-0.00485722)
(-0.00799862,-0.000747731)
(-0.0178846,-0.00268274)
(-0.0168833,-0.0202245)
(0.00427367,-0.00980553)
(-0.0160046,-0.0312894)
(0.0204482,0.0126664)
(-0.00882517,-0.0199211)
(0.0215256,0.0135471)
(0.00660955,-0.00955288)
(0.0125843,0.0256839)
(0.00686004,-0.00185803)
(-0.0103743,0.00581973)
(0.000989732,-0.00997619)
(0.00196506,0.0122387)
(-0.0015133,-0.00493262)
(0.00950471,0.00634564)
(0.012019,0.00696727)
(0.00617428,-0.00469618)
(0.0142749,0.025284)
(-0.000131381,0.00155543)
(0.00584833,-0.0123885)
(-0.0196797,0.00875506)
(-0.00161873,-0.0183745)
(-0.0129508,-0.00151676)
(-0.00238356,-0.0336956)
(0.0130383,0.00295191)
(0.00970285,-0.0156476)
(0.00821888,0.0249752)
(0.00414637,-0.0114759)
(0.00150569,0.0129339)
(0.00761328,0.00673038)
(-0.00909289,0.0186205)
(-0.00105905,0.00360851)
(-0.0153087,0.00338168)
(-0.000428714,-0.0110849)
(-0.00216452,-0.00522911)
(0.00977596,0.0163707)
(0.00216069,-0.00150585)
(0.00578145,0.0180605)
(0.00669183,-0.00720627)
(0.00652319,-0.00853499)
(0.000384258,-0.00743911)
(8.38524e-05,-0.0266031)
(-0.0121956,-0.0157116)
(0.00138279,-0.0263053)
(-0.00603559,0.00184855)
(0.010669,-0.0127115)
(0.00740457,0.005902)
(0.011251,-0.00274049)
(-0.00464149,0.0223458)
(0.00519363,-0.00487994)
(-0.00399414,0.00483111)
(-0.00247694,-0.00198008)
(-0.011223,0.0039179)
(-0.00322589,0.000387978)
(-0.00433781,-0.00884236)
(0.00955327,0.011369)
(-0.00300448,-0.00776629)
(0.0122972,0.018542)
(0.00536049,-0.0148073)
(-0.00457995,-0.0131694)
(-0.00193617,-0.032645)
(-0.000216239,-0.0167643)
(0.00185325,-0.0242539)
(-0.00223669,-0.0199706)
(0.00169542,-0.0276771)
(0.019559,-0.00243708)
(-0.0117608,-0.00219893)
(0.00896272,0.0140791)
(0.00220797,0.000733535)
(0.00741234,0.0219519)
(0.00261578,0.0163301)
(-0.00799953,-0.000104365)
(-0.0065161,-0.000279624)
(0.000952606,-0.00996306)
(0.00443931,-0.010426)
(0.0189225,0.0176617)
(0.00127106,-0.0244325)
(0.00448625,0.0110603)
(0.0062727,-0.00158386)
(-0.00105737,-0.00631168)
(0.0167705,-0.0241009)
(-0.00545006,-0.01159)
(0.0151639,-0.0321047)
(-0.0119503,-0.011389)
(-0.00554469,-0.0206545)
(0.00581029,0.00257297)
(-0.0157435,-0.00526221)
(0.00981538,0.0218312)
(-0.013877,0.0115453)
(0.00866947,0.0104109)
(0.001967,0.0149942)
(-0.005875,-0.00256248)
(0.00125338,0.0150281)
(0.00135251,-0.00383031)
(0.00987473,0.00101634)
(0.00509839,-0.00401534)
(0.000691263,0.00304718)
(0.00269083,0.00890983)
(0.0134999,0.00390577)
(-0.00456654,-0.00983446)
(0.00924769,-0.000873224)
(-0.0100789,0.00378514)
(0.0155826,-0.0151842)
(-0.00449655,-0.00142312)
(-0.00751847,-0.0278823)
(-0.00112186,-0.0029647)
(-0.0131154,-0.00534661)
(-0.00524883,0.000461792)
(-0.00710597,0.0033351)
(-0.00430692,-0.00324568)
(-0.00204252,0.015212)
(-0.00617838,-0.00543016)
(-0.00159237,-0.00507578)
(0.000944133,-0.0109964)
(0.0159752,0.0106765)
(0.00267367,-0.00852965)
(-0.00522516,0.00841724)
(0.00615462,0.00186546)
(0.00211571,0.0110901)
(0.00662262,-0.00566897)
(0.00667192,0.00191443)
(0.00833456,0.00242166)
(0.00367131,-0.00253939)
(0.00625449,-0.000747417)
(-0.00876263,-0.00590183)
(0.00277451,-0.00980227)
(-0.0190064,-0.00379041)
(-0.00983572,-0.00674256)
(-0.00634248,0.0017795)
(-0.00577487,0.0026603)
(0.00545147,-0.00139823)
(-0.00678727,3.40184e-05)
(0.000731171,-0.0105581)
(-0.0066258,-0.0152913)
(0.0101264,-0.00623311)
(0.00313348,-0.0108476)
(0.0012683,0.00874751)
(0.0115142,-0.00213013)
(-0.00726376,0.00633452)
(-0.00605079,-0.00234075)
(0.0064138,0.0120445)
(-0.00729046,0.0012312)
(-0.00731812,0.0115196)
(-0.0117684,-0.0172147)
(-0.0106782,0.00564294)
(-0.000530882,0.00403304)
(-0.00937777,-0.00184431)
(0.0132692,0.0071801)
(-0.00864187,-0.00300861)
(0.00695761,0.00148684)
(-0.0250626,0.00610096)
(0.00409912,-0.00443943)
(-0.0152454,0.0159909)
(0.00743821,-0.00654363)
(-0.00749004,0.0105282)
(-0.0116108,0.00423262)
(-0.000513245,0.00269549)
(0.000171898,0.0103608)
(0.00979953,0.00445834)
(0.0153529,-0.0079905)
(0.00538929,0.0034965)
(0.00036736,-0.00862845)
(0.00518862,0.0134421)
(-0.0112203,-0.00221694)
(0.00254436,-0.00885971)
(-5.65957e-05,0.0134048)
(0.00768193,-0.00146031)
(0.022797,0.0184923)
(0.00347182,-0.00821319)
(0.0111486,0.00317969)
(0.00686665,0.00923637)
(0.0207635,0.0091903)
(-0.00353067,0.0119554)
(-0.000269796,-0.00386767)
(0.000879396,-0.00117887)
(-0.010908,-1.89304e-05)
(0.00687015,-0.00400216)
(0.00137028,0.0105264)
(-0.0137572,0.000374351)
(0.00288851,-0.0186713)
(0.00966129,-0.00813659)
(-0.00992314,-0.0113307)
(0.0148621,-0.0090652)
(-0.0164064,-0.0157467)
(0.00583581,-0.0105883)
(0.00818322,0.000880488)
(0.000667212,-0.0135549)
(0.0202728,0.00705794)
(0.00552409,-0.00295493)
(0.0178116,-0.00264667)
(-0.00965759,-0.00367121)
(0.023299,-0.00177037)
(0.000530807,0.00527588)
(0.0193823,-0.00592575)
(0.00726627,0.00582235)
(0.0148583,0.00415077)
(0.00633241,-0.0131258)
(0.0143062,0.00807809)
(-0.013104,-0.00144101)
(-0.0200225,-0.00293321)
(-0.0156685,-0.00321429)
(-0.0351093,-0.00991135)
(0.00401485,-0.00783451)
(-0.021941,-0.0316862)
(0.0218975,-0.000220888)
(-0.00541,-0.0110708)
(0.00614105,0.008064)
(0.0141835,0.00818124)
(-0.00628367,0.00759949)
(0.0082757,-0.00269863)
(0.00539489,-0.00121276)
(0.00110234,-0.00546532)
(-0.0063451,0.00423895)
(0.00431749,-0.0182838)
(0.00105257,0.00335456)
(0.0134238,-0.00708379)
(0.00793524,-0.0136716)
(0.0269549,0.00740905)
(-0.00253376,-0.0146916)
(-0.00415309,-0.0119665)
(-0.010618,-0.00149246)
(-0.00989789,-0.0196671)
(0.00911667,-0.00473559)
(-0.0162343,-0.0304822)
(0.0170655,0.0168102)
(0.00602432,-0.012368)
(0.0115155,0.0156055)
(0.0238858,0.00437021)
(-0.00955249,0.013384)
(0.00140342,-0.00366584)
(0.00530529,-0.00264802)
(-0.00542246,0.00087592)
(0.00446005,0.00641268)
(-0.0145575,-0.00316335)
(-0.00469815,-0.00662086)
(0.000862212,-0.00271197)
(-0.00539465,-0.00774724)
(0.0100099,-0.00310496)
(0.00261246,-0.0023305)
(0.000933766,-0.00181878)
(-0.000514015,-0.0168112)
(-0.00118438,-0.0139)
(-0.000598786,-0.0130585)
(-0.0143922,-0.0137176)
(0.00366232,0.00084788)
(0.0127277,0.00714782)
(-0.00448894,0.0196859)
(0.0180352,0.0115578)
(0.00354306,0.0158791)
(0.0124628,0.00356177)
(0.0115371,0.0112917)
(0.0085905,-0.0049778)
(-0.00211801,-0.00299774)
(-0.0069718,-0.00765526)
(-0.0142448,0.00450848)
(0.00477299,-0.00829585)
(0.00493707,-0.00490454)
(0.0131111,-0.011464)
(-0.00224221,-0.0151027)
(-0.0130358,-0.013428)
(0.00554584,-0.0218786)
(-0.00674217,-0.00394516)
(0.0135698,-0.0335432)
(-0.0010555,-0.00131656)
(-0.000688314,-0.00969207)
(0.0215292,0.0108284)
(0.00396817,-0.000341736)
(0.0187353,0.0302366)
(0.00173467,0.0124421)
(0.00350007,0.0113906)
(0.00996717,-0.00272989)
(0.0138946,0.00214635)
(-0.0115667,0.0124165)
(7.18417e-05,-0.00319047)
(-0.00451392,-0.00375382)
(0.0122816,4.43469e-06)
(-0.00125987,-0.0122174)
(0.00361116,-0.00837391)
(0.00513058,-0.00308927)
(-0.0133477,-0.00934759)
(0.00497785,-0.0281201)
(-0.014265,-0.0072649)
(0.0160436,-0.033741)
(-0.00220392,0.00545018)
(0.0110209,-0.0259522)
(0.0234506,0.0123095)
(-0.0043013,-0.00533228)
(0.0159354,0.0364538)
(0.00685361,-4.81191e-05)
(0.00675063,0.0256719)
(0.00503577,0.0189201)
(0.00977357,0.0032623)
(-0.00642041,0.0129246)
(0.00597706,0.00669384)
(-0.0116887,0.0148423)
(0.0119047,0.00816158)
(0.00103571,-0.00206232)
(0.0100805,0.00999023)
(0.0064351,0.00790907)
(-0.00564243,-0.00502137)
(0.0186305,-0.0138485)
(0.000315106,0.000514536)
(0.00365326,-0.0255144)
(-0.00997093,0.00675318)
(-0.0058237,-0.0290469)
(0.00396743,0.00922786)
(-0.0173468,-0.0092369)
(-0.00371077,0.0195722)
(0.00342779,0.00201615)
(-0.00451654,0.0187384)
(0.0111745,0.00547822)
(0.00541364,0.0128605)
(0.0062335,0.0156421)
(0.00473544,0.0158009)
(0.00437513,-0.00265995)
(0.0149639,0.00801511)
(0.00640644,0.0164859)
(0.00861671,0.00855518)
(0.00184505,0.00674502)
(0.00182538,-0.00459265)
(0.0002323,0.001385)
(0.00671943,-0.00325839)
(0.0101065,-0.0190824)
(0.00772446,-0.00550642)
(-0.00152835,-0.0148087)
(-0.00134319,-0.0117653)
(-0.000741552,-0.00854656)
(-0.0270888,0.00207512)
(6.00059e-05,0.00305201)
(-0.0173729,0.00186317)
(0.0203437,0.00105265)
(-0.0154659,0.00239932)
(0.0117592,-0.0242376)
(0.000858065,-0.00599982)
(0.0106287,-0.00140167)
(0.00548779,-0.01376)
(0.000559523,-0.00669923)
(0.0248394,0.00439174)
(0.0127569,0.00673754)
(0.00580488,-0.0172952)
(0.00738293,0.0242286)
(-0.0115418,-0.0138697)
(-0.00440748,0.00888679)
(-0.0166211,-0.0136205)
(-0.00410821,-0.00719337)
(-0.00521744,-0.00204813)
(-0.00758834,-0.00400145)
(0.011054,0.00351083)
(-0.00849752,-0.000821138)
(0.00121433,-0.00941168)
(-0.0134718,0.00853429)
(0.0073837,-0.0148803)
(-0.00829667,0.0112235)
(-0.000526327,-0.00847821)
(-0.00450908,0.0120619)
(0.000356346,0.000193788)
(-0.00113303,-0.00394335)
(0.0108265,0.000372592)
(0.00171685,0.00995053)
(0.0128934,-0.0069086)
(0.011255,0.0190674)
(0.00680203,-0.00161068)
(0.0121928,0.00470274)
(-0.00765746,-0.0120424)
(-0.00702356,-0.00419173)
(0.00977157,0.00845989)
(-0.00351339,-0.0145721)
(0.0112635,0.00986538)
(-0.0079705,-0.00419837)
(0.00838158,-0.0208427)
(-0.00949746,-0.00086737)
(0.0107887,-0.00472743)
(0.0116235,0.0162754)
(0.00873318,-0.005094)
(0.00786751,-0.000493735)
(0.00738936,-0.00566474)
(-0.00182795,-0.00968869)
(-0.000330563,-0.00722273)
(0.000744238,0.0100826)
(-0.000399023,-0.00799464)
(0.00613056,0.00690588)
(-0.0127922,-0.0225575)
(-0.00701736,-0.0127439)
(-0.00580312,-0.0139728)
(-0.00420197,-0.00870778)
(0.0127487,0.018659)
(-0.0145369,-0.0139638)
(0.00550857,0.0136279)
(-0.0222781,-0.00750895)
(-0.000753355,-0.0106817)
(-0.0134786,-0.0105991)
(0.0028296,0.00428823)
(-0.00813379,0.0063175)
(0.0242504,4.18556e-05)
(0.000516276,0.00494115)
(0.0101185,-0.000143056)
(0.0116887,-0.00751335)
(0.0222868,0.0111345)
(-0.0174201,0.00502286)
(-0.01401,-0.00792682)
(-0.0154514,-0.000720187)
(-0.0235396,-0.0171566)
(-0.00440659,-0.00259401)
(0.00126692,-0.0159559)
(0.00252723,0.00653735)
(0.0105209,0.0151517)
(-0.0113384,-0.00274971)
(0.0273855,0.0177744)
(-0.0450158,-0.025673)
(-0.0120961,0.0104955)
(-0.0161673,-0.0152926)
(-0.0122676,-0.00521275)
(0.00275009,-0.0104776)
(0.0114781,0.0122817)
(-0.0119759,-0.00308299)
(0.0199096,-0.013273)
(-0.000649712,-0.0106378)
(0.0261908,-0.00785952)
(-0.0156262,-0.00258316)
(-0.00621011,0.000734839)
(-0.0052372,-0.0114162)
(-0.00867871,-0.00562129)
(0.0174804,0.0151667)
(-0.00210819,-0.0317485)
(0.0237124,0.0378038)
(0.020358,-0.00663591)
(-0.00022337,0.00582735)
(0.0322082,-0.00933287)
(-0.00796914,-0.00129172)
(0.017735,-0.0236252)
(0.00238761,-0.040618)
(-0.0068388,-0.00825557)
(0.0249327,-0.0226667)
(-0.0136558,-0.0121575)
(-0.00327748,-0.0140541)
(-0.00254619,-0.0119109)
(-0.000926925,-0.00147669)
(0.00700565,-0.0184842)
(-0.0225045,-0.0174704)
(0.010315,-0.00850788)
(-0.0161693,-0.0111105)
(0.002156,-0.00941014)
(-0.00234186,0.00401837)
(-0.00754679,-0.0141723)
(0.00129665,0.0344829)
(-0.00220558,0.0249854)
(-0.0177544,0.0262219)
(0.0169853,0.021996)
(0.022246,0.0231073)
(0.0170416,-0.00464788)
(0.0368742,7.78833e-06)
(0.0142722,0.00686234)
(0.0195588,-0.0150717)
(-0.00565118,0.00174955)
(0.0018337,-0.0149005)
(-0.00525021,-0.0137479)
(-0.00447807,-0.0152869)
(-0.0106082,-0.0220841)
(-0.0180753,0.000262212)
(0.00583416,-0.00768136)
(-0.0106084,-0.0240072)
(0.0126563,-0.0148988)
(0.00289507,0.00226958)
(0.0207644,-0.0152349)
(0.000396394,0.0168743)
(0.0143931,0.0090674)
(0.00204052,0.023607)
(0.0123537,0.00970124)
(0.0256386,0.0114916)
(0.00967406,0.00888057)
(0.0282363,-0.00205325)
(0.0184538,0.00329128)
(0.0138939,-0.00634447)
(0.00325829,0.000665247)
(-0.0188163,-0.006659)
(0.00507575,-0.0264342)
(-0.00104816,-0.00830061)
(-0.00197827,-0.0188301)
(-0.0103394,0.0048581)
(0.00333745,-0.00151136)
(0.00773092,-0.0214315)
(0.00719685,-0.00145019)
(0.00908,-0.0208825)
(0.0245079,-0.00268156)
(0.00426485,-0.00434822)
(0.0418298,0.0102538)
(0.02505,0.00868191)
(0.0178751,0.0165584)
(0.0317886,0.011018)
(0.0188715,-0.0034914)
(0.0217253,0.00347871)
(0.0176143,0.00222099)
(0.000173603,0.0195429)
(0.00939218,-0.00836009)
(-0.0193647,0.012072)
(0.013098,0.00229674)
(-0.0134167,0.00226592)
(0.0084777,-0.00332585)
(0.0094138,0.0116574)
(0.00547122,-0.00247403)
(0.00429943,0.00468219)
(0.00642883,-0.0110823)
(0.00431643,-0.0179497)
(-0.0038073,0.0140776)
(0.00346981,-0.0207028)
(0.0133292,0.0078372)
(-0.00300007,-0.0123893)
(-0.0088773,0.0132418)
(0.0381216,-0.000597651)
(0.00988095,0.0102753)
(0.0207145,0.00926021)
(0.0052997,0.0120516)
(-0.000213136,0.0128065)
(0.0204758,0.0206607)
(0.00448422,0.00100593)
(0.0186222,0.0127829)
(0.00309591,0.000816533)
(0.0174891,0.00925414)
(-6.33723e-05,0.00571975)
(0.000919945,-0.00550116)
(0.0112354,-0.001925)
(0.0133358,-0.00793877)
(-0.00282364,-0.00911402)
(-0.00167876,-0.00261133)
(-0.000772993,-0.00751258)
(-0.0179356,0.00263999)
(0.00897286,-0.0063213)
(-0.0203915,-0.00169341)
(0.0116627,-0.00807573)
(-0.0250953,0.013136)
(0.0182325,-0.00347714)
(-0.00705849,0.00624165)
(0.0224124,-0.00512213)
(0.010603,-0.000151428)
(0.0101339,-0.0205926)
(0.0184345,0.00687402)
(-0.00355183,-0.0117928)
(0.01308,0.0014102)
(0.0109189,0.00294955)
(0.00549929,-0.0124769)
(0.00921728,0.00948033)
(-0.0151148,-0.00526141)
(0.00432336,-0.0136161)
(-0.0100972,-0.0238692)
(-0.0060139,-0.0158144)
(-0.0072381,-0.00519436)
(-0.0145871,-0.0204854)
(-0.00341619,-0.00509712)
(-0.0057431,-0.0171435)
(0.00245338,-0.0120161)
(0.00130949,-0.0124296)
(0.00487436,-0.0015534)
(0.0265416,0.00256479)
(0.00282158,-0.00211285)
(0.00407307,0.00654271)
(0.014342,-0.00781816)
(-0.000669543,-0.000531114)
(-0.00430486,-0.00917986)
(-0.00063777,0.00119113)
(0.00407054,0.00277734)
(0.00963371,-0.00725791)
(0.0025386,-0.00926292)
(0.00677232,-0.00919877)
(-0.0093159,-0.0137096)
(0.00586209,-0.013)
(-0.00090238,0.00761247)
(-0.0190853,-0.0109692)
(-0.00431467,0.00207206)
(-0.00476937,-0.0105552)
(-0.0010519,-0.00825305)
(-0.00608982,-0.00522576)
(0.00513643,0.00626249)
(0.0211941,0.00392208)
(0.0283304,0.00502307)
(0.0203298,0.00080696)
(0.00497997,-0.0189878)
(0.0099122,0.00475849)
(0.00362162,-0.0120158)
(-0.00650938,0.00820006)
(0.0111392,-0.000103047)
(-0.00261457,0.0153715)
(-0.0213639,-0.00256088)
(0.00395901,0.0109974)
(-0.003435,-0.000961671)
(0.00221901,0.00165083)
(-0.0148981,0.0254583)
(-0.0130143,-0.00699384)
(-0.00226652,0.0297214)
(-0.0349325,-0.0148525)
(-0.0211553,0.0063461)
(0.00974836,-0.00547945)
(-0.0129644,0.00796525)
(0.00954951,0.00266083)
(0.00742421,0.0131646)
(0.00506266,0.0128676)
(0.0281091,-0.00473398)
(0.0112555,0.0173847)
(0.0170345,-0.0023867)
(-0.0172421,0.0103149)
(-0.0158926,0.0114881)
(-0.0052573,0.0127189)
(-0.00429334,-0.00415436)
(0.0339018,0.0302679)
(-0.0158802,-0.00739696)
(0.0145828,0.0307454)
(0.0115839,0.0311693)
(-0.00566951,-0.0119615)
(0.0243828,-0.00490232)
(-0.0488291,-0.011259)
(0.00590701,0.0158272)
(-0.0080739,-0.0121096)
(-0.0210097,0.0188521)
(0.0119198,-0.00266749)
(-0.0231063,0.00546448)
(-0.0172924,0.00766337)
(0.005246,-0.00222945)
(-0.00269804,0.0163997)
(0.0349412,-0.00405305)
(-0.0263598,-0.0153981)
(-0.00462533,-0.00288579)
(0.000427527,0.0237041)
(-0.0378294,-0.00747891)
(0.0276376,0.0454492)
(-0.025117,-0.0149423)
(0.0296766,0.0605826)
(-0.0250121,-0.0214212)
(0.103143,0.00183458)
(0.00540982,-0.0216439)
(-0.0535243,0.0267872)
(-0.0341084,0.0252934)
(-0.0218825,-0.0550897)
(-0.017815,0.00959339)
(0.0133104,-0.0277687)
(-0.0320444,0.0103358)
(-0.00779453,-0.013959)
(-0.00937368,-0.00901977)
(-0.0074965,-0.0030425)
(0.00385037,-0.00733232)
(-0.0257319,-0.0127508)
(-0.000463856,-0.00841555)
(-0.0283205,-0.00093748)
(0.0098044,-0.0126559)
(-0.0202668,0.0329441)
(-0.0365397,-0.00130226)
(-0.0372575,0.00168759)
(0.00660097,0.0228603)
(-0.0761381,-0.0946361)
(-0.00086195,-0.0160224)
(0.0205153,0.025744)
(-0.00757486,-0.0161797)
(0.050424,0.0114191)
(0.00379296,0.035461)
(0.0458706,-0.00690999)
(-0.00876919,0.0328814)
(-0.011269,-0.0143493)
(-0.00613655,0.00653257)
(-0.00803447,-0.00990622)
(-0.00299012,-0.0121157)
(-0.0208771,-0.00546499)
(0.0138314,-0.010646)
(-0.0164596,0.00224301)
(0.0120357,-0.0233213)
(-0.0340619,0.0198144)
(-0.0052839,-0.0131023)
(-0.0343613,0.0334598)
(-0.00320818,-0.00836086)
(-0.016001,0.0262039)
(-0.0325367,-0.011342)
(0.0517077,0.0187622)
(0.0280139,0.0300404)
(0.047321,-0.0262522)
(0.0228297,0.0510294)
(0.0126236,-0.0224025)
(0.00749143,0.0379962)
(-0.00561125,-0.0089322)
(0.00111081,0.00114699)
(-0.018013,-0.00825598)
(0.000127025,-0.019789)
(-0.0125584,0.00732352)
(0.00659048,-0.00613629)
(-0.0190629,-0.00669899)
(0.0151327,-0.00769184)
(-0.00895961,0.00559813)
(0.0122102,-0.0168727)
(-0.00130652,0.0225902)
(0.00731919,0.00894653)
(0.0210714,0.00135747)
(0.00500962,-0.0124378)
(0.0429523,-0.0232412)
(-0.00775219,-0.00107592)
(0.030284,-0.0255335)
(0.00291405,0.028795)
(0.000873397,0.00566633)
(0.0222527,0.0261133)
(-0.0191449,0.00852562)
(0.0212904,0.00194104)
(-0.018571,-0.00418716)
(0.0166499,0.00840035)
(-0.0190869,0.0154727)
(0.00337719,-0.00950464)
(-0.00237937,0.0111151)
(0.00225979,-7.62732e-05)
(-0.0168642,0.000639794)
(-0.00322431,-0.00414663)
(-0.00461471,-0.00279351)
(0.0035655,0.00122748)
(0.0157132,-0.000996435)
(-0.0129531,0.00826042)
(0.0258608,-0.00394559)
(-0.00226143,0.00626414)
(0.0107679,-0.00363336)
(0.0103122,0.011266)
(0.00191504,0.00998305)
(0.00850396,0.0210983)
(-0.0137116,0.00704713)
(0.0199486,0.0241445)
(-0.00223194,-0.016408)
(0.0143261,0.00541473)
(-0.00934647,0.00608114)
(8.05407e-05,-0.00341115)
(-0.00691454,0.00972015)
(0.000169801,-0.00570459)
(-0.00467509,-0.00370808)
(-0.0145026,0.00216395)
(-0.00456945,-0.00806097)
(-0.0158756,0.00126184)
(0.00946966,-0.0058773)
(-0.0222553,-0.00830912)
(0.0195324,-0.00956657)
(-0.0167789,0.00304096)
(0.0248152,0.00283226)
(-0.0117621,0.000945895)
(0.00719733,0.00480712)
(0.00556505,0.0181261)
(0.00516697,-0.00751586)
(-0.00370582,0.0121751)
(0.00252706,-0.0118903)
(-0.00266117,0.0225843)
(-0.00548972,0.000684515)
(-0.00252599,-0.00454187)
(0.0128064,-0.00616402)
(-0.00795516,-0.00492237)
(0.000959772,-0.00778253)
(-0.0201901,-0.0106437)
(-0.00640572,-0.0183481)
(-0.0178543,-0.00649862)
(-0.00535143,-0.0224036)
(-0.0142428,0.00238243)
(0.00252985,-0.0145233)
(0.00472726,-0.00620369)
(0.0145162,-0.0135257)
(0.00613591,0.0141915)
(0.00874194,-0.0160308)
(0.0020651,-0.00298888)
(-0.00114101,-0.00877846)
(-0.000230856,-0.0112918)
(-0.00824266,-0.0017125)
(-0.0110772,-0.00538276)
(-0.0111009,-0.00580272)
(0.00621301,-0.000873302)
(-0.00291253,-0.00716955)
(-0.0150604,0.00638163)
(0.00153432,-0.0171194)
(-0.0143631,-0.00394396)
(-0.0132967,-0.0285478)
(-0.010696,0.00348292)
(-0.00995752,-0.0255709)
(-0.00480697,0.00867392)
(0.00551324,-0.0168385)
(0.0011993,-0.00182634)
(0.0134221,-0.0127245)
(0.018916,0.0104426)
(0.00225744,-0.00770265)
(0.0108793,0.0108273)
(-0.00132651,0.00653837)
(-0.000926905,-0.00546386)
(-0.00269629,0.00984693)
(-0.00628323,-0.00542913)
(-0.0206793,0.00608494)
(-0.0119728,0.00571325)
(-0.00127632,0.0199049)
(0.00463128,0.0112006)
(0.0255085,0.00250542)
(-0.0103066,0.00644209)
(0.0297421,0.00305035)
(0.0019378,0.037497)
(0.0265293,-0.008987)
(-0.0291052,0.0357924)
(0.00799241,0.0142085)
(-0.0120692,0.0144001)
(0.0272566,0.0341756)
(-0.0193685,0.0108972)
(0.0358178,0.00932894)
(-0.00512679,0.0243471)
(0.0118407,0.03288)
(0.00512697,-0.00542412)
(0.00895046,0.0222043)
(0.0204755,0.0135051)
(-0.0211145,0.0161)
(-0.0162819,0.00343812)
(0.019772,0.0205896)
(-0.0218998,0.00333551)
(0.0413821,0.0362534)
(-0.00943413,0.0256405)
(0.0422139,0.0110105)
(-0.0218941,0.025707)
(-0.00365199,0.00278686)
(-0.0260261,-0.0229922)
(6.49633e-05,-0.00279742)
(0.0650171,-0.00398804)
(0.0075433,0.0322599)
(-0.0423725,0.000637391)
(0.0287242,0.0464143)
(-0.0396559,0.0124034)
(-0.0086846,0.0310181)
(-0.0108571,0.00839367)
(-0.00805936,0.022489)
(0.0197958,0.0117837)
(-0.00900196,0.00120518)
(-0.0345101,-0.00493254)
(-0.00538335,0.00723121)
(-0.0368235,0.00045632)
(0.0168877,0.0378045)
(-0.0396024,0.00460143)
(-0.0553726,-0.0334885)
(-0.0109365,-0.0695011)
(-0.0128508,0.00417493)
(0.000611846,0.016541)
(0.0194246,0.00462259)
(0.00351509,0.00866379)
(-0.065376,-0.03387)
(0.00559163,-0.0908336)
(0.00173543,-0.00667897)
(-0.0443415,0.00770103)
(-0.0112262,0.00499747)
(-0.0202253,-0.00216236)
(-0.0153085,0.0109772)
(0.0149131,0.00325232)
(-0.0217934,-0.00807788)
(-0.0122789,-0.0050616)
(-0.0215825,0.0079794)
(-0.0338409,0.00121981)
(-0.0236012,-0.0171198)
(-0.0183083,0.0226274)
(0.0533525,-0.0483792)
(0.0476017,0.0794178)
(0.0121751,0.0270552)
(0.0127201,-0.00729878)
(-0.00293192,-0.0130343)
(-0.014232,0.00135445)
(-0.0113059,0.074727)
(0.0228283,-0.0263049)
(0.0311377,-0.00461934)
(-0.0215093,0.022046)
(-0.00599139,0.0012083)
(-0.015074,0.0165011)
(-0.0147511,-0.00785254)
(0.0118579,0.00553541)
(-0.0141544,0.0050207)
(-0.00844296,-0.0152689)
(-0.0350539,0.00594427)
(0.000533115,-0.00161491)
(-0.0592545,0.0343443)
(-0.0149043,-0.00843637)
(-0.0262259,-0.00283876)
(-0.0151369,-0.00175376)
(-0.0279661,-0.0196039)
(-0.09769,-0.0293782)
(-0.0211312,0.0156496)
(0.0836714,0.0107395)
(0.0103875,-0.0390676)
(0.0131041,0.0384228)
(0.00847849,-0.0360037)
(0.00543272,0.039386)
(-0.00959338,-0.00880632)
(-0.00306752,0.0237354)
(-0.0013548,-0.00607921)
(0.0151604,0.000858264)
(-0.0174216,0.00324429)
(0.0139817,-0.00819171)
(-0.020878,0.0119525)
(8.4481e-05,-0.0122114)
(-0.0282063,0.00873186)
(-0.0106067,0.000964803)
(-0.0220768,0.00976588)
(0.00509399,0.000483643)
(0.0202577,-0.00288453)
(-0.0390095,0.0340239)
(0.000711255,-0.035458)
(0.00280932,0.0215291)
(0.00330402,-0.0565417)
(-0.00740827,0.0198946)
(0.000445523,-0.00797714)
(-0.00383232,0.0429213)
(0.000717918,0.0203497)
(0.0177035,0.0214065)
(-0.00571749,0.0117313)
(0.0133626,0.00756168)
(-0.00846076,0.0264989)
(0.0120662,-0.0119771)
(-0.0278912,0.0133978)
(0.00619937,-0.0173642)
(-0.0309544,0.0122416)
(-0.0146279,-0.00593966)
(0.00428236,0.00794687)
(-0.00577577,0.0181507)
(0.0175255,0.00663572)
(-0.0125185,0.0167981)
(0.00681825,-0.0287346)
(-0.00918986,0.0161087)
(0.00162517,-0.00837773)
(-0.016544,0.017381)
(0.00398149,0.0241391)
(-0.00400493,0.0133036)
(0.00518395,0.015038)
(0.0106181,0.0142957)
(0.0168685,0.0055118)
(0.0281338,0.0108079)
(-0.0262342,0.013565)
(0.00116056,-0.00534399)
(-0.00927276,0.0191017)
(-0.000926319,0.00127222)
(-0.00625953,0.00517963)
(-0.00909653,0.00231042)
(-0.00292341,0.00785104)
(-0.0102708,-0.00540149)
(0.00491121,0.0024892)
(-0.0168215,0.00308956)
(0.00788039,-0.00129571)
(-0.0127769,0.0108803)
(0.0225705,0.00975022)
(-0.0213315,0.0071739)
(0.0193221,0.0116372)
(-0.00218548,0.00888563)
(0.0193211,0.00716438)
(-0.00416567,0.0157492)
(0.0102851,-0.00612586)
(0.00495319,0.00574594)
(-0.00595076,-0.00602306)
(-0.0025032,0.000139575)
(0.000423614,-0.00536912)
(-0.00601258,0.00426498)
(0.0108433,-0.017403)
(-0.0258844,-0.00640589)
(0.00930888,-0.0183444)
(-0.0178556,-0.0163696)
(-0.00616187,-0.0190663)
(-0.00363901,-0.0123878)
(0.000526878,-0.0259048)
(0.00805831,-0.00426305)
(-0.0170565,-0.0100881)
(0.017037,-0.00176517)
(-0.00233956,-0.00453447)
(0.00965422,-0.00471816)
(0.00300054,-0.0138717)
(0.00547681,-0.0060253)
(-0.00295273,0.00466457)
(-0.0128344,-0.00706157)
(-0.00464554,-0.00806729)
(-0.00673963,0.0032403)
(-0.00409306,-0.0137759)
(-0.0103675,0.00928631)
(0.0110594,-0.0246814)
(-0.00886183,-0.00323212)
(0.0165461,-0.0236751)
(0.000616733,0.00423983)
(-0.00102961,-0.0397237)
(0.00304319,0.0163296)
(0.000548448,-0.0223879)
(0.0162316,-0.0117306)
(-0.0163166,-0.0129631)
(0.0197447,-0.00236759)
(-0.00220061,0.00259654)
(0.0237897,-0.0123313)
(-0.00136752,0.00979045)
(0.00860673,-0.0161688)
(-0.00971921,0.0032184)
(-0.0106711,-0.00713605)
(-0.0163493,0.000659773)
(-0.00726536,0.00832895)
(0.0103248,-0.00737271)
(0.00783406,0.0116743)
(0.0292114,0.00701706)
(0.0176738,0.0100619)
(0.0277646,-0.0136841)
(0.029074,0.0560757)
(0.0248545,-0.0186537)
(0.00861678,0.0232629)
(0.0362157,0.00184539)
(-0.00193502,0.0272353)
(0.0378467,0.03015)
(-0.017296,0.0297926)
(0.0124274,0.0163145)
(0.000178121,0.0288069)
(0.0174464,0.0259509)
(-1.86775e-05,0.0153345)
(0.00330545,0.0173877)
(0.0133254,-0.00131966)
(-0.00684925,-0.0108908)
(-0.00225194,0.00159378)
(0.0126163,0.0111198)
(0.00330983,0.0176432)
(0.0446976,0.0251179)
(0.0188217,0.0408721)
(0.0172163,0.0236431)
(0.0380157,0.0351606)
(-0.0826316,0.021747)
(-0.0356218,-0.0685888)
(-0.0036374,-0.0461359)
(0.00957919,-0.018296)
(0.0533594,0.0628432)
(-0.0240917,0.0462792)
(0.0329426,0.0384385)
(-0.0427472,0.0198688)
(0.00414833,0.019177)
(0.00314833,0.00909878)
(-0.000725864,0.0230003)
(0.0174897,0.0183942)
(-0.0139831,-0.017087)
(-0.0214576,-0.00881058)
(0.015899,-1.76165e-05)
(-0.0299338,-0.000529283)
(0.00558996,0.0125151)
(-0.00987431,0.0188885)
(-0.0946987,-0.0328445)
(0.0528819,-0.0178088)
(0.0112341,0.0070034)
(0.0116291,0.00672073)
(0.00654686,0.0112152)
(-0.0311033,0.00311095)
(0.014041,-0.0594383)
(0.0643881,0.0652858)
(0.0259333,-0.0143749)
(-0.00209102,0.0122322)
(-0.00927698,0.00933457)
(-0.00828904,-0.00571552)
(-0.00837091,0.0213273)
(0.00610961,-0.00236392)
(-0.00614094,-0.0147589)
(-0.0255675,-0.013582)
(-0.00220747,-0.00815947)
(-0.0185959,0.00568395)
(0.0169812,0.00869962)
(-0.0325798,-0.00419054)
(0.0588522,0.0216293)
(-0.0561837,-0.0231626)
(-0.00729797,-0.00252187)
(-0.0183814,0.00538357)
(-0.0075867,-0.0124803)
(0.00677175,-0.00503499)
(-0.0224848,0.0383091)
(0.0203111,-0.00243866)
(0.0119152,-0.00566171)
(0.00953551,0.0153284)
(0.00195988,-0.00450986)
(0.00780392,-0.0115174)
(-0.016745,0.00230917)
(0.00584343,0.000591131)
(-0.0116023,-0.000358896)
(-0.00488485,-0.00982521)
(-0.00671256,0.0172205)
(-0.00531239,-0.000897897)
(-0.0336277,0.0122642)
(0.0208643,-0.000387683)
(0.0139545,0.0213732)
(0.0281675,-0.0366829)
(0.0657794,-0.0282218)
(0.109591,0.0270803)
(0.00508193,0.0534554)
(-0.0251555,-0.0381713)
(-0.0190686,-0.022561)
(-0.0281956,-0.0157122)
(-0.0034442,-0.0310198)
(-0.00338708,-0.0119098)
(-0.00682533,0.00116161)
(0.0106204,-0.00705589)
(0.00401076,0.00303712)
(0.00650969,-0.000307361)
(-0.0122647,-0.00177533)
(0.00479077,-0.0110387)
(-0.026538,0.00466316)
(-0.00491931,0.00625337)
(-0.0246179,0.00849695)
(0.00254475,0.000854621)
(0.00091758,-0.00730243)
(0.0178684,0.0124157)
(0.0195653,-0.0145626)
(0.00609237,0.0391419)
(-0.0164863,-0.0319956)
(-0.034655,-0.00512751)
(-0.0194449,-0.0148003)
(-0.027633,-0.00880363)
(-0.0190868,0.00286919)
(-0.0113787,0.00601582)
(0.0133627,0.0237783)
(0.00202816,0.0189347)
(0.0132111,0.0160292)
(0.0215662,0.00635163)
(-0.018233,0.0157602)
(-0.00255671,-0.0128522)
(-0.014053,0.0105074)
(-0.0035682,-0.00827066)
(-0.00995036,-0.00296543)
(-0.00572803,0.00180981)
(0.0139389,0.000635109)
(0.00575314,0.00058102)
(0.0162081,-0.00744952)
(-0.00456516,0.0228437)
(-0.011218,-0.00407683)
(-0.015571,0.00633411)
(-0.0103271,0.000326786)
(-0.0120562,-0.00501357)
(0.00104188,0.0259135)
(0.000170466,0.00975841)
(0.0221153,0.022291)
(0.0164233,0.0135271)
(0.020969,0.00572549)
(0.0251114,0.00730269)
(-0.0103795,0.0143097)
(-0.00147465,-0.00222655)
(-0.0169998,0.0178716)
(-0.00320813,-0.00289242)
(0.00477104,0.00978057)
(-0.00443664,-0.00959303)
(0.00703567,0.00165602)
(0.00605023,-0.00112176)
(0.00815756,0.004646)
(-0.00626071,-0.00426294)
(0.00183817,-0.00244892)
(-0.00128272,-0.00694622)
(0.00468892,0.010143)
(-0.00208672,-0.00582017)
(0.0188231,0.00873469)
(-0.012399,0.00939963)
(0.0257662,0.0111604)
(-0.00175119,0.0208315)
(0.00881122,-0.00409918)
(0.0176337,0.0142928)
(0.00120073,0.0133381)
(-0.00127823,-0.0108166)
(0.0104227,0.00384776)
(-0.00179342,-0.00524975)
(0.0109889,-0.000324746)
(-0.0274595,-0.00498985)
(0.0150202,-0.00480525)
(-0.0196701,-0.0203384)
(0.00541376,-0.0148555)
(0.00148227,-0.0187985)
(-0.00425204,-0.00831955)
(0.00894507,-0.0277268)
(-0.0167503,-0.0100383)
(0.00242378,-0.0140907)
(-0.00572311,-0.00401039)
(0.00284091,-0.0155622)
(0.0109062,0.000801388)
(0.00355812,-0.00560582)
(0.0125253,-0.00422656)
(-0.00464338,0.00370504)
(0.0105474,0.00787947)
(0.00519258,-0.00278897)
(0.000891929,-0.00151469)
(-0.00879315,-0.00685633)
(0.0151405,-0.00376072)
(-0.0273313,-0.0100504)
(0.0150779,-0.0233401)
(0.0035526,-0.00109105)
(-9.45014e-06,-0.0243411)
(0.000755096,0.00453381)
(-0.0107685,-0.0181971)
(0.00974898,-0.0165415)
(-0.013213,0.00682459)
(0.00858479,-0.0211487)
(-0.00627849,0.00755972)
(0.026487,-0.0247742)
(0.0058585,0.00969453)
(0.00245487,-0.0178905)
(0.00915225,0.0016656)
(-0.00177285,-0.00941744)
(0.00191715,-0.00204924)
(-0.0052454,0.00178272)
(0.00116776,-0.00911482)
(0.0042784,-0.0147988)
(0.0204913,-0.0055504)
(0.0201115,0.00144984)
(0.0281224,-0.00286872)
(0.0198023,0.0407135)
(0.0201183,-0.0189083)
(0.0178965,0.0435593)
(-0.00450998,0.00816837)
(0.00499502,0.0145437)
(-0.0108632,0.0298301)
(-0.00683314,0.0171471)
(0.00223001,0.0288067)
(-0.00889017,0.0127988)
(0.00861963,0.0264261)
(0.00336722,0.00465876)
(0.0119134,0.0110549)
(-0.000875422,0.000911855)
(-0.00136394,-0.00916703)
(0.00418629,0.0106192)
(0.0272183,-0.00471736)
(0.0101293,0.00342998)
(0.0410623,0.018409)
(0.00636801,0.0250271)
(0.0393306,0.0104057)
(0.0208171,0.0688905)
(0.0329311,0.00904827)
(-0.00818162,0.0386283)
(-0.0245606,0.0372825)
(0.045334,0.00538247)
(0.00817248,0.0457754)
(-0.0278079,0.00293151)
(-0.0103294,0.0111066)
(-0.0133895,0.000312593)
(-0.00391584,0.0170094)
(-0.0065747,0.0116894)
(0.00945064,0.0168151)
(0.00182019,0.00762517)
(0.00104965,-0.0252677)
(-0.00183446,0.0111616)
(0.0120613,-0.0118723)
(-0.00369624,0.00503732)
(0.0235452,0.0243783)
(-0.00704932,-0.000277073)
(0.0462989,-0.00863924)
(-0.0397567,-0.00650949)
(0.0896068,-0.0474602)
(-0.0984189,0.0081215)
(-0.0773499,-0.00562689)
(0.122591,-0.0279579)
(-0.0294073,-0.0271487)
(0.0154828,-0.0410543)
(0.00364711,-0.0040112)
(-0.0206842,-0.025655)
(0.00216839,-0.000412318)
(-0.00911637,-0.0129808)
(-0.0166995,0.017127)
(-0.0123998,0.0109532)
(-0.00334285,-0.0131238)
(0.0022118,0.00389774)
(0.0103852,-0.016865)
(0.0106729,0.012832)
(-0.00883421,0.00236755)
(-0.00749511,0.00233568)
(-0.00698105,0.00822644)
(-9.70057e-05,-0.0373291)
(-0.0664129,-0.0136554)
(0.0762632,-0.00120796)
(0.090461,0.0119162)
(0.0106666,0.0691885)
(0.0317028,-0.00264633)
(-0.0702381,-0.0285156)
(0.0224089,-0.00128379)
(-0.0262302,-0.0324602)
(0.0122982,-0.00501352)
(-0.00121423,-0.0132184)
(0.00561887,0.00653423)
(0.00238443,0.00863298)
(-0.0108358,-0.00886838)
(0.00825727,0.0179212)
(-0.0190504,0.00725428)
(-0.00524984,0.0173896)
(-0.0270315,0.00218952)
(0.0313126,-0.007678)
(-0.0417431,0.00228003)
(0.0314917,-0.0201986)
(-0.0588514,0.00105384)
(0.0215709,0.0118347)
(-0.00228112,0.0177005)
(-0.0921435,-0.022013)
(-0.00695347,-0.0142689)
(-0.0865609,-0.0454382)
(-0.00330161,-0.012259)
(-0.0297946,-0.0227415)
(0.0176221,0.0147167)
(0.0114415,-0.0014843)
(0.00239295,0.0052621)
(0.0171831,-0.00035913)
(-0.0162813,0.00731353)
(-0.000589778,0.00290775)
(-0.0171833,-0.00915708)
(-0.0048317,0.0135755)
(-0.019734,-0.0139897)
(-0.0155267,0.00912414)
(-0.0138992,-0.00958972)
(0.0191417,-0.00999746)
(-0.0279997,-0.0255989)
(-0.00843832,0.0289103)
(-0.0462079,-0.0339338)
(-0.0442219,0.009862)
(-0.0356144,-0.0173324)
(-0.0324796,-0.0094818)
(-0.0081966,0.0149659)
(-0.00241637,0.0169908)
(0.0069955,0.0139471)
(0.0199677,0.00542402)
(0.0162484,0.0116528)
(0.017658,0.00645518)
(-0.011271,0.00951061)
(0.00775891,-0.005041)
(-0.0137184,0.0176)
(0.00887732,0.00397745)
(-0.0102915,0.00467149)
(-0.0167014,-0.00465114)
(0.0101523,-0.000681083)
(0.000238594,-0.00052493)
(0.00362907,-0.000474781)
(0.00378847,0.0157559)
(-0.0212906,-0.0256233)
(0.00720855,-0.00339106)
(-0.0145066,0.00421256)
(-0.00178931,-0.0112536)
(-0.00303966,0.017185)
(0.000477121,0.00691506)
(0.0204216,0.0068373)
(0.0234142,0.0109808)
(0.00675738,-0.00336871)
(0.0260755,0.00586837)
(-0.016038,0.0146605)
(-0.00479961,-0.00546916)
(-0.00372165,0.0119991)
(0.0104198,-0.0111869)
(-0.000938339,0.0114098)
(0.0030016,-0.0154034)
(0.0071513,0.0220997)
(-0.00169862,0.00559504)
(0.0037691,0.0162284)
(0.00226147,-0.00189701)
(-0.0120627,0.00572315)
(0.00308674,-0.0109858)
(0.00353821,-4.90439e-05)
(0.00885149,-0.0131799)
(0.00546492,0.00259139)
(0.00834724,0.00694182)
(0.0101384,0.00553925)
(0.00705874,0.00037425)
(0.00692699,-0.00100324)
(0.0207846,0.00771317)
(-0.000199225,0.00672859)
(0.00356258,-0.00223042)
(-0.00137747,0.00564735)
(0.0080338,-0.00858359)
(0.00190506,-0.0025041)
(-0.00915602,-0.00984581)
(1.40096e-05,-0.0110453)
(-0.0203644,-0.0165165)
(0.0120649,-0.00878107)
(-0.00648695,-0.0268665)
(-0.00275204,-0.00192762)
(-0.00251215,-0.0210712)
(-0.0024154,0.00184063)
(0.00465705,-0.023504)
(-7.16152e-05,-0.0043284)
(0.0060514,-0.019625)
(0.00496094,-0.0107562)
(-6.20935e-05,-0.00610224)
(0.00518806,4.55567e-05)
(-0.00224617,-0.00385638)
(-0.00857626,0.0134202)
(0.0188143,-0.00989848)
(-0.00335149,0.0185725)
(-0.00224685,-0.0151056)
(-0.00214413,0.000125635)
(-0.0112882,-0.0141236)
(0.0012885,-0.00329124)
(-0.012944,-0.0143009)
(-0.00839254,-0.0131933)
(-0.00784808,-0.00155288)
(0.00704423,-0.0121842)
(0.00315784,-0.0285)
(0.00312834,0.00138036)
(-4.97856e-05,-0.0246805)
(0.00297873,0.00966703)
(0.0146183,-0.029161)
(0.00808411,0.0122592)
(-0.00700099,-0.0142734)
(0.00317935,0.00150627)
(-0.00891926,-0.00862238)
(0.00763526,0.0128044)
(0.0128751,-0.00259681)
(-0.00405012,0.00278885)
(-1.21659e-05,-0.0278046)
(-0.00363007,-0.00198963)
(0.00579875,-0.0232233)
(0.00297155,-0.0076331)
(0.0100843,0.0124933)
(-0.00424778,-0.00601764)
(-0.00347291,0.0216395)
(-0.0117658,0.00777066)
(0.00203721,-0.00635397)
(-0.0108354,0.0238253)
(-0.0130685,0.0020739)
(-0.00323214,0.0138917)
(0.00582279,-0.00434924)
(0.0119288,0.0232378)
(-0.00395992,-0.00467932)
(0.00816685,0.00567803)
(-0.0125986,-0.00762857)
(0.00920404,0.00201709)
(0.0124456,-0.00696232)
(0.00206264,-0.00949077)
(0.010654,-0.0242646)
(0.0192241,0.0049699)
(0.018892,-0.000868734)
(0.00720277,0.0182347)
(0.00308847,0.0294206)
(0.0102078,0.0205888)
(-0.026142,0.0322407)
(-0.0209562,0.0230458)
(-0.00296514,0.0128387)
(-0.00851557,0.0204442)
(-0.0262587,0.00259595)
(-0.0110956,0.00943587)
(-0.00567554,0.017124)
(-0.0014091,0.00595988)
(0.000671943,0.00994909)
(0.0032999,0.0152304)
(-0.00664622,0.00656875)
(0.00333824,-0.0220911)
(0.0229326,0.0142746)
(0.00909166,-0.0328183)
(-0.00290245,0.000950025)
(0.0147192,-0.00344745)
(0.0029686,-0.0102134)
(0.0229477,0.0196332)
(-0.0195198,0.00154618)
(0.0171201,0.00860883)
(-0.0480013,-0.0153432)
(-0.0225225,0.020899)
(-0.0140588,-0.0373895)
(-0.00152296,-0.0148264)
(-0.0283929,-0.0210475)
(0.00671189,-0.0264325)
(-0.0207401,-0.00149186)
(-0.00174514,-0.00108947)
(-0.0102143,0.00978738)
(-0.000947075,0.00443633)
(-0.00482752,0.00284388)
(-0.0062532,-0.0199044)
(0.0252549,0.00780179)
(0.00731396,-0.0173833)
(0.0117423,0.000329933)
(0.0120665,-0.0026964)
(0.0220281,0.00595294)
(-0.00757348,0.00872232)
(-0.00420892,-0.0286765)
(-0.0183711,0.0197063)
(0.0117984,-0.0174757)
(0.0181253,0.0246321)
(-0.036104,-0.0212919)
(0.0132705,0.00986579)
(-0.0545182,-0.00907009)
(0.0221493,-0.00903344)
(-0.0175748,-0.00781705)
(0.020259,-0.00548736)
(0.00786982,-0.00436064)
(-0.00531699,0.0103463)
(0.0175942,-0.00252161)
(-0.00944796,0.00141705)
(0.006927,0.0174498)
(-0.00822934,-0.0176106)
(0.00141906,0.00557631)
(-0.017019,-0.00907028)
(-0.00204282,-0.0120162)
(-0.0180905,-0.0118514)
(0.00775954,-0.0281487)
(-0.0237925,-0.00260478)
(-0.0118364,-0.0040065)
(-0.0148825,-0.00530961)
(-0.0484442,-0.0143138)
(-0.000411406,-0.0023233)
(-0.0494133,-0.0230202)
(0.020082,0.0114536)
(-0.0197091,-0.00847208)
(0.0138205,0.002036)
(0.00991396,-0.00320069)
(0.0126618,0.0170877)
(0.0162437,-0.0113342)
(-0.0135629,0.0163514)
(0.0173923,0.00169186)
(-0.0212083,0.0126084)
(0.00665157,-0.00441912)
(-0.0146926,-0.0115141)
(-0.0260631,0.00571933)
(-0.0106835,-0.0131239)
(-0.0234622,-0.00910715)
(-0.0115238,-0.0167677)
(-0.00743018,0.0126525)
(-0.0225556,-0.0269461)
(-0.0175147,0.00186895)
(-0.0205825,0.0103101)
(-0.0149054,0.00523095)
(-0.00935382,0.0189124)
(-0.00411778,-0.00285175)
(0.0149369,0.0143894)
(-0.00872876,-0.00254134)
(-0.00396816,0.00791702)
(0.00706929,-0.00125333)
(-0.00507203,0.0219074)
(0.0166463,-0.00106157)
(-0.0249689,0.0168585)
(0.0102526,-0.00666784)
(-0.0165798,0.0137348)
(0.00634502,0.00201615)
(0.00398184,0.00583708)
(-0.0100229,0.00767212)
(-0.0166547,0.0109324)
(-0.00368735,-0.00219019)
(-0.0138291,-0.00296352)
(0.0229135,0.00016542)
(-0.000592618,0.00285634)
(0.00229594,-0.0136906)
(0.0179105,0.00849632)
(0.00131519,-0.000891681)
(0.00574272,0.0013038)
(-0.00834091,-0.0104487)
(0.00487523,-0.0105494)
(0.00406512,-0.00832019)
(-0.00671621,0.0158365)
(0.00459231,0.000645642)
(-0.0143825,0.0220964)
(0.0125411,0.00407909)
(-0.00335751,0.0109398)
(0.0131072,-0.00689609)
(0.0123268,0.0118678)
(0.00150927,0.00141236)
(-0.00103484,0.0253946)
(0.010624,0.0125488)
(-0.0183764,0.0059125)
(0.00959804,0.00290651)
(-0.00324753,0.0138059)
(0.0130767,-0.00752607)
(0.00472381,0.0146639)
(0.00625565,-0.00410056)
(0.00677704,0.00549399)
(-0.00664794,-0.00247435)
(0.00689193,-0.0036607)
(0.00210115,-0.00289461)
(0.00596051,0.00985272)
(0.00310096,-0.00275259)
(0.0162935,0.027931)
(-0.00197037,-0.00758274)
(0.0042376,0.00699945)
(0.00483379,-0.0128732)
(0.0141947,-0.00228727)
(0.00454345,-0.0168536)
(0.00420159,-0.0147076)
(-0.00830719,-0.0245835)
(0.00893236,-0.00845341)
(0.00228746,-0.0164822)
(-0.00106643,-0.0170279)
(-0.00282726,-0.0194847)
(0.00183266,-0.0139506)
(-0.00537067,-0.0185067)
(-0.00905571,0.000430269)
(0.00333166,-0.012749)
(-0.00674496,-0.00472246)
(-0.00863084,-0.0116927)
(0.00812829,0.0177304)
(0.004271,-0.00636073)
(0.00263875,0.0153753)
(0.00281475,-0.0174669)
(0.00914411,0.0112156)
(-0.000809166,-0.0161565)
(0.00555656,-0.00653232)
(-0.00667626,-0.0166254)
(0.00803325,-0.0136905)
(-0.00205194,-0.00994641)
(0.00814539,-0.0135577)
(-0.000844997,-0.0271398)
(-0.0019702,-0.0119139)
(-0.000800297,-0.0216162)
(-0.00566268,-0.00778545)
(-0.00151655,-0.0234033)
(-0.0132805,-0.00856603)
(-0.0116665,-0.0243308)
(-0.0064884,0.00124697)
(-0.00291245,-0.00859266)
(-0.000937744,0.0170216)
(0.0114669,-0.00928553)
(0.00590467,0.0301245)
(0.0145922,-0.0202353)
(0.0129144,0.00325556)
(0.0062971,-0.0346862)
(0.010871,-0.00181176)
(0.00323825,-0.0138393)
(-0.000205848,-0.0147304)
(-0.00964105,0.00839887)
(-0.0136412,-0.0114197)
(-0.00729254,-0.0206082)
(0.00202983,0.000220688)
(-0.00436269,-0.00844134)
(-0.00447444,0.00434763)
(-0.000755478,-0.00671339)
(-0.000117722,0.0130039)
(0.00622774,-0.00462062)
(-0.00179263,0.0173979)
(-0.00806989,0.00562527)
(0.0190552,0.00858777)
(0.029821,-0.019705)
(0.00770513,0.00097296)
(0.00768066,-0.0379869)
(0.00922892,-0.00151956)
(0.0205055,-0.0320131)
(0.00748927,-0.0130363)
(0.00718506,0.00131653)
(-0.0165945,-0.00519215)
(-0.00987771,0.0108587)
(-0.00524287,0.00635929)
(-0.0051037,-0.00347976)
(-0.0112551,0.00365508)
(-0.0175898,0.00171746)
(0.00638471,-0.00954703)
(0.0003893,-0.000213718)
(0.00435467,0.00559653)
(-0.00364535,0.00206553)
(0.00234141,0.0235648)
(0.00261969,0.00386619)
(0.00367003,-0.00314503)
(0.0185052,-0.000707287)
(0.0166066,-0.000255777)
(0.0149521,-0.0166387)
(0.0126687,-0.0113167)
(0.00295616,-0.00917607)
(0.00580093,0.00157974)
(-0.00982191,-0.00153042)
(0.0141744,0.00674394)
(-0.0241863,0.00163022)
(0.00881834,0.00329369)
(0.00115699,-0.0273382)
(0.0179204,-0.0141685)
(-0.0175613,-0.0101064)
(0.00308726,-0.014878)
(-0.00489375,-0.00836372)
(0.00263557,-0.00142486)
(0.0116354,-0.0039534)
(-0.00254477,0.0101257)
(0.0144565,-0.00564631)
(0.00498228,-0.00038319)
(0.0149107,0.00311082)
(-0.00245174,-0.0195291)
(0.0103007,-0.0259402)
(0.00421086,-0.00749122)
(0.00100663,-0.0169973)
(0.00652195,-0.0122952)
(-0.00897746,-0.00336424)
(0.00147926,0.000764438)
(-0.00467883,-0.00843124)
(0.0181951,-0.00193327)
(-0.00262915,-0.00964987)
(0.0311236,-0.0122691)
(-0.0104034,-0.0202142)
(0.0182884,-0.0112524)
(-0.00486281,-0.00650812)
(0.0144201,-0.0106526)
(0.0171203,-0.0109435)
(0.000279524,0.0135289)
(0.0226535,-0.0130458)
(-0.00439648,0.00154054)
(0.0148222,0.00728452)
(-0.011878,0.00303191)
(-0.00165451,0.00867859)
(-0.0154166,-0.0203695)
(-0.00787924,-0.0066837)
(-0.00287841,-0.00940802)
(-0.0152124,-0.0250705)
(-0.00152674,-0.00428031)
(-0.00353153,-0.0161263)
(0.0150272,0.00593235)
(0.01007,-0.0215093)
(0.0148294,0.0170713)
(-0.00496478,-0.0123504)
(0.0139773,0.0151606)
(-0.00804699,-0.0023658)
(0.0112156,0.0191237)
(0.00378625,-0.0181174)
(-0.00348691,0.011924)
(0.00966907,-0.0082082)
(-0.00689925,0.00232622)
(0.00472576,0.0120377)
(-0.0263976,0.00118706)
(0.00193405,0.00556543)
(-0.0207124,-0.00317586)
(-0.00381564,0.00150748)
(-0.00305449,-0.00247145)
(-0.0159199,-0.00570785)
(0.00142984,0.00619518)
(-0.00966359,-0.015811)
(0.00501407,-0.00159392)
(0.0053172,-0.00946292)
(-0.00169545,0.0167489)
(-0.00825352,-0.00598772)
(0.00542572,0.0297516)
(-0.0114998,-0.0192351)
(-0.000351398,0.0238556)
(-0.0273338,-0.0042988)
(-0.00271876,0.00744518)
(-0.0234093,-0.00801204)
(0.0070282,0.0130561)
(0.00159003,0.0105116)
(-0.0217312,0.00959706)
(0.0143797,0.00412965)
(-0.021777,0.00130888)
(0.0117315,-0.00935215)
(-0.00138919,0.0137863)
(0.00613898,0.00341919)
(-0.00809242,0.00950605)
(0.0079261,-0.00484795)
(0.00214285,0.000349278)
(-0.00171775,-0.0135526)
(0.0179052,0.00264722)
(-0.0119176,-0.0130666)
(0.013028,0.026189)
(-0.0187113,-0.0155355)
(0.00929343,0.00636831)
(-0.0209141,-0.00591279)
(0.00303204,-0.0127653)
(-0.0135793,-0.00871985)
(-0.000343735,0.0207361)
(0.00961761,0.00629916)
(-0.00547947,-0.00178912)
(0.00213094,0.00296142)
(-0.00122027,0.002482)
(0.0242544,0.00206295)
(-0.00208625,-0.00165591)
(0.0080518,0.00469587)
(0.0017185,0.013856)
(0.000373353,0.00730393)
(-0.00538189,-0.00277119)
(0.00744699,-0.00972118)
(0.00202804,-0.000944129)
(0.00214843,-0.00331291)
(0.0159318,0.00330654)
(-0.0119228,-0.00817136)
(0.0155479,0.00243324)
(-0.0132105,-0.00283277)
(0.00550661,-0.00946984)
(-0.00960885,0.00124875)
(-0.00992177,-0.00674839)
(-0.00265524,-0.00074202)
(0.00706401,0.00603285)
(0.0033268,-0.0114755)
(0.0147379,0.0133564)
(0.006365,-0.0165555)
(-0.00358178,-0.0131989)
(-0.00127507,-0.0143848)
(0.00487809,-0.00944654)
(0.00464342,-0.0101675)
(0.00242839,-0.00430601)
(0.00280957,-0.0179746)
(-0.00152825,-0.00384602)
(-0.00731401,-0.00484887)
(-0.000220554,0.00564213)
(0.0100978,-0.00139505)
(-0.00266133,0.00417556)
(-0.00260853,-0.00260671)
(-0.00769058,0.00324776)
(-0.00598812,0.00669583)
(-0.00391258,-0.000871702)
(6.07527e-05,-0.012973)
(0.00727983,0.0191944)
(-0.00860172,-0.0191063)
(0.00523965,0.0070259)
(0.00609699,-0.0175323)
(0.00251084,0.00182469)
(0.00717866,-0.0148963)
(-0.00428386,0.000837936)
(-0.00328335,-0.00721879)
(0.0107612,0.00290022)
(0.0070453,-0.0180192)
(0.00510535,0.00847274)
(0.0060021,-0.0211321)
(-0.00244403,-0.0034039)
(-0.0171457,-0.00370972)
(-0.0153008,-0.00167024)
(-0.00485534,-0.00500911)
(0.00193672,-0.00881968)
(0.00180335,0.0100282)
(-0.00205452,0.0115847)
(0.0134549,-0.00794086)
(0.00854637,0.00365777)
(0.00397282,-0.0185154)
(0.0127344,0.0105593)
(0.0120115,-0.0228566)
(0.00116381,-0.0204115)
(0.000380561,-0.00136857)
(0.00303214,-0.012596)
(-0.00348569,-0.0083335)
(0.000319295,0.00296558)
(0.00664613,-0.0156893)
(-0.00694484,0.00696018)
(-0.000533292,-0.0133025)
(-0.00261146,-0.000539321)
(-0.00672616,-0.00537748)
(0.00187202,0.00286614)
(0.00405678,-0.00116945)
(0.0020574,0.00676683)
(0.00987022,0.00164942)
(-0.00249327,0.00916164)
(-0.000196651,-0.0213468)
(0.00873991,0.0178246)
(0.0115155,-0.0239016)
(-0.00249012,-0.00320952)
(0.0112171,-0.0236259)
(-0.00363282,-0.0147249)
(0.00232094,-0.0157552)
(-0.0101337,-0.0172833)
(-0.000888773,0.00561879)
(-0.00245676,-0.00588457)
(0.0043966,-0.0213176)
(0.000242367,-0.00218622)
(0.0031896,0.0019438)
(-0.00622792,-0.000392728)
(-0.00584751,-4.9382e-05)
(-0.00502565,0.0115706)
(0.000593912,0.00189685)
(0.00158305,0.0147862)
(-0.00138682,-0.00564946)
(0.0158039,0.00960198)
(0.0106441,-0.0107272)
(0.0118982,-0.0021775)
(0.0057639,-0.0203247)
(0.00780486,-0.00402095)
(0.00172385,-0.0104245)
(0.000516229,-0.00465934)
(-0.000507042,-0.00378876)
(0.00477645,-0.00414294)
(-0.00143026,-0.00571842)
(0.0120862,-0.00975103)
(0.0067042,-0.0107266)
(0.010067,-0.00257691)
(0.00211777,-0.00141197)
(0.00599209,-0.0104444)
(-0.00485984,0.000838492)
(-0.000361604,0.0126417)
(-4.33278e-05,-0.00422892)
(-0.00298946,0.0124955)
(0.0087004,-0.00445896)
(0.000415689,-0.0106004)
(-0.00799998,-0.0118857)
(0.0138057,-0.00914446)
(0.00201157,-0.00480687)
(-0.00154236,-0.0201371)
(-0.0112047,-0.0110751)
(0.00933395,-0.00935672)
(-0.00301093,-0.0193475)
(0.00456886,-0.00692209)
(0.0030944,0.00338465)
(0.00530581,-0.0125113)
(0.0127547,-0.0150689)
(-0.00113911,-0.0057065)
(9.61966e-05,0.00312259)
(0.0107088,-0.00997765)
(-0.00305087,0.00509493)
(0.00409428,0.0101726)
(0.00523896,-0.00712683)
(-0.00265444,0.0133124)
(0.0159376,-0.00962669)
(0.00936035,0.0033929)
(-0.00161033,0.00917783)
(-0.00106854,-0.0129652)
(-0.00210418,0.0052881)
(0.00339619,-0.020007)
(-0.0104211,-0.0003694)
(0.00742989,-0.0124512)
(-0.00932999,-0.0105217)
(0.0149209,0.00569451)
(-0.00177544,-0.00467935)
(0.0101124,0.0102302)
(0.00668759,-0.0120909)
(-0.00124359,-0.000952459)
(-0.000828577,0.0065872)
(-0.00558998,0.0133449)
(0.00755859,-0.00995964)
(-0.00272379,0.0112107)
(-0.00479962,0.000946417)
(-0.0132088,0.00401783)
(0.0149791,-0.0132005)
(-0.010459,0.00286046)
(-0.00301821,0.00527409)
(-0.00947413,0.00302458)
(-0.00289623,0.00758545)
(-0.00412167,-0.00205356)
(-0.00596783,0.0035203)
(0.0117079,-0.00351479)
(-0.00781866,-0.00786818)
(0.0113511,0.00361644)
(-0.000403668,-0.010415)
(0.00983928,0.00643757)
(-0.0100441,-0.0159194)
(0.00122703,-0.00335279)
(-0.00271221,-0.00578294)
(-0.00167935,0.00991634)
(-0.0123402,-0.00257512)
(0.00116215,0.0170244)
(-0.0142118,0.00194007)
(0.00156061,-0.0020579)
(-0.0115625,-0.00389486)
(-0.00321787,0.0062195)
(-0.00545387,0.00823069)
(-0.0049889,-0.0110667)
(0.00331565,0.00738991)
(-0.00284205,0.00573205)
(0.0167386,0.00585769)
(-0.00436044,0.00488345)
(-0.00120742,-0.00401122)
(0.00855799,0.0103537)
(0.00750733,-0.0101781)
(0.00314628,0.00251527)
(-0.0108811,-0.0154274)
(0.00859872,0.00697564)
(-0.0151445,-0.00310576)
(0.0178407,0.0132712)
(-0.0119472,-0.00439604)
(0.00426939,0.0131193)
(-0.015374,0.00553049)
(0.00508443,-0.00259365)
(-0.0172818,0.00715788)
(-0.00608454,-0.00399173)
(0.00620103,-0.000879188)
(-0.0108817,-0.00438614)
(0.0159817,0.00479701)
(0.00490837,-0.00763673)
(0.0161225,0.0089308)
(0.0055689,0.0010394)
(0.0116871,-0.0018566)
(0.00657859,-0.00516127)
(0.015024,0.00443577)
(0.000424451,0.00438332)
(0.00606882,-0.00995695)
(0.00797966,-0.00351293)
(-0.000503624,0.00144607)
(0.00204141,0.00879476)
(-0.00418131,0.00881379)
(0.0160147,0.00095314)
(-0.0103342,0.00805587)
(0.00128108,-0.00911586)
(-0.00976444,0.0140685)
