-0.00179063
0.000859026
-0.00109508
0.000100565
-0.000556351
0.00236897
0.00123423
-0.00035448
-0.00032727
-0.000400377
-4.29022e-05
-0.000646777
0.00164018
0.00192597
0.000798292
0.00078537
-4.56177e-05
-0.00123555
0.000539938
0.000324689
0.000963458
0.0014254
0.000643886
0.00128922
1.40253e-05
0.000489532
0.000460381
0.00104227
-0.000204343
0.000890579
0.00152555
0.0018335
0.000902779
0.0018122
-0.00196886
-0.00144799
-0.00130663
-0.00142072
-0.0016166
-0.000518277
-0.00121601
-0.00121878
-0.000633496
0.00056364
0.00150844
0.00026038
2.99284e-05
0.000905681
0.000599983
0.000541261
0.000148501
0.000379148
-0.000582245
-0.00100612
-0.00254909
0.000611498
0.000715592
0.000946113
-2.0942e-05
0.00185671
0.00102272
0.00110989
0.000848955
-1.36732e-05
0.000845211
0.00212719
0.000387841
-0.000920982
-0.000202443
-0.000685394
-0.00137216
0.00108437
0.00164643
-0.000884416
-0.000921709
-0.000988323
0.000897399
0.00149299
0.000391503
0.00147164
0.00158039
0.00143267
-0.000802728
-0.00140907
-0.000604509
0.0014128
-5.31627e-05
-0.000757745
-0.000498933
-4.07118e-06
0.00100936
0.00103397
0.00108314
-0.000871985
0.00030289
0.000786237
0.000515325
-0.000849873
-0.000495135
-0.00168692
-0.00172451
0.00104205
-0.0012754
-0.000187264
-0.000596342
-0.000941163
0.000541485
0.00219863
0.00140966
0.00151101
4.86071e-05
0.000579436
-0.000341987
0.000958092
0.000693392
-0.000282899
-0.00102076
0.000259893
-0.000785655
-3.2489e-05
0.000551601
0.00152874
-0.00116307
-0.000584954
-0.000756587
0.00115669
0.000198215
2.87996e-05
-0.00122417
-0.00209669
0.000106757
-1.30533e-05
-0.000403798
7.01197e-05
0.000182941
-0.000101011
0.000272301
-0.00110648
-0.0016886
-0.000761541
-5.91169e-05
-0.000171031
0.000401319
0.00145725
-8.94166e-05
-0.000654405
-0.000923587
-0.00162796
-0.000634514
-0.000952524
0.000451774
-0.000862391
0.000625909
0.000892025
-0.00122388
1.39176e-05
-0.000317263
0.000188262
-0.00167295
-0.00093283
-0.000765423
-0.000610556
0.00131623
0.000495894
-0.000782146
0.000809991
0.000230191
0.00141493
0.000474223
0.00164999
-0.00144907
-0.000193706
-0.000356493
-0.000299414
-0.00041688
5.66706e-05
0.000838143
0.000539019
-0.00197346
-0.000195017
0.000788829
-4.60193e-05
0.00169426
0.00107988
0.00175625
0.000836521
0.00170716
-0.000516154
0.000452958
-5.0993e-05
-0.000944502
-0.000638682
-0.000847873
-0.00179845
0.000804322
0.000432605
-0.000258453
-0.000936412
0.000182509
0.000260112
-0.000570585
-0.000231021
-0.000212682
-0.00033863
-0.000262992
0.00073273
0.00055874
0.00110011
-7.45354e-05
0.000513017
0.000297532
0.00146814
0.00118093
0.000355473
0.000793113
0.00220715
0.00218391
0.00156219
0.0013358
0.000883227
0.0010222
0.00148713
0.000987608
0.00130717
0.00121176
0.000394658
0.000289514
-0.000210384
0.00215975
0.00042376
0.001082
0.000546703
0.000759973
0.000902381
0.00140502
0.000578605
0.000194644
0.000215954
0.000523939
0.00120575
0.000950638
0.00163622
0.00108166
-0.000704888
0.000501403
0.000486908
0.000918452
0.000310392
0.000764953
0.00102094
-0.000303602
-0.000556112
-0.000186101
-0.000936322
-0.000868604
-0.00114134
0.00130606
0.000121562
0.00136932
0.00017247
-0.000441957
-0.00185116
-2.53797e-05
-0.00066052
0.000805862
-0.00146085
0.00048937
-0.000570266
-0.0010536
-0.00015605
0.000349888
-2.03359e-05
-0.000575496
-0.000645922
0.000388552
0.000861812
0.00124647
0.000522703
0.000667832
0.000257733
-0.00158355
-0.000803934
-0.000929544
-0.000504306
0.000711136
-0.000156513
-0.00133426
-0.00170282
-0.00101515
-0.000694632
0.00156069
0.00108294
0.00167388
0.000763296
0.00139767
0.00179805
-0.000412984
0.00043264
-0.0011446
-9.19131e-05
0.00136706
-0.0002074
0.00175175
0.00176914
0.00227629
0.00175302
-1.78876e-05
0.000350916
-0.00118927
0.00135608
0.000655305
0.000974988
0.00132394
0.0025049
0.00111682
-0.000823861
-0.000511018
1.12673e-05
0.00206395
0.00126781
0.000875353
0.00168627
0.000980197
-0.000285195
-0.00145732
0.000412048
0.000193879
9.80224e-05
-0.00137485
-0.000550794
-0.000256098
0.000136447
-0.000399549
0.00113594
0.00168838
0.000619281
-0.000207629
0.00055666
-0.000224885
0.00111969
-0.00065291
0.000259252
0.000598332
-0.0011732
-0.000658529
0.00112935
0.000615896
0.000288982
0.000902375
0.00124326
0.000776457
0.00173935
0.00127178
-0.00159826
-0.000801026
0.000136408
-0.000285873
-0.00145055
-0.00189988
-0.00085364
0.000590931
-0.000286925
0.000294061
0.000608486
0.000611104
0.000397265
0.00010542
0.00165695
0.000573096
-0.000963585
-0.000496109
-6.22012e-05
0.000139178
-0.000268302
-0.000717213
-0.00147967
-0.000669578
-4.17927e-05
0.000298578
0.000617682
0.00259288
1.89547e-05
-0.00180784
0.000257634
0.000424336
-0.000155302
0.000193813
0.0002502
-0.00106139
-0.00103264
0.000638119
-0.000139708
-0.00114452
-0.00011528
0.000686862
0.00194883
0.00150134
0.00117178
-0.000595605
-0.000157051
0.000120997
-0.0011823
-0.000969531
-0.00181026
-0.000793193
-0.00115566
-0.00136945
-0.00215305
0.000564893
0.00231313
-0.000169036
-0.000507085
0.00113517
0.00076831
0.000443982
-0.000766831
0.000630305
-0.00128397
-0.00179047
-0.000727671
-0.00139858
-0.000741427
-0.00111229
-0.00110109
-0.00102487
0.000951489
-0.000432338
-0.00152416
-0.0017882
0.00027816
-0.000369968
-2.75406e-06
-0.00104949
-0.00183682
-0.000594603
-0.00122034
-0.000378365
5.56872e-05
0.000149943
-0.000510194
-0.00120515
-5.04731e-05
0.00132561
-0.000602887
-0.00102862
-0.0010628
5.31096e-05
-0.00173275
-0.00146724
0.000251723
-0.000377426
0.0006991
-0.000311958
-0.000899606
-0.000376642
0.000431034
0.00209675
-0.000193449
-2.59854e-06
-0.000472979
-0.00121481
-0.000882367
-0.00111514
-0.000596485
-0.00130213
-0.000829578
-0.000478168
-0.000303086
-0.000708533
-0.00049345
-0.000948192
0.000702259
0.000580631
0.000463146
0.00103469
0.000123133
0.00153158
0.000824067
5.16748e-05
0.00133929
0.00113324
-0.0018246
-0.00275653
-3.09263e-05
0.00161749
0.00217752
0.000468952
0.00138116
0.000798924
0.000267872
0.00149292
0.00248268
0.000788548
0.000272447
0.000131036
0.00211648
-0.000136696
0.000565916
0.000515109
-0.000538812
-0.00090534
0.000851238
0.00165565
0.000805102
0.00184086
0.00169392
0.00105754
-0.000920116
0.00047752
0.00134289
0.00159744
0.000682117
-0.000119031
0.000817791
0.000287957
-0.00104384
-2.42435e-05
-0.000297673
0.00163062
-0.000374549
0.000578104
0.00133034
0.000881923
0.000506855
0.00033845
-0.000550652
0.00116498
0.000727255
0.000392197
0.00145824
0.00208688
-0.000282126
-0.000466201
-6.55169e-05
-0.00021804
-0.000851312
-0.000663677
-0.000851666
-0.000460674
0.00257718
0.000475733
-0.00252123
-0.000209593
0.000382938
0.000138704
0.00189462
0.00128399
0.00140218
0.000555176
-5.73836e-05
-0.000434413
-0.000995125
-0.00123973
-0.000829011
-0.000844977
-0.00122523
-0.000838544
0.000334639
-0.000163345
-0.000516107
0.000213995
0.000308374
0.00105794
0.000583873
0.00233113
-0.000365053
-0.00041806
0.000442744
-0.00117709
-0.00299988
0.00162903
-0.00220934
-0.000801072
-0.000980472
0.000559374
0.000426623
-0.000654653
-0.000628406
-0.000756735
0.00142361
0.00237541
0.00144044
0.00212397
0.00051669
0.00113411
0.000131587
0.00041587
-0.00160486
0.000637994
0.000807048
0.000833813
0.00190917
0.00155667
0.0013198
0.000795121
4.87984e-05
-0.000218753
1.39222e-07
0.000824052
0.00107419
0.00120127
0.0010612
0.00122453
0.000466896
-0.000634125
0.000177874
0.000303784
0.00139785
0.00214857
0.00170398
-0.000634291
0.000424025
0.000867437
-0.000977459
0.000642394
0.00124221
6.50631e-05
0.00142539
0.000632518
0.000686121
-0.000565875
0.00232499
0.00114544
0.000646228
-0.000147992
0.000257365
0.000646405
0.000411763
0.000521094
-0.00176339
-0.000754594
-0.00103595
-0.000231781
-0.000826933
0.00136472
0.000685092
0.000516217
-0.000659441
0.000573825
0.00129964
0.000622756
-0.000243911
-0.00219624
-0.00225905
-0.000884863
-0.00224798
-0.00038591
-0.000233219
-0.00048183
0.000286136
0.00136382
0.00337851
-0.000166288
-0.00227265
0.000632605
0.00134732
0.000231074
-0.000228345
0.000174682
-0.00120537
-0.000564953
-0.00233956
-0.00063606
0.000551268
0.000184451
-0.000895864
0.000327951
-0.00030949
0.00181592
0.00266809
-0.000678078
-8.14899e-05
-0.00129594
-0.000185637
0.000129989
-0.000639011
-0.0007131
-0.00228186
-0.00138277
-0.000622298
0.00174021
-0.000561401
-0.001348
6.14967e-05
0.0010512
0.000838939
0.000692973
-0.000821013
-0.000294455
-0.00202832
-0.00146811
-0.00174531
-0.00172971
-0.00123847
-0.00192004
-0.000358108
-0.00098479
2.45451e-05
-6.31943e-05
-0.000312274
-0.000670911
0.00115771
7.06808e-05
0.000873619
-0.000575766
-0.0011466
-0.00139425
-0.00177754
0.000988608
4.78254e-05
-0.000676438
-0.00157598
-0.000362491
0.000611235
-0.000663653
0.000402278
0.00155207
-0.00165002
0.00014029
-0.000828085
-0.000740561
0.000134951
-0.000465312
-0.00134925
-0.00189596
-0.0020651
-0.00224014
-0.00168055
-0.000510402
-0.000240707
0.000160942
0.00179756
0.000110088
0.00162596
-0.00145993
-0.00207486
-0.000510221
-0.00130148
0.00106183
0.00170601
-8.07296e-05
-0.00162466
-0.00252364
-0.00101951
-0.00111726
-8.91171e-05
6.30565e-05
0.000484877
0.000807245
0.000277727
0.000330209
-0.000607552
-0.00271755
-0.00241525
-0.00135237
-0.000495204
0.000897768
0.000810517
-0.000992669
-0.000837236
0.000259441
-0.00049571
-0.00126783
0.000692801
-0.000137875
0.000107327
-0.00136922
-0.000178106
0.000496019
-0.000277664
-0.00146124
0.00076688
-0.000565142
0.00239953
0.000795187
-0.00131005
-0.00145902
0.000225365
0.00130224
0.00111829
0.000488741
0.00101042
-0.00114558
0.000551539
0.00191735
0.000172214
-0.000688511
-0.00135729
-4.2831e-06
-1.30895e-05
-0.000291035
0.000604392
0.00148828
0.000508472
0.00139127
0.000669515
8.77969e-05
-0.000881211
0.000807574
0.000792342
0.00129232
0.000689152
0.000513236
-0.000892563
0.000200181
0.000135025
8.43437e-06
0.00185923
0.00170502
0.0014298
0.000766308
0.00165234
0.00140292
-0.000690114
-0.000269551
0.000434764
1.94376e-05
0.00160573
0.000315195
0.000280134
-0.000526236
-0.000394424
-0.00211494
-0.00156629
0.000942484
-0.00063263
0.000130964
0.00126282
0.000964253
0.0004488
-0.000767448
0.000853077
0.00019959
0.000650136
-0.000379465
0.000677296
0.0016927
0.00147375
-0.000989117
-0.00131275
-0.00222743
-0.00165648
-0.000797813
-0.00134294
-0.000783531
0.000470724
0.000320713
-3.3394e-05
5.84148e-05
0.00145453
0.000301775
4.53371e-06
-0.000187445
0.00104655
-5.51822e-05
0.000131384
-0.000731349
-0.000431428
-0.00174609
-0.000803256
-0.0016571
-0.00113794
-0.000234875
0.000437291
-0.000542963
0.000674506
-0.000289516
-0.000248636
-0.000245436
0.0014174
0.00113694
0.000787371
0.00141101
0.000446196
0.000237969
-0.000315196
-0.00106501
-0.000109926
-0.000407144
5.12311e-05
0.000322606
0.000661338
-0.000532181
0.000377167
0.000416747
-0.000437372
0.00208017
-0.000831235
0.000887349
0.000173347
-0.000426125
-0.000586303
-0.000311333
0.000387516
0.000564871
0.000466899
0.00032411
0.000598334
0.000811767
0.000997731
-0.000617185
0.00089403
0.000285482
0.00106201
0.000835669
-9.78024e-05
0.00132211
0.000127666
-0.00088812
-0.000863982
0.00215625
0.00243986
-0.00078336
-0.000202065
0.0010971
0.000764357
-0.000468135
0.000672796
0.000153265
0.0004855
0.00121814
-0.000260015
-5.11228e-05
0.00471057
0.00118751
0.000947697
0.000766104
0.000262733
-0.000721445
-0.000234232
0.00131683
0.000248929
-0.000896718
-0.000424264
0.00171354
-0.00133947
0.000406097
-0.00164487
0.0014544
0.00798335
0.0427696
0.00474442
0.00121047
0.000598247
-0.00106009
-0.000440332
-0.000456242
-0.000714436
-0.00100534
-0.00125599
0.000630011
0.000481338
-0.00232544
-0.00269057
-0.00153265
-0.00200405
-0.00582487
0.0394499
0.00609172
0.00177129
0.00119042
-7.27287e-05
-0.000243273
-0.000815463
-0.00175474
-0.00040199
-0.00283456
-0.00124606
-0.000816977
-0.000734755
-0.000779308
-0.000192214
0.0014685
0.000302491
0.00469235
0.00159453
5.61e-05
-0.00033117
0.000346841
-0.0011956
-0.00109789
-0.00162484
-0.0016348
-0.00154911
-0.000587275
-0.00221489
1.07427e-05
-0.00112044
0.000749021
9.52798e-05
-0.00122086
0.000126529
0.00079509
0.000838974
-0.00203561
-0.000402553
-0.000837169
-0.00135143
-0.000378928
-0.00040321
-0.00178479
-0.00148805
-0.00112684
0.00020494
-0.000611955
0.000186345
0.000107552
-0.00112765
-0.00157785
-0.000128444
0.00132898
0.000475055
-0.00013585
-0.00099609
-0.00124736
-0.000470364
7.21674e-05
-0.000210096
-0.000204961
-0.0004159
-0.00159871
-0.00220829
-0.00150616
-0.00168227
-0.000637433
-0.00106182
-0.000487651
0.00110146
0.00215511
0.00110143
-0.000573843
-0.000864794
-0.00101838
-0.000725878
-0.000511758
0.000327886
-0.000494677
0.000253455
-8.65096e-05
-0.000597113
-0.00107504
-0.0011853
-0.0021456
-0.00083304
-0.000550849
0.00148865
-4.24077e-05
0.000399919
-0.000143969
-0.000366234
-0.000541437
-0.00142195
-0.00104112
0.00152368
0.00181446
0.000506664
-0.00213547
0.000189763
3.65233e-05
-0.00132612
-0.00134206
0.000481158
0.000269805
0.00039378
-4.5434e-05
-0.00101043
0.000310229
-0.00161375
-0.000300514
-0.00209729
-0.000184379
0.000522675
0.00148759
-0.00140054
-7.76551e-05
-0.000155277
-0.00120515
-0.000948554
0.00125997
4.57785e-05
0.00120906
-0.000120799
0.00058512
-0.000398023
0.000419861
-0.000528021
-0.00194564
0.00078864
-0.000569869
0.00125177
-0.000884859
0.000217634
0.0016324
-0.000427758
-0.00134056
0.000575339
0.00128213
-0.00117341
-0.000692525
0.00147981
-2.74627e-05
0.00146271
2.90036e-05
-0.000524834
0.000898168
-0.000688093
-0.000126586
0.00169194
0.000579049
-0.00143671
-0.00109137
-0.00138992
-0.00114328
0.000183074
-0.00131905
-0.000462469
-0.000662896
0.00122075
0.00144048
0.000957701
0.000707548
0.00109096
-0.00160377
-5.78808e-05
0.000928709
-0.00078417
0.00103811
0.000521352
-0.00237288
-0.00202572
-0.0019897
-0.00195204
-0.00200513
-0.00054924
-0.00130301
0.00145598
0.000814084
0.000961063
0.000881057
0.00109401
0.000257406
0.00203511
0.000270367
0.000568228
-0.00102338
-0.000679494
-0.000411106
-0.00165574
-0.00104456
-0.000857141
0.00125358
-0.000269913
0.000818517
0.00162964
0.000500081
0.000560309
0.000154472
-0.000421936
-0.00112557
-0.0010768
-0.000541975
-0.00125214
0.000697555
-0.000579144
0.000263341
-0.000525557
0.000638535
0.00159941
0.00233966
0.00106988
0.000737644
0.000432549
-0.00164958
0.000927411
0.000947539
0.000538887
-0.00191673
-0.00267142
0.000281275
-0.00044607
-0.000349187
-0.00028275
-0.000803879
-0.000999147
0.00217922
0.00116198
0.000355513
0.000671962
0.000915618
0.00052348
-0.00088357
-0.00244947
-0.00187758
-0.00153125
0.00115123
0.00254518
0.000286218
0.000177735
-0.000132079
0.0001573
-0.000616732
0.000566626
0.000510807
-0.000198182
0.000273713
-0.000129913
-0.00094836
-0.000902246
-3.89095e-05
-0.00129849
0.000626563
0.00666196
0.0392142
0.00513107
0.00257418
0.000244971
0.000399404
0.00110982
0.00102761
0.00151909
0.000114139
-0.000142524
0.000909735
0.00156533
-0.000416514
-0.00073372
-0.00104864
0.0031811
0.0880548
0.649247
0.0421781
0.00325899
0.0027172
-0.000222313
0.000736367
0.000861063
-0.000837904
-0.00244926
-0.000295405
-0.000286838
0.00195594
-0.00135258
0.000182066
-0.00137485
-0.00991938
-0.109333
0.618957
0.0419271
0.00473555
0.0021169
-0.000363441
-0.000702977
4.19507e-05
-0.00134979
-0.000650975
-0.000752019
-0.00167979
-0.0030594
-0.00044147
-0.00205842
-0.00114769
5.58993e-05
-0.00724314
0.0384347
0.00478899
0.00122472
0.00189305
0.000816727
-0.00155841
5.19102e-06
0.00118572
0.00142286
-0.00216011
0.000111035
0.000275831
7.61366e-05
-0.00131527
-0.0020036
-0.000793112
-0.00179942
0.00368869
0.00037596
0.001172
0.00125415
0.000693322
-0.00157202
-0.000671396
0.00113412
-0.00140758
-0.00197923
-0.000411781
0.000731128
0.000582909
-0.00079775
-0.00201207
-0.00156883
-0.000100537
-0.00160924
-0.00207821
-0.00044579
0.000323508
0.00021978
0.000321803
-2.43219e-05
-0.000819887
-0.00014934
-0.000906094
0.00037226
-0.000437282
-0.000449243
-6.80613e-05
-0.00187383
-0.00325519
-0.00325726
-0.00266288
-0.00143391
-0.000398868
0.00296964
0.00107831
0.000477067
-0.000384359
-0.00182568
0.000667124
0.000121637
-0.000138248
-0.000207654
-0.000352888
0.000409902
-4.38338e-05
-0.000301836
-0.00167759
-0.00231145
-0.000311082
-0.000739595
0.00139216
0.000301804
-0.00113857
-0.00247921
0.000440323
-0.000230862
-0.000531249
0.00144834
-0.000370621
4.58641e-07
0.000676012
0.00073405
-0.000150034
-0.000835251
-0.00223842
-0.00113534
-0.000816055
0.000916733
0.00203771
-0.000729066
-0.000549574
0.00120501
-3.61045e-05
0.000158161
-0.000648666
-0.000936645
0.000550809
0.00118735
0.00136166
-0.00033698
0.000889461
0.00118296
-0.000136464
0.000401624
0.000654643
0.00151319
-0.000171967
-0.00135103
0.00104241
0.00056608
-0.000977027
-0.00120505
-0.000236521
0.0011562
-0.00109574
-0.000572176
0.00236936
-0.000974697
-0.000944095
-0.000358629
0.000710407
-0.000177721
-0.000410558
-0.000646897
0.00105452
0.000852721
-0.000170871
0.000212872
0.000684438
0.000183426
-0.000383785
-0.000264338
0.0011209
-0.000216337
-0.000379748
-0.000237854
-0.000755542
-0.0012709
-0.00106076
0.000976817
-0.00117971
0.000675609
0.000369943
0.000469698
0.000851137
0.0035734
0.00103171
-0.000175677
-0.00216432
-0.00100351
-0.00134383
0.000244491
-0.00263871
3.24409e-06
-0.00135115
-0.00147105
-0.00144457
-0.000280711
0.000184362
0.000933115
0.00316334
0.00216769
0.000675681
0.00108673
-0.000565327
-0.000528823
-0.00127184
-0.000703235
0.00118168
-0.000922505
-0.0016335
-0.00156565
0.000411628
-0.000160007
5.6567e-06
0.00127687
0.000672628
0.00143196
0.00256959
0.00150529
0.000473402
0.000740301
-0.00210077
-0.00233596
-0.00121325
-0.00117305
0.000365079
-0.000252417
-0.000214283
0.000306424
0.00112241
-0.00075787
-0.0015654
-0.000429166
0.0017156
-1.8151e-05
0.000515117
0.000575372
0.000599716
0.00154057
-0.00200195
-0.00127782
-0.00117149
-0.000826064
0.000193267
0.000924587
0.000491469
0.00114454
-0.000111112
0.000744068
0.000990984
0.0016496
0.00021498
0.00105208
0.00075333
-0.000915276
-0.00125439
-0.00163783
-0.00102311
0.000303215
-0.00144837
8.61719e-05
0.000720008
0.000308503
0.000885862
8.66166e-05
0.000990121
3.156e-05
0.000698034
0.000122559
9.88088e-05
-0.000109922
0.000454097
0.000635313
-0.00119434
0.000316741
0.00502047
-0.00222091
0.000508067
0.00125554
5.72055e-05
0.000504118
0.000474112
-0.00168382
0.000577561
0.000350388
0.000344643
1.54082e-06
0.000249383
-0.00142553
-0.00175541
-0.0008377
0.0034479
0.0593875
-0.0301107
-0.000288762
0.00168111
0.00176603
0.00173061
7.96088e-05
-0.00177077
-0.00148978
0.00100507
0.000298513
-0.000234489
-0.000234623
-0.000620356
-0.00014604
-0.00146661
-0.0105422
-0.123461
0.371237
0.0267977
0.00271691
0.00141581
0.00152253
-0.00072995
8.07045e-05
-0.000559045
-0.000193883
-0.000210324
-0.000775077
-0.0013676
-0.000545457
-0.000515254
0.000166231
-0.00056764
-0.00725631
0.0233579
0.00353983
0.00156548
0.00145767
-6.90961e-06
0.00140959
0.00163467
0.000991912
-0.00155498
-0.00195364
-0.00117716
-0.000355536
-0.000609449
-0.000112327
-0.00045792
-0.000773317
-0.00105925
-0.000126832
-0.000886236
0.000372198
-0.000337283
0.000966037
0.00186614
0.00107833
0.000530966
0.000265115
-0.00190255
-0.00201445
0.000618081
-0.000900534
-0.000686119
0.000261063
-0.0010854
-0.00164702
8.24126e-05
-0.00115545
-0.000813886
-2.9434e-06
0.000420509
0.00108312
0.000650963
-0.000188669
0.000269594
-7.9306e-05
-0.000613571
-5.85676e-05
0.000210238
-0.000349399
-0.00207874
-0.00197931
-0.00244097
-0.00144688
-0.00148058
-0.0021519
-4.53306e-05
-0.000633614
0.00104933
-4.72694e-06
-0.000740371
0.00138617
-0.000546471
0.000506605
0.00062249
0.00108884
0.000740318
-0.000652817
-0.00118881
0.00062926
-0.00155552
-0.000878951
-0.000573175
0.000586693
-0.000609925
0.000743916
-0.00123245
-0.00117252
0.000795828
0.000139359
0.000509271
-0.00265936
0.00129684
-1.46546e-05
0.000903361
0.000992622
-0.000633173
-0.00163736
-0.00113564
-0.00155726
0.000257273
-0.000717603
0.00019161
-0.00127707
-0.000197806
-0.000341584
-0.00107005
-0.00103922
-6.99089e-05
0.00123994
0.00245968
0.00155189
0.00042662
-0.0002504
0.0012991
-0.00109245
-0.00104638
-0.000573862
-0.000111304
-0.00115481
-0.000697898
0.000312283
-4.3692e-05
0.000939065
-0.00065456
-0.000614083
0.00177673
-0.000611885
-0.000941213
-0.000620034
-0.000366133
0.00056493
0.000918439
0.00144496
-0.000842162
-0.000405468
-4.81416e-05
0.000106597
0.000310931
0.0014938
0.00042021
0.00112341
-6.74858e-05
0.000668583
-0.000546707
-0.000508093
-0.000930281
-0.00158029
-0.000145885
9.38703e-05
-0.00146996
-0.000733561
-0.000793724
-0.00102684
-0.00199757
-0.000173401
0.000296176
0.00183056
0.00273547
0.00158255
0.0013543
-0.00119731
-0.00146571
-0.000757712
-0.000830391
-0.00139811
-9.1623e-05
-0.00145425
0.000914862
-7.55628e-05
-0.00203724
6.57391e-05
0.00231353
0.00166755
0.00319958
0.000781798
0.000212216
-0.00164708
-0.000903371
-0.0011125
-0.000575725
0.00128733
-0.00136492
0.000615399
-0.000775209
-0.000482454
-0.000806743
-0.00100791
-0.0016792
-0.000273793
0.000484324
0.000234259
0.0012309
0.00160969
0.000952474
0.000924082
-0.00118184
-0.00060239
-0.000992138
-0.000213158
0.00171941
0.00100275
0.00118173
-0.000169142
0.0021563
0.000169812
0.00116824
0.000350517
-0.000317196
-0.00109092
-0.000819912
0.000834746
-0.00130934
-0.00124061
-0.00194823
-0.00220393
-0.00036607
0.000850227
0.00072389
0.00165762
-0.000377576
-7.96346e-05
-1.39464e-05
-0.000390499
0.000985715
-0.00038499
-0.00213231
-0.00189465
-0.000290945
0.000348549
-0.000474633
-0.000567738
-0.00127613
-0.000353531
0.00088088
0.00258765
0.000642885
0.00105013
-0.000203501
0.00127224
-0.000314746
-0.00105484
0.00123588
0.00152155
-0.00110558
0.00189572
0.00129376
0.000219315
-0.0013008
-0.000432047
-9.2314e-06
0.000923376
0.000318006
6.55442e-05
-0.000482531
-0.00063829
-0.000758634
-0.000587958
-0.000453705
0.00136964
0.000656495
0.00132772
-0.000891214
-0.000688545
6.84352e-05
0.00120164
0.00289443
-0.00316783
-0.00126412
0.001188
0.000911094
-0.000141692
-0.00184181
-0.00103183
-0.000799387
-0.000190225
-0.00166796
-0.000515345
0.00106047
-0.000130947
-0.00167498
4.08015e-05
-0.000904619
-0.00612721
0.0192206
0.00317112
-0.0002133
0.000963209
-0.000205604
-8.71198e-05
0.000687462
-0.000809198
-0.00106871
-0.00245474
-2.14079e-06
0.000457538
0.000803205
0.000946808
6.68383e-06
0.000632891
-0.000153204
0.000846207
0.000743941
0.00131218
0.00108067
0.000588043
0.00116478
0.000758269
0.000422294
-0.0017696
-0.00110482
-0.00160171
-0.000248243
0.00115468
-0.000995347
0.000999943
-5.64567e-05
-0.000233527
-0.000650069
-0.00280611
-9.07724e-05
-0.0021529
-0.000991972
0.0010881
-0.000247464
0.00152968
0.00113287
0.0015654
-0.000384799
-0.00119364
-0.000250344
-0.000255122
-0.000369705
-0.000257048
-0.00192869
-0.00195115
-0.00179133
-0.00116577
-7.85952e-05
0.000818022
0.00030499
0.000492678
-0.000124924
0.000773954
-0.000665474
-0.001292
0.000283439
0.00110349
-0.000132954
0.00026091
-0.000732506
-0.00166225
-0.000950513
-0.00226815
-0.00275063
-0.000360647
0.000447339
-0.000799945
0.000553215
-0.000148646
-0.000768115
-0.00113366
-8.51596e-05
-0.000192081
0.00263161
0.00255067
0.000862849
0.000206136
-0.00109512
-0.000563496
-0.000886536
0.000331833
3.58265e-05
-0.00129554
0.000825251
0.000915071
-3.79955e-05
0.000900717
-0.00118663
0.00141561
-0.00116635
0.00227656
0.00315403
0.000278974
-0.000248529
0.00068642
-0.00122493
0.000130872
-0.00126411
-0.000616436
-0.00140449
-0.000805947
0.000994953
0.000486697
0.000685824
-0.000315858
0.000994469
-0.000430395
0.000451323
0.00126955
0.00126475
0.000624256
0.000862948
0.000463947
-0.000166284
-0.00110734
-0.000969702
0.000684639
-0.000665497
-0.000738134
0.00168679
0.000722865
0.000268138
0.00134845
0.0021837
0.000362652
8.18869e-05
-0.000455778
0.000285871
0.000950492
0.000870335
0.000138221
0.00130785
-0.00111544
-0.000149012
0.00067026
-0.00148025
0.000829998
0.000229198
0.00111238
0.000629443
-0.000245661
-0.000899281
-0.00078194
-0.000117603
-0.0019386
-0.00069981
0.00130667
-0.00022485
-0.000277608
-0.000478
0.000535176
-0.00140521
-0.00236406
-0.00055938
-0.000451643
0.000531707
0.000629586
0.000512023
-0.000862073
-0.00138019
-0.00103743
-0.000118528
0.000544535
0.000607466
0.00245289
0.00144982
0.000271773
-0.000421125
-0.000618506
-0.000365507
0.000239202
0.000934429
0.0012664
0.000973359
-0.000428463
-0.00210944
-0.000375986
-0.00106936
-0.00178328
-0.00171437
0.000720446
0.00199114
-0.000378581
-0.000522906
-0.000642344
-4.99945e-05
0.000815107
0.0004448
-0.000377807
0.000424824
0.000839229
0.000698782
0.000433733
8.07721e-05
-0.000539429
-0.00141956
0.000718503
0.000806233
0.0012377
0.000784516
0.00102126
0.000571172
0.00171329
0.000995116
0.00157766
-0.000362013
0.000149679
-0.000408094
0.000949281
0.0014059
0.000555324
-0.00167742
-0.00170915
-0.000617047
0.00017741
0.000704475
0.000971473
0.00239259
0.00257409
0.000538552
7.66639e-07
0.000800346
0.000284782
-0.000615956
-0.000834393
-0.00043751
0.00225618
0.000871375
-0.000314345
-0.000130639
-0.000149137
0.000325919
0.000830237
-0.000756297
-0.000312541
0.00143843
7.92334e-05
-0.000348302
0.00117892
-0.00210548
0.00122139
-0.000804074
-0.000765947
0.000325636
0.000268012
-0.000460124
-3.13834e-05
0.00101206
-0.00018749
-0.00141259
-0.000644403
-0.000583033
-0.00084172
0.000543045
-0.0013415
-0.00120635
-0.00186794
-0.000740656
-0.000348956
0.000214499
-0.000209557
0.000558564
-0.000731211
0.000165131
-0.000373316
-0.00274445
-0.00156869
-0.000568665
0.00141644
0.000599867
-0.000232843
-7.87661e-05
-0.00176775
-0.00125616
-0.000206001
-0.000231224
2.72531e-05
-0.000174208
0.000248415
-0.000128121
0.000186725
6.70535e-06
0.00163479
-0.000655757
-0.000978173
-0.00022651
0.00111801
0.000107316
-0.000249046
0.00109981
-0.00140245
8.47566e-05
0.00136976
-0.000371012
-0.000657453
-2.36899e-05
0.000726722
-0.000655727
-0.00054139
-0.00126182
-0.00058647
-0.00178131
0.000172265
0.000646398
0.00220579
-0.00130444
0.000602144
-0.00149845
0.00012854
-0.000388529
-0.00089134
-0.000733273
0.00114387
0.00138403
0.000388898
0.00173565
-0.000317997
-0.00150068
-0.00276495
-0.00206754
-0.000442534
0.0014504
0.00238262
0.00172936
-0.00146852
-0.000504443
-0.00198669
0.00123512
0.0010547
0.00117585
0.000449269
-0.000256212
-0.000473071
0.00211887
-0.000902717
-0.00169081
-0.00102674
0.000862958
0.000714219
0.0023465
0.00216708
-1.64712e-05
-0.000967948
-0.00153373
-0.000951591
0.0012407
0.000674599
0.00100046
0.000852979
-0.000952574
-0.000208877
-0.00160047
-0.000405534
-0.000103483
0.000477748
0.000782052
0.000350998
4.18189e-05
-0.000577838
-0.00133663
9.23043e-05
0.000275489
0.00120779
0.00130418
0.000908726
-0.000788979
-0.000817701
-0.00100802
6.41008e-05
-0.00149635
-0.00147375
-0.000934846
0.000210534
-0.000173847
0.000174448
0.000240171
0.00109353
-1.6502e-05
0.000651803
0.00102954
0.00167652
0.00176488
0.000720191
0.000361801
9.54583e-05
-0.000166364
-0.00117748
-0.000640001
0.000250522
-0.000882826
-0.000748362
0.00182039
0.00084527
0.00152666
-0.000526247
0.000594429
0.00109652
0.00163571
0.000450093
-0.000637921
-0.000360819
0.00116122
0.000605585
0.00144201
0.000705033
0.000323889
-0.000697834
0.000400094
0.000285702
0.000177055
-0.000299203
0.000651287
-0.000311601
0.000533021
0.000855305
-0.000186228
-0.00117992
0.000193773
0.000655054
0.0012402
0.00104721
-0.000131773
-0.000353347
-7.7274e-05
-0.000832352
-0.000545874
-0.000844089
-9.6058e-05
0.000948867
0.00235128
0.00101895
-0.00040367
-0.00067235
-0.00183467
0.000266218
0.00174869
0.000173475
0.00115609
0.000413731
-0.00128573
0.000955627
-0.000202391
-0.000710234
-0.000121155
-0.000305224
0.00118121
0.00187614
0.000284435
-0.00257615
-0.000320811
-0.000250275
0.000202106
0.00259335
0.00199366
0.00102905
-0.00119062
-0.000830161
-0.00141567
-0.000522332
-0.00176902
-0.00114677
-0.000797148
0.000404827
-0.000407595
-0.00115137
-2.18545e-05
-0.000515644
-0.000914704
-8.13348e-05
0.000839944
0.00299684
0.00113168
-0.000446779
0.000351355
7.38998e-05
0.000702962
-0.00107146
0.00075149
-0.000287601
-0.000253333
0.000378282
-0.00113871
-0.000686202
-0.000836951
-0.0017234
-0.00116828
0.000432195
0.0020737
0.001125
0.00188313
-0.000651241
-0.000405078
0.000474076
0.000640138
-0.000255865
0.00112305
-0.000308053
-0.00153228
0.000936417
-0.000199464
-0.000399777
-0.00233772
-0.000719243
-0.000875099
0.000216762
0.00104793
0.00225135
0.00167019
0.000344745
-2.6025e-05
0.000340934
0.000474274
0.000608859
-0.00173488
-0.000595048
0.00119422
0.0008059
0.000717483
-0.00143079
-0.00149198
-0.00215955
-0.000919867
0.000235441
-0.000694244
-0.000609359
0.000530305
-0.00054343
2.60898e-05
0.000466477
-0.00075825
-0.00190677
-0.00129236
-0.000945019
-6.61843e-05
-0.00103034
0.000787339
-4.18276e-05
-0.000615258
-0.00178654
0.000932608
0.00115398
0.00082797
5.46902e-05
0.000546279
0.000628963
0.000670698
0.000351105
-0.000768683
-0.000571407
5.376e-05
-0.000237077
0.000234761
-0.00101567
0.000152483
-0.000650593
-0.000949597
0.000429612
0.000569874
-0.000967524
0.00058667
-8.74529e-05
-0.00215848
-0.0004649
0.000498054
0.00189574
0.000782704
0.000123219
-0.00183634
-0.000567325
0.00123458
0.000322261
-0.000768838
0.000151936
-0.00291549
-0.00126582
0.00100859
0.000411065
-0.00039347
0.000291394
-0.00156275
-0.000209983
0.000561226
-0.000345919
-0.000967222
-0.000735649
0.000107591
0.000717328
-3.01497e-06
-0.000680296
-0.00025771
-0.00232157
-0.00111531
0.000190362
0.000829415
0.00217459
0.000614016
-0.00123397
0.000454459
-0.000734156
-0.00025528
-0.000106978
0.000166545
0.000612579
-0.000906325
7.33655e-05
-0.000998882
-0.00257079
-0.000917669
-0.00114582
0.000326946
0.00264799
0.00176758
0.000526342
-0.00089711
-0.00109276
-0.000185415
0.000148829
-0.000896181
0.000542789
-0.000155602
-0.00089412
-0.000133227
-0.000226121
0.000581279
-0.00183764
-0.000289919
-0.000848415
0.000656779
0.0026479
0.000243387
0.000241062
0.00152241
0.000976412
-0.000711147
-0.000467266
0.00115725
-0.000409364
0.000522884
-0.00114905
-0.000805051
-0.0013163
-0.00182594
-0.000700238
0.00058362
0.000869348
0.000999483
0.00114758
2.35405e-05
0.00107806
-0.000920033
-0.000888702
0.00175416
0.00127219
0.00080447
-0.000384392
-0.000882226
-0.000996034
-1.4465e-05
0.000443946
-0.00151735
0.000529124
0.00222865
0.00224793
0.00282367
-0.000171357
0.000434296
0.000362856
0.000315509
0.00142224
0.00194912
0.000376731
-0.000979482
0.000895456
6.66405e-05
-0.000553008
-0.00158615
0.00129795
0.00151651
-0.000249405
0.00112315
0.000594182
0.000584802
0.0016408
-2.14595e-05
0.000203016
-0.00138603
0.00112207
-0.00066971
-0.00172582
-0.00162584
-0.00149416
-0.000142428
-0.000209066
-0.00202737
-0.000241905
0.000489464
0.000213843
0.000332901
-0.000448901
0.00312865
0.000983563
0.00153247
-0.00128291
-0.00103693
-0.00141448
-0.000962683
0.00170253
-0.00030622
-0.00170947
0.000271487
-0.0013345
-0.00251883
0.00109102
-0.000632512
-0.00236355
-0.00160565
0.000817334
0.00197112
0.00138635
0.000900945
-0.00249073
-0.0010665
-0.00034526
0.000292834
0.00145588
0.000786381
0.000139938
-9.05502e-05
-0.00108451
0.000365744
0.000679111
-0.00104947
-9.97629e-05
-0.00036544
0.000793245
0.000782363
0.00120135
-0.00136555
-0.0025994
-0.00121008
-0.000329674
0.0015299
0.00169568
0.000606713
-0.000760916
-0.00109008
-0.00171149
-0.000443183
-0.000796295
0.00110279
0.00012558
0.000885184
-0.000368113
0.00044866
0.00106262
-0.000916537
-0.00057997
0.00163061
0.00143226
0.00127756
0.00142882
-7.56113e-05
-0.000501517
-0.000831605
0.000656825
-0.00046675
0.00108431
0.000460852
-3.30262e-05
-0.000481153
-0.00150557
-0.00017964
-0.000904575
-0.00152271
0.00112986
-8.23349e-06
0.00104061
5.12078e-05
0.00134108
-0.00119319
-0.00220368
0.000696973
0.000112742
-0.00102123
0.000606781
0.000448765
-0.000885741
-0.000376002
-0.00103566
-0.00270501
-0.000342178
0.000683836
0.00111237
0.000548206
0.000456173
-0.000422409
0.000411064
0.000961411
0.000376919
0.000234032
0.000221186
1.22036e-05
0.000434185
-0.00175502
-1.84341e-05
-0.00105029
-0.000825776
-0.000662551
0.000567198
0.000946302
-0.00140015
-0.000847787
0.000462818
0.000404564
0.000585023
-0.000248965
-0.000627827
0.000730751
0.000730815
0.00104672
-0.000407297
-0.000285316
0.00123641
0.000196022
-0.00151889
-0.000753773
-0.00158217
-0.00279128
-0.00215669
0.000750982
-0.000180153
0.000745688
-9.49531e-05
-0.00043398
-9.4504e-05
0.000509477
0.000408456
0.00193058
6.66672e-05
0.000309194
-0.000511359
0.000575308
-0.000470344
0.000246703
-5.81233e-05
-0.00217371
-0.000177549
0.000860087
0.00102928
0.000782001
-0.00110769
0.00118669
-0.000388938
-2.24813e-05
0.000500297
-0.000173802
-0.00149727
-0.000136602
-0.000480855
-0.000364917
-0.00154676
-0.000935085
-0.000642607
0.00107049
0.00126099
0.000632627
0.000849678
-0.00165041
0.000216131
-0.000338867
0.000706865
0.000985503
0.00164145
-0.00121011
0.000820471
0.000628276
0.00118656
-0.000797045
-0.00107341
-0.0011929
-0.00142453
-0.000513144
0.000577183
0.000602707
0.000164547
6.90552e-05
-0.000894165
-0.000379083
0.00150799
0.000421708
0.000710475
-0.000604085
0.000678278
3.32738e-05
-0.00116896
-0.00115729
-0.00229579
-0.000615141
0.00074418
0.00191723
0.00243089
-0.00244035
-0.00024566
-0.00111939
-0.000622411
0.00122539
-0.00029558
0.00193431
-4.75517e-05
0.000121681
-0.00113832
-0.00156512
-0.00180714
-0.000478343
8.72501e-05
0.000354971
0.000903794
0.0016183
0.000704752
0.000853185
-0.00212286
-0.00106883
-0.000982923
0.00130766
-0.000598118
0.00054021
0.00103263
-0.000783388
-0.00151995
-0.00133321
0.000359653
0.000645385
0.000658499
0.00130396
0.00112429
0.0021113
0.00165931
-0.00199875
-0.0011888
-0.00224551
0.00155521
0.0014763
0.000981495
-0.000230259
-0.00169779
-0.00205345
-7.48991e-05
-0.00166715
-0.000306008
0.00038461
-0.000206629
0.00142101
0.000901744
0.00134272
0.00165216
0.00065927
0.00152558
-6.3973e-05
0.000617349
0.000228649
0.000141735
-0.00131625
-0.00224458
-0.00221888
-0.00054444
0.000510118
-0.000991253
-0.00137961
0.000770953
-0.000558592
-0.000122304
0.00173713
0.00103095
-1.53872e-05
-0.00109322
-0.000119466
-0.000586977
-0.000802599
-0.000687406
-0.000952777
-0.000289432
-6.22122e-06
-0.000485112
0.000834479
0.00131716
0.00168845
-0.000232504
-0.000418524
0.000582979
0.00288439
0.00070387
-0.00128757
-0.00130072
-0.00172168
-0.00180098
-0.00129348
-0.000338809
-0.00105468
-0.00145204
-0.0012587
0.000569318
0.000287332
-0.000264803
-0.000572031
2.37347e-05
0.000275336
0.0020527
0.00183712
-0.000323635
-0.00205121
-0.00227236
-0.00236084
-0.00216606
0.000634
0.000545057
0.000536994
-0.00176598
-0.000392769
-1.70529e-06
-5.76194e-05
-0.0016141
-0.000604788
0.00136329
0.00247423
0.00238403
0.000359119
-0.00065243
-0.000809831
-0.00255117
-0.0015869
0.00208431
0.00174916
-0.00126872
-0.000725264
-0.000665446
0.000459336
0.000711628
0.000263023
0.000886787
0.000379735
0.00440328
0.00195799
-0.00049208
0.000525184
-0.00105673
-0.00014158
6.47895e-05
0.00133863
0.000367385
-0.00188899
-0.00104963
-1.88926e-05
0.000139136
0.00166712
-0.000550286
0.000101199
0.00132257
0.00119879
0.00183778
-0.000783328
2.16106e-06
-0.00023869
-0.000438466
0.00132039
0.00166855
0.000630138
0.000254468
0.000827747
0.0010345
-0.000546239
-0.00119134
0.000328901
0.000296161
-0.00034341
3.50378e-05
0.0013208
0.000592821
0.000635493
-0.000519112
-0.00156761
0.000241843
-9.97343e-05
0.00132511
0.000360681
-0.000397804
-0.00215237
0.000361136
-0.0013732
-0.000711221
0.00132309
0.0010626
0.000719239
9.72981e-05
0.00116955
0.00123263
0.000551697
0.000489863
-0.000240598
0.000258828
-0.000596304
0.000391552
-0.000880029
-0.00105613
-0.0012315
-0.000894702
0.000285376
0.00267177
0.00132421
-0.00049551
-0.00124107
0.000360894
0.000379269
-0.000728854
-0.00127988
-0.00247424
-0.000915896
-0.000235025
-5.51487e-05
-0.000321277
-0.00100789
-0.00141714
0.00115081
0.00123005
0.00102602
0.000431087
0.00196662
-7.82311e-05
-0.000423668
-0.000638017
-3.96102e-05
-0.000477986
-9.69772e-05
-0.00140878
-0.000205593
-0.00119959
-0.00260655
-0.00212528
0.00118426
0.000405244
0.000943981
0.00160913
0.000972662
7.76142e-05
-0.000524174
-0.000343645
0.000544798
0.000776502
-2.52938e-05
-0.000864708
-0.00210182
-0.00174933
-0.00200412
0.000201948
-0.00135028
-0.000277604
-0.000126432
0.000821723
0.000938251
-0.000854178
0.00107965
-0.000697376
5.90027e-05
0.00219899
-8.71986e-06
-0.00154601
-0.000283268
-0.00122729
-0.00129883
-0.00173018
-0.000266984
-0.00030953
0.000775705
0.00145567
0.000443443
-0.00168971
-0.00172451
-0.000254283
-0.00218273
-0.000284311
0.000908137
0.000946751
-0.000723561
-0.000545034
-0.00106695
-0.00182115
-0.00126504
-0.00159134
0.000100951
-9.14216e-05
-0.000213655
-0.000762849
-0.00057935
-0.000973794
-0.00174408
-0.00259397
0.000177151
0.0011106
0.000609178
-0.000273396
-0.00384954
-0.00243603
-0.00056271
5.98397e-05
-0.000489433
-0.000230707
-0.000261161
0.000785265
0.0011855
-0.00100655
-0.00121774
-0.00157695
-0.00265012
0.00027592
0.00132753
-0.000524709
-0.000645141
-0.00220365
-0.00172913
-0.00263813
-0.00101375
0.000850677
0.000587053
0.000361462
0.00060455
0.00170447
0.000100971
-0.000603584
-0.000744942
9.42233e-05
0.000110026
-0.000734641
0.00194267
0.000300184
-0.0033279
-0.00159738
-0.00146919
-0.000239992
-1.59418e-05
0.000257151
0.00193501
0.000196082
-7.49414e-06
-0.000401919
-0.00150537
-0.000173052
-0.000170176
0.000571952
-0.000661415
0.000843087
0.00043425
-0.00158536
-0.00154279
-0.00129234
-0.00130088
0.00193193
-9.8613e-05
0.000379433
-0.000415931
-0.000520664
0.000414507
0.00112162
0.001031
2.26002e-05
0.000277989
-0.00155783
-0.00122519
0.000809778
0.000927786
0.000429687
-1.15195e-05
-0.000771451
-0.000452816
-6.54357e-05
0.000250816
-0.000930704
-0.00124262
0.000486674
0.000732724
0.00255561
0.00253318
-0.000195082
-0.00131242
-0.00272493
-0.0029569
-0.000665455
-0.000490425
-0.000892183
-0.000776487
-1.22957e-05
0.00115254
-0.000314412
-0.000672904
-0.000291824
0.00189548
0.00199555
0.00337252
0.00113787
-0.000393146
-0.00184576
-0.00164838
-0.00112307
-0.00230392
0.000388417
0.000288127
-0.000450391
-0.000490766
-0.000810823
0.000406331
-0.000376486
-0.000850865
0.00224694
0.00255424
0.00275008
0.0012239
0.000828796
-4.08691e-05
-0.00139817
1.53099e-05
0.000604845
0.00228804
0.000462393
0.000139435
-0.00232548
-0.000359679
-0.000132692
0.000538979
4.47456e-05
0.000561839
0.00135085
0.00118354
0.000960321
-0.000758141
0.000767862
-0.00228215
-0.00237901
-0.000533263
0.000901777
0.00123059
-0.000376186
0.000923152
-0.00105848
-0.00117917
0.00178864
0.000401011
0.000318337
0.00274889
0.000417337
0.000315951
0.00115804
0.000589015
0.000232949
0.00167843
0.00211129
0.00102564
0.000758234
0.000730481
-0.000423739
-0.000606748
-0.000513808
-0.000339546
0.0011338
0.00156027
0.000291818
-0.000463765
0.00144232
0.00192606
3.83157e-05
0.00116909
0.000881209
0.0013983
0.00120061
0.00110765
0.000685474
-0.000197179
0.000192561
-0.00110984
-0.00128136
0.0012125
0.0018517
0.000934213
0.000973853
0.0020184
0.00225113
0.000198418
-0.000711165
-0.000126501
0.000284258
0.000684544
-0.00189912
9.28656e-05
0.00135705
0.000928917
-0.000966237
-0.000893551
0.00103075
0.00189449
0.00246543
0.000412065
-0.000247678
0.0017358
0.00093054
-0.00107725
-0.0015043
-0.000420881
-0.000521396
-0.00167363
0.000250809
0.000296736
0.000309997
-0.00190673
0.00178968
0.00194578
0.00214705
0.00114606
0.000425827
0.000409201
0.00119794
-0.000975327
-0.000196922
-0.00185378
-0.00228516
-0.00204746
-0.00152918
-0.00062526
-0.00101095
-0.000130023
0.000398008
-0.00121257
0.00107852
0.00145263
0.000778632
0.00111353
-0.00134743
-0.000324975
0.000512797
-0.00128041
-0.00115103
-0.000913528
-0.00194961
-0.000639268
-0.000706905
-0.00123521
-0.00182134
-0.000560472
-0.000589744
0.00128161
0.00146991
-0.000621281
-0.000301251
0.000137463
-0.000619246
0.0013104
0.000380809
-0.000902419
-0.00185928
-0.000943431
-0.000447345
-0.00015362
0.000785644
0.000183568
-0.00107511
0.000540092
-0.00013735
-0.000329209
-0.00170801
-0.000769051
-4.55159e-05
0.000279677
0.00053252
0.000898582
0.000759142
-0.00246769
-0.00260112
-0.00150712
0.000559839
-0.000121805
0.000518449
-0.00127015
-0.00111004
-0.000262903
-0.000986525
-0.000263537
-0.00162454
-0.00165941
-0.000177139
0.000886025
-0.00142133
-0.00097882
-0.00133712
-0.00202516
0.000594264
0.000602006
8.49503e-05
-4.77637e-05
-0.000481803
-0.000170609
-0.00202895
-0.00112875
-0.000152411
-0.00298929
-0.00151772
0.00189657
0.00082225
-0.000544019
-0.00216289
-0.00124244
-0.00072355
-0.0011979
0.000292721
-0.000861592
-0.00140507
-0.000165218
-0.00101581
0.000440887
-2.12884e-05
-0.000320773
-0.00130505
-0.000633162
0.00106901
0.00126253
0.00163178
-0.000126962
-1.5545e-05
0.00097636
0.000987953
-0.00104903
-0.000822253
-0.00156168
-0.0003552
-0.000413351
0.00158593
0.00129381
-0.000509821
-0.000344592
-0.00192249
0.000338483
0.000163158
0.000255064
-0.000430463
0.000111421
-0.00133557
-0.00055237
-0.000505836
0.00162666
-0.00141284
-0.000473367
-2.82795e-05
0.000771607
0.00170575
0.0015429
-0.000676103
0.00011099
-0.000863294
-0.001907
-0.00019232
8.98296e-05
3.56129e-05
6.1869e-05
0.000640067
0.000628084
0.000145006
-0.000724401
-0.000551295
0.000287687
0.000962418
-0.00101105
0.000244132
-0.000162202
0.00056886
-0.000212197
-0.00119518
-0.00204436
-0.00245462
0.00125434
0.00201742
0.00160347
0.000233712
0.00138359
0.00155674
4.94382e-05
0.000356899
0.00248315
-0.00144277
0.000753809
0.00242939
0.000517469
-0.00153592
-0.00115955
-0.000558469
-0.00111546
0.000550195
0.000845582
0.000641345
0.00157604
-0.000787783
0.00123948
0.00138653
-9.22731e-05
-0.000764827
0.0005481
0.000333528
0.00095344
-0.000136232
4.99753e-05
-0.00156482
-0.0017433
-0.000444866
0.000432938
0.000945958
0.00122076
0.00112803
-7.7237e-05
0.00159633
0.000209474
0.00037745
-0.000225312
-0.00139352
0.000191314
0.00109342
0.000667791
0.000457703
0.00142269
0.0015254
0.000180003
-0.000174626
-0.000601746
-0.000220761
0.00166889
0.000454028
-0.000540756
-0.000265198
-0.00160675
0.000379182
-0.00209915
0.000474445
0.00105326
0.000459804
0.00157202
0.000523057
0.00097211
0.000347309
0.00103774
0.000323652
0.000713169
0.00220814
-0.0010411
-0.000716067
-0.000782967
-0.00154691
0.00153014
-0.000370106
0.00169543
-0.000437402
0.00108372
-0.000308917
0.0011963
0.00182443
0.00194772
-0.00119018
0.00188356
0.00174966
0.000485774
3.01328e-05
-0.00132213
-0.000421467
0.000998185
0.00198654
7.16024e-06
0.00134449
0.000383878
-0.00136618
0.000970674
0.000308683
-0.000416362
-0.00233185
-0.0023585
0.00018114
0.000196152
-0.000762883
0.0014664
0.000697052
0.000940464
0.00124441
0.00165607
0.00351178
0.00140858
8.90978e-05
0.00045129
-0.000803477
0.000214181
-0.000246703
-0.00241014
-0.00191527
-0.00175539
-0.00232355
-0.000100824
-0.000776593
-0.000598378
-0.000985305
0.0029727
0.0019538
0.000107747
0.000805248
-0.000745214
-5.48579e-06
0.000582655
-0.00144512
-0.00205073
-0.00360607
-0.00282477
-0.00173924
-0.000418868
-0.000719217
0.000379904
0.000850235
5.38345e-05
0.000580373
0.000728321
0.00240657
0.00180914
3.65163e-05
0.000190514
-1.14779e-05
-0.000905338
5.21548e-05
-0.000599997
-0.000375089
0.000727601
-0.000397234
-0.000373444
0.00031079
-0.000763852
-0.000799405
0.000626616
0.000958204
0.00229703
-0.000166293
-0.00131172
0.000387245
0.000427286
0.00139453
0.00100705
0.000811135
-0.0010192
-0.000139644
0.000111171
-0.000480227
0.000483943
0.000695891
-0.00109776
0.00141569
0.0011593
0.0010987
-0.00144833
-0.00137547
0.000256825
0.00117887
-6.92669e-05
-0.00011678
-0.00028867
-0.00124759
-0.000717614
0.00116936
0.0029932
0.00197312
0.00145884
-0.00120822
0.00149747
0.00018814
-0.00153354
-0.001262
-0.00205695
0.000782281
-3.49514e-06
0.00102435
9.95405e-05
-0.000518152
-0.00109131
-0.000647852
0.000332388
0.00118682
0.000911542
0.0014175
-0.000416193
-0.00115615
-0.000843258
-0.000154311
-0.000433738
-0.00156675
-0.000217715
0.000174617
0.000358975
-0.00117934
-0.00125974
-0.00156705
-0.00108225
-0.000495845
0.000193069
0.000946829
-0.00114194
-0.00183303
-0.00155787
-0.00150352
0.00145906
9.26072e-05
-0.000515843
-0.00114058
-0.0016909
-0.00153297
-0.000169483
-0.000102941
0.000955423
0.000209379
0.000697747
-0.00139629
-0.000210511
-0.00180804
-0.00165876
-0.00146402
-0.000211362
0.000245024
-0.000338151
-0.00066593
-0.000647835
0.000574737
0.00121914
-0.00155899
-0.000276028
0.000976634
0.0010667
0.000326194
-4.16063e-06
-0.00121503
-8.05253e-05
0.000387002
-0.000753184
-0.000968287
3.87756e-05
0.000730281
-0.00107146
-0.000363478
-0.000966598
-0.000324582
-0.000719548
0.000605855
4.80765e-05
-0.000104742
0.00164301
0.00140934
0.000794027
0.000116041
-9.01085e-05
0.00104393
-0.000478118
0.000223198
0.000957949
-0.00170028
-0.0010491
-0.000351929
-0.00106455
-0.00157475
2.94572e-05
0.00279026
0.00193544
0.0015632
0.00137623
0.00143514
0.00145601
-0.000736185
0.000927543
0.000245904
0.000480701
-0.000221438
-4.7428e-06
-0.000578419
-0.00125538
-3.56438e-05
-0.00109902
0.00109548
0.000485013
0.000346157
-0.00016584
-0.000526037
-0.000315868
0.0011178
-0.000275859
-0.000867421
-0.000290621
-0.00176505
0.000739916
0.000262703
-0.000605388
0.00108972
0.000271466
-0.00088974
-7.93838e-05
0.000384083
0.00151671
0.00026061
-0.000118437
0.000697115
0.000343183
0.00121222
-0.00263544
8.20393e-05
0.000200527
0.00020832
0.000113506
-0.000745006
0.000302867
0.000568562
0.00118964
0.00120887
0.00162084
0.00135674
0.000927676
0.000110853
-0.000889728
-0.00052968
-0.000435983
3.32685e-05
-0.00102656
-0.00089633
-0.000307589
-0.00171381
-0.000433185
-0.000581314
0.000579285
-1.13057e-05
4.75599e-05
0.00110339
0.000365412
-0.000835247
0.00020545
-0.000683369
-0.000461383
-0.000621558
-0.000540403
0.000625179
0.000758439
0.000177635
-0.000889711
-0.000578418
-0.000586592
0.00258882
0.000929302
-0.00114189
-0.000351048
0.00177555
-0.000517109
-0.00104148
0.00122473
0.00132341
8.89945e-05
-0.00093909
0.00345648
0.000800721
0.000726459
5.67881e-05
-0.000654488
0.000136677
0.00123845
-0.0024621
-0.00131006
-0.00195357
-0.000705714
-0.000247576
-0.000264116
0.00158599
0.000960321
0.000717818
0.00120891
0.000664976
0.000792152
0.000896415
-0.000740888
-0.00090972
-0.00128398
-0.00067497
-0.00289412
-0.0022067
-0.00201998
-0.00243649
-0.00044121
0.00144454
0.00231452
0.000411282
-2.94099e-05
-0.000279686
0.000428457
0.00098138
-0.0012784
-0.000312011
0.00103877
-0.000444406
-0.00131128
-0.00235442
-0.00348251
-0.00143509
-0.00202226
-8.77518e-05
-0.000299788
0.000317448
-0.000880415
0.000100839
0.00159377
0.00148327
2.12488e-05
-0.0014123
0.000373657
-0.00152677
-0.000324216
-0.000290814
-0.000508831
-0.00011141
0.000786113
-0.00219261
0.000452531
0.00160628
7.43333e-05
-0.00060394
0.000323603
-0.000324565
0.000420699
0.000897843
-0.00108349
0.000105668
-0.000765518
0.000840836
0.000558081
0.0012468
6.12693e-05
0.000212478
0.000472921
0.000899023
0.00266405
0.00170836
0.00104036
0.000618319
-0.000229518
-0.000802876
-0.000767346
0.000564202
0.000648647
-0.00041778
0.000256456
0.000556231
0.0006407
0.000855885
0.00104369
0.00165727
0.00173163
0.00245599
0.00337014
0.000310039
-0.00103325
-0.000506332
0.000227999
-0.000375426
0.00100069
0.000500318
-7.56438e-05
0.000424572
0.000383493
-0.000563052
0.000361623
0.00104779
2.29691e-05
0.000345139
0.000395796
-0.000269757
-0.00105226
-0.000256928
-0.00169775
8.76076e-05
-0.000281347
0.00222037
-0.000143167
-0.000788451
-0.000171504
-0.00014105
-4.76768e-05
-0.00019283
0.000836607
0.00189728
0.00211234
0.00107591
0.000831757
-0.00273717
-0.00184293
-0.00119247
-0.000258336
0.000128868
0.00185158
0.0012375
0.00122533
-0.000853252
-0.00154091
-0.00147552
-0.000944765
0.000271384
0.00146364
0.000813262
0.00101806
-0.000464724
-0.00236349
-0.00156363
-0.00107413
-0.000918445
-0.000860616
-0.000483042
0.000410407
-0.000140239
0.000527552
-0.000926003
-0.00179177
-0.000469032
0.000693272
0.000593008
0.000846844
0.000400852
-0.000421629
-0.000542298
-6.09488e-06
0.000524205
-0.000387586
-0.000559311
-0.00192106
-0.00182873
-0.000464
-0.00142985
-0.00185873
0.000201705
-0.000518223
-0.000727372
0.00073887
-2.93677e-05
0.000838691
0.000466487
0.00179914
0.0022615
0.000226171
-0.00113569
-0.000147386
-0.000357701
-0.00155605
0.000249537
-0.000670248
-0.000197889
0.000308924
0.00140128
-0.000598391
0.00114518
0.000385384
0.00115312
0.00161186
0.00138783
0.000212482
-9.57411e-05
0.000697271
-0.00066936
-0.000967651
-0.000183291
-0.00059779
-0.00146005
0.000319705
-0.00113309
5.19997e-05
0.00131101
-0.000947445
0.00067414
0.00140624
0.00151754
0.000344788
0.00220744
0.000562587
-0.00072166
-0.000581232
-0.000469227
0.000253953
0.0011688
0.000217322
0.00049923
0.000797657
0.000988008
0.000514714
2.64065e-05
9.038e-06
-0.00015618
4.53226e-05
-0.000642345
-0.000962378
-7.24444e-05
0.000234067
-0.00129451
-0.00195392
-0.000447046
0.00146232
-0.000229916
-0.000556213
-0.000560452
0.0012137
0.000637833
6.96121e-05
0.000247589
0.000587581
0.000231142
-0.0013351
0.00212648
-0.000456381
-0.00105671
0.000335047
-0.000445596
-0.00125713
0.000903443
-0.000179044
0.00202863
-0.000174176
0.000306623
0.00215169
-1.74049e-05
-0.00181676
0.000554285
-0.00116663
-0.000177723
-0.00010574
-0.000364506
0.000657423
0.00216245
-0.000490625
-0.000936274
0.000703638
0.000792989
-0.00129975
-0.000821771
0.000488249
-0.000638989
-0.00096807
-0.00108121
-0.00156474
-0.0012323
-0.00177783
-0.00164462
0.000234188
0.000968814
-0.000424324
0.000784412
-0.000671336
0.000294302
-0.000107677
-0.00250881
-0.00351957
-0.000925775
-0.00177965
-0.000328635
-0.00036592
-0.000544739
-0.00187186
0.00023065
-0.000227783
0.00057106
0.00231386
0.000960629
-0.00142392
-0.001452
-0.000524465
-0.0014016
-0.000444849
-0.0024535
-0.0019281
-0.00146449
-0.00214073
-0.00118468
-0.000829779
0.00239946
0.00119288
-0.000845939
0.000617006
-7.00255e-05
0.00127854
-0.000410178
-0.00135757
-0.000442208
0.00013354
8.0953e-05
7.81339e-05
-0.0015452
-0.000672577
-0.00139613
-0.000532518
3.35855e-05
-0.000449931
0.00084068
-0.000521852
-0.00113753
0.00162108
-0.000762479
-0.00213765
-0.00252365
-0.00207329
-0.000592062
-0.000699444
0.000545077
0.00118863
-0.000562768
-0.00184846
-0.000561812
0.00149202
0.0010297
6.73299e-05
0.000131269
-0.000979267
0.00101072
0.000854406
-0.00102536
0.000464436
-0.000988995
8.00831e-05
0.000162757
0.00266305
0.00101829
-0.0002933
0.000136653
0.00103646
0.000493378
0.000559754
0.000834423
0.000486554
-0.000387361
-0.000716423
-0.000360465
-4.59906e-05
-0.000778558
0.000391311
0.000574715
2.49611e-05
0.00175676
0.000184739
0.000272415
-0.000397052
0.000284951
0.000929748
0.000896693
0.000106865
0.000368705
-0.00102524
0.000635126
-0.000539284
0.000704779
0.00181457
0.0011384
-0.0013796
-0.000208251
-0.000770183
0.000177642
0.000415703
0.000910086
0.00164934
0.00175105
0.000428378
-0.000799715
-0.000424796
-0.00246329
-0.00163328
-0.00122201
0.000141972
0.00059538
0.000922593
-0.000809729
0.000758306
0.000341704
0.00110432
0.00125942
0.00189611
0.00153741
-0.00106253
0.000431494
-3.76029e-05
-9.25948e-05
-0.00242027
2.76634e-05
-0.000683267
-0.000788244
-4.004e-05
0.00133653
-0.000125866
-0.00183228
0.000126521
0.000121946
0.000584297
0.00125736
0.000635639
-0.000340603
-0.00218576
-0.000958911
-0.00188285
-0.00146075
-0.00133712
-0.00203684
0.000409079
0.000260568
-0.000473791
0.000923117
-0.000183411
-0.000649759
0.000239652
0.00143326
-0.000147547
0.000874532
0.00121224
-0.000184557
0.000669159
-4.9322e-06
-0.0023038
-7.06932e-05
-0.00270565
-0.00145738
-0.00127491
0.00070261
0.000528346
-0.000741608
0.000606351
-0.000338544
-3.53509e-05
0.0015789
-0.00036716
-0.000840626
0.000878631
0.00178117
0.000751597
-0.000504028
-0.00125568
-0.00317424
-0.00287606
0.00141615
0.00146479
0.00215195
-0.000375975
-0.000648904
0.00024654
-0.000574039
-0.000730636
-0.000782964
0.00054153
0.001236
-9.73704e-05
-8.61666e-06
0.00135883
0.000523668
-0.000754642
7.008e-05
-0.000353329
0.000103359
0.000700681
0.000504035
0.000162955
0.00095594
0.00172561
0.000414836
0.000223009
0.00130678
3.96225e-05
0.00126375
0.00057372
9.92149e-05
0.00246544
-0.00107692
0.00201552
0.00100774
0.000432419
0.000599058
-0.0002203
0.000355318
0.00282421
0.00147631
0.000219817
-0.00033759
-0.000214605
-0.000105144
-0.00159344
-0.00106314
-0.000436082
6.17168e-05
-0.000320542
0.000460977
0.00128272
0.00111224
-0.000231864
0.001338
0.00125764
0.00184172
0.00124809
-0.000317422
-0.00135897
-0.000268315
-0.000442348
-0.000327462
0.000245141
0.000103676
-0.000779107
0.00150237
0.000987352
-3.94353e-05
0.000852694
0.00103246
0.000463437
0.00159856
-0.000100335
0.000653563
0.000690656
0.000469717
-0.000348419
-0.00110775
-0.000345046
-0.00100637
0.00128933
-0.000929378
0.000691144
0.00109552
-0.00233367
0.000619285
0.000219368
-0.000173409
0.00147622
0.00170157
-0.000178909
-0.00119963
0.000522128
0.000148747
0.00054404
0.000169212
-0.000438688
0.000466062
0.000488506
0.000659189
-0.000977353
-0.000118855
-0.00117783
0.000221975
-0.000682954
-1.10644e-05
-0.00043822
-0.00118537
-0.00122804
-8.64573e-05
0.000969292
-0.000894931
0.000565584
0.00117165
0.000536235
0.000362699
-0.000630745
-0.000453044
-0.000237509
-0.000932028
-0.00205948
-5.42212e-05
0.000743031
-0.00111938
-0.00198923
0.000138011
-0.00280888
-0.000732864
0.000359002
0.00210774
-0.000385844
0.000855664
-0.000657797
-0.000486183
-8.66612e-05
-0.00209782
-0.000807335
-0.000460546
0.000444236
-0.000386582
-0.00122883
-0.000495764
0.00094976
0.000770221
-0.000450423
0.0021067
9.35836e-05
-0.000551168
0.000119878
-0.000926602
-0.00238274
-0.000914832
-0.00132871
-0.00127671
-0.00134132
-0.00108432
-0.000473796
-0.00191578
0.0015213
-0.000131854
-0.000238334
2.34991e-05
0.00109846
0.000988726
0.000322492
-0.00045934
-0.000702888
-0.000438907
-0.00115304
-0.00207435
-2.36672e-05
0.000415136
-0.000640504
0.00050988
-0.0010386
-0.000484316
0.00137518
0.000333806
-0.000943868
0.000367645
0.00100499
-0.00114898
-0.000152302
0.00165516
-0.000485299
-0.00100213
-0.000878149
0.00080935
0.000939511
0.00177273
0.000902251
0.000700068
0.000354666
-0.00155675
-0.00191018
-0.00106182
0.000323774
0.000793024
0.0014025
0.00151994
-1.29297e-05
-0.000748424
0.000498747
-0.000588651
0.00083838
0.000586068
0.000866384
8.07512e-05
0.000305693
0.00103785
-0.000532648
0.00050851
-0.000184964
-0.00192292
-0.00116359
0.000308535
-0.000607486
-0.0017923
-0.000125402
-0.000850199
0.00268047
0.000403691
-0.00140434
-0.000695195
0.000421431
0.00126308
-0.000475817
0.00150248
-0.000275686
-0.00136549
-0.00073272
7.0787e-05
-0.00107543
-0.000947841
-0.00127643
-0.000770012
-0.00191908
0.000544622
0.00033824
-0.00101219
-0.00072926
-0.000641787
-0.000328826
0.000281052
0.000962282
0.00100102
0.000347249
-0.001327
-0.00141529
-0.000669443
-0.00124369
-0.00344437
-0.00211708
-0.000596798
-0.000823944
-0.000721484
-0.00112506
-0.000661414
0.000290146
-0.000526827
0.00120061
-0.00169951
-0.000593225
5.77555e-05
0.000162576
-0.000470728
-0.000391013
-0.00142159
-0.00155423
-0.00309747
-0.00257866
-0.000548032
-0.00170579
0.000525742
-0.000583448
0.000687947
0.00191176
0.000470186
0.000592161
-0.000860885
0.000207655
0.000920146
0.00133859
0.0012097
0.000381487
-0.00158405
-0.00189957
0.00103995
-3.42442e-05
5.71555e-05
-0.0008015
-0.000548328
0.00135849
0.00129535
-1.70407e-05
2.74358e-05
-0.00156358
0.0012838
0.00157366
-0.000190455
-0.000354486
0.000240934
-0.000673293
-0.00214494
1.78244e-05
0.000664931
0.00103175
-0.000893625
0.000642721
0.000572524
0.00188128
7.64523e-05
-0.000833743
-0.00119482
-0.00154325
-0.000363363
-0.00010024
-0.000387847
-0.000846509
-0.00202016
-0.00100243
-0.000117271
0.00021376
0.000663831
-0.000373271
-0.000363506
0.00195664
0.000540536
-0.000750123
0.000251168
0.000965411
-0.00064637
-0.000637747
-0.000783694
-0.000732708
-0.000355709
-0.000383554
-0.000588222
-0.000993724
0.000904941
0.00123377
2.84377e-05
0.000763829
0.00140167
-0.000213376
0.000223269
0.00152661
-1.29235e-05
0.000495316
-0.000636285
0.00113231
-0.000701694
-0.000152935
-0.00182387
0.000318357
0.000896942
-0.000462245
0.000471226
-0.00096108
0.00155193
0.000887463
-0.00103922
0.00151739
0.00193353
0.000642288
-0.00154743
0.000478643
-0.000508972
-0.000586937
0.00107084
-0.00032593
0.000817626
-0.00112066
-9.5079e-05
0.000419473
-0.0006287
-0.000141187
0.00141094
0.00127916
0.00104273
-0.000576929
-0.00131691
-0.0004635
-0.000725571
0.000626676
-0.00143992
5.23946e-05
0.000930508
0.00125435
0.00106511
1.92934e-05
-0.00036007
0.000674606
0.000220389
0.00027701
9.17664e-05
0.0011194
0.000639671
-0.000824632
0.00057561
-0.000641293
0.000787968
-0.000111957
-0.00126672
0.000545185
-0.000226308
-0.0012639
0.000326537
-0.000218162
-5.56507e-05
-0.000808776
-0.000172722
0.00105935
0.00245232
0.000779087
-0.00115555
0.00161322
0.000937967
0.000778118
0.00122182
0.000121079
0.000786383
0.000469931
-0.00197946
-0.0017304
-0.00101397
0.000110925
-0.000624968
-0.00104044
-0.000475349
-0.00104994
-0.000696842
0.000989693
0.00234474
0.000698736
-0.000493697
0.000330801
0.000535336
-0.000374747
0.000721308
-5.97054e-05
-0.00218965
-0.000144278
0.00121084
0.00096535
0.00134243
0.00170974
0.000609952
-0.000941326
-5.20106e-05
0.00085162
-0.000177239
0.000339093
0.00177021
8.81801e-05
0.00130624
-0.00145709
-0.000202616
-0.00253638
0.000237992
-0.000705469
-0.000249656
0.000440535
-0.000304965
-0.00112154
-0.00214189
0.000606355
0.000260205
0.000816607
-0.000403368
2.41927e-05
-0.00028363
0.000461491
-0.000248441
5.2502e-05
-0.0005049
0.0014199
-0.000299689
-0.0015694
-0.000378881
0.000249261
0.000320395
-0.00221006
-0.00050038
0.00098308
-0.000496366
0.000929616
-0.000428643
0.000679398
-0.00027727
-0.00136657
-0.00125155
-0.000848814
-0.00226724
0.000632978
-0.000448257
-0.00227562
0.000544563
5.80783e-05
-0.0012313
0.000629334
-0.000442275
-0.000550402
-0.00106765
0.000280403
-0.00019153
-0.000113737
0.000373042
0.00131201
0.000647672
-0.0022528
-0.000115285
-0.000578384
-0.000504752
6.58463e-05
0.000162766
0.000586567
0.000127195
-0.00247506
-0.000676187
0.000127509
-0.00179746
-0.000672284
-0.00101608
-0.000704405
-0.0025418
-0.00055211
0.000224149
0.000134398
0.000537868
0.000927178
0.000669617
0.00138218
0.000956489
-0.000230633
-0.00130703
0.00139932
-0.000462627
0.000280829
0.000475105
-0.00102419
-0.00172882
-0.00232158
-0.000139436
0.000587068
-0.000342379
0.000109131
0.000538964
0.000465778
0.000981315
-0.000525644
-0.00114984
-0.000204433
-0.00107262
-0.000717246
-0.00125909
-0.000932199
-0.000666733
-0.000835781
-0.0019618
-0.00133001
0.00195056
-0.000181268
0.00109793
0.000473064
-0.00140974
-8.16157e-05
-0.000420202
0.000641078
-0.00097499
-0.00081867
-0.000941148
0.000858311
-0.00184376
-0.001862
-0.000496074
-0.00216245
-0.000779748
2.44987e-05
0.00146695
0.00207038
0.000656974
0.00105442
-0.000224386
-0.000622736
0.00048667
1.2285e-05
-0.00136304
-0.000714993
6.0664e-05
-0.000152127
-0.0029065
-0.00113465
-0.00134064
0.000734452
0.00193803
0.000104929
0.00010499
8.70674e-05
-0.000585032
0.00044636
-0.000218048
-0.000336002
-0.000897579
-9.2009e-05
0.000927279
-0.000350584
-0.00038753
0.000630976
0.000347264
-0.00135138
0.00119567
0.00185568
0.00150304
-0.000139978
3.36465e-05
0.000253301
0.00109173
0.000126479
0.001034
0.000301722
-0.0010101
-0.00200397
-0.00271159
0.00024732
0.000501396
-0.000992904
-0.00189963
-8.86539e-06
-0.00110451
0.00013268
0.00050528
-7.09933e-05
0.000370313
0.001383
0.000301774
-0.000310199
-0.000807799
-0.00022572
-0.00090657
-0.00129583
0.00094315
-0.000575769
-0.00138531
-0.00130175
0.000914529
-0.000184543
