(0.013154,0.00473976)
(0.00235925,-0.0105131)
(0.010476,-0.00560779)
(-0.0027924,-0.016424)
(-0.000519026,-0.0175709)
(-0.00392744,-0.0222305)
(-0.0128709,-0.00437561)
(-0.00376178,-0.0014567)
(-0.0135933,0.000236982)
(0.00105743,0.0010984)
(-0.0182476,0.00681058)
(0.00189099,0.012454)
(0.000884275,0.00626386)
(-0.00642638,0.0146716)
(0.00820669,-0.00303265)
(0.000302164,0.00679841)
(0.00628131,-0.00350952)
(0.0101659,0.0167908)
(-1.18879e-05,-0.0125464)
(0.00607855,0.00224406)
(0.00692692,0.00202591)
(0.00305344,0.00357975)
(0.00392547,-0.014056)
(0.00561141,-0.0129664)
(-0.00324667,-0.018378)
(-0.0117893,0.00318822)
(-0.0124979,-0.0135829)
(-0.00861981,-0.0216995)
(-0.0237776,-0.00088712)
(-0.0119404,-0.00239744)
(-0.0142822,-0.000530914)
(-0.00226582,-0.0025147)
(0.000932707,0.00795097)
(-0.0170887,0.000268756)
(0.00413736,-0.0124635)
(-0.0119498,0.00108311)
(0.00588346,-0.025777)
(-0.0004805,0.0194898)
(0.00205877,-0.0134864)
(0.0110125,0.00953601)
(0.00156675,-0.0100034)
(0.0112241,-0.00970672)
(0.0105835,-0.013967)
(0.00302775,-0.0132614)
(-0.000834016,-0.00459967)
(0.00961552,-0.00882737)
(-0.0143615,0.00773321)
(-0.0171988,-0.0192896)
(-0.0214006,-0.00864068)
(-0.0103713,-0.0251442)
(-0.0079518,-0.0106783)
(0.000368403,-0.0291449)
(-0.012767,-0.0060916)
(-0.00733015,-0.00332016)
(-0.00663714,-0.0173118)
(-0.0106622,-0.000413304)
(-0.00205575,-0.0149305)
(-0.00712674,0.00934145)
(-0.00380529,-0.0138931)
(0.00207052,0.016818)
(-0.00595489,-0.00254846)
(0.000403314,-0.00191021)
(0.00373914,0.00166877)
(-0.0016905,-0.00198949)
(0.00746776,0.00934653)
(-0.00841567,0.00967515)
(-0.00396683,0.00140857)
(-0.0112614,0.00154821)
(-0.0112982,-0.000163796)
(-0.0242428,-0.0134478)
(-0.00937035,-0.0223778)
(-0.00950376,-0.00861208)
(-0.0136369,-0.0112621)
(-0.0125242,0.00641066)
(-0.014199,-0.00283467)
(-0.00034074,0.0198787)
(-0.00145055,-0.021745)
(-0.00117188,0.0135193)
(0.000544184,-0.0087269)
(0.00396052,0.00180477)
(-0.00797812,-0.0147387)
(0.00306863,-0.00680744)
(0.000887912,-0.00879519)
(-0.00945807,0.000363975)
(0.00103769,-0.00762097)
(-0.0132916,0.015587)
(0.00262951,0.000422358)
(-0.0167761,0.000487298)
(-0.00471652,0.00393775)
(-0.00601169,-0.000100827)
(-0.00757121,-0.0116877)
(-0.0192519,-0.0018517)
(-0.00576334,-0.0192491)
(-0.0026403,0.00507797)
(-0.0103466,-0.00667582)
(0.00827995,0.00615536)
(0.00787414,0.00100227)
(0.00582323,0.00100613)
(0.00306691,0.00754388)
(0.0180591,0.00138418)
(-0.00140307,-0.0200174)
(0.00928302,-0.0120284)
(0.00220528,-0.0134525)
(-0.0214718,-0.00238818)
(0.00526528,0.00088659)
(-0.0267407,0.0125449)
(0.00998251,-0.00474781)
(-0.0086399,0.00613526)
(-0.00510416,-0.0135345)
(-0.0155182,0.00589283)
(0.0102584,-0.0129238)
(-0.0107725,0.00521911)
(-0.00351194,-0.00808111)
(-0.00826351,0.00728802)
(0.00540391,-0.0103393)
(-0.00877362,-0.00137267)
(0.0131287,-0.00361614)
(0.00700982,0.00731521)
(0.00893728,0.0171269)
(0.00231575,-0.00261447)
(0.00738157,-0.0117904)
(0.00779682,-0.00532237)
(-0.0101279,-0.00066744)
(0.00251701,-0.00397142)
(0.0144267,-0.000455578)
(-0.0130493,-0.00520267)
(0.0185188,0.000647725)
(-0.0102797,-0.00411389)
(-0.00164295,-0.00868671)
(-0.0105769,-0.0130952)
(-0.00845096,-0.0244364)
(-0.0201797,-0.00263073)
(-0.00251346,-0.0231439)
(-0.00575572,-0.0176895)
(-0.00897567,-0.0122129)
(-0.00560065,-0.0183298)
(0.00397733,0.00761395)
(-0.00720024,-0.00401136)
(0.00368076,0.0173577)
(-0.0072345,0.00277102)
(0.0111551,-0.002231)
(0.0131155,-0.00117648)
(0.0119073,-0.00499698)
(0.00189617,0.00363416)
(0.013605,0.00498739)
(-0.00352589,0.00454196)
(0.0155541,0.00400135)
(-0.00579817,0.00169182)
(0.00548038,-0.00611448)
(-0.00843856,-0.00787545)
(-0.0108016,-0.00956292)
(-0.0100102,-0.00258972)
(-0.00961733,-0.00752939)
(-0.00958811,1.16069e-06)
(-0.00136769,-0.0179211)
(-0.0126316,-0.0128747)
(-0.00742904,0.00212617)
(-0.00525859,-0.0145333)
(0.00160248,0.0298738)
(-0.0129604,-0.00360161)
(-0.00393354,-0.00160184)
(-0.00611736,-0.00128941)
(0.00362932,0.00133884)
(0.00345324,-0.0101756)
(0.011227,0.0122385)
(0.00215588,-0.0044402)
(0.018104,0.0144309)
(-0.00535875,-0.00151506)
(0.00689315,0.00349443)
(-0.00613833,-0.00187797)
(-0.0065617,0.000159679)
(-0.0108442,7.2419e-05)
(-0.00490138,-0.00610264)
(-0.00493471,-0.0098078)
(0.00469192,-0.00381222)
(0.00106805,-0.0122487)
(-0.00449308,0.00833141)
(-0.00980497,-0.00922406)
(0.01149,0.0269096)
(-0.0105996,-0.00478184)
(-0.0119771,-0.00311926)
(0.00363522,0.00262225)
(-0.00802045,0.00657128)
(0.00296871,-0.00622592)
(0.00866038,0.0212733)
(0.0105445,-0.00617316)
(0.00639972,0.0146516)
(0.0153429,-0.00803165)
(0.0106221,0.019639)
(0.00866844,-0.00989686)
(-0.00385533,0.00303569)
(0.0143107,-0.00808652)
(0.00129573,-0.000536642)
(0.0103126,-0.00482692)
(0.000494887,-0.00413442)
(0.00254356,-0.0152043)
(0.00910477,0.00505361)
(0.00213257,-0.00289759)
(0.00948829,-5.49625e-05)
(-0.0098063,0.000841956)
(0.0137632,-0.00370632)
(0.0067611,-0.0155265)
(0.00570697,-0.0174514)
(0.00829807,-0.027692)
(-0.00428341,-0.0179973)
(-0.00503625,-0.00883004)
(-0.0164292,-0.0130618)
(-0.0056843,-0.0111932)
(-0.0189436,-0.00837292)
(0.00191526,-0.00408242)
(-0.0249396,-0.00528493)
(0.000583616,0.00576311)
(-0.00514155,-5.30948e-05)
(-0.00408381,0.0144257)
(0.00671489,0.000179773)
(0.00445489,0.0124815)
(0.0156541,-0.00420684)
(0.00603193,0.0267061)
(0.00309798,-0.00395315)
(0.00817168,0.0143973)
(0.00373013,-0.00517578)
(0.019627,-0.0195331)
(0.0036536,-0.0239744)
(0.0156177,-0.0223265)
(-0.0168567,-0.0145968)
(0.0123929,-0.00863206)
(-0.0258469,-0.0197718)
(8.79313e-05,-0.0143261)
(-0.0259472,-0.0205394)
(-0.00353246,-0.0228731)
(-0.0137257,-0.00955064)
(0.00520339,-0.015669)
(0.0125508,-0.00953906)
(0.0012755,0.00224064)
(0.0129256,-0.00341082)
(-0.0190665,0.0112772)
(0.0182668,-0.0100287)
(0.00198496,0.0177058)
(0.0160745,-0.0173284)
(-0.000713874,0.0275695)
(-0.00356588,-0.012711)
(0.0162019,-0.0166678)
(-0.00446647,-0.000123952)
(0.0134099,-0.0240104)
(-0.00975237,0.000895862)
(0.0134471,-0.00732961)
(-0.0136317,-0.001628)
(-0.0063206,-0.02439)
(-0.0120192,-0.00823826)
(-0.0118198,-0.0277813)
(-0.00121404,-0.00997132)
(0.00356949,-0.0261664)
(0.0167023,-0.00715544)
(-0.00715994,-0.0237303)
(0.0200305,-0.00745704)
(-0.0075734,0.00403134)
(0.00924516,-0.0303787)
(-0.0165301,0.015928)
(0.00990729,-0.0161705)
(-0.00106054,0.0153275)
(-0.0102887,-0.00415003)
(0.00319735,-0.0143926)
(-0.00439995,0.0143035)
(0.00402073,-0.00235751)
(-0.0046483,0.0164947)
(0.00694874,-0.00704568)
(0.00331792,0.0131148)
(-0.022109,-0.0166381)
(-0.000342363,0.00975939)
(-0.0140413,-0.0160236)
(-0.00353585,0.00151346)
(0.00849037,-0.0250659)
(-0.0119485,-0.0251847)
(0.00472823,-0.00741779)
(-0.00113534,-0.0121049)
(-0.00480616,0.0231795)
(-0.00283343,-0.0144715)
(-0.0056066,0.0101673)
(-0.00756032,-0.0247469)
(0.00573759,0.0132185)
(-0.0147608,-0.0183048)
(-0.000514418,0.00427888)
(-0.0169636,0.00783889)
(-0.0105439,0.00415771)
(-0.00259988,0.00860985)
(-0.0115078,0.0148683)
(0.0218448,0.0123001)
(-0.0134371,0.00211737)
(-0.00255331,0.0152414)
(-0.00334459,-0.0182149)
(0.00902953,-0.0132123)
(-0.00795835,-0.0199278)
(0.000724378,-0.019353)
(0.00994309,-0.0058101)
(-0.00776789,-0.00929582)
(0.00375418,0.0105459)
(-0.00773167,-0.0143089)
(0.00878116,0.0108967)
(-0.00945808,0.00226581)
(0.0161791,-0.00485685)
(-0.00642038,-0.010334)
(-0.0119273,-0.0106347)
(-0.0163785,0.00108084)
(-0.0225332,0.00428615)
(0.0106419,0.00372076)
(-0.00431649,0.00226858)
(0.0105171,-0.00322982)
(-0.00539542,-0.00465039)
(-0.00470467,0.00762454)
(-0.0123027,-0.0094656)
(0.00316039,0.0025069)
(-0.0106055,0.00443364)
(0.0204749,-0.0152061)
(0.0155652,-0.00374986)
(0.00804305,-0.00358077)
(-0.000328939,-0.0048649)
(0.00868835,0.000980939)
(0.00431932,0.00654234)
(0.00153528,0.0187064)
(0.0157766,0.000398553)
(-0.00397463,0.00267011)
(0.00370414,-0.0134514)
(-0.00276839,0.00372236)
(-0.00371778,-0.0110707)
(0.00465393,0.00674495)
(-0.00533715,0.00200251)
(0.00205471,-0.0131398)
(-0.00363721,-0.00810566)
(-0.0227752,-0.0180757)
(-0.0050899,-0.021179)
(-0.0091968,-0.0212013)
(-0.0119717,-0.0059014)
(-0.000397473,-0.025653)
(-0.0145779,-0.0202742)
(-0.00183541,-0.0200469)
(-0.0205384,-0.0270415)
(0.00391138,0.0033785)
(-0.00289179,-0.00983866)
(0.00157317,0.0247694)
(-0.0121827,0.00240977)
(0.0118891,0.00118024)
(0.00752636,-0.00849848)
(-0.00652088,0.0082561)
(-0.00239005,-0.0139973)
(0.00967195,-0.000983053)
(-0.0072786,-0.013173)
(0.0123106,-0.00381341)
(-0.00899671,-0.0122884)
(-0.0178607,-0.0126609)
(-0.0104004,-0.00847147)
(-0.0209444,-0.0257674)
(-0.0155567,0.00275167)
(-0.00490609,-0.0237103)
(-0.00761679,-0.00530869)
(0.00778576,-0.0119674)
(-0.0166485,-0.0245811)
(0.00683812,-0.00180641)
(-0.0197801,-0.0114666)
(0.0088718,0.0327021)
(-0.0238784,0.00869117)
(-0.00349893,-0.00356905)
(-0.00362273,-0.0131405)
(-0.00885733,0.00959993)
(0.0163112,-0.0233626)
(-0.00443582,0.0182169)
(-0.00429074,-0.0150494)
(0.013135,0.0184349)
(-0.00261541,0.00264215)
(-0.000617266,-0.00774956)
(-0.00771038,0.00675311)
(-0.0141083,-0.0165846)
(0.00806077,0.0135629)
(-0.00235904,-0.028612)
(-0.00383559,0.00288419)
(-0.00452429,-0.0231272)
(-0.0178002,-0.0165881)
(0.0164118,0.00877485)
(-0.0310755,-0.013141)
(0.012427,0.0160531)
(-0.0184172,-0.00256744)
(-0.0107253,0.00369835)
(-0.001712,-0.00707617)
(-0.0101426,0.00921731)
(0.00549327,-0.0185286)
(0.00121457,0.0236502)
(0.020167,-0.0209441)
(0.00690377,0.0146717)
(0.0146876,-3.42219e-05)
(0.00486343,0.00583046)
(0.0257634,-0.000983662)
(-0.0147801,-0.00856234)
(0.00930673,0.00891777)
(-0.0125477,-0.00896354)
(0.0222776,-0.00680975)
(0.00881347,-0.0158663)
(-0.00894854,-0.00878353)
(0.0115809,-0.00216301)
(-0.0215084,-0.0168609)
(0.00758076,0.00764546)
(-0.0163321,-0.00627916)
(0.0134787,-0.00271962)
(0.00475163,-0.0168721)
(-0.00150916,-0.0161824)
(0.00694016,-0.0221726)
(-0.0122895,-0.0221725)
(0.00573218,-0.0197502)
(-0.0243344,-0.0238286)
(3.63435e-05,-0.0145949)
(-0.0187771,-0.0197261)
(0.00589397,-0.0226814)
(-0.0136871,-0.0162786)
(0.00909288,-0.00521222)
(0.00512736,-0.0029343)
(0.00157825,0.0132056)
(0.0111022,0.0114982)
(0.00302609,0.00587746)
(0.00756393,0.00484397)
(0.00388612,-0.00306562)
(0.000346746,0.00413743)
(-0.00596105,0.0155805)
(0.00801477,-0.00495357)
(0.0229641,-0.0137216)
(-0.0103787,-0.00713014)
(0.021116,-0.035714)
(-0.0106313,-0.0190516)
(0.01479,-0.0150092)
(-0.0239319,-0.0264805)
(0.0119088,-0.0245416)
(-0.00997227,-0.018723)
(0.0145502,-0.00719541)
(-0.00385367,-0.00477352)
(0.0166967,-0.00229243)
(0.0244059,-0.00305294)
(0.0133318,0.00397332)
(0.0212966,0.0154711)
(0.0191934,0.00540017)
(0.0201817,0.00400295)
(0.000485889,0.00882275)
(0.00596555,-0.00147876)
(0.0026727,0.0137449)
(-0.00163069,0.0070589)
(0.0131279,-0.0197672)
(-0.0189255,0.00873754)
(0.0254325,-0.024819)
(-0.0303761,0.0015982)
(0.0246818,-0.0197372)
(-0.000725701,-0.00207204)
(-0.0188236,-0.00840947)
(0.00824669,0.0114978)
(-0.00688659,0.00762262)
(0.0156688,0.0010583)
(0.0187222,-0.0138555)
(0.0159152,0.00242871)
(0.0140211,-0.010477)
(0.0257751,0.00281599)
(-0.00295831,0.00107652)
(0.00578379,-0.00431032)
(-0.00549092,0.0073723)
(0.0132148,-0.0297239)
(0.00319432,0.0126855)
(-0.0151886,0.00845048)
(0.00271145,0.00052555)
(-0.0217307,0.0186551)
(0.00909897,-0.00570562)
(-0.0163328,0.0098313)
(-0.014405,-0.00520767)
(0.0229122,0.0237119)
(-0.0260886,0.0055202)
(0.013619,0.0242968)
(-0.00580863,0.00138602)
(0.0106312,0.0149291)
(-0.00867608,-0.00739015)
(-0.0101744,0.0124001)
(0.00439756,-0.00686511)
(-0.00985549,0.0082014)
(-0.0135502,0.0166937)
(-0.00178302,-0.0154802)
(0.00127236,0.00733023)
(-0.010361,-0.0225331)
(0.00845716,0.00188187)
(-0.0189976,0.0106791)
(-0.00246768,0.00947087)
(-0.0243171,0.0183223)
(-0.0134638,0.0175349)
(0.00812398,0.0194143)
(-0.000196307,0.0177602)
(0.0518511,0.0235917)
(-0.0220813,-0.0291453)
(0.0214272,0.0288517)
(-0.0146927,-0.0164694)
(-0.0127908,0.012936)
(0.00391661,-0.0274473)
(-0.011426,-0.0201913)
(0.00449392,-0.0123649)
(-0.00970117,-0.00763275)
(0.0131289,0.0194736)
(-0.0121061,-0.00619509)
(0.0112009,0.0141232)
(-0.0185859,-0.0107679)
(0.0212721,-0.00615534)
(-0.0135573,0.0177875)
(-0.0158361,0.0106447)
(-0.00752314,0.022497)
(-0.00662234,0.00682367)
(0.0290151,-0.0053331)
(-0.0102052,0.00711177)
(0.023963,-0.0090523)
(-0.0127069,-0.0225425)
(-0.0202062,0.0271005)
(-0.00761794,-0.0365743)
(0.0194981,0.00165936)
(-0.0154481,0.00247759)
(0.0176155,0.00571581)
(0.0313585,0.0282194)
(0.0206817,0.00347569)
(0.027477,0.00644576)
(0.00205701,0.00103584)
(0.0178245,0.00144281)
(-0.00846915,0.013262)
(0.0171159,-0.0179115)
(-0.004645,0.0140308)
(-0.0125129,-0.00322772)
(-0.001237,0.0217957)
(-0.0121855,-0.00661766)
(0.0185612,-0.00997873)
(0.0121124,0.00304376)
(0.0024985,-0.0320317)
(0.0215164,-0.0191342)
(-0.0351559,-0.00636057)
(0.0188716,-0.0159621)
(-0.00208614,0.00197975)
(0.0169459,0.00384755)
(0.0280182,-0.0115887)
(0.0238198,-0.0131307)
(0.00935425,-0.000434977)
(-0.00778114,-0.0344939)
(0.00763451,0.00782294)
(-0.0236762,-0.0146159)
(-0.00208087,0.0268596)
(-0.00548307,-0.0133596)
(-0.0164344,0.00342944)
(-0.0190998,-0.00715854)
(-0.0188573,0.0217395)
(-0.0101368,-0.0103269)
(0.0170385,-1.06146e-07)
(-0.0106633,-0.00434893)
(0.00433178,-0.0358301)
(-0.00805116,-0.00939279)
(-0.0196351,-0.0233697)
(0.0183335,-0.00900221)
(-0.0153781,-0.0108706)
(0.0049827,0.00713094)
(0.00760621,-0.0140058)
(0.00720221,-0.0112014)
(0.00989346,-0.00265575)
(-0.0253021,-0.0264355)
(0.010349,0.0136871)
(-0.0269581,-0.026153)
(-0.0029555,0.0229491)
(-0.0184573,-0.00815855)
(-0.0229691,0.000291923)
(-0.0157313,-0.0113146)
(-0.0276637,0.0134025)
(-0.00185479,-0.0185594)
(-0.0131459,0.0203259)
(0.0110587,-0.00407348)
(0.00804093,0.00149079)
(-0.00220996,0.0154622)
(-0.00459625,-0.00455127)
(0.0120499,0.0190459)
(0.000648694,-0.00671375)
(0.000438828,0.0164308)
(-0.00335226,-0.0127265)
(0.00840064,-0.0120878)
(0.00388158,0.0071231)
(-0.022572,-0.023553)
(0.00321679,8.38856e-05)
(-0.0324465,-0.0258388)
(0.00119732,0.0263241)
(-0.0316781,-0.00455142)
(-0.0172588,-0.000727614)
(-0.00322506,-0.0194927)
(-0.0277125,0.022698)
(0.00541134,-0.0190801)
(-0.0187957,0.029771)
(0.00452358,-0.000541861)
(9.71701e-06,0.0137019)
(0.00845437,0.0139299)
(-0.0065497,0.00803295)
(0.0148369,0.0159007)
(-0.000803022,-0.00707183)
(0.0161188,0.0130881)
(-0.0035363,-0.00607458)
(0.00467796,0.000558969)
(0.00354512,-0.00583801)
(-0.0188441,-0.0172694)
(0.00353576,0.00374183)
(-0.0196894,-0.0227452)
(0.00576998,0.00935504)
(-0.00925748,-0.0111266)
(-0.000215792,0.00614393)
(0.0108715,-0.00919371)
(-0.000163869,-0.0119184)
(0.00430442,-0.0174906)
(-0.0131551,-0.0156496)
(0.00609245,-0.0125917)
(-0.0186373,-0.0252106)
(0.0015591,-0.0113807)
(-0.0106011,-0.0122345)
(0.01196,0.00757509)
(-0.0098509,0.00302242)
(0.0138136,0.00833893)
(0.0118019,0.00764142)
(0.00122533,0.0237775)
(0.0111103,0.0134081)
(0.00116493,0.005112)
(0.0112285,0.017287)
(-0.00683675,-0.00163111)
(0.00170582,0.0011572)
(0.000672997,-0.00365548)
(-0.00239677,0.00312057)
(-0.000449892,-0.00658422)
(-0.00629356,0.000108021)
(0.00683856,-0.0205375)
(-0.0291626,-0.0122755)
(0.013062,-0.0200158)
(-0.0138099,-0.00829658)
(-0.012251,0.00542586)
(-0.00646073,0.00307093)
(0.0071784,0.0117965)
(0.0121388,0.00863648)
(0.0112185,0.0211983)
(0.0101173,0.0194906)
(-0.00169898,0.0260107)
(0.0133421,0.0227924)
(-0.00234039,0.0101577)
(0.0153378,0.0100433)
(-0.00826033,0.00238969)
(0.00962818,-0.0115971)
(0.00210718,0.00621925)
(-0.00231343,0.00698567)
(0.0107884,-0.0138293)
(-0.0190486,0.0026535)
(0.0124733,-0.0212025)
(-0.0147706,0.00930356)
(-0.0147365,-0.0108456)
(0.0110294,0.0101934)
(-0.0325442,0.0284228)
(0.0390721,0.00146468)
(-0.00857283,0.0585127)
(0.0284199,0.0121762)
(0.00513242,0.0208726)
(0.00274286,0.0305842)
(-0.0138433,0.0169343)
(-0.00425531,0.0378231)
(-0.0234465,0.0191335)
(-0.0203618,0.0131532)
(-0.0196345,0.00813575)
(0.000513203,-0.0208381)
(0.00957717,0.00547011)
(0.00119331,0.00955335)
(-0.00549455,-0.000156932)
(-0.00237819,0.00889024)
(-0.000248999,0.00245199)
(0.000635447,-0.0027951)
(-0.027212,0.0192007)
(0.0463286,0.0022231)
(-0.0512745,0.0257656)
(0.028857,-0.0141237)
(0.00174711,0.0441224)
(-0.0202995,0.016263)
(0.00485559,-0.00500194)
(-0.0356867,0.0125592)
(-0.0362833,-0.0169644)
(-0.0367663,0.0367133)
(-0.0355851,0.00744139)
(-0.041074,0.0190086)
(-0.0112856,0.0107999)
(-0.0324662,-0.0176371)
(0.00206656,-0.00102123)
(-0.00190492,0.0137438)
(-0.00456,0.0230643)
(-0.00345485,0.0215311)
(0.0132351,0.0260946)
(0.0395629,0.000980747)
(-0.0384489,-0.00862676)
(0.0684629,0.022982)
(-0.0120233,0.00713343)
(0.0536214,-0.00421006)
(0.0244837,0.0295144)
(-0.0594266,-0.0141126)
(0.00371964,-0.0362697)
(-0.0430561,-0.0375912)
(-0.02851,-0.0217343)
(-0.0420005,0.00715888)
(-0.0247638,-0.00461643)
(-0.0279197,0.0129693)
(0.0016491,-0.00529307)
(-0.0321561,0.00247958)
(0.00714325,-0.00504395)
(0.00868009,0.0118891)
(-0.000236911,0.0230052)
(0.0103859,0.00600623)
(-0.00770252,0.0291601)
(0.030535,-0.0324576)
(0.00115619,0.00175838)
(0.00545641,-0.00620048)
(-0.02529,-0.0462915)
(-0.0812682,0.00529162)
(0.015336,-0.0111273)
(0.0519572,-0.00510219)
(-0.0432703,0.0426211)
(0.0232609,0.0109149)
(0.036836,0.0417995)
(0.00741963,0.00436505)
(0.0191966,0.0201609)
(0.000941426,0.0240754)
(0.00978905,0.0139215)
(-0.00759957,0.0183117)
(0.00232097,-0.0100636)
(0.00198014,0.0144007)
(-0.0134688,0.00102511)
(0.00566259,0.00774663)
(0.00550195,0.0201277)
(0.0237097,-0.0430269)
(0.0212696,0.013179)
(0.00877964,-0.0574281)
(0.0347544,-0.0385248)
(-0.0540688,-0.00719865)
(0.0125826,-0.0159031)
(0.0418271,-0.00526754)
(0.0330893,0.00879275)
(0.0454529,0.00377312)
(0.0388315,0.0213724)
(0.0253731,0.0225146)
(0.00975522,-0.0209058)
(0.00358758,0.0284544)
(-0.00481596,-0.00911666)
(-0.00676192,0.0221606)
(-0.0183167,-0.00249588)
(-0.0124838,0.00806926)
(-0.0188387,4.89058e-05)
(-0.0103922,0.0151352)
(-0.016778,-0.0039427)
(0.00770135,-0.0154157)
(-0.0052982,0.00466881)
(-0.00186883,-0.0590633)
(0.0308157,-0.0105606)
(-0.0296828,0.00272449)
(0.0452778,-0.0105178)
(0.000571627,-0.00195281)
(0.0433242,0.019663)
(0.0291781,-0.000102681)
(0.0288945,-0.0184898)
(0.0178418,0.0129454)
(-0.00500792,-0.0229583)
(0.0106906,0.034671)
(-0.0322988,0.000680993)
(0.0028676,0.0229758)
(-0.0334008,-0.00424476)
(-0.0214669,-0.00543571)
(-0.0188068,-0.00577271)
(-0.0309835,0.0272837)
(-0.0080276,-0.00539301)
(-0.00219408,0.0150998)
(-0.0042587,0.00598699)
(0.0011866,-0.0111929)
(-0.00954504,0.0141949)
(-0.0140837,0.00323374)
(0.0149996,0.0226577)
(-0.000981197,0.00501877)
(0.00631168,0.0239958)
(0.00541145,0.0102897)
(0.0165373,0.000667037)
(0.0109537,0.011895)
(-0.00384639,-0.0213756)
(0.0015879,0.0178454)
(-0.0223706,-0.020127)
(-0.0049456,0.0056982)
(-0.0208212,-0.0137802)
(-0.0185444,0.00203802)
(-0.0139328,-0.0214251)
(-0.0183449,0.0179316)
(-0.00999288,-0.0203919)
(-0.00371936,0.0316519)
(-0.00347467,0.00111641)
(0.00563752,0.0147179)
(-0.00897733,0.0202139)
(-0.00105257,0.0112676)
(0.00681591,0.0242104)
(-0.00309175,0.00863034)
(0.0103934,0.021199)
(0.005229,0.00685384)
(0.0170945,-0.00165349)
(-0.00698082,0.00960562)
(-0.00449785,-0.0104204)
(0.000456423,0.00215452)
(-0.0198065,-0.0196733)
(0.00113635,0.00734055)
(-0.0107483,-0.0168299)
(-0.00223698,0.0143281)
(0.00289402,0.00278683)
(0.00135107,0.00852957)
(0.00162488,-0.00639698)
(-0.0127541,-0.00206572)
(0.0156782,-0.005588)
(-0.0138834,-0.00619868)
(0.00590298,-0.0105079)
(0.00378919,0.00566301)
(0.00484829,0.00130892)
(6.012e-05,0.0130505)
(0.00696615,0.0188914)
(0.0124952,0.0216028)
(-0.00937713,0.0183821)
(0.0116914,0.0268581)
(-0.00672851,0.00783087)
(0.00766965,-0.00447503)
(-0.01327,-0.0157353)
(-0.0064764,-0.00982856)
(-0.00787222,0.00509426)
(0.0046998,0.00712838)
(-0.000310632,-0.00477243)
(-0.0145973,0.00878172)
(-0.00121896,-0.00755647)
(-0.0218748,0.0137683)
(0.00751151,-0.0188937)
(-0.00319685,0.00127318)
(0.00271281,-0.00291008)
(0.0115759,-0.000188384)
(0.0109255,0.0212595)
(0.0222269,0.00837865)
(0.00820264,0.0241507)
(0.016471,0.0261825)
(-0.0143312,0.0201736)
(0.0181506,0.0295339)
(-0.00554863,0.00985268)
(0.00552625,0.00190202)
(-0.000688423,0.0025561)
(-0.000377659,-0.0232271)
(-0.0106928,-0.0013164)
(0.0117415,0.0128314)
(0.000875474,-0.00327132)
(-0.00638859,0.0156058)
(-0.00808572,-0.0300707)
(-0.00577517,0.00581292)
(-0.0154518,-0.00778559)
(0.0128078,0.0095334)
(-0.0347557,0.0199227)
(0.0133867,-0.016916)
(-0.0101109,0.0322023)
(0.00266643,0.0144454)
(0.0161295,0.0141821)
(-0.00126261,0.0227436)
(-0.0173017,-0.00647509)
(-0.0179828,0.0300519)
(-0.0330573,0.00999477)
(-0.0167824,0.00848022)
(-0.0059539,0.0175952)
(-0.0244659,-0.0249222)
(-3.08148e-05,0.00493569)
(0.0174171,0.00150577)
(0.00274738,0.00364457)
(0.00847676,-0.00387581)
(-0.000763631,-0.0120024)
(0.0182764,-0.00640967)
(-0.0464066,-0.0181713)
(0.0145568,-0.00212048)
(-0.0289998,0.0184289)
(-0.0332095,-0.0668343)
(0.0326235,0.0105561)
(0.0109758,0.0165343)
(0.0223831,-0.0863525)
(-0.0337705,0.0143368)
(-0.0598237,-0.0281867)
(-0.0518309,0.00815698)
(-0.0716445,-0.0121098)
(-0.047635,0.014571)
(-0.0276499,-0.0108982)
(-0.037118,-0.00565016)
(-0.00158874,0.00810382)
(0.00264182,0.00318914)
(-0.00396677,0.0227473)
(0.0157383,-0.00293754)
(-0.00836258,0.00240614)
(0.022089,-0.00378388)
(0.0175134,-0.0122863)
(-0.0166586,0.0373894)
(0.0598664,0.0135231)
(-0.00526284,0.00207563)
(-0.0195579,-0.0120242)
(0.0153244,0.00874916)
(0.00274012,0.022654)
(0.00728147,-0.0735925)
(0.00444465,-0.0179954)
(-0.0282847,-0.0165179)
(-0.0559786,-0.026783)
(-0.0391227,0.0166576)
(-0.0313562,-0.0145113)
(-0.0223424,0.0120576)
(-0.0049133,-0.000345077)
(0.010689,-0.00451537)
(-0.00722826,0.0372762)
(0.0176596,-0.0211851)
(0.0184264,0.0223684)
(0.0297617,-0.0297472)
(0.0125024,-0.0174238)
(-0.0719256,0.0447016)
(-0.0174809,-0.0266854)
(0.0303465,-0.0104277)
(0.0169502,0.0121223)
(-0.01848,-0.00761627)
(-0.00441118,-0.0163767)
(-0.00631475,0.0588618)
(0.0373158,0.0364533)
(-0.0118247,0.0163741)
(-0.01203,0.00934396)
(-0.0107093,0.0109544)
(-0.00825422,-0.00269764)
(-0.0171475,0.0120943)
(0.00237453,-0.0017559)
(0.00326461,-0.00912142)
(0.00181991,0.0143491)
(0.0244867,-0.0241141)
(0.0154269,0.0177105)
(0.0486905,-0.0621223)
(0.0535418,0.0025646)
(0.0124679,-0.0559277)
(0.0275424,-0.0349008)
(-0.0651978,0.00646505)
(-0.114916,0.0151787)
(0.0605627,0.0193125)
(0.00062577,-0.0165942)
(0.0236283,-0.0148462)
(0.0147493,-0.00706045)
(0.00839297,-0.0167407)
(-0.0116754,-0.0182889)
(0.00273954,0.0313436)
(-0.00422274,0.00461609)
(-0.00462448,0.014846)
(0.00357183,-0.00263482)
(0.0056421,-0.00410665)
(-0.0165635,0.00158112)
(0.000430194,-0.00503931)
(-0.000785667,0.013733)
(0.0127097,-0.0392205)
(0.0240231,-0.00551689)
(0.0178237,-0.0293312)
(0.0586593,-0.0119471)
(-0.0271819,0.00235767)
(0.0132115,0.0185251)
(0.0131865,-0.00748886)
(0.0235457,0.00899691)
(0.0180113,-0.0313518)
(0.0305333,-0.00230291)
(0.0131733,-0.000806375)
(-0.00610454,-0.00223494)
(-0.00397235,0.0180898)
(-0.0169226,0.00725021)
(-0.0121818,0.0244156)
(-0.0152994,0.0123678)
(-0.00354256,0.0160835)
(-0.0142066,-8.79973e-06)
(-0.0160115,0.0200705)
(-0.00886635,-0.00257518)
(-0.00406242,0.0153484)
(-0.0198102,0.00864486)
(-0.000858283,-0.0049159)
(0.000796927,0.00100066)
(-0.00458179,0.0217915)
(0.0135427,0.0240893)
(-0.00304567,0.0094924)
(0.0064197,0.0279257)
(0.0123172,-0.0070682)
(0.0139678,0.00247847)
(0.00185873,0.00932312)
(0.0042914,0.00180029)
(-0.00536359,0.0190697)
(-0.014879,-0.000876653)
(-0.0172241,-0.00130668)
(-0.0116954,-0.00119373)
(-0.00735965,0.00664222)
(-0.0108722,-0.0175243)
(-0.0157192,0.0193868)
(-0.011229,-0.0116286)
(-0.000385079,0.0252258)
(-0.00665798,0.00192836)
(0.00599293,0.0103381)
(-0.0197494,0.0191216)
(-0.00715238,0.02346)
(-0.000384446,0.0193446)
(0.00402466,0.00855341)
(-0.00278426,0.0179906)
(0.000887757,0.0094655)
(0.00370741,0.0119996)
(0.00177403,0.00740675)
(0.0035866,0.00877892)
(-0.00146445,0.0122071)
(0.00877121,0.0045925)
(-0.0111226,0.00923678)
(-0.0025188,-0.0106297)
(0.00361548,0.0176035)
(0.0141934,0.000436964)
(-0.000180888,0.0172141)
(0.0118984,0.00373768)
(0.00297045,0.0109151)
(0.0213244,-0.00633451)
(0.00112589,0.00569504)
(0.0103058,0.00690226)
(0.00555098,0.00231411)
(0.012596,0.00483662)
(0.00288631,0.00479091)
(0.0152828,0.0224292)
(0.00611127,0.00304244)
(0.0107728,0.0150026)
(0.00488394,0.00250355)
(-0.0105645,-0.00130959)
(0.001199,-0.00782547)
(0.00717231,0.00387991)
(-0.0100737,-0.00756734)
(-0.00606356,0.00766103)
(0.00681422,0.0113936)
(0.00274161,0.0162213)
(0.00408751,0.00413295)
(0.0039315,-0.00143589)
(-0.00170416,0.0291962)
(0.0124122,0.00881124)
(-0.000285489,0.0174945)
(-0.0044498,-0.0179415)
(0.0180225,0.00335804)
(-0.00170349,0.00447874)
(0.0222352,-0.0162718)
(0.0157365,0.00979419)
(0.00949396,-0.0024225)
(0.00408785,0.0148485)
(0.00646293,0.00795781)
(-0.00462699,0.0123443)
(0.00706707,-0.0150291)
(0.00886417,0.00217216)
(-0.00720592,-0.0216434)
(0.0146098,-0.0031925)
(0.00992892,0.0164508)
(-3.46258e-05,-6.60248e-06)
(0.00934049,0.0139148)
(-0.00364083,-0.0206139)
(0.00217548,0.0259583)
(-0.0143953,-0.0388052)
(0.0248091,0.0252044)
(-0.0253021,-0.0336983)
(0.00623677,0.0100577)
(-0.012577,-0.00865244)
(0.0478853,-0.0359811)
(0.00974446,0.0268001)
(0.00263183,-0.0149366)
(0.000697136,0.0140275)
(-0.00751655,-0.0039426)
(-0.00545865,0.00982648)
(-0.0159238,-0.00886753)
(0.00647523,0.00231376)
(-0.0220795,-0.0312646)
(0.00306296,-0.00903709)
(0.0175158,0.0166492)
(-0.00193017,-0.000807489)
(0.0125872,0.00500161)
(-0.00576722,-0.0361228)
(0.00535581,0.016034)
(-0.0236144,-0.051982)
(0.00780631,0.0265531)
(-0.0149756,-0.0177044)
(-0.0533083,0.0725737)
(0.013834,-0.00727861)
(0.0577713,0.0100235)
(-0.00801648,0.0622448)
(0.0148323,0.0148874)
(-0.00228487,0.0449224)
(-0.0408026,0.00197514)
(-0.0262838,0.0125008)
(-0.0258481,0.00252877)
(-0.00242076,0.0013178)
(-0.0260207,-0.00941341)
(-0.000598903,-0.00379103)
(0.00423346,0.00993525)
(-0.00517466,0.00751184)
(-0.0140808,0.00767671)
(0.00258987,-0.023846)
(0.0137076,-0.0151919)
(-0.00516204,-0.0412711)
(0.021309,-0.0569181)
(0.0271671,0.0582683)
(0.00517714,0.00156309)
(-0.000477785,0.000438206)
(-0.019357,-0.0128327)
(-0.0160094,-0.0204891)
(0.0389462,0.0108073)
(0.119477,0.00962652)
(-0.0233681,0.0195531)
(-0.0162426,0.00687929)
(-0.0206159,0.0226381)
(-0.00030355,-0.00635754)
(-0.0226203,0.00460457)
(0.00231738,0.00872618)
(-0.000431305,-0.0106119)
(0.00851784,0.00518906)
(0.0122048,-0.010741)
(0.0094071,-0.00745817)
(0.00850347,-0.0124279)
(-0.00390311,-0.0145143)
(-0.0535018,0.0600976)
(-0.0740389,0.0651692)
(-0.00392431,-0.00780621)
(0.00270574,-0.0208171)
(0.0175486,-0.00509172)
(0.00271633,0.0151085)
(0.0112783,0.0349434)
(-0.0771095,-0.0238429)
(-0.0178695,-0.022867)
(-0.0349962,-0.0100759)
(-0.0174283,0.00240264)
(-0.00143388,-0.012749)
(-0.00913673,-0.0010988)
(0.0143717,-0.0053493)
(0.0174487,-0.0114794)
(0.00558235,0.00703822)
(0.0173172,-0.0204811)
(0.0297333,0.0123477)
(0.0774292,-0.021071)
(0.0273771,-0.0125273)
(0.0718751,-0.0166096)
(0.0302308,-0.0104822)
(0.00125918,0.0147566)
(-0.0187362,0.0370192)
(-0.0521417,0.00819638)
(0.0285679,0.012372)
(-0.0245155,-0.0412658)
(-0.0115806,-0.0330735)
(-0.0241967,-0.0316233)
(-0.0135474,-0.026797)
(-0.0275065,0.00291635)
(0.0144844,-0.00183521)
(-0.0163669,0.0123988)
(0.0187719,0.00415896)
(0.00986463,-0.00266524)
(-0.00597863,0.00671963)
(0.0148574,9.95888e-05)
(0.00889168,0.00737495)
(0.0397204,-0.010375)
(0.0238796,-0.0143906)
(0.0382099,-0.00174785)
(0.0379325,-0.0135928)
(0.0047514,0.0274632)
(0.0272529,-0.00314103)
(-0.00919065,0.019064)
(0.0279966,0.00402282)
(-0.0147525,-0.0348695)
(-0.00385869,-0.0199259)
(-0.0177526,-0.0263507)
(0.00777674,-0.0103061)
(-0.0124557,0.0119001)
(-0.00466721,0.00601532)
(-0.0146276,0.0100915)
(-0.00702177,0.00319966)
(0.00744824,-0.00119665)
(-0.00839981,0.00199939)
(0.0024421,0.0172041)
(-0.00745986,-0.00439768)
(0.025187,0.00981177)
(-0.00251263,-0.0144503)
(0.0221063,-0.00225117)
(0.00441748,-0.0188972)
(-0.003047,0.035109)
(0.00675138,0.00305362)
(0.0106748,0.0104544)
(0.00925363,0.0080872)
(0.0138673,-0.00291148)
(0.0121489,0.00634356)
(-0.00274968,-0.00867007)
(0.00473533,-0.00424476)
(-0.00770408,0.00210239)
(-0.00575701,0.00211064)
(-0.0234148,0.00467505)
(-0.00764632,0.00424576)
(0.00102394,0.0151114)
(-0.000268903,-0.0215225)
(-0.010207,0.0138416)
(0.00313698,-0.0171495)
(0.00707394,0.00764019)
(-0.00775773,-0.0169064)
(0.0121959,0.00283938)
(-0.00956366,-0.00856716)
(0.0104919,0.00330341)
(0.0089873,0.00373139)
(0.0070042,0.00697726)
(0.00643474,0.00717863)
(0.0119222,0.00235018)
(-0.00162722,-0.00422304)
(-0.000914463,0.00676086)
(-0.00784539,0.0078169)
(-0.00573105,0.00340276)
(-0.00266725,0.00102523)
(-0.0138153,0.00540104)
(0.0051006,-0.00117314)
(-0.0107328,0.0092942)
(0.0117832,0.00788317)
(-0.00502278,0.0158642)
(0.0136158,0.0164992)
(-0.014097,0.0297915)
(0.0172642,0.027537)
(-0.0136469,0.0266877)
(0.0100307,0.0222259)
(0.00409181,0.00495583)
(0.0158388,0.0211738)
(0.00294116,-0.0148947)
(0.00975242,0.0134604)
(-0.00917976,-0.00963934)
(0.0096715,0.00752846)
(-0.00423461,-0.000184749)
(-0.00659119,-0.0110213)
(-0.00771428,-0.00421639)
(-0.0038683,0.00206294)
(-0.00521037,0.00117034)
(0.00316338,0.00235807)
(0.0106156,0.00069015)
(0.00850463,0.0236175)
(-0.00522437,0.0214987)
(0.00757333,0.0278751)
(-0.00428056,0.0429504)
(0.0265255,0.0324421)
(-0.0040876,0.0321563)
(0.00124667,0.0159863)
(0.00184322,-0.00750946)
(0.0102751,0.00512147)
(0.0133194,-0.0369974)
(0.0125788,0.00240557)
(-0.00771547,-0.0333344)
(0.0081705,0.00299616)
(-0.0141136,-0.00677541)
(0.00212698,0.00127967)
(-0.0143264,-0.0111521)
(0.0118249,0.000289143)
(-0.00376591,-0.0131755)
(-0.00188216,-0.00299041)
(0.00688884,0.0145021)
(0.00375424,0.0258844)
(0.00287626,0.0225629)
(0.00580863,0.000840611)
(0.0100255,0.0259677)
(0.00158525,-0.0095403)
(0.00467643,0.018103)
(0.00638449,-0.0298776)
(0.0025996,-0.0205395)
(0.000330631,-0.0213738)
(0.017643,-0.0762558)
(0.0152211,-0.0240529)
(0.00595515,-0.0340372)
(0.00730557,-0.00432312)
(-0.00876008,-0.0149846)
(-0.00708388,0.00338513)
(-0.0130621,-0.0200094)
(0.0119126,-0.00643436)
(-0.0148294,-0.026157)
(0.00810103,-0.0124138)
(0.00708729,0.0168393)
(-0.00403776,0.00896827)
(-0.0092407,0.00449871)
(-0.00490996,-0.0189968)
(-0.0101431,0.00698314)
(-0.00405824,-0.0574556)
(0.00652821,0.0183245)
(-0.00021703,-0.0708576)
(-0.0163088,-0.00438617)
(-0.000778007,-0.0391404)
(0.0324036,-0.0373897)
(-0.00767305,0.00826623)
(-0.00458778,-0.0453594)
(0.00643489,0.0243594)
(-0.0222107,-0.00863495)
(-0.0109777,0.00833352)
(-0.00936179,-0.00160301)
(0.000509867,-0.00169531)
(-0.0158622,-0.00996218)
(0.00538768,-0.000772199)
(0.0049086,0.00861418)
(-0.0028631,0.000650059)
(-0.016337,0.00654626)
(0.00221197,-0.0278815)
(-0.0230616,-0.00786805)
(-0.0124489,-0.0507582)
(0.0136365,-0.0421637)
(0.0162484,-0.0467464)
(-0.0184011,-0.0278791)
(-0.0245252,-0.0239158)
(0.0120183,0.0675048)
(-0.0140085,0.0298717)
(-0.000528448,0.0013479)
(0.0232284,0.0430385)
(-0.0164591,0.000960015)
(-0.0117007,0.0207084)
(-0.0190156,0.0187798)
(0.00784345,0.0086012)
(0.00302256,0.015597)
(0.00588937,0.00595092)
(-0.00270344,-0.0133809)
(-0.00441791,-0.00328439)
(-0.0089625,-0.0129901)
(0.00458737,-0.0126542)
(0.0173032,-0.0209458)
(-0.00129298,-0.0318733)
(0.0191799,-0.00164346)
(-0.00762865,0.0130326)
(-0.00540315,0.00873156)
(0.0370768,0.0501115)
(-0.0327203,0.00413927)
(0.0570283,-0.0575264)
(-0.00738694,-0.0585245)
(-0.0637008,-0.0193784)
(-0.0238438,-0.0358553)
(-0.0231653,0.00891138)
(-0.00450949,-0.00311852)
(0.0028441,-0.000723328)
(-0.0166814,0.00761432)
(0.00415077,0.0128571)
(0.0101129,-0.00228102)
(-0.0124419,-0.00624199)
(0.0164576,-0.00470265)
(0.0113427,-0.00786471)
(0.0434793,-0.00561818)
(0.0187838,-0.0118925)
(0.0718974,-0.000766225)
(0.0170957,-0.0164962)
(0.0399476,0.0193054)
(0.00996363,0.0050771)
(-0.0237416,-0.00472556)
(-0.0143473,-0.0188337)
(-0.0241249,-0.056962)
(-0.0314857,-0.0176459)
(-0.00953883,-0.0419856)
(-0.0224043,0.00826302)
(-0.00669994,-0.00530479)
(0.0145513,0.0127683)
(-0.0117287,-0.00146783)
(0.0149269,0.0139489)
(0.0167844,-0.00810597)
(-0.00602465,0.00330274)
(0.0153172,0.0122494)
(0.00849153,-0.00386306)
(0.0296165,0.00419504)
(0.00698223,-0.0191936)
(0.037359,0.00768215)
(0.0278989,-0.0213964)
(0.0159867,0.0342121)
(0.00419297,-0.00650087)
(0.00155151,0.0103402)
(0.00983959,-0.0184663)
(0.00395786,-0.0202167)
(0.000992578,-0.00808199)
(0.0135655,-0.0123009)
(0.00115995,-0.000873406)
(-0.00736842,0.0098054)
(0.00354163,0.00533094)
(-0.027938,0.00595406)
(-0.00542351,0.0139867)
(0.0197079,0.00137145)
(-0.00695872,-0.0046829)
(0.00928297,0.00326239)
(-0.0011837,-0.00276096)
(0.00482898,0.00310184)
(-0.0117289,-0.00114418)
(0.00723548,-0.00307167)
(-0.00577484,-0.0201314)
(-0.0021863,0.00383)
(0.0126305,-0.011248)
(0.00846584,0.00407759)
(0.0183752,0.00089562)
(0.0139438,0.000373032)
(0.00407999,-0.00597747)
(0.00574316,0.00879445)
(0.00704593,-0.00134942)
(-0.00422578,0.00156896)
(-0.00545824,-0.00343864)
(-0.00823669,0.000408868)
(-0.0159219,0.00799266)
(0.0029904,-0.000900417)
(0.00929513,-0.010206)
(-0.00906753,0.00910401)
(0.00783775,-0.00524661)
(0.00450026,0.00177972)
(0.00703085,-0.00548345)
(0.00133623,-0.00853015)
(-0.0179412,-6.1689e-06)
(0.000118082,0.0065631)
(0.0170409,-0.00280797)
(0.012518,0.000718019)
(0.00858423,0.00156393)
(0.00964357,0.0117202)
(0.00292096,-0.000674648)
(-0.00666891,0.00191644)
(-0.00761405,-0.00234554)
(0.0011836,-0.000133974)
(-0.00121144,0.00192254)
(-0.0035092,-0.000916723)
(-0.00449742,0.00371208)
(-0.0035904,0.00486107)
(0.0129116,0.0150994)
(-0.0124914,0.0103106)
(0.00992329,0.0150073)
(-0.0109912,0.0100696)
(0.0097605,0.0305134)
(-0.00616424,0.014371)
(-0.00218297,0.0295541)
(0.0037379,0.00639808)
(0.00149632,0.019229)
(-0.000258693,-0.0132853)
(-0.0044702,0.0121793)
(-0.0102557,-0.0167659)
(0.00665586,-0.0213326)
(-0.020529,-0.000403477)
(-0.00676206,-0.0225973)
(-0.0124231,0.00727914)
(-0.000875894,-0.00953015)
(-0.0112445,0.00373254)
(0.0122207,0.00141315)
(0.0134081,0.00109437)
(0.00567973,0.0339539)
(-0.00699337,0.00643578)
(0.00490294,0.0480366)
(-0.0108269,0.0236617)
(0.00467182,0.0497252)
(-0.00929462,0.0273159)
(-0.00428203,0.0309515)
(-0.00632459,0.000181379)
(-0.00175638,0.0205725)
(-0.00673954,-0.0157696)
(-0.00665892,0.000978077)
(-0.0225064,-0.0145585)
(0.0166058,-0.0155894)
(-0.024798,0.00440546)
(-0.000828444,-0.030873)
(-0.0173128,0.00752747)
(-0.00024247,-0.0189359)
(-0.00608437,-0.007089)
(0.00439804,-0.0125686)
(0.0106832,0.000104844)
(-0.0115493,0.0420234)
(-0.00820232,0.0100015)
(-0.00833271,0.0369364)
(-0.00644561,0.0172254)
(0.00554485,0.0283904)
(-0.00394983,0.0162888)
(0.00620208,0.00904096)
(-0.00577326,-0.015759)
(0.0143694,-0.00571738)
(0.00779006,-0.0253686)
(-0.0046806,-0.0210363)
(-0.00939145,-0.0302616)
(-0.00143567,-0.0151019)
(-0.00578129,0.0174779)
(-0.00234508,-0.0196192)
(-0.00258883,0.00401048)
(-0.00119126,-0.0134133)
(-0.00472979,-0.00342398)
(0.00062764,-0.0052457)
(0.00807791,-5.65325e-05)
(-0.0114656,0.0242037)
(-0.0166389,-0.0143239)
(-0.0105547,0.018382)
(-0.0233114,-0.0043843)
(-0.0125349,-0.00489773)
(-0.0145903,0.00119529)
(0.00455875,-0.0305632)
(-0.0212635,0.00641717)
(0.00280168,-0.0274408)
(0.018213,-0.0234419)
(-0.00450229,-0.0205476)
(0.00157315,-0.0139375)
(0.000550599,0.000762538)
(-0.00186944,-0.00282604)
(-0.00280901,-0.00142851)
(-0.0063101,0.0172186)
(0.00053745,0.00490637)
(-0.00222091,0.0109949)
(0.00017241,-0.000973279)
(0.00751528,-0.00510989)
(0.00204513,0.0154943)
(-0.0105559,-0.00139156)
(-0.0100188,-0.000223766)
(-0.0319006,-0.00538147)
(-0.0197405,-0.0140311)
(-0.0225196,-0.00322606)
(0.0155884,-0.0358357)
(-0.00808124,-0.00151742)
(-0.00221416,0.00863938)
(0.00280862,0.0144253)
(-0.00618249,0.00786833)
(0.00118041,-0.0057904)
(-9.74093e-06,0.0395937)
(-0.0049166,0.0168288)
(-0.00553779,0.022957)
(0.0125026,0.0168297)
(0.00949856,0.0108413)
(-0.00250616,0.0145248)
(0.00369463,0.013928)
(0.0110862,-0.01338)
(-0.00258012,-0.0159536)
(-0.00517794,-0.0075543)
(-0.00576699,-0.0108163)
(-0.0067764,-0.0123669)
(-0.0155762,-0.0137797)
(0.0157037,-0.013828)
(0.00679468,-0.0137981)
(0.00021761,-0.012812)
(0.00703468,0.0222357)
(-0.00131503,-0.00981839)
(-0.0221169,-0.0164893)
(0.00587766,-0.0245595)
(-0.0204045,0.0172919)
(0.0169719,-0.0099794)
(-0.0198602,0.0161077)
(0.00274006,0.00307049)
(-0.00461167,0.00898435)
(-0.0119555,0.00356456)
(0.00115603,0.0129124)
(0.0106743,-0.00822573)
(-0.00292467,0.00260839)
(0.0121197,0.00347724)
(-0.0145139,-0.0093445)
(0.00349841,0.0146497)
(-0.0239252,-0.0228946)
(0.0190267,0.0104011)
(-0.00415727,-0.0141736)
(0.0299562,-0.000904344)
(-0.018259,0.0158407)
(0.0192618,-0.0019191)
(-0.0153402,-0.0151192)
(0.0172162,-0.0319955)
(-0.0294428,0.0118)
(0.0215493,-0.00996261)
(-0.0102375,0.00702957)
(-0.00439315,-0.00194275)
(0.00277713,0.0118556)
(-0.0132343,-0.0064298)
(0.0154051,0.00426615)
(0.0190568,-0.00316847)
(-0.00741775,0.00952973)
(0.00998655,0.0106261)
(-0.000463251,0.012983)
(0.0116099,0.0228033)
(-0.021196,0.00274565)
(0.0145645,0.0227454)
(0.000952634,-0.00492056)
(0.00744662,0.0143194)
(0.0112929,-0.00558702)
(0.0095691,-0.00617077)
(0.00148909,0.00793455)
(0.00435315,-0.010511)
(0.00598491,-0.00929619)
(0.0175196,0.000455036)
(0.0109134,-0.00999712)
(0.00353656,0.00051104)
(0.00382099,-0.0065879)
(-0.0113581,0.00783897)
(-0.0104527,-0.00243708)
(0.0154972,-0.00508396)
(0.00166516,-0.00171303)
(0.0060697,0.0196779)
(0.00353314,0.0279634)
(0.00059676,0.00253835)
(-0.00774095,0.0176361)
(0.00352411,0.0101639)
(-0.0232373,0.0144246)
(0.00331814,0.011509)
(0.0087989,0.00515031)
(0.00918843,-0.000517427)
(0.00129648,0.000215228)
(0.00787772,0.0047748)
(0.0123869,-0.0142146)
(-0.00175009,0.00966361)
(0.000605308,-0.0234714)
(0.00514271,0.00717806)
(-0.00683374,-0.0109293)
(-0.000718236,-0.00965606)
(-0.00946807,0.00755722)
(-0.00693827,0.00855191)
(-0.00369009,0.000608235)
(-0.00742108,0.0159623)
(-0.000848099,0.018846)
(0.0114353,0.0126132)
(-0.00520899,0.0264033)
(-0.000322031,-0.0039895)
(-0.0109589,0.017791)
(0.00114319,0.00667056)
(0.00747051,0.00442108)
(0.00625188,0.00931863)
(0.00845691,-0.000225852)
(0.000674417,0.0083166)
(0.00304149,-0.0109605)
(0.00312811,0.00328298)
(-0.00831443,-0.0102019)
(0.00387618,-0.00126406)
(-0.00472691,0.00589205)
(-0.0114894,0.00776336)
(-0.00399532,0.0142039)
(-0.00530265,-0.0014073)
(0.00670697,0.00557236)
(-0.00593879,0.000335781)
(0.0106518,0.013618)
(0.00895782,-0.00510117)
(0.00497107,0.0110754)
(0.0100695,-0.00332168)
(0.0022238,0.00431056)
(0.0202448,-0.00331017)
(-0.0015935,-0.000197126)
(-0.000997411,-0.00974498)
(-0.00472606,-0.0168837)
(-0.00483649,-0.0143646)
(0.00630507,-0.0158677)
(-0.0220017,-0.0086411)
(-0.00761179,-0.036619)
(-0.0129351,-0.00865238)
(-0.00719296,-0.0190913)
(-0.00109452,0.000318878)
(0.00422198,-0.000827433)
(-0.00143565,-0.00155244)
(-0.00477363,0.0236022)
(-0.00258683,0.00766891)
(-0.00114321,0.0319853)
(3.73977e-05,-0.000456855)
(0.00429304,0.0227466)
(0.00666069,0.00786844)
(0.00778659,0.0254392)
(0.00994146,0.00219364)
(-0.00771723,0.00141911)
(-0.000941344,-0.0174279)
(-0.0162981,0.00329144)
(-0.0238066,-0.0121744)
(-0.00744323,-0.0229771)
(-0.0278641,0.00133896)
(-0.0041358,-0.0333668)
(-0.0300035,-0.00560871)
(0.000223849,-0.0214963)
(-0.00684761,0.0034088)
(0.0119723,-0.0049081)
(0.00558111,0.00522311)
(-0.017623,0.0315813)
(-0.0072015,0.000139612)
(-0.016311,0.0254104)
(-0.0047239,0.0123301)
(-0.00639981,0.0289201)
(-0.00226932,0.0215299)
(-0.000238258,0.00529371)
(0.00381459,0.00710622)
(0.000169578,-0.000232108)
(0.000659142,0.00302354)
(-0.017583,-0.0192996)
(-0.0168582,0.00183816)
(-0.01832,-0.014396)
(-0.0187983,0.0247812)
(-0.00712384,-0.0232368)
(-0.0204482,0.0124924)
(-0.00145129,-0.000230869)
(-0.0113706,-0.00177194)
(0.00685277,0.00307469)
(-0.0078197,-0.0152998)
(-0.0120538,0.0141293)
(-0.0105243,-0.0072119)
(-0.0203872,0.01558)
(-0.0217872,-0.0080894)
(-0.00487358,0.00454511)
(-0.0061772,0.0161708)
(0.00372071,-0.00671529)
(-0.0156427,0.0053013)
(-0.00438599,-0.0130791)
(0.000792139,-0.00445449)
(-0.0157742,-0.021775)
(-0.0117278,-0.01129)
(0.000132564,-0.00346461)
(-0.00085549,0.0193474)
(-0.00373771,-0.00687244)
(-0.0169918,0.00972633)
(-0.0011194,0.0116441)
(-0.0107473,0.000818072)
(0.00207369,0.0177241)
(0.0151851,-0.0211707)
(-0.00124175,-0.00581063)
(0.000536568,-0.0184087)
(0.00047053,0.000755712)
(-0.0110261,-0.00223503)
(-0.00441899,-0.0121301)
(-0.0110573,-0.00168618)
(-0.00330175,-0.0221778)
(-0.0271904,0.0121613)
(0.0027844,-0.00166223)
(-0.00987677,0.0136484)
(-0.00742919,-0.000338077)
(-0.0125874,-0.00879916)
(0.000316181,0.0175921)
(0.00521576,0.0139859)
(0.0104213,0.00435181)
(0.00408535,0.0113344)
(-0.00970007,0.00513368)
(-0.00335334,0.00467333)
(0.00238744,0.00831199)
(0.00668413,-0.0145425)
(0.00897968,-0.0180011)
(0.0113436,-0.0139932)
(-0.00517591,-0.0373758)
(-0.0010878,-0.00948853)
(-0.0214186,-0.0206154)
(0.0101967,0.00464431)
(-0.0177783,-0.0133096)
(0.00398741,-0.00885864)
(-0.0182286,0.0108492)
(0.0125065,-0.00106406)
(-0.0150354,0.00881398)
(0.00561905,-0.0118913)
(-0.0179229,0.0167144)
(0.0221336,0.00586723)
(-0.0116662,0.0196992)
(0.00951043,-0.00618217)
(-0.0161284,0.00350786)
(0.00933796,-0.00771018)
(0.0029126,0.00222775)
(0.0131587,-0.017271)
(0.000735022,-0.0106369)
(0.0114908,-0.00589956)
(-0.011548,-0.00765109)
(0.00831073,0.00910487)
(-0.0320952,-0.0080343)
(0.00926755,0.0132662)
(-0.026358,-0.0148399)
(0.0106673,0.00728517)
(-0.016726,-0.00647223)
(0.0180441,-0.00789975)
(-0.0336441,0.00311013)
(0.022452,-0.00868711)
(-0.018375,0.0163356)
(0.0153798,0.0113495)
(0.00480002,0.00448106)
(-0.00444729,-0.00756573)
(0.0124325,-0.000775658)
(-0.00556916,-0.0119404)
(0.00671998,-0.0164738)
(0.00467984,-0.000571694)
(-0.0049489,0.00210806)
(0.0110164,0.00181341)
(-0.0236069,0.0074454)
(-0.00151946,0.00632335)
(-0.0308669,0.0105547)
(0.00756944,0.0174464)
(-0.0190396,0.0223054)
(0.0162278,0.00983008)
(0.00374847,0.0136602)
(0.013727,-0.00476096)
(-0.0034147,0.0114205)
(0.0134924,0.0130024)
(0.00906086,-0.00807274)
(0.0118022,0.0106165)
(0.00895634,-0.0125073)
(-0.00560219,0.00671614)
(-0.00106031,-0.0236515)
(-0.00245308,-0.0117858)
(-0.00417922,-0.0103392)
(0.0116333,0.00727148)
(0.00125937,0.0207694)
(0.00568214,0.0102538)
(6.11782e-05,0.0228947)
(0.00711018,0.00722025)
(-0.0192669,0.0338831)
(0.000597049,0.0139601)
(-0.0196726,0.0155133)
(0.00497488,0.0171866)
(0.00383317,0.0165791)
(-0.00315434,0.00787862)
(0.0121531,0.00744981)
(0.0073155,0.0105875)
(0.0173685,-0.0171658)
(-0.000459409,0.0168439)
(-0.00859282,-0.0203764)
(0.00216696,0.00512265)
(-0.00874636,-0.0104491)
(-0.00119792,-0.00394721)
(-0.0057154,-0.00900767)
(0.00799016,0.00150741)
(0.00467475,0.00801966)
(-0.000717907,0.0257106)
(-0.00392503,0.0240824)
(0.00880371,0.00662116)
(-0.00461761,0.0232501)
(0.00173619,0.0180562)
(-0.00890591,0.0207401)
(-0.000564089,0.00579249)
(0.0133496,0.00939586)
(0.00363347,0.00598844)
(0.0117987,-0.00259873)
(-0.00406574,0.0129294)
(-0.000185575,-0.000456686)
(-0.0108142,0.0135384)
(-0.00241514,-0.00664506)
(0.00515783,0.0077319)
(-0.00928663,0.0102614)
(0.00410542,-0.00201544)
(-0.00232667,-0.000663773)
(0.00428494,0.000789759)
(-0.00380486,0.00203559)
(0.00107738,-0.00559554)
(0.00455279,0.000900229)
(0.0177638,-0.00901712)
(0.00893692,-0.00766405)
(0.0246432,-0.00993898)
(0.00417982,-0.0107242)
(0.0139342,-0.0103971)
(0.00581124,-0.0130685)
(0.00652659,-0.0154365)
(-0.00461266,-0.0131243)
(-0.00550029,-0.0067707)
(-0.000441877,-0.0147068)
(-0.00823657,-0.00732932)
(-0.00654828,-0.0225404)
(-0.00727027,-0.000422195)
(-0.00967094,-0.00384423)
(-0.0032416,0.00233227)
(-0.00322379,0.00103007)
(-0.0114846,0.00499844)
(-0.00329572,0.00925778)
(-0.00131221,-0.00237366)
(0.0048948,0.0165093)
(0.0172015,-0.00121986)
(0.00546204,0.0121241)
(0.0134409,-0.00880143)
(0.0107562,0.00358217)
(0.00887508,-0.00684459)
(0.00187539,0.00199393)
(0.00210978,-0.0105783)
(-0.00645398,-0.0101571)
(-0.00322269,-0.0061763)
(-0.00630502,-0.00807668)
(-0.0151781,0.00702715)
(-0.00770114,-0.00478561)
(-0.00814258,0.00482236)
(-0.000331913,-0.00144488)
(0.00141302,0.0142836)
(-0.00327807,-0.00550188)
(-0.000232389,-0.00220629)
(-0.0170615,0.0190661)
(0.00165539,0.00581503)
(-0.0115328,0.0218179)
(0.00309377,-0.0042294)
(0.00692797,0.0076299)
(0.0116835,0.00523849)
(0.00155318,0.0113564)
(0.00806857,-0.00339183)
(-0.00322891,-0.00225643)
(0.0150833,-0.00712896)
(-0.023424,-0.00608747)
(0.000118968,0.000503478)
(-0.00908802,-0.0135839)
(-0.0103217,0.00779034)
(-0.0128417,0.00162201)
(-0.0140033,-0.000589253)
(-0.00488775,0.000944687)
(-0.00444504,0.000374378)
(0.00129091,0.00719745)
(-0.00146082,-0.0176287)
(-0.0127158,0.00848306)
(-0.00330647,-0.0219956)
(-0.0219657,0.00490029)
(-0.0165371,-0.00483412)
(0.00469637,-0.0135123)
(-0.0146858,-0.00197789)
(0.00737748,-0.00461896)
(0.00361567,0.000943702)
(-0.00668635,-0.00916222)
(-0.00532814,0.00295355)
(-0.0100244,-0.0140574)
(0.00364175,-0.00241831)
(-0.00717454,-0.0110195)
(-0.000400442,0.0126053)
(-0.00558493,0.00345226)
(-0.00245196,0.0015547)
(-0.00833615,0.00692028)
(-0.0112858,-0.00580004)
(0.00159214,0.00891711)
(-0.00487893,-0.0160117)
(-0.0114855,-0.00935464)
(0.00343713,-0.0179489)
(-0.00728454,-0.00761306)
(-0.00539127,-0.0168347)
(0.00146379,-0.00497399)
(-0.000305674,-0.000328493)
(0.00580115,-0.010449)
(0.000163982,-0.00937751)
(-0.00962488,0.00360882)
(-0.00931433,-0.00528551)
(-0.00860809,0.00762654)
(-0.0151704,-0.00881497)
(0.00984023,-0.00206526)
(0.00563975,0.00189042)
(0.00910462,0.00726875)
(-0.0003501,-0.00839075)
(-0.00824596,0.000644203)
(-0.00156582,-0.00385214)
(-0.00656466,0.00664292)
(6.72584e-05,-0.00918919)
(0.00395038,-0.0205515)
(0.00356152,-0.0122936)
(-0.00727215,-0.01792)
(0.00242498,-0.0115963)
(-0.0108383,-0.0212922)
(0.00480006,-0.0118203)
(-0.0132452,-0.0121558)
(0.00307161,-0.0056548)
(-0.0213944,0.00172451)
(-0.00518854,-0.000867666)
(-0.0208738,-0.00154908)
(0.00791342,-0.0146523)
(-0.0200201,0.0178479)
(0.0144665,0.00131803)
(-0.0132695,0.0193264)
(0.0209519,-0.00879248)
(-0.0136276,0.00803338)
(0.00534841,-0.00899287)
(-0.0095492,-0.00148926)
(-0.00275688,-0.00787865)
(-0.00256056,-0.0035351)
(0.00389391,-0.0173714)
(-0.0174458,-0.00793159)
(-0.000452277,-0.0189388)
(-0.0143023,-0.00398118)
(0.00923284,-0.00333146)
(-0.0135998,0.000794494)
(0.00362603,-0.00304406)
(-0.0193727,-0.00594993)
(0.014134,-0.0101425)
(-0.0311006,0.00931581)
(0.00965654,-0.0053232)
(-0.0110444,0.01134)
(0.0188971,-0.00910688)
(-0.00385339,0.0105545)
(-0.00431087,-0.00873313)
(-0.00451345,-0.0106378)
(0.00115787,-0.00601876)
(-0.000121552,-0.0096639)
(0.000882561,-0.0136901)
(-0.0120142,0.0118123)
(-0.0023663,-0.012202)
(-0.0114669,0.00555625)
(-0.00789345,-0.00658233)
(-0.0210529,0.0156165)
(-0.00554456,-0.00375881)
(-0.0161344,0.0105583)
(0.0103617,-0.000506935)
(-0.00357433,0.00617263)
(0.009589,-0.0121844)
(-0.0092153,-0.00837047)
(0.0219121,-0.00274107)
(-0.000297674,-0.00714483)
(0.00501973,-0.00352132)
(-0.00340147,-0.0144095)
(0.000296553,-0.00538263)
(-0.00134246,-0.0139464)
(-0.005609,-0.000459631)
(0.00242797,-0.0159686)
(0.00525635,-0.00533401)
(0.00523913,0.0123494)
(0.00575755,-0.0035169)
(-0.00321865,0.0226923)
(-0.0069383,0.00748707)
(-0.00210899,0.00784341)
(-0.00870867,0.0115894)
(-0.00633922,0.0078159)
(0.00330542,0.00878142)
(0.00957762,0.00598588)
(0.0077067,-0.00560298)
(0.00487757,-0.00304754)
(0.0108054,-0.00276623)
(0.00613945,-0.00877085)
(0.00462631,0.00473691)
(-0.00147712,-0.00683475)
(0.00183704,0.00539071)
(-0.00678154,-0.000361201)
(0.00120822,-0.00362349)
(0.0075777,-0.0126869)
(0.00605537,0.00552634)
(0.00264944,0.00689238)
(0.00897801,0.00193957)
(0.00285937,0.0153735)
(0.00802909,0.0077724)
(0.0110215,0.0107012)
(0.00602934,0.0112151)
(0.00318856,0.00838591)
(-0.0012568,0.00869422)
(0.0074766,0.0103765)
(0.000178441,-0.00440107)
(0.0173195,0.00953248)
(0.0077911,0.0162139)
(0.00941975,0.010357)
(0.00553673,0.00700587)
(-0.000898194,0.0136846)
(0.00551903,0.0057297)
(0.00236311,0.0110928)
(-0.00211439,-0.00383881)
(-0.000286512,-0.00545413)
