(0.00241327,0.00509306)
(0.00237724,2.27989e-06)
(-0.00176086,0.00543533)
(-0.00172158,-0.00145783)
(0.00375393,0.00379717)
(0.00241884,0.00612796)
(-0.00309119,0.000121645)
(0.00410377,0.00223785)
(-0.0025118,0.00285146)
(0.00356809,0.00291782)
(-0.0050736,-7.53953e-05)
(0.0133693,0.000396113)
(-0.00526527,-0.00303986)
(0.0104332,0.00194946)
(-0.00198731,-0.00149926)
(0.006117,0.000675497)
(0.00278849,-0.00517241)
(0.00543897,0.000763414)
(-0.0017159,-0.000448651)
(0.00240433,0.000519147)
(-0.00197084,0.00800354)
(-0.000942866,-0.0015189)
(-0.00221057,0.00953516)
(0.00684604,0.000294577)
(-0.00150286,0.00594659)
(0.00892283,0.00319096)
(-0.00207045,-0.00129383)
(0.0126646,0.00431868)
(-0.00329674,0.000704927)
(0.0157481,0.00357501)
(-0.00833131,0.00202661)
(0.00957359,0.00183637)
(-0.0112236,0.0021964)
(0.00734911,0.00185937)
(0.00269445,0.00152249)
(0.00721308,0.00750295)
(-0.00167975,0.00240721)
(0.00853178,0.00987939)
(-0.00301669,-0.00344274)
(0.00717341,0.00276672)
(0.00428431,0.0060337)
(0.00448834,0.000584782)
(-0.00223291,0.00889065)
(0.00933591,-0.00508569)
(0.00203663,0.00634761)
(0.00684265,-0.00112023)
(-0.00314315,-0.000396982)
(0.00812911,-0.00119027)
(-0.00971787,-0.0018281)
(0.014313,-0.00331699)
(-0.0113337,0.00391887)
(0.0128284,0.00177424)
(-0.0126459,0.00253614)
(0.00453917,0.00757403)
(-0.0111942,0.00688478)
(0.000927409,0.0119608)
(-0.00499149,0.000273734)
(-0.0012693,0.00798905)
(-0.00540617,-0.00746095)
(0.000607867,0.00622035)
(-0.00212481,0.00363705)
(0.00507929,-0.0013767)
(0.00370816,0.00978891)
(0.00153907,0.00123445)
(0.00213575,0.00628092)
(0.00266584,0.00293792)
(-0.003649,-0.000878667)
(0.00201441,0.000673748)
(-0.00326517,0.00416708)
(0.0080582,0.00181678)
(-0.00964025,0.000408199)
(0.00815753,0.00889033)
(-0.0139495,0.00609691)
(-0.00217122,0.0131668)
(-0.00927498,0.00377216)
(-0.0106064,0.0112135)
(-0.0127432,-0.000705178)
(-0.011476,0.0047287)
(-0.0115377,-0.00172655)
(-0.00425817,-0.00271771)
(0.000401627,0.00316366)
(0.00121017,0.00290472)
(-0.00146745,0.00276219)
(-0.000473367,-0.00203613)
(-0.0013811,-0.000691935)
(0.000598355,-0.00332724)
(-0.000646234,-0.00103641)
(0.00203765,-0.00224605)
(-0.00105473,-0.000410941)
(0.00566105,-0.000432828)
(-0.00559088,0.00144818)
(0.00255392,0.00310723)
(-0.00483763,0.00115909)
(0.00256695,0.00400847)
(-0.0134261,0.00470208)
(-0.00617125,0.00138598)
(-0.0108076,0.00099145)
(-0.0122973,-0.000324029)
(-0.00383572,-0.000234419)
(-0.00820415,0.00249438)
(-0.000575982,-0.0022261)
(-0.0012384,-0.00532773)
(-0.00104622,-0.00299847)
(-0.00230912,-0.00300705)
(0.00366041,-0.00191384)
(0.000271952,-0.00057173)
(-0.00224032,-0.00145689)
(0.00905891,-0.000908709)
(-0.000907976,-0.000136327)
(0.00990409,-0.00366781)
(-0.00389919,-0.000213503)
(0.00611449,-0.000514157)
(-0.0113379,0.00094405)
(0.0036871,-0.00518918)
(-0.00927283,0.00151331)
(-0.00321995,-0.00626472)
(-0.00598868,0.00113512)
(-0.0114382,-0.0037647)
(-0.00351003,-2.53805e-05)
(-0.0129425,-0.00518254)
(0.00436051,-0.00536505)
(0.000367127,-0.00512993)
(0.005405,-0.0050328)
(-0.0028095,-0.00472694)
(0.00571544,-0.00675725)
(0.00294116,-0.00781243)
(0.00258454,-0.00481213)
(0.00855301,-0.00503356)
(0.00364363,-0.00229888)
(0.00828177,-0.00337706)
(-0.00473694,-0.000917355)
(0.00433629,-0.00398387)
(-0.00579793,-0.00494069)
(0.0029433,-0.00657874)
(-0.00671695,0.00132494)
(0.000763579,-0.00847712)
(-0.00822128,0.00214113)
(-0.00523218,-0.00574161)
(-0.00348287,0.00508331)
(-0.00552872,-0.00190693)
(0.00817141,-0.00430912)
(-0.000636282,-0.00663706)
(0.00581488,-0.00271928)
(-0.00355412,-0.000510052)
(0.00422603,0.0032693)
(-0.00214853,0.00113212)
(0.00071749,-0.00407529)
(-0.00199582,-0.00232445)
(-0.00337283,-0.00247594)
(-0.00238721,-0.000506508)
(-0.00185379,-0.0050219)
(-0.00301686,0.00244413)
(-0.00175352,-0.00194762)
(-0.000113549,-0.000376573)
(-0.000785345,0.0011252)
(0.00337698,-0.00388486)
(-0.00449038,-0.00224482)
(-0.000212361,-0.0027494)
(-0.00455199,0.002876)
(-0.00272438,-0.00251875)
(0.00308597,-0.00106019)
(-0.00695564,-0.00401172)
(0.000630508,0.00552954)
(-0.000358799,0.00355379)
(0.00210508,0.0066789)
(-0.00363975,0.00439621)
(-0.00366059,0.0040425)
(-0.00505014,0.00144917)
(-0.00525719,-0.00370701)
(-0.00105218,0.00112362)
(-0.00291724,-0.00390941)
(0.0039568,0.00607066)
(-0.00205475,-0.00381789)
(0.00557381,0.00375588)
(-0.000801787,-0.00193344)
(0.00805812,0.00405735)
(-0.00344065,-0.00138237)
(0.0050351,0.00346097)
(-0.00658881,-0.000301924)
(-0.0020545,0.00297994)
(0.000665764,-0.00417066)
(-0.00394413,-0.00347259)
(-0.00303184,0.00421475)
(-0.00717085,0.00127765)
(-0.00315426,0.00370928)
(-0.00515283,0.0044726)
(-0.00574026,-0.0029413)
(-0.00305079,0.00366949)
(-0.003498,-0.00356518)
(0.00423588,-0.000917587)
(-0.00355348,-0.00375904)
(0.00535067,0.00539834)
(-0.000476799,-0.00338502)
(0.00361357,0.00412678)
(-0.0019057,0.000708628)
(0.00712583,0.00400275)
(-0.00103416,-0.000119949)
(-0.000138686,0.00490367)
(-0.00301844,0.000696973)
(-0.00252514,0.00485705)
(-0.0024133,0.00635496)
(0.00177712,-0.000394986)
(-0.00709145,0.00954323)
(0.00136812,0.0073427)
(0.00189768,0.00338069)
(0.00125623,0.00674877)
(-0.00399444,0.00177399)
(0.00433614,0.00635131)
(0.00454046,0.0032642)
(0.00703006,0.00272647)
(-0.00702408,0.00648345)
(0.0102319,0.00117257)
(-0.00723514,0.00260211)
(0.00675272,0.00622992)
(0.00511014,-0.00305844)
(0.00313041,0.00746254)
(0.00134841,-0.00294586)
(0.00687069,0.00888965)
(-0.000764903,-0.00408903)
(0.00578665,0.00366034)
(-0.0031149,0.0130083)
(0.00456783,0.00508489)
(-0.00858955,0.0125901)
(0.00719956,0.00627535)
(-0.00448618,0.0057811)
(0.00822,0.00692806)
(-0.000292124,0.0056472)
(0.00777731,0.00704354)
(-0.0020749,0.00467728)
(0.0144356,0.00676638)
(-0.00168947,0.00554672)
(0.0106337,0.00529544)
(-0.00651086,0.00608582)
(0.00461332,0.00420226)
(-0.00174073,0.00792446)
(0.00374647,0.0120256)
(0.00415527,0.00369702)
(0.0100771,0.0152761)
(0.00186917,0.00278109)
(0.00883199,0.00633094)
(-0.00280296,0.0124339)
(0.00787171,0.000774376)
(0.000781212,0.0130477)
(0.00788186,-0.00172941)
(0.00645108,0.0130122)
(0.0120239,0.00337434)
(-0.00124966,0.00628218)
(0.00919632,0.00723794)
(0.00200249,0.00153375)
(0.0137924,0.00431517)
(-0.00860238,0.000590396)
(0.00709082,0.00738172)
(-0.0134011,0.0018359)
(-0.00310379,0.0144724)
(-0.00805523,-0.00117991)
(-0.00426956,0.0147298)
(-0.00552485,0.00305697)
(-0.00116741,0.0173148)
(-0.00199394,0.00161164)
(-6.96713e-05,0.00721953)
(0.000300373,0.0106209)
(0.00429751,0.00181857)
(0.00689973,0.0111633)
(0.0104627,0.00304079)
(0.00646451,0.00808205)
(0.00818044,0.00259496)
(0.00371005,0.00526851)
(0.00791308,0.00645067)
(-0.00038249,-0.00399451)
(0.00931776,0.00607896)
(-0.00796015,-0.0059761)
(0.00311207,0.0119371)
(-0.0101074,-0.0085722)
(-0.00658797,0.0146291)
(-0.0151083,-0.000142963)
(-0.0105671,0.0164872)
(-0.010624,0.00486287)
(-0.0109309,0.00766664)
(-0.0051836,-0.00121535)
(-0.00647705,0.00325208)
(0.00110763,0.00205806)
(0.00238537,0.00396146)
(0.00417542,0.0026641)
(0.000426234,0.000748998)
(0.00724993,0.00132175)
(0.0034129,0.00253728)
(-0.00247134,-0.0049211)
(0.00551487,0.00326082)
(-0.00385576,-0.00904746)
(0.0100523,0.00446929)
(0.000471109,-0.00946352)
(0.00251399,0.00672505)
(-0.00816432,-0.00124879)
(-0.00665011,0.00529494)
(-0.0115218,-0.000900469)
(-0.00644126,0.00336448)
(-0.0175763,0.00163324)
(-0.0153456,0.0036549)
(-0.00340955,-0.00213007)
(-0.0120331,-0.00545432)
(0.00195464,-0.00479297)
(3.39773e-05,0.000563499)
(0.00309644,-0.00137129)
(-0.00502639,-0.00210063)
(0.000955308,-0.00121353)
(0.00148042,-0.00729298)
(0.00779552,-0.00208722)
(0.00958617,-0.00311508)
(0.00626483,-0.00553325)
(0.0102197,-0.00160321)
(0.00177367,-0.00438941)
(0.00697499,-0.00367557)
(-0.00734777,-0.00448841)
(-0.000489319,-0.00136888)
(-0.0171945,0.00264566)
(-0.0101632,-0.0101092)
(-0.0101661,0.00245546)
(-0.0116243,-0.00771132)
(-0.00351158,-0.00109895)
(-0.00985541,-0.00824913)
(0.00159609,-0.00655535)
(-0.0029873,-0.00807748)
(0.00759522,-0.00912178)
(-0.0024389,-0.0142577)
(0.00333717,-0.00640076)
(0.0031721,-0.00977101)
(0.00565263,-0.00365346)
(0.00301484,-0.00812338)
(0.00120887,-0.00582477)
(0.00476472,-0.00217386)
(-0.00098717,-0.00874156)
(0.0028239,-0.00381998)
(-0.0127131,-0.00662535)
(-0.00771071,-0.00991323)
(-0.0139173,0.00115924)
(-0.00514726,-0.00853268)
(-0.0110076,0.00804123)
(-0.00229858,-0.00757024)
(-0.00861032,0.00393233)
(-0.00638083,-0.00771531)
(0.00364354,-0.00858577)
(-0.00199263,-0.0103126)
(0.00153797,-0.00366955)
(0.00114657,-0.0085242)
(0.00563377,-0.00312571)
(-0.000339188,-0.0104865)
(-0.00601752,-0.00828465)
(-0.000801248,-0.00958495)
(-0.00559141,-0.00904678)
(-0.00120628,-0.0047338)
(-0.00475288,-0.015182)
(-0.00327171,0.0029154)
(-0.005549,-0.0125536)
(-0.0013962,-0.00279345)
(-0.00558606,0.0063672)
(-0.000776523,-0.0063093)
(-0.00840039,0.00941004)
(0.00791215,-0.00710858)
(-0.00558037,0.00277779)
(-0.00132872,-0.00301095)
(-0.0012595,-0.0039938)
(-0.00266087,-0.00817093)
(0.00085975,-0.000431354)
(0.00291115,-0.00537847)
(-0.00178942,-0.000254668)
(0.000510065,-0.00464548)
(-0.0032957,-0.00339894)
(-0.00314189,-0.0100313)
(-0.00955577,-0.0085003)
(0.00423427,-0.00757466)
(-0.00423811,-0.0145862)
(0.00488084,-0.00103509)
(-0.00218164,-0.00547571)
(0.00668148,0.00189753)
(-0.00859859,0.00521514)
(0.00964311,-0.00144026)
(-0.00828983,0.00177011)
(0.00791257,0.00182006)
(-0.0102396,0.00519264)
(-0.00141687,0.00404833)
(0.00113294,-0.0077199)
(-0.00337927,-0.00530124)
(0.000886429,5.89419e-06)
(-0.001254,-0.000188886)
(-0.000752556,0.00071907)
(0.000382178,-0.00230645)
(-0.00624228,-0.000178155)
(0.00253505,-0.00444597)
(-0.00606694,-0.00557695)
(0.00329848,-0.00469575)
(-0.00525302,-0.00733575)
(0.00713965,0.000105147)
(-0.00411083,-0.000876571)
(0.0107639,-0.000689881)
(-0.0036085,0.00429362)
(0.00902967,0.000752843)
(-0.00288896,0.000854823)
(0.00425443,0.00374607)
(-0.00502531,0.000859482)
(-0.0010847,0.0038729)
(-0.00735589,0.00524557)
(-0.000345402,0.00447336)
(-0.000932607,0.00279459)
(0.00568849,0.00942498)
(0.000505926,0.0027147)
(0.00728437,0.00657455)
(0.00592375,0.00468137)
(0.00190631,0.00234273)
(0.00493465,0.00988532)
(0.0102089,0.00233429)
(0.00459163,0.0118878)
(0.000405578,0.00428575)
(-0.000804019,0.00888759)
(-0.00163944,0.010539)
(0.000401682,-0.000886048)
(-0.000170009,0.013995)
(0.00146265,-0.00309474)
(0.00453908,0.0124488)
(0.00115793,-0.000576386)
(0.0060079,0.00546963)
(-0.00675631,0.0110681)
(0.0116956,0.00630421)
(-0.009834,0.00944314)
(0.00940347,0.00928676)
(0.00433636,0.00700126)
(0.00889723,0.00911595)
(0.00262361,0.013626)
(0.00901581,0.0139094)
(0.011762,0.00919966)
(0.0119043,0.00407344)
(0.00780718,0.0111154)
(0.00639494,0.00451558)
(-0.00207192,0.00777587)
(-0.00416376,0.0164401)
(-0.000699461,0.000268318)
(0.00467546,0.0183018)
(0.00588261,0.00242403)
(0.00334396,0.013651)
(0.00600959,0.00220769)
(0.00235429,0.007515)
(-0.00230348,0.016134)
(0.00776118,0.00105045)
(0.00123876,0.010886)
(0.0118011,0.00804684)
(0.00375599,0.0192123)
(0.0107581,0.0105668)
(0.00775601,0.0074331)
(0.0101531,0.00735826)
(0.0121297,0.000908721)
(0.0124104,0.00585779)
(0.00916457,-0.00319104)
(0.00791598,0.00301934)
(-0.0024907,-0.00583278)
(-0.0080648,0.00692914)
(-0.00715232,-0.00924513)
(-0.00706019,0.0202448)
(0.00193594,-0.0054784)
(-0.00552826,0.0136371)
(0.00915569,-0.00133083)
(-0.00575826,0.0114592)
(0.000748493,0.0147221)
(0.00838327,0.00145565)
(0.00842864,0.0125922)
(0.00868991,0.00267738)
(0.00968654,0.00617066)
(0.00656741,0.00860435)
(0.000119701,-0.00315992)
(0.0142965,0.00735857)
(0.00251761,-0.0163012)
(0.00904154,0.00270517)
(0.0141636,-0.0180902)
(-0.00035045,0.00367629)
(0.000894053,-0.0201524)
(-0.0142374,0.00550638)
(-0.00697267,-0.0155339)
(-0.0174474,0.00453754)
(-0.00646031,-0.0117126)
(-0.0175739,0.0106218)
(0.00527681,-0.00411086)
(-0.00652339,0.00388766)
(-0.000710839,0.00395604)
(0.00377809,0.00106363)
(0.00158522,0.00276148)
(0.00162124,0.00584493)
(0.00352033,-0.00639308)
(0.00888948,0.00447858)
(-0.00595617,-0.0227023)
(0.0190642,0.00538226)
(-0.0100648,-0.0268847)
(0.015757,0.0140693)
(0.0219138,-0.0136833)
(0.00408796,0.0161244)
(0.00826877,-0.0199228)
(-0.0161604,0.00170614)
(0.000173818,-0.00804196)
(-0.0195843,0.00594246)
(-0.00400345,-0.0174781)
(-0.0152545,0.00248498)
(0.00198785,-0.0109852)
(-0.00808266,0.0031101)
(0.000628184,-0.00175975)
(0.00441044,-0.00752536)
(0.00156988,-0.00452264)
(-0.00010804,-0.00721688)
(0.0120693,-0.00791825)
(0.0111704,-0.00214576)
(0.0110905,-0.0157282)
(0.0106805,-0.0124968)
(-0.00258063,-0.00842152)
(0.00878329,-0.0280865)
(0.0175433,0.0146193)
(-0.0104372,-0.00875317)
(0.00275236,-0.00625437)
(-0.0146991,-0.00831169)
(-0.00541204,-0.00445847)
(-0.0111692,-0.0013292)
(-0.00700503,-0.00667044)
(-0.0115313,-0.00458323)
(0.00196291,-0.0068457)
(-0.00239838,-0.0039289)
(0.000928024,-0.00887278)
(0.00375304,-0.0132248)
(0.00311477,-0.00954187)
(0.00235455,-0.0161318)
(0.00959893,-0.00624758)
(-0.000414662,-0.0157302)
(0.0148751,-0.00777716)
(0.00660095,-0.00815131)
(0.00990461,-0.010061)
(0.00608904,-0.0102361)
(0.00736933,-0.00036832)
(-0.00556015,-0.0117976)
(-0.001083,-0.00767882)
(-0.0109288,-0.00937348)
(-0.00687835,0.00123766)
(-0.0124329,-0.00764545)
(-0.00619632,0.00157127)
(-0.000374466,-0.00404274)
(-0.00639756,-0.00192822)
(-0.000620761,-0.00447229)
(-0.0040452,-0.00983167)
(-0.000866021,-0.0135172)
(0.00295545,-0.0102973)
(0.0048805,-0.0178736)
(0.00294383,-0.00422658)
(0.0129699,-0.0170331)
(0.00565453,-0.00765028)
(0.00180058,-0.0206133)
(0.000723281,-0.0184428)
(0.00187599,-0.00688115)
(0.0041693,-0.0162172)
(-0.00153249,-0.00736053)
(0.000975005,-0.015638)
(-0.00583459,-0.00137327)
(-0.00160046,-0.000315478)
(0.00306341,-0.000277665)
(-0.00598261,0.0092714)
(0.00530971,-0.000356793)
(-0.00498775,0.00583931)
(-0.00103069,-0.00201524)
(-0.000829868,-0.00813223)
(0.00215983,-0.0117399)
(-0.00636026,-0.009803)
(0.00972344,-0.0123587)
(0.00307752,-0.00909881)
(0.00762277,-0.0195651)
(0.000637089,-0.00883789)
(0.0100088,-0.0197164)
(-0.00152957,-0.0191965)
(0.000404764,-0.0169501)
(0.00435321,-0.0229488)
(0.00404479,-0.00532115)
(0.00672579,-0.013488)
(0.00425222,-0.00201476)
(0.00559399,0.00637041)
(0.00603769,0.00316913)
(0.000298148,0.0103549)
(0.00667929,0.00241125)
(-0.00413373,0.00451363)
(-0.00437799,0.00380336)
(-0.000515287,-0.00683612)
(-0.00184336,-0.00588757)
(0.000205484,-0.0046201)
(0.00679762,-0.00879587)
(0.00243736,-0.00110194)
(0.00695902,-0.0136391)
(-0.000114591,-0.00291011)
(-0.00130333,-0.0132544)
(0.0015475,-0.0127028)
(0.00735703,-0.011665)
(0.00394697,-0.00978612)
(0.00324492,-0.00352168)
(0.00362616,-0.00267709)
(0.00338327,0.00220497)
(0.00178127,0.00227266)
(0.00525884,0.00422191)
(0.00015527,0.00100829)
(0.000767032,0.00315079)
(0.000151179,0.00391067)
(-0.00395387,0.0052596)
(-0.00234384,0.00328682)
(0.00492723,0.00149557)
(-0.0042457,0.00713286)
(0.0052226,0.00949154)
(-0.000814416,0.00685956)
(0.00694121,0.00412952)
(0.00120918,0.0111074)
(0.00881421,0.00353007)
(0.00669426,0.00857)
(0.00991032,-0.00303397)
(0.00501092,0.0105465)
(0.00188001,0.00334153)
(0.00145564,0.000622456)
(-0.0071523,0.0119777)
(-0.00135635,-0.00665876)
(0.000494225,0.00988672)
(0.00098022,-0.0101902)
(0.00544139,0.00888458)
(-0.0010301,-0.00394304)
(0.00202169,0.000379068)
(-0.0105719,0.0136267)
(0.00750476,0.00945737)
(-0.0100392,0.00944402)
(0.00943155,0.00955117)
(-0.00971745,0.0157688)
(0.0118121,0.0111755)
(0.00407977,0.013683)
(0.0110054,0.00506836)
(0.0120214,0.0120178)
(0.0130546,0.00364574)
(0.00877582,0.0053905)
(0.00598377,0.00153073)
(0.00151535,-0.00482137)
(-0.0050187,0.00217051)
(-0.000871461,-0.0106648)
(-0.00511009,0.0118578)
(0.00352339,-0.00741519)
(0.00351514,0.0103856)
(0.00481682,-0.00599824)
(-0.00259461,0.00179103)
(-0.012354,0.0155908)
(0.00923735,0.000412271)
(-0.00949062,0.0147113)
(0.00717925,0.00993956)
(0.00022965,0.0139717)
(0.00999912,0.0110611)
(0.00160767,0.00644755)
(0.0124797,0.0105399)
(0.0214298,-0.00664406)
(0.00781774,-0.00477508)
(0.0220655,-0.00301822)
(-0.00111686,0.0033725)
(-0.000142898,-0.0219127)
(-0.0102206,0.00561693)
(-0.00412437,-0.0177974)
(-0.00925901,0.00846747)
(0.00200212,-0.0167435)
(-0.00825354,0.0135849)
(0.00424099,-0.00878196)
(-0.00707215,0.00609119)
(-0.00582156,0.0178908)
(0.00559326,0.00214382)
(-0.00450823,0.00567474)
(0.00188407,0.0098163)
(-0.00774658,-0.00540804)
(0.00897931,0.00584504)
(-0.00911756,-0.0283666)
(0.0187692,0.0124989)
(0.00917281,-0.0470698)
(5.93473e-05,-0.0032958)
(0.0566825,-0.0239729)
(-0.016899,0.013023)
(0.0187269,-0.0313746)
(-0.0218914,0.00529478)
(0.00314423,-0.0233831)
(-0.0119452,0.00729198)
(0.000821809,-0.0182464)
(-0.00793501,0.0065307)
(0.00369088,-0.014378)
(-0.00879938,0.00864156)
(-0.00770814,0.00606711)
(-0.00152332,0.0028888)
(-0.0106429,-0.00617639)
(0.00535034,-0.00365336)
(-0.0119663,-0.0277325)
(0.0168326,0.00302927)
(-0.0358068,-0.0570612)
(0.0377786,0.0359095)
(-0.0443433,-0.031827)
(0.0507436,0.0652049)
(0.0553588,0.00613264)
(0.018224,0.0958754)
(0.0134643,-0.037441)
(-0.0179854,-0.000374201)
(0.0102185,-0.0187029)
(-0.0173613,0.00272507)
(0.00941263,-0.0201262)
(-0.00933351,0.00902476)
(0.00972297,-0.0181333)
(-0.00355763,0.00559311)
(-0.000729785,-0.00200063)
(-0.00337197,-0.00305788)
(0.00221252,-0.0126125)
(0.0021225,-0.00828425)
(0.00683183,-0.0319113)
(0.0126912,-0.0228269)
(-0.00221339,-0.0580894)
(0.0178604,-0.0431008)
(-0.0648366,0.0778281)
(-0.00410166,-0.0655443)
(0.0239834,0.12292)
(-0.0504179,0.00258133)
(0.0160592,0.000257487)
(-0.0370544,-0.0246176)
(0.00908768,-0.00825621)
(-0.0155768,-0.00367938)
(0.0107316,-0.0106978)
(-0.00140419,0.00695917)
(0.00939677,-0.0168425)
(-0.00194945,-0.00200533)
(-0.00723012,-0.00779147)
(0.00265454,-0.0114906)
(0.000150808,-0.0152454)
(-0.000229341,-0.0161214)
(0.0130061,-0.02472)
(0.00408013,-0.022566)
(0.0262017,-0.0473872)
(0.0054556,-0.0307688)
(0.0168066,-0.0473815)
(-0.019657,-0.0564767)
(0.0252805,0.00980337)
(-0.0258647,-0.0316577)
(0.019151,-0.000551409)
(-0.0197249,-0.0187502)
(0.0122091,0.000400076)
(-0.0100234,-0.00903509)
(0.00213229,-0.00829091)
(0.000198981,-0.0020426)
(0.00334671,-0.0120413)
(0.00162726,0.000220506)
(-0.000701297,-0.0152602)
(0.000677418,-0.0116986)
(-0.00463658,-0.013724)
(0.0115968,-0.0216193)
(0.00613746,-0.0202023)
(0.00324194,-0.0277177)
(0.01422,-0.0281523)
(0.00016615,-0.0237446)
(0.00721853,-0.0272742)
(0.000294798,-0.0214706)
(0.0120618,-0.0168603)
(-0.00781213,-0.0131799)
(0.0119231,-0.0167898)
(-0.00678458,-0.0124862)
(0.010216,-0.01072)
(-0.00032326,-0.00498367)
(0.00591596,-9.91148e-05)
(-0.000422057,0.00242975)
(0.00140457,0.000169048)
(-0.000593827,-0.00455813)
(-0.00606569,-0.0165512)
(0.00579914,-0.00824693)
(-0.000278981,-0.0151924)
(0.00887059,-0.0218796)
(0.00757044,-0.0105082)
(0.016265,-0.0296882)
(0.0127236,-0.0185132)
(0.00391938,-0.0326478)
(0.00788453,-0.0255845)
(-0.00188171,-0.0207472)
(0.00695644,-0.0242887)
(-0.00107311,-0.0124045)
(0.00936089,-0.0218456)
(0.00441358,-0.0011576)
(0.00745455,-0.00472749)
(0.00507136,0.00102042)
(0.00524401,0.00139987)
(-0.000124284,-0.00106801)
(-0.00153024,0.00246566)
(-0.00719779,-0.00390696)
(0.00224477,-0.00765188)
(0.00268116,-0.00347894)
(0.00242983,-0.00495576)
(0.0101542,-0.00783335)
(0.00687568,-0.00204516)
(0.00730252,-0.0151411)
(0.00666786,-0.00497409)
(0.00825901,-0.0193166)
(0.00368662,-0.0133563)
(0.00507445,-0.0112235)
(0.00701086,-0.0153582)
(0.00548941,-0.000935011)
(0.00768967,-0.00795545)
(0.0056198,0.00103385)
(0.00424038,-0.00108921)
(-0.000241753,-0.00256912)
(0.00710197,0.00151008)
(-0.000209248,-0.000781471)
(0.00228285,-0.000360657)
(-0.00618555,-0.000213565)
(-0.00247825,0.00940467)
(0.00623163,0.00413877)
(-0.000990895,0.00545112)
(0.00596562,0.00117231)
(-0.0015078,0.0109539)
(0.00812273,-0.00109239)
(0.00744963,0.00464417)
(0.00902991,0.000288421)
(0.00453445,0.00242439)
(0.00498882,-0.00100395)
(0.00423022,0.00142167)
(0.00266027,0.00273358)
(-0.00184504,-0.00602543)
(-0.00471046,0.00519203)
(0.000555686,-0.0109729)
(0.00493508,0.00796712)
(0.000711907,-0.0127573)
(0.00864869,0.00844038)
(-0.000354083,-0.00618823)
(0.00415665,0.00257684)
(-0.00760327,0.0119253)
(0.00678319,0.00426872)
(-0.0164293,0.00986488)
(0.0115155,0.00538258)
(-0.00953647,0.012131)
(0.0106338,0.00558937)
(-0.000221662,0.011092)
(0.0142829,0.00818367)
(0.0114326,0.00331729)
(0.0075993,5.76837e-05)
(0.00577475,0.00126291)
(0.0024404,0.0020332)
(-0.00108563,-0.0116309)
(-0.00678435,0.00749402)
(0.00199666,-0.0122439)
(-0.00170988,0.00816385)
(0.00266677,-0.0127493)
(0.00685563,0.00481192)
(0.000490031,-0.00887817)
(0.00432084,0.00264976)
(-0.0113536,0.0122507)
(0.00716916,0.00386174)
(-0.0210829,0.00754955)
(0.00650442,0.0089535)
(-0.0173185,0.0110751)
(0.00900008,0.0130018)
(-0.00641729,-0.00152829)
(0.0163318,0.0114221)
(0.0182137,-0.00789895)
(-0.00307369,-0.0133045)
(0.0293553,0.0048315)
(-0.00796311,0.00211342)
(0.00300935,-0.0198049)
(-0.0121457,0.0172281)
(0.00379904,-0.0187997)
(-0.00924438,0.0199157)
(-0.000623065,-0.0117052)
(-0.000454735,0.0110962)
(0.00403249,-0.010566)
(-0.0047823,0.00093909)
(-0.00959744,0.00797399)
(0.00452592,0.00158908)
(-0.0201415,-0.00192538)
(0.00627922,0.00426441)
(-0.0246249,-0.0100003)
(0.00569391,0.00842584)
(-0.0423611,-0.0257552)
(0.00397844,0.0123148)
(0.0320471,-0.0679649)
(-0.0648721,-0.0963452)
(0.125783,0.0315047)
(-0.0918565,-0.0296204)
(0.0154971,-0.0260007)
(-0.0316686,0.0129701)
(0.00492058,-0.0256783)
(-0.0106462,0.0214761)
(0.00803253,-0.0153429)
(-0.00577519,0.0133777)
(-0.00104756,-0.00994251)
(-0.00683831,0.00565517)
(-0.00749291,0.00215756)
(0.00122107,-0.00199321)
(-0.0135866,-0.00683279)
(-0.000230166,-0.00565042)
(-0.0356352,-0.0230472)
(0.0157437,0.00986459)
(-0.0837303,-0.0525405)
(0.00662321,0.117434)
(0.0125887,0.0244037)
(-0.0105434,-0.0227175)
(-0.0176049,0.0092049)
(0.01542,0.00127309)
(-0.0920198,-0.0955809)
(-0.00242969,-0.0722115)
(-0.00740598,-0.0282798)
(-0.00819534,0.00114993)
(0.0128297,-0.0208094)
(-0.00338145,0.0125571)
(0.00922833,-0.0172727)
(-0.00159276,0.00941724)
(-0.000939671,-0.00367747)
(-0.00618749,-0.00399587)
(0.00443214,-0.0154681)
(-0.00203749,-0.0201287)
(0.0139934,-0.0471227)
(0.000564106,-0.0255111)
(0.0656919,-0.129948)
(0.0120879,-0.0273453)
(-0.00482963,0.0457344)
(0.00280909,0.025993)
(-0.00863527,-0.00391238)
(0.0123476,0.00968582)
(0.0138977,-0.0656721)
(-0.0110523,-0.0789628)
(0.0117926,-0.0201998)
(-0.00596424,-0.0123678)
(0.0129415,-0.0164994)
(0.00103034,0.00836043)
(0.0129333,-0.0141799)
(0.000450364,0.00697379)
(0.0069429,-0.0101077)
(-0.00218818,-0.00860541)
(0.0109184,-0.0233013)
(-0.00362454,-0.0214398)
(0.0189018,-0.0476047)
(-0.00152205,-0.0347568)
(0.0477416,-0.118838)
(-0.00302638,-0.0544072)
(0.0266397,-0.198862)
(-0.0361178,-0.027486)
(0.0254781,0.013309)
(-0.0123208,-0.0121705)
(0.0255805,-0.0126765)
(-0.0176154,-0.00993225)
(0.0190263,-0.0141047)
(-0.00470554,0.000370371)
(0.0212438,-0.0107711)
(0.00448922,0.00656184)
(0.00841853,-0.0127197)
(0.0102012,0.00448244)
(0.00101411,-0.0175088)
(0.00356706,-0.00906614)
(0.00690091,-0.0254575)
(0.00684483,-0.0216756)
(0.016939,-0.0307197)
(0.00176261,-0.0364151)
(0.0208739,-0.0471255)
(0.00109758,-0.0316504)
(0.0156051,-0.0586511)
(-0.011547,-0.0235707)
(0.00530344,-0.0189349)
(0.00333985,-0.00824099)
(0.0228018,-0.0184495)
(-0.00188127,0.00201816)
(0.0124782,-0.00722442)
(-0.0017471,-0.00822993)
(0.0109953,-0.00558698)
(0.0104516,0.000133228)
(0.00970932,0.000812523)
(0.0057474,0.00239397)
(0.00558267,-0.015818)
(0.00918916,-0.00543712)
(0.00411045,-0.021494)
(0.0160456,-0.0206353)
(0.0102398,-0.0170088)
(0.0124304,-0.0322502)
(0.0107959,-0.0239664)
(0.00138477,-0.0311995)
(0.00289975,-0.0254054)
(-0.000860665,-0.0193295)
(0.00946836,-0.018269)
(-0.000256805,-0.00518825)
(0.0107641,-0.00727118)
(0.00306688,-0.00647361)
(0.00790049,-0.00580688)
(0.00410802,-0.00883766)
(0.00846473,0.00481654)
(0.00583675,-0.00516988)
(0.00783841,0.00174827)
(-0.00100235,-0.00728433)
(0.00015823,-0.00716432)
(0.00511491,0.00101694)
(0.00679283,-0.00959658)
(0.0174433,-0.0062508)
(0.00625872,-0.0041546)
(0.0140143,-0.0143583)
(0.0062675,-0.00692934)
(0.00771562,-0.0162449)
(0.00293368,-0.0149219)
(0.00501386,-0.00827481)
(0.00363385,-0.0040091)
(0.00290977,-0.00475712)
(0.00537849,-0.00754642)
(0.00586119,-0.00436229)
(0.00834367,0.00085691)
(0.00405371,-0.00553504)
(0.0087337,0.00668598)
(-0.0023234,-0.0128456)
(0.00437063,-0.000622745)
(-0.00291783,-0.00714897)
(0.000703584,0.0125767)
(0.00727195,0.000253548)
(0.00284164,0.00678186)
(0.0105955,-0.00187753)
(0.001237,0.00936015)
(0.00869415,-0.00104486)
(0.00245544,0.00549787)
(0.00561087,0.00304858)
(0.00649118,-0.00437536)
(0.00150087,0.00345062)
(0.00241102,0.002145)
(0.00304094,-0.000557051)
(0.00195614,-0.00524908)
(0.00292181,0.00312686)
(0.0037164,-0.00651536)
(0.00336192,0.00184524)
(-0.000494148,-0.00853554)
(0.011414,0.00208139)
(-0.00151348,-0.00560371)
(0.00862579,0.00123364)
(-0.0073735,0.0117371)
(0.00702107,0.00484241)
(-0.0110157,0.00425509)
(0.00912114,0.00211141)
(-0.0103443,0.0102959)
(0.0121043,0.00623053)
(-0.00304036,0.00293372)
(0.010487,0.00903388)
(0.00833589,0.000869779)
(0.00249088,0.00577682)
(0.00666795,0.000955975)
(0.00849908,0.0077228)
(0.00537316,-0.00815258)
(-0.0013609,0.00415697)
(0.00888293,-0.00797545)
(0.00604131,0.012354)
(0.00141802,-0.00318628)
(0.011252,0.00690733)
(-0.00148356,-0.00850229)
(0.00599181,-0.00237631)
(-0.010034,0.00702819)
(0.0037672,0.000105852)
(-0.0199287,0.00445261)
(0.0122959,0.00713632)
(-0.0271114,0.00587591)
(0.00924165,0.0083803)
(-0.0250184,0.0064094)
(0.00950488,0.0151633)
(-0.0218513,-0.00532402)
(0.0223845,0.0128612)
(0.00449528,0.0122807)
(0.0211385,0.0203547)
(0.0059185,-0.00939874)
(-0.000600881,0.025912)
(0.00452542,-0.0125156)
(0.00244755,0.0237565)
(0.0101684,-0.0033587)
(0.00533161,0.0172728)
(-0.0030842,-0.00543995)
(0.00217221,0.00414228)
(-0.00508962,0.00490292)
(0.0047899,0.00345811)
(-0.0200282,0.00227526)
(0.0087269,-0.000750398)
(-0.0384275,0.0157615)
(0.0154118,0.00621966)
(-0.0847231,0.0345723)
(0.020601,0.0234088)
(-0.0960968,0.0017649)
(0.0428472,-0.00318168)
(0.00388056,0.0853775)
(0.0614846,0.0337921)
(-0.0142031,0.0216004)
(0.0218021,0.0429098)
(0.00836525,-0.00860159)
(-0.0030935,0.0298614)
(0.00720606,-0.00386056)
(-0.000429475,0.0234129)
(0.00775544,-0.00444351)
(-0.00230304,0.00932372)
(-0.0048191,0.00121034)
(0.000593058,-0.00541331)
(-0.0129486,0.00490706)
(0.00711551,-0.0146943)
(-0.0384858,0.0378904)
(0.0091216,-0.0151351)
(-0.0717276,0.173535)
(0.00353608,0.0861535)
(0.0478892,-0.0192209)
(-0.00581211,0.0114428)
(0.00278232,-0.00251125)
(-0.0310725,-0.0342463)
(-0.0804963,0.05056)
(0.0159589,0.0470231)
(-0.0039593,0.00526579)
(-0.00166791,0.0210637)
(0.0175702,-0.00878333)
(-0.00227768,0.014977)
(0.0102626,-0.00663157)
(-0.00400865,0.0127316)
(0.00698678,-0.0010325)
(-0.00475055,-0.00848818)
(0.00461771,-0.00432842)
(-0.00139843,-0.0301311)
(0.0247726,0.00788415)
(0.00181518,-0.0481731)
(0.123353,0.0528868)
(-0.0218352,-0.0406093)
(-0.0112171,-0.0129488)
(0.0192543,0.0206816)
(-0.00471049,-0.0578643)
(0.00420468,-0.0205591)
(0.00618236,0.0859899)
(0.0226918,0.0201386)
(0.0171817,0.0127404)
(0.0123102,0.0278515)
(0.0170989,-0.00294239)
(0.00382355,0.0174271)
(0.00789002,-0.00647705)
(0.00380986,0.00558228)
(0.00790612,-0.010402)
(-0.00109425,-0.00787023)
(0.0170846,-0.0138592)
(-9.5789e-05,-0.0227136)
(0.0254975,-0.0262531)
(-0.00525796,-0.0471055)
(0.0367364,-0.0394758)
(-0.00500019,-0.0502514)
(-0.0628713,-0.0159415)
(0.0165772,0.0600922)
(-0.038073,0.222571)
(-0.00424866,0.0918202)
(0.00797333,0.0973549)
(-0.00388798,0.0377687)
(0.0232414,0.0100425)
(-0.00339166,0.0167744)
(0.0124471,-0.00615378)
(0.00577553,0.0131395)
(0.0128685,-0.00191837)
(0.00315144,0.0110692)
(0.0121745,-0.0151196)
(0.000291289,-0.00394932)
(0.0150881,-0.0191917)
(0.00804032,-0.0175467)
(0.0205291,-0.0251452)
(0.00623125,-0.0321568)
(0.0182719,-0.0295113)
(-6.30758e-05,-0.0408299)
(-0.0158616,-0.00523118)
(0.00310197,-0.0112186)
(-0.0108153,0.0575843)
(-0.00116563,-0.00149335)
(0.014365,0.0199137)
(-0.00735534,0.0110274)
(0.0071612,-0.00733201)
(-0.00215503,-0.00643723)
(0.00830958,0.00253113)
(0.00346983,-7.48423e-05)
(0.00613738,0.000209452)
(0.00519598,0.00166352)
(0.00419997,-0.0162079)
(0.00897893,-0.00107768)
(0.0141289,-0.0218571)
(0.0173752,-0.00879695)
(0.0162961,-0.0153156)
(0.0168064,-0.0270829)
(0.00868649,-0.0216896)
(0.00851989,-0.030587)
(-0.00123669,-0.0102999)
(0.00661213,-0.0183336)
(0.00189878,0.00892)
(0.00728793,-0.00151454)
(0.0102762,-0.000495282)
(0.00448063,-0.00215372)
(0.00692476,0.00457672)
(-0.00229969,-0.0112004)
(0.010537,0.00450224)
(-0.000638904,-0.00994803)
(0.00515433,0.00200068)
(0.00236626,-0.000200268)
(0.00474074,-0.00686853)
(0.00566514,-0.00105188)
(0.00849854,-0.0173259)
(0.0164901,-0.0038984)
(0.0128141,-0.0115371)
(0.0145748,-0.00730905)
(0.00436035,-0.00572851)
(0.0123527,-0.01768)
(-0.000712191,-0.0114062)
(0.00901701,-0.00621647)
(0.00211068,-0.00755543)
(0.00381589,-0.00119886)
(0.0031972,-0.00271336)
(-0.000565486,-0.00253361)
(0.00982193,-0.00195202)
(-0.00237696,-0.00769549)
(0.0042923,-0.000938327)
(-0.000776632,-0.012164)
(0.00581675,-0.000798299)
(-0.00277344,-0.0118717)
(0.000101756,0.00444908)
(0.00438163,-0.00101874)
(0.00244813,0.00330943)
(0.0106512,0.000448072)
(0.000173249,0.00579393)
(0.0139021,-0.00381197)
(0.00259288,0.00455998)
(0.00515111,0.00387272)
(0.00105297,-0.00123987)
(0.00204229,-4.75376e-05)
(0.00662258,0.00863342)
(0.00249634,0.00433662)
(0.00567894,0.00342266)
(-0.000122071,-0.00339383)
(0.00629952,-0.00364026)
(0.010078,0.00193195)
(-0.000333024,0.000486562)
(0.00777528,0.00160807)
(-0.00124689,-0.000523155)
(0.009367,-0.00260014)
(0.000763397,0.00580183)
(0.00756935,0.00202568)
(-0.0036973,0.00385738)
(0.0126998,-0.00163817)
(-0.00510659,0.00744422)
(0.0130714,-0.00603813)
(-0.00466825,0.00721865)
(0.00628429,-0.00135124)
(0.00418771,0.00347885)
(0.00543122,0.00498567)
(0.00427161,0.000414538)
(0.0101008,0.00112701)
(0.0106767,-0.0059898)
(0.00723776,0.00746801)
(0.00699901,-0.00398746)
(0.00540485,0.0049487)
(0.00101724,-0.000741732)
(0.0109817,0.00755314)
(-0.0021606,-0.00421911)
(0.00643284,0.0034698)
(-0.0016644,0.00526594)
(0.00912039,0.00570928)
(-0.00643252,0.00718443)
(0.00940862,-0.00219815)
(-0.0107658,0.0107072)
(0.00762813,-0.00555869)
(-0.013753,0.00757638)
(0.00517957,0.00303192)
(-0.00894755,-0.0112289)
(0.0113329,0.00688387)
(-0.00753191,0.000106833)
(0.0241047,0.0210522)
(0.00624525,-0.0201491)
(0.0105707,0.0234792)
(0.0155686,-0.0100309)
(0.00542333,0.0244309)
(0.00972848,0.00112887)
(0.000799007,0.0148085)
(0.000375363,-0.00287944)
(0.00391735,0.00800103)
(0.00277725,0.00399049)
(0.0069501,-0.00119825)
(-0.00496085,0.00646404)
(0.0043891,-0.00947682)
(-0.019903,0.0136494)
(0.0106019,-0.0179552)
(-0.0378925,0.014045)
(0.0113495,-0.00954994)
(-0.0578258,-0.0250266)
(0.0310576,0.00494859)
(-0.00903939,-0.00179828)
(0.0693073,0.0563493)
(-0.00404402,-0.00177355)
(0.0335256,0.0372673)
(0.0102232,-0.00653906)
(0.00725608,0.0285467)
(0.016296,0.00142278)
(-0.0023615,0.0217854)
(0.00749069,0.00195469)
(-0.00236564,0.0121014)
(0.00530577,-0.00261146)
(0.00477987,-0.00705174)
(0.000390363,0.00238692)
(0.00566509,-0.0257913)
(-0.0194463,0.0126855)
(0.00611121,-0.0376946)
(-0.0535549,0.0425438)
(-0.00519348,-0.0467016)
(-0.0799144,-0.0992957)
(-0.0106234,-0.0919801)
(0.0296233,-0.0864774)
(0.0791747,0.0934434)
(0.00099534,0.0200838)
(0.0415488,0.0631672)
(0.0162148,0.00451646)
(0.0107004,0.0188962)
(0.0169494,0.00576742)
(-0.00516444,0.0135032)
(0.00828267,0.00287317)
(-0.00596251,0.00751252)
(0.0146575,-0.00407161)
(0.0020391,-0.00893545)
(0.0167638,-0.00168424)
(0.00461419,-0.0333713)
(0.0104348,0.0059596)
(-0.00542354,-0.0544321)
(0.0216649,0.038984)
(-0.0349086,-0.0779486)
(-0.0311104,0.0615279)
(-0.0939648,-0.129065)
(0.0900628,0.0526181)
(-0.0211137,0.00636398)
(0.0426138,0.0537961)
(0.0202519,0.0505774)
(0.0278783,0.0164945)
(0.00667215,0.0204264)
(0.0137803,0.00437167)
(-0.000531196,0.0147974)
(0.0102223,0.00598663)
(-0.00153222,0.00771265)
(0.01359,-0.00752291)
(0.00333837,-0.00817977)
(0.0193399,-0.00751575)
(0.00473671,-0.0251633)
(0.0243991,-0.0105671)
(-0.00348524,-0.0417512)
(0.0247251,-0.0023806)
(-0.0192025,-0.0427814)
(-0.0128655,0.0472569)
(-0.0336581,-0.0180043)
(0.0147802,0.112744)
(-0.0278492,0.0293042)
(0.0188129,0.0557814)
(-0.00122276,0.0298458)
(0.0152773,0.0130316)
(-0.00668392,0.0147217)
(0.0125122,0.0118129)
(-0.00540571,0.0135228)
(0.00427932,0.000706318)
(-0.0032723,0.00770947)
(0.00780101,-0.0125778)
(0.00364199,-0.0046572)
(0.0198926,-0.0118782)
(0.0116242,-0.0119175)
(0.0182567,-0.0186185)
(0.0049829,-0.0297839)
(0.0116145,-0.0188617)
(-0.00269884,-0.0256209)
(-0.00345769,0.00312541)
(-0.00362775,-0.00474412)
(-7.58118e-05,0.0335879)
(-0.000758576,0.0142078)
(0.000141798,0.0147622)
(-0.00417018,0.00636628)
(0.00610859,0.00645424)
(-0.00782471,-0.0100078)
(-0.000661492,0.00517349)
(-0.00160925,-0.0033902)
(0.0025398,0.00330385)
(0.0028906,0.00691643)
(0.0065102,-0.010406)
(0.00885463,-0.00169835)
(0.0125739,-0.0193321)
(0.0145384,-0.00453269)
(0.0122218,-0.0223173)
(0.01027,-0.0153442)
(-0.00334434,-0.018997)
(0.00305503,-0.0187011)
(-0.00507857,-0.0112661)
(0.00461469,-0.00344866)
(-0.00361001,0.000411895)
(2.34516e-06,0.00570311)
(-0.00207184,0.00784796)
(-0.00229864,-0.000881286)
(-0.00111031,0.00306414)
(-0.00360627,-0.00550843)
(0.00237637,0.00846819)
(-0.000539802,-0.00234663)
(0.00517948,0.00154416)
(0.00100182,0.00255048)
(0.00532915,-0.00819175)
(0.00807254,0.000178331)
(0.00806641,-0.0142659)
(0.00993257,-0.00164865)
(0.00584227,-0.0134272)
(0.0108809,-0.00711376)
(0.000499345,-0.0121916)
(0.00322595,-0.0138251)
(-0.00533666,-0.00883929)
(0.00102356,-0.00184031)
(-0.00251489,0.000194654)
(-0.00314804,0.00521448)
(-0.00155765,-0.00071631)
(-0.00248539,4.16434e-05)
(0.000449185,0.00302424)
(-0.00544547,-0.00484417)
(-0.000144894,-0.000762296)
(-0.00346729,-0.00696757)
(-0.00173801,-0.00251026)
(-0.00394203,3.98438e-05)
(0.0029329,0.00267509)
(-0.000201839,-0.00112413)
(0.00516122,-0.001346)
(0.00468169,-0.00400955)
(0.000989049,-0.000170815)
(0.0121327,-0.004513)
(0.00094018,0.00454715)
(0.00424383,-0.00197439)
(0.000521336,0.00494794)
(-0.000681809,-0.00367845)
(0.00815874,0.00482264)
(-2.55576e-05,-0.00378346)
(0.00890632,0.00103269)
(0.0055912,0.00129554)
(0.0097424,-0.00128269)
(0.0094067,0.00407183)
(0.00372241,0.000462193)
(0.00613264,0.000664886)
(0.00408401,0.000229202)
(0.0048358,-0.00118002)
(0.0067717,0.00372442)
(-0.00165947,0.000296774)
(0.00365471,-0.00173363)
(0.00566407,-0.011704)
(-0.00165102,0.00133591)
(0.0116692,-0.0131885)
(0.00399332,0.00536239)
(0.00578921,-0.0125777)
(0.00416134,0.000553241)
(0.0027207,-0.00486117)
(0.00968344,-0.00220726)
(0.00657714,0.00369028)
(0.0104351,-0.00939871)
(0.00456751,0.0101134)
(0.0141914,-0.00708385)
(0.0104515,0.0127299)
(0.00633842,-0.0015444)
(0.0117966,0.0114447)
(0.00287456,-0.00848633)
(0.00135231,0.00357176)
(0.0060851,0.00594998)
(-0.00185097,-0.00322778)
(0.00478778,0.00153481)
(0.00762606,-0.0125725)
(0.00151484,0.00823297)
(0.00914666,-0.0147107)
(0.00106326,0.00441408)
(0.00571421,-0.0122725)
(0.00482227,-0.00238159)
(0.00372195,0.000822992)
(0.00733746,-0.0102821)
(0.00942909,0.0101651)
(0.0124208,-0.0175209)
(0.00553323,0.0168629)
(0.0169542,-0.01362)
(1.98745e-05,0.0184425)
(0.014933,-0.00740788)
(0.00492685,0.0196739)
(0.00445955,-0.00466846)
(-0.00192939,0.010514)
(0.00715468,-0.00131217)
(-0.00383716,-0.00516847)
(0.0116693,0.0029777)
(0.0039606,-0.0133938)
(0.00621866,0.00431864)
(0.00365082,-0.0194138)
(0.00403834,0.00712512)
(0.0142426,-0.0148901)
(-0.00507863,-0.00404801)
(0.0147332,-0.0110496)
(-0.00128646,0.00389449)
(0.033411,0.0178913)
(0.0130461,-0.00585241)
(0.0173245,0.0174313)
(0.0194055,-0.00685318)
(-0.000705245,0.0165367)
(0.0216181,-0.00063364)
(-0.000612673,0.022015)
(0.00862203,0.000739573)
(-0.00489304,0.0148082)
(0.0144462,-0.00284673)
(0.00263554,-0.00657648)
(0.0169765,0.000311429)
(0.00978848,-0.020361)
(0.0116839,0.00168049)
(0.00565315,-0.0323874)
(-0.00353058,0.000690353)
(0.0040587,-0.0320248)
(-0.0122737,-0.0127406)
(0.000247035,-0.0217194)
(0.0122678,-0.00183912)
(0.0337893,0.0337123)
(0.0129463,0.0117284)
(0.0247103,0.0163037)
(0.0274192,0.0103183)
(-0.00740702,0.0104393)
(0.0169442,0.00753327)
(-0.0114681,0.0137252)
(0.0117646,0.00672852)
(-0.0072623,0.0121375)
(0.0141409,-0.00438729)
(0.00335603,-0.0117443)
(0.0251632,-0.00584412)
(0.0103777,-0.0216599)
(0.0248125,-0.00390701)
(0.00746355,-0.0357727)
(0.00886674,0.0071523)
(-0.0133499,-0.0274819)
(-0.00229601,0.0256586)
(-0.0268462,-0.0215226)
(0.0217876,0.0264054)
(-0.00151205,0.0216907)
(0.0222327,0.0295761)
(0.000633706,0.0146532)
(0.0221486,0.0107707)
(-0.006947,0.012897)
(0.0135914,0.00928429)
(-0.0103168,0.0109239)
(0.00683496,0.00933263)
(-0.0105532,0.00769567)
(0.00940889,-0.00935434)
(0.00380686,-0.00864277)
(0.0254305,-0.00728079)
(0.0126645,-0.0183896)
(0.0204371,-0.0109624)
(0.00367037,-0.0296833)
(0.014869,-0.00757169)
(-0.0055203,-0.0201066)
(-0.0021716,0.015871)
(-0.0206168,0.00403681)
(0.00185118,0.0392085)
(-0.0127254,0.0200379)
(0.0049737,0.0252999)
(-0.0143265,0.0160998)
(0.0133011,0.00989285)
(-0.0218012,0.00756306)
(0.00838752,0.00986811)
(-0.0111778,0.0049333)
(0.0062299,0.00274501)
(-0.00695368,0.0111279)
(0.0121375,-0.0119259)
(0.00589635,-0.00732531)
(0.0189004,-0.0106331)
(0.0152505,-0.0146207)
(0.0197185,-0.0147967)
(0.0134668,-0.0193135)
(0.00161399,-0.0176226)
(-0.000794471,-0.0122235)
(-0.00831414,-0.00369584)
(-0.00222735,0.00146389)
(-0.0178835,0.0103935)
(-0.0103747,0.00825984)
(-0.00300355,0.00425234)
(-0.0101376,0.00313499)
(7.31756e-05,0.0113303)
(-0.0112318,-0.00308757)
(0.00284968,0.00944702)
(-0.00262545,0.00317258)
(0.00559012,0.00244892)
(-0.000149826,0.00260706)
(0.00602536,-0.00861229)
(0.0100059,-0.00700162)
(0.0105174,-0.0128275)
(0.0126079,-0.00715643)
(0.0110009,-0.0174701)
(0.00485169,-0.0132002)
(-0.00288317,-0.0175752)
(0.000519232,-0.0139927)
(-0.0091062,-0.00955631)
(-0.00525087,0.00380743)
(-0.00953568,0.00345784)
(-0.00448797,0.00323731)
(-0.0074426,0.00461461)
(-0.00720441,-0.000285543)
(-0.00245576,0.0104875)
(-0.00817303,-0.00656997)
(0.000635932,0.00686668)
(-0.00807028,0.0046683)
(-0.000316895,0.00022234)
(-0.00391721,0.00761346)
(0.0042531,-0.00340518)
(0.0078515,-0.000195195)
(0.00309383,-0.0114906)
(0.00980134,-0.000281175)
(0.00310551,-0.0144992)
(0.000883615,-0.00648685)
(-0.00484427,-0.00936557)
(-0.00335534,-0.00481187)
(-0.0046014,-0.00861328)
(-0.00596571,-0.00118586)
(-0.00130494,-0.0028121)
(-0.00696718,0.00418508)
(-0.00106858,0.00126793)
(-0.00579193,-0.00125534)
(-0.000381782,0.00453027)
(-0.00631398,-0.000678921)
(0.00285829,0.00560916)
(-0.00434352,0.00019964)
(-0.000741085,-0.00221403)
(-0.00338887,0.00561049)
(0.00308384,-0.00329577)
(-0.00172678,-0.00232343)
(-0.000345921,-0.0080804)
(0.00533573,-0.00472828)
(0.00045333,-0.00151331)
(0.00470369,-0.00761888)
(-0.00362786,0.0142459)
(0.00254811,-0.00208899)
(0.00190834,0.00972953)
(-0.0045205,0.00117367)
(0.0043379,0.00428206)
(0.00158881,0.00381588)
(0.00258695,0.00134052)
(0.00710027,0.00409387)
(0.00744612,0.0015402)
(0.00253313,0.00669118)
(0.00575766,-0.00100306)
(0.00288899,0.00400794)
(0.0104988,5.24736e-05)
(0.00356292,-1.25256e-05)
(0.00150831,-0.00179714)
(-0.00373618,0.000892809)
(0.00464159,-0.00591792)
(0.0017769,-0.0117542)
(-0.00101897,0.00166057)
(0.00491342,-0.0154935)
(-0.0018472,0.00916521)
(0.00363285,-0.00543518)
(0.000266221,0.00738944)
(-0.00456257,-2.0294e-05)
(0.00290475,0.000176487)
(0.00120101,0.00732528)
(0.0140354,-0.00663109)
(0.0115584,0.0123603)
(0.0100906,-0.00235035)
(0.00922669,0.0131001)
(0.0146314,-5.62482e-05)
(0.00453466,0.0150344)
(0.0128529,-0.0040714)
(0.00123611,0.00823255)
(0.00589926,0.00422121)
(-0.00438283,-0.00534524)
(0.0039936,-0.00302389)
(-0.00194572,-0.0207112)
(0.00561061,0.000978508)
(0.00251415,-0.0109428)
(0.0025306,0.012651)
(0.00598547,-0.00541175)
(0.00408131,0.00375725)
(0.00115915,0.00455076)
(0.00459974,-0.00505929)
(0.00247788,0.013064)
(0.0112386,-0.0147614)
(0.00483662,0.013491)
(0.0136467,-0.00720118)
(0.00128405,0.0205797)
(0.00916749,-0.00514197)
(0.000350417,0.0153158)
(0.00974425,-0.00982096)
(0.00199508,0.0106506)
(0.00322057,-0.000742293)
(-0.00805981,-0.0070258)
(0.00755436,0.000240089)
(-0.00248469,-0.0141817)
(0.00947674,0.00390607)
(0.00665292,-0.0105429)
(0.0152905,0.00859809)
(0.00813232,-0.00588776)
(0.00571996,0.00486123)
(0.0104286,0.00313878)
(0.0126793,0.00401409)
(0.0107572,0.0088421)
(0.0141986,0.000752755)
(0.0101593,0.0150544)
(0.0193966,0.0028758)
(-0.0038763,0.0134693)
(0.0126744,0.00257007)
(-0.00920255,0.0148343)
(0.00754758,-0.000962893)
(-0.00707297,0.0108041)
(0.00424661,-0.00343105)
(-0.00301511,-0.00736194)
(0.0116381,-0.00311152)
(0.0012384,-0.00787838)
(0.0163433,-0.004459)
(0.00989853,-0.0133624)
(0.0142189,0.00197866)
(0.0134752,-0.012375)
(0.00578228,-0.00121259)
(0.00953721,-0.00425243)
(0.00381052,0.00595501)
(0.0118911,0.00582399)
(0.0136196,0.00924011)
(0.00276523,0.00516341)
(0.0209514,0.0155033)
(-0.00811887,0.00806447)
(0.0126824,0.0117094)
(-0.0122843,0.00705947)
(0.0059512,0.00157788)
(-0.00896227,0.0107081)
(0.00839313,-0.00995129)
(0.000162813,-0.00211021)
(0.0197532,-0.00742597)
(0.0127461,-0.00580633)
(0.0179579,-0.0103916)
(0.0124511,-0.00968056)
(0.0164488,-0.0078132)
(0.00905723,-0.00905982)
(0.00188943,-3.43716e-05)
(-0.00695351,0.000719695)
(0.00189573,0.00997387)
(-0.00148658,0.0112919)
(0.00929946,0.0106799)
(-0.00868491,0.0101273)
(0.0171553,0.0140489)
(-0.021391,0.00297579)
(0.00698764,0.0134419)
(-0.0185881,0.00641375)
(0.00211427,0.00437934)
(-0.0112775,0.00819324)
(0.00539717,-0.0091093)
(0.000115375,-0.00687255)
(0.014193,-0.0144966)
(0.0130118,-0.00715916)
(0.020243,-0.0146975)
(0.0143273,-0.0099828)
(0.0089797,-0.0127854)
(0.00222892,-0.00632454)
(-0.00388929,-0.00431831)
(-0.00522594,0.00308674)
(-0.00967668,0.00875515)
(-0.0186682,0.00990926)
(0.000193816,0.00560512)
(-0.0188772,0.00850051)
(0.00929811,0.00953037)
(-0.0177352,0.00374913)
(0.00829828,0.012713)
(-0.014149,0.00497901)
(0.00440358,0.00184504)
(-0.00696799,0.00635691)
(0.00341798,-0.0115173)
(0.00538963,-0.0095547)
(0.00983736,-0.0111072)
(0.00785584,-0.0123753)
(0.0113671,-0.0129724)
(0.00260794,-0.00995092)
(0.00143526,-0.0161556)
(-0.00168237,-0.00674968)
(-0.0103285,-0.00998995)
(-0.00881776,0.00825795)
(-0.015886,-0.00415565)
(-0.00939585,0.0100592)
(-0.00577618,0.0024783)
(-0.0116363,0.00243769)
(0.00405733,0.00684429)
(-0.0113212,-0.00107597)
(0.0040642,0.00489612)
(-0.00712618,0.00311491)
(0.00228166,-0.000705448)
(-0.00107053,0.00724797)
(-0.000615383,-0.00106008)
(0.00650756,-0.00500252)
(0.00585027,-0.00470845)
(0.00940283,-0.00693981)
(0.00768299,-0.00937266)
(-0.00384433,-0.0103264)
(-0.00363475,-0.00899108)
(-0.00974657,-0.00515488)
(-0.0131545,-0.0101064)
(-0.00966657,0.00306533)
(-0.0111647,-0.000639291)
(-0.0070717,0.0105557)
(-0.00594694,-0.000734519)
(-0.0132224,-0.000494987)
(-0.002663,0.00438597)
(-0.0115762,0.00571168)
(-0.00131751,0.00595936)
(-0.00775077,0.00789641)
(0.00140576,0.000580659)
(-0.00302037,0.0047878)
(0.000139638,0.00105057)
(0.0120446,-0.00623877)
(0.0019479,0.00328565)
(0.00478561,-0.00363111)
(0.00361745,-0.00480255)
(-0.00389744,-0.00523401)
(-0.0016631,-0.00645262)
(-0.0134794,-0.00597295)
(-0.00299082,-0.00656899)
(-0.0101023,-0.000100538)
(-0.00430741,-0.00361502)
(-0.00828836,0.00471122)
(-0.00173727,-0.000166172)
(-0.00567258,-0.000110728)
(-0.00159342,0.00399719)
(-0.00793074,0.0016513)
(0.0013933,0.00299452)
(-0.0031354,0.00493397)
(0.00448569,0.00346552)
(-0.00587244,0.00367669)
(0.00338284,-0.00416328)
(0.000185327,-0.00328904)
(-0.000304701,-0.00629453)
(-0.00377343,-0.00699326)
(0.00137088,-0.00102974)
(-0.000239771,-0.001029)
(4.54437e-05,0.00628107)
(-0.00524774,-0.00152055)
(0.00393157,0.00822856)
(-0.00616263,0.0046891)
(-0.00014936,0.00226644)
(-0.000979599,0.00598396)
(0.00259245,0.00436217)
(0.00165715,0.00661858)
(0.00317072,-0.00177893)
(0.000665607,0.00598714)
(0.0108161,-0.0017153)
(0.00235428,0.00186817)
(0.0114059,-0.00164736)
(0.00390872,0.000123356)
(0.0027902,-0.00388547)
(-0.00459811,-0.00446887)
(0.00408211,-0.0107762)
(-0.00163229,-0.00989698)
(0.000804691,-0.000544778)
(-0.00174428,-0.00826794)
(-0.00180088,0.0116987)
(-0.00208843,-0.00125864)
(0.000183601,0.00823446)
(-0.00311588,0.00279494)
(0.0032389,0.00318771)
(-0.000615332,0.00829923)
(0.00433917,-0.00433879)
(0.00839106,0.00779389)
(0.00566271,-0.00142479)
(0.00127696,0.0136048)
(0.0083674,-0.002609)
(0.00224638,0.011981)
(0.00560138,-0.00321397)
(0.00269612,0.00478923)
(0.0054136,-0.00321564)
(-0.00360373,0.000463933)
(0.00359712,-0.00247871)
(-0.00484193,-0.0102336)
(0.00215768,0.00147021)
(-0.00241718,-0.00956091)
(0.0045653,0.00911362)
(0.000485764,2.85092e-06)
(0.00127937,0.00961411)
(-0.00106528,0.00703881)
(0.00511509,0.000676565)
(-0.000807286,0.0104778)
(0.010657,-0.00203174)
(0.00506167,0.0139131)
(0.00863254,-0.001471)
(0.000878335,0.0123919)
(0.00369604,-0.00351124)
(-0.000109051,0.0160017)
(0.00392626,-0.00200855)
(-0.00185303,0.00785018)
(-0.0017568,-0.00268488)
(-0.00168321,-0.0049634)
(0.000506569,-0.000963306)
(-0.00449332,-0.0128807)
(0.0071613,0.00334987)
(0.000651708,-0.00379146)
(0.00589054,0.0115433)
(0.00290862,0.001626)
(0.0079225,0.00967389)
(0.0038241,0.00454375)
(0.00486437,0.0096438)
(0.00368588,0.0112472)
(0.0136994,0.00214555)
(0.00700261,0.010814)
(0.0111985,0.00645778)
(-0.000486595,0.0126263)
(0.00772179,0.00479427)
(-0.00886728,0.0114353)
(0.000670383,-0.00299076)
(-0.00646094,0.00803244)
(-0.00200471,-0.0060274)
(-0.00444605,-0.002148)
(0.00261911,-0.00229498)
(-0.00242985,-0.0060398)
(0.00317982,-0.000221128)
(0.00474614,-0.00156378)
(0.0114788,0.00187944)
(0.00814856,0.00275764)
(0.00112169,0.00216747)
(0.00861869,0.00559214)
(0.000235672,0.00676028)
(0.00411295,0.00974911)
(0.00817117,0.00966313)
(0.00318759,0.0102738)
(0.0100725,0.0121902)
(-0.00374001,0.00401085)
(0.00387316,0.00940195)
(-0.00725583,0.00645581)
(-0.00111741,0.000842281)
(-0.00563238,0.00363431)
(0.00357756,-0.00426452)
(-0.00130824,-0.000694506)
(0.00374766,-0.0081198)
(0.00259364,-0.0010386)
(0.012851,-0.0100942)
(0.0102405,0.00359405)
(0.00545726,-0.00570057)
(0.0120805,0.00161679)
(-0.000203726,-0.00436965)
(0.00427512,0.00412101)
(-0.00661732,0.00563598)
(-0.00388055,0.00889195)
(0.00209707,0.00499282)
(-0.0101136,0.00439579)
(0.0057935,0.0135965)
(-0.0106397,0.00303853)
(0.00350055,0.0123889)
(-0.0103996,0.00445794)
(-0.0023962,0.00202702)
(-0.0096342,0.00665723)
(0.00130767,-0.0067652)
(-0.001931,-0.00338363)
(0.00362159,-0.0112487)
(0.00233997,-0.000572957)
(0.0048096,-0.00825693)
(0.00976391,-0.00229178)
(0.00610749,-0.013306)
(0.00587489,-0.00301585)
(-0.00600656,-0.00729719)
(-0.00232545,0.00167534)
(-0.0113353,-0.00247298)
(-0.00641588,0.00798987)
(-0.00293767,0.00592869)
(-0.00872792,0.00452142)
(0.00705765,0.00985076)
(-0.0130809,0.00221655)
(0.00201524,0.00671571)
(-0.00610991,0.00342288)
(0.00304003,0.00320832)
(-0.00545012,0.00302559)
(-0.00217072,-0.0064961)
(0.000964686,-0.00657303)
(0.000308863,-0.00922999)
(0.00289282,-0.0053581)
(0.00728744,-0.0129047)
(-0.00418079,-0.00447033)
(-0.00355654,-0.0132063)
(-0.0022112,0.00111184)
(-0.00853914,-0.0101667)
(-0.00463357,0.00284925)
(-0.0114207,-0.00457964)
(-0.00882488,0.0114007)
(-0.00492237,-0.00353298)
(-0.00745548,0.00222357)
(-0.000264175,7.98702e-05)
(-0.00334283,0.00283731)
(-0.000557752,0.000856272)
(-0.00326925,0.00297301)
(-0.00036312,-0.00151614)
(-0.000440968,0.00382005)
(-0.00151891,-0.00134812)
(0.00786024,-0.00581678)
(-0.00283735,-0.00431035)
(-0.00297375,-0.00268971)
(0.00564387,-0.00804768)
(-0.00256122,-0.00443729)
(-0.00232844,-0.00893543)
(-0.00927347,-0.00210613)
(-0.00432569,-0.00664163)
(-0.0063496,0.00416662)
(-0.00398976,-0.0034486)
(-0.00592957,0.00803346)
(-0.00336729,-0.00259504)
(-0.00143548,0.00383534)
(0.000264305,-0.00137775)
(-0.00291919,0.00239785)
(0.000868473,-0.00391755)
(0.000457908,0.00131036)
(0.00291026,0.00113281)
(-0.00140391,0.00423184)
(0.00272582,-0.00103181)
(0.00114939,-0.00600952)
(-0.0030207,0.00119867)
(0.00392974,-0.0041807)
(0.0022098,-0.00559647)
(-0.00849945,-0.00260481)
(0.00171134,-0.00455375)
(-0.00718794,-0.00160062)
(-0.00270346,-0.00260302)
(-0.00691987,2.00457e-05)
(9.03118e-05,-0.00199976)
(-0.000336685,0.0065295)
(-0.00238667,0.000240513)
(-0.00280611,0.00105208)
(0.000477733,-0.00149358)
(-0.000713987,-0.000166181)
(0.00254523,0.00413667)
(-0.000218661,0.00180338)
(-0.000695787,0.0013712)
(0.00286656,0.00119889)
