          1
          1
          1
          1
          1
          1
          1
          1
          1
          1
          1
          1
          1
          1
          1
          1
          1
          1
          1
          1
          1
          1
          1
          1
          1
          1
          1
          1
          1
          1
          1
          1
          1
          1
          1
          1
          1
          1
          1
          1
          1
          1
          1
          1
          1
          1
          1
          1
          1
          1
          1
          1
          1
          1
          1
          1
          1
          1
          1
          1
          1
          1
          1
          1
          1
          1
          1
          1
          1
          1
          1
          1
          1
          1
          1
          1
          1
          1
          1
          1
          1
          1
          1
          1
          1
          1
          1
          1
          1
          1
          1
          1
          1
          1
          1
          1
          1
          1
          1
          1
          1
          1
          1
          1
          1
          1
          1
          1
          1
          1
          1
          1
          1
          1
          1
          1
          1
          1
          1
          1
          1
          1
          1
          1
          1
          1
          1
          1
          1
          1
          1
          1
          1
   0.999996
   0.997008
   0.997012
   0.999996
          1
          1
          1
          1
          1
          1
    0.99701
  0.0901061
  0.0900547
   0.997008
          1
          1
          1
          1
          1
          1
   0.997017
  0.0901506
  0.0899063
   0.997033
          1
          1
          1
          1
          1
          1
   0.999996
   0.997011
   0.997029
   0.999996
          1
          1
          1
          1
          1
          1
          1
          1
          1
          1
          1
          1
          1
          1
          1
          1
          1
          1
          1
          1
          1
          1
          1
          1
          1
          1
          1
          1
          1
          1
          1
          1
          1
          1
          1
          1
          1
          1
          1
          1
          1
          1
          1
          1
          1
          1
          1
          1
          1
          1
          1
          1
          1
          1
          1
          1
          1
   0.999789
   0.999788
          1
          1
          1
          1
          1
          1
          1
   0.982119
8.22109e-07
 8.2245e-07
   0.982139
          1
          1
          1
          1
          1
   0.999789
8.22126e-07
6.59754e-13
6.59844e-13
8.22564e-07
   0.999789
          1
          1
          1
          1
   0.999788
8.21814e-07
6.59273e-13
6.60672e-13
8.22724e-07
   0.999786
          1
          1
          1
          1
          1
   0.982063
8.21634e-07
8.22412e-07
   0.981921
          1
          1
          1
          1
          1
          1
          1
   0.999788
   0.999786
          1
          1
          1
          1
          1
          1
          1
          1
          1
          1
          1
          1
          1
          1
          1
          1
          1
          1
          1
          1
          1
          1
          1
          1
          1
          1
          1
          1
          1
          1
          1
          1
          1
          1
          1
          1
          1
   0.999996
   0.997182
   0.997186
   0.999996
          1
          1
          1
          1
          1
          1
   0.975494
7.89881e-07
7.89954e-07
   0.975578
          1
          1
          1
          1
   0.999996
    0.97544
1.11317e-05
1.70959e-06
1.71032e-06
1.11336e-05
   0.975413
   0.999996
          1
          1
   0.997187
7.89679e-07
1.70885e-06
  3.622e-05
 3.6211e-05
1.70934e-06
7.89721e-07
   0.997183
          1
          1
    0.99719
7.91023e-07
1.70972e-06
3.61638e-05
3.62038e-05
1.71187e-06
7.90536e-07
   0.997204
          1
          1
   0.999996
   0.975537
 1.1126e-05
1.71017e-06
1.71222e-06
1.10847e-05
   0.975109
   0.999996
          1
          1
          1
          1
   0.975583
7.91148e-07
7.90649e-07
   0.975136
          1
          1
          1
          1
          1
          1
   0.999996
   0.997184
   0.997198
   0.999996
          1
          1
          1
          1
          1
          1
          1
          1
          1
          1
          1
          1
          1
          1
          1
          1
          1
          1
          1
          1
          1
          1
          1
          1
          1
          1
   0.997324
   0.097329
  0.0972638
   0.997324
          1
          1
          1
          1
          1
   0.999804
 8.0561e-07
6.20861e-13
6.20935e-13
8.06062e-07
   0.999804
          1
          1
          1
   0.997328
8.05385e-07
1.65159e-06
3.49603e-05
3.49403e-05
1.65237e-06
 8.0571e-07
   0.997325
          1
          1
  0.0973534
6.20711e-13
3.49529e-05
   0.962163
   0.962167
3.49267e-05
6.20348e-13
  0.0973906
          1
          1
  0.0972768
6.21038e-13
  3.496e-05
   0.962164
   0.962162
3.49465e-05
6.21236e-13
  0.0972271
          1
          1
    0.99733
8.05331e-07
1.65266e-06
3.49719e-05
3.49637e-05
1.65382e-06
8.05724e-07
   0.997338
          1
          1
          1
   0.999803
8.05636e-07
6.21318e-13
6.21693e-13
8.06143e-07
   0.999802
          1
          1
          1
          1
          1
   0.997329
  0.0972234
  0.0971362
   0.997336
          1
          1
          1
          1
          1
          1
          1
          1
          1
          1
          1
          1
          1
          1
          1
          1
          1
          1
          1
          1
          1
          1
          1
          1
          1
          1
   0.997327
  0.0972767
  0.0972274
   0.997324
          1
          1
          1
          1
          1
   0.999803
8.05817e-07
6.21114e-13
6.21299e-13
8.05468e-07
   0.999804
          1
          1
          1
   0.997329
8.05345e-07
1.65186e-06
3.49654e-05
3.49757e-05
1.65194e-06
8.05121e-07
   0.997324
          1
          1
  0.0973735
6.20625e-13
3.49463e-05
   0.962162
   0.962165
3.49617e-05
6.20653e-13
  0.0973677
          1
          1
  0.0974084
6.20281e-13
3.49288e-05
   0.962167
   0.962163
3.49522e-05
6.20878e-13
  0.0973095
          1
          1
   0.997322
8.05572e-07
1.65164e-06
3.49411e-05
3.49603e-05
1.65224e-06
8.05483e-07
   0.997326
          1
          1
          1
   0.999805
8.05905e-07
6.20553e-13
6.21056e-13
8.05723e-07
   0.999804
          1
          1
          1
          1
          1
   0.997319
  0.0973579
  0.0972793
   0.997322
          1
          1
          1
          1
          1
          1
          1
          1
          1
          1
          1
          1
          1
          1
          1
          1
          1
          1
          1
          1
          1
          1
          1
          1
          1
          1
   0.999996
   0.997187
   0.997184
   0.999996
          1
          1
          1
          1
          1
          1
    0.97537
7.90027e-07
 7.9117e-07
   0.975696
          1
          1
          1
          1
   0.999996
    0.97534
1.11175e-05
1.71044e-06
1.70983e-06
1.11363e-05
   0.975549
   0.999996
          1
          1
   0.997193
7.89903e-07
1.71008e-06
3.62207e-05
3.61601e-05
1.70895e-06
7.90955e-07
   0.997184
          1
          1
   0.997184
7.89645e-07
1.70901e-06
3.62127e-05
3.62044e-05
1.70963e-06
7.90099e-07
   0.997193
          1
          1
   0.999996
   0.975487
1.11422e-05
1.70943e-06
1.71033e-06
1.11189e-05
   0.975309
   0.999996
          1
          1
          1
          1
   0.975537
7.89772e-07
7.90301e-07
   0.975361
          1
          1
          1
          1
          1
          1
   0.999996
    0.99718
   0.997187
   0.999996
          1
          1
          1
          1
          1
          1
          1
          1
          1
          1
          1
          1
          1
          1
          1
          1
          1
          1
          1
          1
          1
          1
          1
          1
          1
          1
          1
          1
          1
          1
          1
          1
          1
          1
          1
          1
          1
   0.999788
   0.999788
          1
          1
          1
          1
          1
          1
          1
   0.982134
8.22157e-07
8.21466e-07
   0.982152
          1
          1
          1
          1
          1
   0.999787
8.22513e-07
6.60354e-13
6.59098e-13
8.21595e-07
   0.999788
          1
          1
          1
          1
   0.999789
8.22481e-07
6.59722e-13
6.59894e-13
8.22172e-07
   0.999788
          1
          1
          1
          1
          1
   0.982199
8.22273e-07
8.22139e-07
   0.982047
          1
          1
          1
          1
          1
          1
          1
   0.999789
   0.999788
          1
          1
          1
          1
          1
          1
          1
          1
          1
          1
          1
          1
          1
          1
          1
          1
          1
          1
          1
          1
          1
          1
          1
          1
          1
          1
          1
          1
          1
          1
          1
          1
          1
          1
          1
          1
          1
          1
          1
          1
          1
          1
          1
          1
          1
          1
          1
          1
          1
          1
          1
          1
          1
          1
          1
          1
          1
   0.999996
   0.997016
   0.997012
   0.999996
          1
          1
          1
          1
          1
          1
    0.99702
   0.089988
  0.0901788
   0.997012
          1
          1
          1
          1
          1
          1
   0.997009
    0.09008
  0.0900583
   0.997019
          1
          1
          1
          1
          1
          1
   0.999996
   0.997008
   0.997017
   0.999996
          1
          1
          1
          1
          1
          1
          1
          1
          1
          1
          1
          1
          1
          1
          1
          1
          1
          1
          1
          1
          1
          1
          1
          1
          1
          1
          1
          1
          1
          1
          1
          1
          1
          1
          1
          1
          1
          1
          1
          1
          1
          1
          1
          1
          1
          1
          1
          1
          1
          1
          1
          1
          1
          1
          1
          1
          1
          1
          1
          1
          1
          1
          1
          1
          1
          1
          1
          1
          1
          1
          1
          1
          1
          1
          1
          1
          1
          1
          1
          1
          1
          1
          1
          1
          1
          1
          1
          1
          1
          1
          1
          1
          1
          1
          1
          1
          1
          1
          1
          1
          1
          1
          1
          1
          1
          1
          1
          1
          1
          1
          1
          1
          1
          1
          1
          1
          1
          1
          1
          1
          1
          1
          1
          1
          1
          1
          1
          1
          1
          1
          1
          1
          1
