          1
          1
          1
          1
          1
          1
          1
          1
          1
          1
          1
          1
          1
          1
          1
          1
          1
          1
          1
          1
          1
          1
          1
          1
          1
          1
          1
          1
          1
          1
          1
          1
          1
          1
          1
          1
          1
          1
          1
          1
          1
          1
          1
          1
          1
          1
          1
          1
          1
          1
          1
          1
          1
          1
          1
          1
          1
          1
          1
          1
          1
          1
          1
          1
          1
          1
          1
          1
          1
          1
          1
          1
          1
          1
          1
          1
          1
          1
          1
          1
          1
          1
          1
          1
          1
          1
          1
          1
          1
          1
          1
          1
          1
          1
          1
          1
          1
          1
          1
          1
          1
          1
          1
          1
          1
          1
          1
          1
          1
          1
          1
          1
          1
          1
          1
          1
          1
          1
          1
          1
          1
          1
          1
          1
          1
          1
          1
          1
          1
          1
          1
          1
          1
   0.999948
   0.980265
   0.980238
   0.999948
          1
          1
          1
          1
          1
          1
   0.980284
   0.027155
  0.0271365
   0.980252
          1
          1
          1
          1
          1
          1
   0.980263
  0.0271623
  0.0271364
   0.980284
          1
          1
          1
          1
          1
          1
   0.999948
   0.980249
   0.980275
   0.999948
          1
          1
          1
          1
          1
          1
          1
          1
          1
          1
          1
          1
          1
          1
          1
          1
          1
          1
          1
          1
          1
          1
          1
          1
          1
          1
          1
          1
          1
          1
          1
          1
          1
          1
          1
          1
          1
          1
          1
          1
          1
          1
          1
          1
          1
          1
          1
          1
          1
          1
          1
          1
          1
          1
          1
          1
   0.999998
   0.998792
   0.998797
   0.999998
          1
          1
          1
          1
          1
   0.999998
   0.833775
8.48977e-07
8.49297e-07
   0.833568
   0.999998
          1
          1
          1
          1
   0.998792
 8.4898e-07
2.08996e-12
2.09092e-12
8.49518e-07
   0.998799
          1
          1
          1
          1
   0.998797
 8.4928e-07
2.08872e-12
2.09155e-12
8.49278e-07
   0.998791
          1
          1
          1
          1
   0.999998
    0.83367
8.49196e-07
8.49126e-07
   0.833649
   0.999998
          1
          1
          1
          1
          1
   0.999998
   0.998795
   0.998787
   0.999998
          1
          1
          1
          1
          1
          1
          1
          1
          1
          1
          1
          1
          1
          1
          1
          1
          1
          1
          1
          1
          1
          1
          1
          1
          1
          1
          1
          1
          1
          1
          1
          1
          1
          1
          1
          1
   0.999951
    0.98133
   0.981301
   0.999951
          1
          1
          1
          1
          1
   0.999999
   0.848215
8.12636e-07
8.11801e-07
   0.848266
   0.999999
          1
          1
          1
   0.999951
   0.848403
1.57871e-05
4.46222e-06
4.46025e-06
 1.5819e-05
   0.848493
   0.999951
          1
          1
    0.98136
8.12348e-07
4.46009e-06
6.45735e-05
6.46049e-05
4.45804e-06
8.11485e-07
   0.981333
          1
          1
   0.981333
 8.1222e-07
4.45964e-06
6.45594e-05
6.46014e-05
4.46039e-06
8.12046e-07
   0.981361
          1
          1
   0.999951
   0.848311
1.58046e-05
4.46228e-06
 4.4634e-06
1.57805e-05
   0.848451
   0.999951
          1
          1
          1
   0.999999
    0.84801
8.12559e-07
8.12413e-07
   0.848109
   0.999999
          1
          1
          1
          1
          1
   0.999951
    0.98131
   0.981337
   0.999951
          1
          1
          1
          1
          1
          1
          1
          1
          1
          1
          1
          1
          1
          1
          1
          1
          1
          1
          1
          1
          1
          1
          1
          1
          1
          1
   0.982219
   0.029525
  0.0295596
    0.98218
          1
          1
          1
          1
          1
   0.998852
8.24831e-07
1.91707e-12
1.91422e-12
8.25037e-07
   0.998863
          1
          1
          1
   0.982235
8.24531e-07
 4.2923e-06
6.23784e-05
6.23287e-05
4.28962e-06
8.24502e-07
   0.982197
          1
          1
  0.0295496
1.91542e-12
6.23606e-05
   0.961622
   0.961629
6.22972e-05
1.91213e-12
    0.02959
          1
          1
  0.0295634
1.91375e-12
6.23132e-05
   0.961631
   0.961621
6.23507e-05
1.91483e-12
  0.0295599
          1
          1
   0.982217
8.24711e-07
4.29303e-06
6.23395e-05
6.23818e-05
  4.293e-06
8.24545e-07
   0.982241
          1
          1
          1
   0.998854
 8.2514e-07
 1.9161e-12
 1.9181e-12
 8.2506e-07
   0.998849
          1
          1
          1
          1
          1
   0.982206
  0.0295275
  0.0295088
   0.982232
          1
          1
          1
          1
          1
          1
          1
          1
          1
          1
          1
          1
          1
          1
          1
          1
          1
          1
          1
          1
          1
          1
          1
          1
          1
          1
   0.982233
   0.029511
  0.0295287
   0.982209
          1
          1
          1
          1
          1
   0.998849
8.25288e-07
1.91788e-12
1.91602e-12
8.25232e-07
   0.998854
          1
          1
          1
   0.982245
8.24754e-07
4.29393e-06
6.23679e-05
6.23341e-05
4.29341e-06
8.24806e-07
   0.982222
          1
          1
  0.0295559
1.91495e-12
6.23361e-05
   0.961621
    0.96163
6.23083e-05
1.91393e-12
    0.02956
          1
          1
  0.0296036
1.91145e-12
6.22996e-05
   0.961627
   0.961622
6.23537e-05
1.91499e-12
   0.029557
          1
          1
   0.982189
8.24397e-07
4.28809e-06
6.23302e-05
6.23719e-05
4.29217e-06
  8.246e-07
   0.982227
          1
          1
          1
   0.998866
8.24912e-07
1.91371e-12
1.91686e-12
  8.249e-07
   0.998855
          1
          1
          1
          1
          1
   0.982173
  0.0295699
  0.0295283
   0.982213
          1
          1
          1
          1
          1
          1
          1
          1
          1
          1
          1
          1
          1
          1
          1
          1
          1
          1
          1
          1
          1
          1
          1
          1
          1
          1
   0.999951
   0.981341
   0.981316
   0.999951
          1
          1
          1
          1
          1
   0.999999
   0.848213
8.12076e-07
8.12234e-07
   0.848153
   0.999999
          1
          1
          1
   0.999951
   0.848504
1.57723e-05
4.46371e-06
4.46253e-06
1.57954e-05
     0.8484
   0.999951
          1
          1
   0.981373
 8.1172e-07
4.46091e-06
 6.4626e-05
6.45863e-05
4.46012e-06
8.11911e-07
   0.981345
          1
          1
   0.981321
 8.1088e-07
4.45562e-06
6.46401e-05
6.45988e-05
4.45938e-06
8.11959e-07
   0.981348
          1
          1
   0.999951
   0.848515
1.58309e-05
4.45812e-06
4.46177e-06
1.57931e-05
   0.848518
   0.999951
          1
          1
          1
   0.999999
   0.848267
8.11216e-07
8.12262e-07
   0.848264
   0.999999
          1
          1
          1
          1
          1
   0.999951
   0.981294
   0.981328
   0.999951
          1
          1
          1
          1
          1
          1
          1
          1
          1
          1
          1
          1
          1
          1
          1
          1
          1
          1
          1
          1
          1
          1
          1
          1
          1
          1
          1
          1
          1
          1
          1
          1
          1
          1
          1
          1
   0.999998
   0.998786
   0.998793
   0.999998
          1
          1
          1
          1
          1
   0.999998
    0.83371
8.49392e-07
8.49366e-07
   0.833691
   0.999998
          1
          1
          1
          1
   0.998789
8.49572e-07
2.09247e-12
2.09016e-12
8.49465e-07
   0.998794
          1
          1
          1
          1
   0.998802
8.49402e-07
 2.0908e-12
2.09062e-12
8.49086e-07
   0.998795
          1
          1
          1
          1
   0.999998
   0.833595
8.49224e-07
  8.491e-07
   0.833799
   0.999998
          1
          1
          1
          1
          1
   0.999998
     0.9988
   0.998792
   0.999998
          1
          1
          1
          1
          1
          1
          1
          1
          1
          1
          1
          1
          1
          1
          1
          1
          1
          1
          1
          1
          1
          1
          1
          1
          1
          1
          1
          1
          1
          1
          1
          1
          1
          1
          1
          1
          1
          1
          1
          1
          1
          1
          1
          1
          1
          1
          1
          1
          1
          1
          1
          1
          1
          1
          1
          1
   0.999948
   0.980279
   0.980255
   0.999948
          1
          1
          1
          1
          1
          1
   0.980295
  0.0271258
  0.0271449
   0.980272
          1
          1
          1
          1
          1
          1
   0.980241
  0.0271433
  0.0271488
   0.980272
          1
          1
          1
          1
          1
          1
   0.999948
   0.980227
   0.980262
   0.999948
          1
          1
          1
          1
          1
          1
          1
          1
          1
          1
          1
          1
          1
          1
          1
          1
          1
          1
          1
          1
          1
          1
          1
          1
          1
          1
          1
          1
          1
          1
          1
          1
          1
          1
          1
          1
          1
          1
          1
          1
          1
          1
          1
          1
          1
          1
          1
          1
          1
          1
          1
          1
          1
          1
          1
          1
          1
          1
          1
          1
          1
          1
          1
          1
          1
          1
          1
          1
          1
          1
          1
          1
          1
          1
          1
          1
          1
          1
          1
          1
          1
          1
          1
          1
          1
          1
          1
          1
          1
          1
          1
          1
          1
          1
          1
          1
          1
          1
          1
          1
          1
          1
          1
          1
          1
          1
          1
          1
          1
          1
          1
          1
          1
          1
          1
          1
          1
          1
          1
          1
          1
          1
          1
          1
          1
          1
          1
          1
          1
          1
          1
          1
          1
