1.496695546004696101e-05
3.207552083390551831e-05
5.344127854539790711e-05
8.136110679409544032e-05
1.184679887064845249e-04
1.678432120778478357e-04
2.330921761131238507e-04
3.183726015566914298e-04
4.283774348091240036e-04
5.682595291836009055e-04
7.434819177787691533e-04
9.595928918137257291e-04
1.221920021664290408e-03
1.535184882944318771e-03
1.903056516511543146e-03
2.327664577928960452e-03
2.809108821974846525e-03
3.344996972883317130e-03
3.930072839918585803e-03
4.555972596354005387e-03
5.211169403430814667e-03
5.881127829964694943e-03
6.548704663530070108e-03
7.194781295189331231e-03
7.799120683580137471e-03
8.341381172332899829e-03
8.802242988247690331e-03
9.164543280723665489e-03
9.414333673770708052e-03
9.541772588882425910e-03
9.541772662270481958e-03
9.414333372105199507e-03
9.164544592881114157e-03
8.802244884979736061e-03
8.341382454325403303e-03
7.799120886912440723e-03
7.194780197530432561e-03
6.548702740864344694e-03
5.881127039017619747e-03
5.211169539724241732e-03
4.555973561918178275e-03
3.930072742303415516e-03
3.344996585718308744e-03
2.809107111258509707e-03
2.327662506321799465e-03
1.903054720680579827e-03
1.535184271688422829e-03
1.221920185165081656e-03
9.595931265902734328e-04
7.434820515519731474e-04
5.682590270710262967e-04
4.283770427764139435e-04
3.183724486561627116e-04
2.330940908718091972e-04
1.678451668781945480e-04
1.184697811157683602e-04
8.136179072320796218e-05
5.344196391908108835e-05
3.207670715683169063e-05
1.496715093222982621e-05
3.207571786726149847e-05
6.874229923420239888e-05
1.145326755728411794e-04
1.743684744544177787e-04
2.538939725012999112e-04
3.597125301024543787e-04
4.995492159870108936e-04
6.823153435264239569e-04
9.180708571304076627e-04
1.217857144327469171e-03
1.593382541878013122e-03
2.056538219366268756e-03
2.618740714935796805e-03
3.290108201586406777e-03
4.078505038717137633e-03
4.988498391952382073e-03
6.020299581430772241e-03
7.168781368397311726e-03
8.422677278348342580e-03
9.764065762985184305e-03
1.116824070992821459e-02
1.260405169323378788e-02
1.403475836667291907e-02
1.541938921281008762e-02
1.671456995756460603e-02
1.787670762387711179e-02
1.886439755592556056e-02
1.964085545644653208e-02
2.017618996593915914e-02
2.044931009915425951e-02
2.044930997235969508e-02
2.017618973388149786e-02
1.964085777257263896e-02
1.886440095175974732e-02
1.787671063360449578e-02
1.671457077234698996e-02
1.541938829965887499e-02
1.403475611192178327e-02
1.260405026239922593e-02
1.116824107168280615e-02
9.764067005563797225e-03
8.422677824560959384e-03
7.168780570386617743e-03
6.020297960934055392e-03
4.988496943777573703e-03
4.078503625045887260e-03
3.290107385755212943e-03
2.618740501749647082e-03
2.056538006481923621e-03
1.593381136416638887e-03
1.217855129328677217e-03
9.180689999219420871e-04
6.823146674543765448e-04
4.995498884975167276e-04
3.597137243514491592e-04
2.538950301141264373e-04
1.743695540829289360e-04
1.145340915060115606e-04
6.874438247833054665e-05
3.207711807889733870e-05
5.344151112257261647e-05
1.145322983338252075e-04
1.908230208181007281e-04
2.905154847684734976e-04
4.230114600236462843e-04
5.993153546162575864e-04
8.322972024653638818e-04
1.136802667400800765e-03
1.529593357132549760e-03
2.029066552925532559e-03
2.654729427681143741e-03
3.426391974533728440e-03
4.363074867993556143e-03
5.481637032254387670e-03
6.795181962502751943e-03
8.311318391544661108e-03
1.003039883850550748e-02
1.194388122229791786e-02
1.403299349700660829e-02
1.626787529799096632e-02
1.860736443062121007e-02
2.099956420242340624e-02
2.338325955095146846e-02
2.569018965144020256e-02
2.784808533258117252e-02
2.978431880316957311e-02
3.142990521049315172e-02
3.272355914532629195e-02
3.361547673043203954e-02
3.407052055704593713e-02
3.407052041492123623e-02
3.361547705448433149e-02
3.272356136803621085e-02
3.142990933134644227e-02
2.978432237881171660e-02
2.784808626548259183e-02
2.569018899077400719e-02
2.338325830101615002e-02
2.099956341636066703e-02
1.860736512667540699e-02
1.626787641256149941e-02
1.403299472082462918e-02
1.194388179899887568e-02
1.003039836531635989e-02
8.311317726997212788e-03
6.795181340995533857e-03
5.481636907693759365e-03
4.363074633250378989e-03
3.426391074949082082e-03
2.654727410981061637e-03
2.029064249244814586e-03
1.529590944947671486e-03
1.136801607491425004e-03
8.322971437930359265e-04
5.993164146018664217e-04
4.230113326145955809e-04
2.905159222082459450e-04
1.908247414266604650e-04
1.145346823139747411e-04
5.344348897993557917e-05
8.136146589641207575e-05
1.743686378018962800e-04
2.905145843196890059e-04
4.422884764007103757e-04
6.440034384958486608e-04
9.124132829381730470e-04
1.267109316276889431e-03
1.730695230271011653e-03
2.328687838956852631e-03
3.089097846371917713e-03
4.041622862459419777e-03
5.216422385112614614e-03
6.642451732179638704e-03
8.345377494572873284e-03
1.034514960431860177e-02
1.265335211582344771e-02
1.527052126988312671e-02
1.818365333559291905e-02
2.136416863800437785e-02
2.476660673050912892e-02
2.832830092787479853e-02
3.197024350814705457e-02
3.559923988474947287e-02
3.911136596364694212e-02
4.239659904681587765e-02
4.534436892531337748e-02
4.784964920449586573e-02
4.981913792336171293e-02
5.117701316501783310e-02
5.186978235262493936e-02
5.186978179146761736e-02
5.117701261393139966e-02
4.981913847457843797e-02
4.784965127330470525e-02
4.534437065242595544e-02
4.239659963084101146e-02
3.911136530748349216e-02
3.559923893285580482e-02
3.197024351461649760e-02
2.832830105296162485e-02
2.476660673065866208e-02
2.136416952836374394e-02
1.818365448396564235e-02
1.527052220852440773e-02
1.265335255458351939e-02
1.034514968801798947e-02
8.345378045800811578e-03
6.642452259023096453e-03
5.216422834066250167e-03
4.041622452529663838e-03
3.089097007863459299e-03
2.328687749450150668e-03
1.730695330244190261e-03
1.267110018480615370e-03
9.124140767578404901e-04
6.440041114489898980e-04
4.422890306004508367e-04
2.905162394893240916e-04
1.743703021887063761e-04
8.136276068887716127e-05
1.184681488187477486e-04
2.538936760762511790e-04
4.230113802146277867e-04
6.440036758939245761e-04
9.377143346415227993e-04
1.328538553227717961e-03
1.844999995675055370e-03
2.520012163465073802e-03
3.390729778028691264e-03
4.497938607090756075e-03
5.884881143910456261e-03
7.595471348599158561e-03
9.671869222880460221e-03
1.215144724240414635e-02
1.506325291882627121e-02
1.842415515949856822e-02
2.223493404475273064e-02
2.647665530101503059e-02
3.110770580724037809e-02
3.606189080226088889e-02
4.124796378048286444e-02
4.655088404572831767e-02
5.183495320418180646e-02
5.694885210267505021e-02
6.173237915325656411e-02
6.602453601592456200e-02
6.967239769204491839e-02
7.254010852407799526e-02
7.451726773140766868e-02
7.552598751322582571e-02
7.552598711162437917e-02
7.451726749926083915e-02
7.254010890544904111e-02
6.967239878014462595e-02
6.602453634367407009e-02
6.173237821094720856e-02
5.694884998533846637e-02
5.183495216917325538e-02
4.655088340508037326e-02
4.124796223654899480e-02
3.606188915855246951e-02
3.110770588201600129e-02
2.647665633903671309e-02
2.223493471869687765e-02
1.842415504171873025e-02
1.506325258946134699e-02
1.215144736694121451e-02
9.671869960860772497e-03
7.595472523051707663e-03
5.884882040452455755e-03
4.497939362207096191e-03
3.390730601142193969e-03
2.520012619901626852e-03
1.845000833772263323e-03
1.328538970020887817e-03
9.377157023809500492e-04
6.440047220609577874e-04
4.230132459216800166e-04
2.538951637531735857e-04
1.184694262839027559e-04
1.678436618321357658e-04
3.597122081036942579e-04
5.993161710595444787e-04
9.124142229288040610e-04
1.328538287408638973e-03
1.882250448993587344e-03
2.613964580360879451e-03
3.570308399854020889e-03
4.803925316850186401e-03
6.372599589874460534e-03
8.337595334530135960e-03
1.076112902807706620e-02
1.370293254090883782e-02
1.721595497886112963e-02
2.134134898099400088e-02
2.610301435427524880e-02
3.150205811666443451e-02
3.751165387973522808e-02
4.407284310429244317e-02
5.109184359781144408e-02
5.843937972837617151e-02
6.595246239817086076e-02
7.343883748518266474e-02
8.068411859831044197e-02
8.746133580360511417e-02
9.354238760313175749e-02
9.871061312964093948e-02
1.027735350241647111e-01
1.055747386932224113e-01
1.070038746911130267e-01
1.070038744573895140e-01
1.055747393940796031e-01
1.027735360530510483e-01
9.871061441525383340e-02
9.354238722760167823e-02
8.746133297083383273e-02
8.068411569039272979e-02
7.343883635868966864e-02
6.595246106904383010e-02
5.843937841495472352e-02
5.109184229145286721e-02
4.407284307546155411e-02
3.751165455258814035e-02
3.150205882207172958e-02
2.610301411094877178e-02
2.134134743335224654e-02
1.721595375389084817e-02
1.370293324187065766e-02
1.076112980768438587e-02
8.337595492304679390e-03
6.372600037763779049e-03
4.803926358445250074e-03
3.570308744014903841e-03
2.613963851971925698e-03
1.882250199828072517e-03
1.328539147492881515e-03
9.124149536854457825e-04
5.993172797415228419e-04
3.597135567648371995e-04
1.678452409306016308e-04
2.330915143848644232e-04
4.995486507667412169e-04
8.322974523539720601e-04
1.267109856608045334e-03
1.845000731627346449e-03
2.613964384159249421e-03
3.630128402627213081e-03
4.958245628376003154e-03
6.671424219023210610e-03
8.849911457812253621e-03
1.157878714504254232e-02
1.494445638435025481e-02
1.902986995637634404e-02
2.390855877526041479e-02
2.963767609818684923e-02
3.625041146294525479e-02
4.374830242414484704e-02
5.209409412450468485e-02
6.120590756239534247e-02
7.095350185929509557e-02
8.115734955596103084e-02
9.159109982129000349e-02
1.019877610722343952e-01
1.120496033984412498e-01
1.214614254196923482e-01
1.299064523053133080e-01
1.370837975465047931e-01
1.427261564454427312e-01
1.466163118424995138e-01
1.486010159344981207e-01
1.486010160294161109e-01
1.466163119082169453e-01
1.427261569021947285e-01
1.370837984459237491e-01
1.299064527582801942e-01
1.214614238027734022e-01
1.120496011327410391e-01
1.019877601484242419e-01
9.159109953611518917e-02
8.115734909737751246e-02
7.095350186977074369e-02
6.120590810923133562e-02
5.209409516586397532e-02
4.374830320649645415e-02
3.625041076465294887e-02
2.963767380834594553e-02
2.390855678556109282e-02
1.902986925964847073e-02
1.494445627431293354e-02
1.157878734103414547e-02
8.849911366760429554e-03
6.671424365722983599e-03
4.958245145158267364e-03
3.630127209012684250e-03
2.613964679492507270e-03
1.845001193838924271e-03
1.267110911912529541e-03
8.322984948289958995e-04
4.995497499203620934e-04
2.330931566523067669e-04
3.183713401461082926e-04
6.823136197669015749e-04
1.136802050335293784e-03
1.730694743238420314e-03
2.520012545897627309e-03
3.570309088202574827e-03
4.958246565339796165e-03
6.772269233667056222e-03
9.112231766744393821e-03
1.208773891642257042e-02
1.581500153481412915e-02
2.041203475977372214e-02
2.599213845716047411e-02
3.265574522399674467e-02
4.048091682085478565e-02
4.951298892558743392e-02
5.975405958013493835e-02
7.115324262343322714e-02
8.359870407215475030e-02
9.691255238477887446e-02
1.108495794398648843e-01
1.251006218036590234e-01
1.393010063101096374e-01
1.530440747539551505e-01
1.658993075984263321e-01
1.774340341293815515e-01
1.872372830354923634e-01
1.949439556687722619e-01
2.002573636893487941e-01
2.029681909636316950e-01
2.029681905669266928e-01
2.002573628131022465e-01
1.949439550336487526e-01
1.872372829376345027e-01
1.774340341454182512e-01
1.658993066844902109e-01
1.530440739690288598e-01
1.393010059458084648e-01
1.251006224728863636e-01
1.108495795820382546e-01
9.691255257611459950e-02
8.359870387629367294e-02
7.115324352103653827e-02
5.975406000037952747e-02
4.951298797974557075e-02
4.048091527048911648e-02
3.265574250758213060e-02
2.599213733461052528e-02
2.041203471244214598e-02
1.581500247998267675e-02
1.208773960096958151e-02
9.112231563534786694e-03
6.772268288768880894e-03
4.958245403085580552e-03
3.570309910996577896e-03
2.520013531592018869e-03
1.730696333308257397e-03
1.136803012351980148e-03
6.823149992426250044e-04
3.183724848567073351e-04
4.283757913010409588e-04
9.180681495258283167e-04
1.529591193460065526e-03
2.328687173407885131e-03
3.390729678189361752e-03
4.803926512354743730e-03
6.671425748128586783e-03
9.112232259230291370e-03
1.226070200200385894e-02
1.626431003294858887e-02
2.127942162970861487e-02
2.746482817036182550e-02
3.497297643750445911e-02
4.393900107470385952e-02
5.446793723760603306e-02
6.662078298508690433e-02
8.040036346191774264e-02
9.573820843060580621e-02
1.124838426315143136e-01
1.303979088966686906e-01
1.491504763369367326e-01
1.683255583420249224e-01
1.874324793146457391e-01
2.059240720585707174e-01
2.232210614227425616e-01
2.387412822689352343e-01
2.519317634034333175e-01
2.623012556910819248e-01
2.694505596154688210e-01
2.730980365341642568e-01
2.730980363903992569e-01
2.694505593185430592e-01
2.623012552795553343e-01
2.519317628747160254e-01
2.387412819772508910e-01
2.232210602118923359e-01
2.059240710091199966e-01
1.874324790313700861e-01
1.683255588441719131e-01
1.491504764670409100e-01
1.303979090190971468e-01
1.124838423226078299e-01
9.573820992790078865e-02
8.040036524550757402e-02
6.662078396005868819e-02
5.446793581918435434e-02
4.393899910063994024e-02
3.497297576837816308e-02
2.746482788028009950e-02
2.127942281157706172e-02
1.626431078471837072e-02
1.226070161598530675e-02
9.112230648828387528e-03
6.671424394386687821e-03
4.803926555143921313e-03
3.390730508373845410e-03
2.328688022869682909e-03
1.529591917412912632e-03
9.180693945424515338e-04
4.283766877674941671e-04
5.682580144290323839e-04
1.217855075349578249e-03
2.029064191270904191e-03
3.089096918124833481e-03
4.497938437171286954e-03
6.372600104773138048e-03
8.849912356931131929e-03
1.208774064266722285e-02
1.626431140008026063e-02
2.157525807950260929e-02
2.822800312601467243e-02
3.643319136131090846e-02
4.639305036688889938e-02
5.828683993197975727e-02
7.225389424979955511e-02
8.837513066242530524e-02
1.066542952529002802e-01
1.270005596875518339e-01
1.492143124728649017e-01
1.729780371929590943e-01
1.978540662719187326e-01
2.232905787282448706e-01
2.486366725982042114e-01
2.731665097891940452e-01
2.961116573435260135e-01
3.166998502847839791e-01
3.341975494527259505e-01
3.479530954913764851e-01
3.574369332652366227e-01
3.622754577405349896e-01
3.622754582754589281e-01
3.574369342897922852e-01
3.479530963432738155e-01
3.341975496200563223e-01
3.166998490137737932e-01
2.961116552318927564e-01
2.731665076401723069e-01
2.486366724660398486e-01
2.232905795284882700e-01
1.978540667086203797e-01
1.729780367687650533e-01
1.492143120795536293e-01
1.270005614366047642e-01
1.066542974824668949e-01
8.837513280832413887e-02
7.225389493252144801e-02
5.828683863192721942e-02
4.639304882898145910e-02
3.643319111972376234e-02
2.822800372017013337e-02
2.157525819303432804e-02
1.626430986342844096e-02
1.208773747571932101e-02
8.849909501184079902e-03
6.372598650719718712e-03
4.497938053380067663e-03
3.089096470241222206e-03
2.029064532778973844e-03
1.217855567041155242e-03
5.682585644301844279e-04
7.434813951714214567e-04
1.593381792210732178e-03
2.654728066277708010e-03
4.041622194525483318e-03
5.884880794836844231e-03
8.337595102330817159e-03
1.157878758038624611e-02
1.581500296389126703e-02
2.127942275691242086e-02
2.822800416956167124e-02
3.693212832060821516e-02
4.766739226096551596e-02
6.069837974060011965e-02
7.625962773908390169e-02
9.453343409319123203e-02
1.156256655752135737e-01
1.395412228029316026e-01
1.661612725828942871e-01
1.952246497527274915e-01
2.263159362453487644e-01
2.588625053323913572e-01
2.921423843459445280e-01
3.253039642573309354e-01
3.573975934853963476e-01
3.874178944641388234e-01
4.143544715651265586e-01
4.372475986196698861e-01
4.552446773651243062e-01
4.676528639920805031e-01
4.739833509124581346e-01
4.739833513879499471e-01
4.676528649957483186e-01
4.552446781280088950e-01
4.372475990122162703e-01
4.143544695513436404e-01
3.874178908316531778e-01
3.573975909161229425e-01
3.253039633548239773e-01
2.921423847862173462e-01
2.588625061581532605e-01
2.263159357104475855e-01
1.952246494599714222e-01
1.661612731580974223e-01
1.395412250667736054e-01
1.156256672105075711e-01
9.453343547772283251e-02
7.625962763102757391e-02
6.069837877668447096e-02
4.766739119446244954e-02
3.693212710570696611e-02
2.822800245305864819e-02
2.127942055587669218e-02
1.581500000592067634e-02
1.157878591023928788e-02
8.337594009709133058e-03
5.884880320495089988e-03
4.041621913964531243e-03
2.654727980771143941e-03
1.593381415072499642e-03
7.434812906911167319e-04
9.595931630154085849e-04
2.056538304795392600e-03
3.426391970665341492e-03
5.216422707755012655e-03
7.595471631716088634e-03
1.076112902098710737e-02
1.494445586417658504e-02
2.041203453332083098e-02
2.746482781233540102e-02
3.643319157938574443e-02
4.766739188501533525e-02
6.152313361095787525e-02
7.834190990437350788e-02
9.842643233516636114e-02
1.220119863503506680e-01
1.492352126713445970e-01
1.801024361382183581e-01
2.144602808067344324e-01
2.519716691150175603e-01
2.921004307052021964e-01
3.341074894172024190e-01
3.770610122769514350e-01
4.198618503978491234e-01
4.612843111831336773e-01
5.000307780965614901e-01
5.347971582337958107e-01
5.643447574895268382e-01
5.875731461685504975e-01
6.035880891612908083e-01
6.117586945200953474e-01
6.117586941291981439e-01
6.035880891972752460e-01
5.875731465532192388e-01
5.643447565679338140e-01
5.347971559528201801e-01
5.000307741932031869e-01
4.612843079455595796e-01
4.198618494629839937e-01
3.770610121372783285e-01
3.341074886852665182e-01
2.921004299187905384e-01
2.519716693562382148e-01
2.144602804607806945e-01
1.801024369977453354e-01
1.492352133123339974e-01
1.220119872084918650e-01
9.842643244071895559e-02
7.834190973829148474e-02
6.152313245821419002e-02
4.766739046739662533e-02
3.643318976288121430e-02
2.746482614524891133e-02
2.041203276669791358e-02
1.494445479039078692e-02
1.076112890775919595e-02
7.595472376236471479e-03
5.216422744273679218e-03
3.426391888157193609e-03
2.056537973941075133e-03
9.595927663334814783e-04
1.221920420944192735e-03
2.618740863874862313e-03
4.363075472304195866e-03
6.642452178436011705e-03
9.671869858802091546e-03
1.370293313188192773e-02
1.902986969746978466e-02
2.599213694917357556e-02
3.497297491584480666e-02
4.639304956533933655e-02
6.069837949221679879e-02
7.834190969780902014e-02
9.975848870448808525e-02
1.253335806348688519e-01
1.553667939066814274e-01
1.900321213614933058e-01
2.293376167402090826e-01
2.730879749663745470e-01
3.208539726379709967e-01
3.719528617825484940e-01
4.254435247463284053e-01
4.801393887918407044e-01
5.346408291856328265e-01
5.873870806704682979e-01
6.367257936357245685e-01
6.809963710512738633e-01
7.186214922038303143e-01
7.481999011229706342e-01
7.685929008573393340e-01
7.789971309101358932e-01
7.789971310869870935e-01
7.685929010178244036e-01
7.481999012124070925e-01
7.186214910159434144e-01
6.809963685307378611e-01
6.367257903221494875e-01
5.873870787541151106e-01
5.346408280489297615e-01
4.801393883519709527e-01
4.254435233337235389e-01
3.719528599905126409e-01
3.208539718972617805e-01
2.730879744565518630e-01
2.293376157592920683e-01
1.900321202769344187e-01
1.553667934215668400e-01
1.253335800043491044e-01
9.975848790674096689e-02
7.834190884822338219e-02
6.069837744361031989e-02
4.639304755091434862e-02
3.497297303970509780e-02
2.599213563273054459e-02
1.902986768967614845e-02
1.370293245680785123e-02
9.671870474477404361e-03
6.642453072492197561e-03
4.363075636565304054e-03
2.618740980426618840e-03
1.221920248946317591e-03
1.535185015975398196e-03
3.290108229132514099e-03
5.481637753504647707e-03
8.345377618026653468e-03
1.215144753358347526e-02
1.721595500101718787e-02
2.390855854902991517e-02
3.265574377523429439e-02
4.393899983677600901e-02
5.828683923451056376e-02
7.625962725839333101e-02
9.842643160654150625e-02
1.253335804426869982e-01
1.574653592433975791e-01
1.951981902658459500e-01
2.387506701952954169e-01
2.881329187221166044e-01
3.430995605597028653e-01
4.031113310810431893e-01
4.673104462189511255e-01
5.345145135523141633e-01
6.032327605381533342e-01
6.717067395673935737e-01
7.379755512011175744e-01
7.999632333178040566e-01
8.555834631256298284e-01
9.028545408508025227e-01
9.400159689314434575e-01
9.656371246442441159e-01
9.787086873089660966e-01
9.787086868564697228e-01
9.656371234947572768e-01
9.400159684921490788e-01
9.028545401632073197e-01
8.555834616916297986e-01
7.999632320672409591e-01
7.379755506374431340e-01
6.717067384263825103e-01
6.032327590865463884e-01
5.345145110010678380e-01
4.673104440819008110e-01
4.031113297432000198e-01
3.430995599268251706e-01
2.881329169791309597e-01
2.387506682232481692e-01
1.951981884037220505e-01
1.574653581711588091e-01
1.253335785148934345e-01
9.842642939192405849e-02
7.625962533707249247e-02
5.828683722865133504e-02
4.393899728994647702e-02
3.265574098021404442e-02
2.390855569997954802e-02
1.721595386968926070e-02
1.215144760529857787e-02
8.345378976284536371e-03
5.481637704772093257e-03
3.290107753283625595e-03
1.535184193158864755e-03
1.903055930752596157e-03
4.078505306780696830e-03
6.795182520029936953e-03
1.034514916737899054e-02
1.506325238388613735e-02
2.134134915099657887e-02
2.963767549280680799e-02
4.048091650298941274e-02
5.446793718613032742e-02
7.225389480820897103e-02
9.453343462500053695e-02
1.220119865969313822e-01
1.553667937919370745e-01
1.951981893155597947e-01
2.419727952968854789e-01
2.959615929561176806e-01
3.571771231579685679e-01
4.253152140956919514e-01
4.997073799006173656e-01
5.792902868989068255e-01
6.625982111475644531e-01
7.477831536987168404e-01
8.326652943727238521e-01
9.148138517998936070e-01
9.916554093042019291e-01
1.060603705664030283e+00
1.119202174830272289e+00
1.165268456956642940e+00
1.197029113395372546e+00
1.213232965270093278e+00
1.213232964528216717e+00
1.197029111299263704e+00
1.165268455517633361e+00
1.119202173653532029e+00
1.060603704966863958e+00
9.916554101810119981e-01
9.148138529203732050e-01
8.326652938024421413e-01
7.477831520600408677e-01
6.625982089993665003e-01
5.792902850607513088e-01
4.997073789170809466e-01
4.253152145603350531e-01
3.571771236542922168e-01
2.959615920021782531e-01
2.419727945549235149e-01
1.951981885159850827e-01
1.553667917987829328e-01
1.220119837676996305e-01
9.453343242302877925e-02
7.225389286876264527e-02
5.446793444364810000e-02
4.048091290929897029e-02
2.963767271853921803e-02
2.134134698206940559e-02
1.506325262641220429e-02
1.034514989160045112e-02
6.795182052805336798e-03
4.078504417885233518e-03
1.903054921821587106e-03
2.327664536591773740e-03
4.988498822882957151e-03
8.311318791608388046e-03
1.265335171239124167e-02
1.842415365542015085e-02
2.610301471466048434e-02
3.625041250158754502e-02
4.951298926574243531e-02
6.662078381615531286e-02
8.837513208497148331e-02
1.156256674465915429e-01
1.492352143541823273e-01
1.900321212884746314e-01
2.387506695170000803e-01
2.959615922565511648e-01
3.619963309995796741e-01
4.368702270171233581e-01
5.202112406050527493e-01
6.112017326711256526e-01
7.085411201688535110e-01
8.104366488855059281e-01
9.146279952727590645e-01
1.018448979060172066e+00
1.118926465095621881e+00
1.212912855876250973e+00
1.297244847801321876e+00
1.368917765276038701e+00
1.425262323487269889e+00
1.464109395321480989e+00
1.483928638875780859e+00
1.483928638117441023e+00
1.464109393111583834e+00
1.425262322008722160e+00
1.368917763835333146e+00
1.297244846263649887e+00
1.212912856534231976e+00
1.118926466440729905e+00
1.018448979736661597e+00
9.146279947640402197e-01
8.104366477596944840e-01
7.085411181127743152e-01
6.112017315897930736e-01
5.202112416225763702e-01
4.368702286818553215e-01
3.619963317368469768e-01
2.959615922205526273e-01
2.387506692593463486e-01
1.900321192165345119e-01
1.492352100984195296e-01
1.156256638128249636e-01
8.837512977207825915e-02
6.662078166148484304e-02
4.951298550716246027e-02
3.625040876945027912e-02
2.610301271239788556e-02
1.842415375617833043e-02
1.265335125346892312e-02
8.311318874800504436e-03
4.988497780803945528e-03
2.327663430041022104e-03
2.809108897187889350e-03
6.020300154936949685e-03
1.003039920848134738e-02
1.527052101344218357e-02
2.223493361073362526e-02
3.150205944392859420e-02
4.374830459326879001e-02
5.975406049954357091e-02
8.040036393505758938e-02
1.066542970764679660e-01
1.395412254271432562e-01
1.801024376565467378e-01
2.293376167215190609e-01
2.881329173646998698e-01
3.571771229107947310e-01
4.368702273706020489e-01
5.272307449737992924e-01
6.278096851930226041e-01
7.376202915468952348e-01
8.550929743560058416e-01
9.780641732681614187e-01
1.103806047757441844e+00
1.229100955801584405e+00
1.350360810026619784e+00
1.463786976556964659e+00
1.565561865379688333e+00
1.652059326909943726e+00
1.720057971391731888e+00
1.766940018104443455e+00
1.790858597084725057e+00
1.790858596576454964e+00
1.766940017177082156e+00
1.720057970403646497e+00
1.652059324525462669e+00
1.565561862367134349e+00
1.463786975098499310e+00
1.350360810756132457e+00
1.229100957075471179e+00
1.103806048125998363e+00
9.780641729315672217e-01
8.550929732615540901e-01
7.376202907788614871e-01
6.278096865382113423e-01
5.272307472007928819e-01
4.368702279659417709e-01
3.571771224795253219e-01
2.881329177140302122e-01
2.293376141358189346e-01
1.801024330814320895e-01
1.395412206494226204e-01
1.066542939537303419e-01
8.040036146787658822e-02
5.975405667317678499e-02
4.374830030096698436e-02
3.150205625018006467e-02
2.223493177878101482e-02
1.527051984999928599e-02
1.003039845930686624e-02
6.020298972659196557e-03
2.809108120553117666e-03
3.344997917593877344e-03
7.168782401170802586e-03
1.194388195304342710e-02
1.818365319198523775e-02
2.647665549959448555e-02
3.751165586289309517e-02
5.209409653761167686e-02
7.115324457396877966e-02
9.573820941887703495e-02
1.270005603964878549e-01
1.661612728700644637e-01
2.144602815189108336e-01
2.730879748530298246e-01
3.430995585754849642e-01
4.253152135417536117e-01
5.202112400968291750e-01
6.278096840819672453e-01
7.475759026086387093e-01
8.783348968252835398e-01
1.018217650076756575e+00
1.164647862703324543e+00
1.314377308149749846e+00
1.463574519209146052e+00
1.607966915361080273e+00
1.743031204557140112e+00
1.864221521239715518e+00
1.967219961531921468e+00
2.048190596416323395e+00
2.104016254135713915e+00
2.132497740997207458e+00
2.132497740501574146e+00
2.104016253814207094e+00
2.048190596273755215e+00
1.967219960216200381e+00
1.864221518694786361e+00
1.743031202875546359e+00
1.607966915935804986e+00
1.463574520245831234e+00
1.314377308548466683e+00
1.164647862772431708e+00
1.018217649965163174e+00
8.783348977373455213e-01
7.475759053565936840e-01
6.278096870832813314e-01
5.202112402583197737e-01
4.253152128665402265e-01
3.430995583764472334e-01
2.730879728035354170e-01
2.144602780456671964e-01
1.661612696584123250e-01
1.270005575474196791e-01
9.573820548839147293e-02
7.115323964534207846e-02
5.209409151473175237e-02
3.751165159444890679e-02
2.647665257982672465e-02
1.818365119230583998e-02
1.194388056041460582e-02
7.168782104954987688e-03
3.344997283098755103e-03
3.930074149801857097e-03
8.422678847037848998e-03
1.403299433921891166e-02
2.136416898349645377e-02
3.110770608726837541e-02
4.407284517146429353e-02
6.120590995861294181e-02
8.359870549083216196e-02
1.124838429386450928e-01
1.492143117909520422e-01
1.952246496044990343e-01
2.519716690345179533e-01
3.208539719069760654e-01
4.031113292620064348e-01
4.997073779105102309e-01
6.112017302034876698e-01
7.376202892010162993e-01
8.783348956114673811e-01
1.031965031550716505e+00
1.196314769505987696e+00
1.368357188451102768e+00
1.544275910652286088e+00
1.719569304817125666e+00
1.889217470165540425e+00
2.047905941842313116e+00
2.190293736807628733e+00
2.311307703505257827e+00
2.406440966513746726e+00
2.472031127106830262e+00
2.505494329600645553e+00
2.505494329066860981e+00
2.472031125844863286e+00
2.406440965405101551e+00
2.311307702747621651e+00
2.190293735187020641e+00
2.047905941312786915e+00
1.889217470785706343e+00
1.719569306119097529e+00
1.544275911254411993e+00
1.368357188158543236e+00
1.196314770717075149e+00
1.031965033729552506e+00
8.783348986349004406e-01
7.376202922399915929e-01
6.112017307946465694e-01
4.997073774559515624e-01
4.031113286299682352e-01
3.208539704003027793e-01
2.519716669489737160e-01
1.952246478714640410e-01
1.492143098916053068e-01
1.124838390332088545e-01
8.359870056830549789e-02
6.120590410669991127e-02
4.407284010898644688e-02
3.110770275961696404e-02
2.136416644669509105e-02
1.403299320431283630e-02
8.422678438086576846e-03
3.930073514818889849e-03
4.555973394884072977e-03
9.764066449701529551e-03
1.626787510148629962e-02
2.476660594028423992e-02
3.606188984038202761e-02
5.109184364621488506e-02
7.095350326577584688e-02
9.691255325043571234e-02
1.303979094675103423e-01
1.729780365006241549e-01
2.263159348642663216e-01
2.921004290660693115e-01
3.719528601132049972e-01
4.673104437054826366e-01
5.792902839879821020e-01
7.085411175376331583e-01
8.550929719267682527e-01
1.018217647944900550e+00
1.196314769137994727e+00
1.386838685830223739e+00
1.586280410920834161e+00
1.790215776754384258e+00
1.993426224986786455e+00
2.190092390520035792e+00
2.374053432579146694e+00
2.539117767191175989e+00
2.679404299391168642e+00
2.789688392964607022e+00
2.865724378335207323e+00
2.904516896991851560e+00
2.904516896576803120e+00
2.865724376609441126e+00
2.789688391365970244e+00
2.679404298577867660e+00
2.539117765983879060e+00
2.374053431278787762e+00
2.190092391051258858e+00
1.993426226126274292e+00
1.790215777003978825e+00
1.586280410474529834e+00
1.386838685943339922e+00
1.196314771013090139e+00
1.018217650925346440e+00
8.550929746326672021e-01
7.085411187775083608e-01
5.792902838600895166e-01
4.673104428707443025e-01
3.719528582670988959e-01
2.921004278689319777e-01
2.263159345846820769e-01
1.729780349548085683e-01
1.303979063672034977e-01
9.691254848564252733e-02
7.095349770252123989e-02
5.109183937249805324e-02
3.606188760282075939e-02
2.476660458795817629e-02
1.626787478703265594e-02
9.764066630825770157e-03
4.555973639548635025e-03
5.211169139017929851e-03
1.116823920074862427e-02
1.860736273561305193e-02
2.832829880762902097e-02
4.124796233287643388e-02
5.843937815231305816e-02
8.115734927171873447e-02
1.108495795747384272e-01
1.491504758342177828e-01
1.978540652326276350e-01
2.588625039704593456e-01
3.341074875698057389e-01
4.254435216837673117e-01
5.345145102582422592e-01
6.625982079729484386e-01
8.104366463567131973e-01
9.780641715463433972e-01
1.164647861325976530e+00
1.368357187793997509e+00
1.586280410758732051e+00
1.814403914645138505e+00
2.047667292485915613e+00
2.280101502427138715e+00
2.505050293871505129e+00
2.715466832615284432e+00
2.904269123496094451e+00
3.064730308725850172e+00
3.190874393601172532e+00
3.277845138846282147e+00
3.322216422215504394e+00
3.322216421230851591e+00
3.277845136264583736e+00
3.190874391223348816e+00
3.064730306758193024e+00
2.904269122178188223e+00
2.715466831935307912e+00
2.505050292589912520e+00
2.280101502473342645e+00
2.047667292187073773e+00
1.814403914224907322e+00
1.586280410460944257e+00
1.368357188359474508e+00
1.164647862463985106e+00
9.780641722699952023e-01
8.104366471637652891e-01
6.625982081259996770e-01
5.345145089952940687e-01
4.254435193635736079e-01
3.341074849349368048e-01
2.588625024548429909e-01
1.978540627882111880e-01
1.491504722615228373e-01
1.108495741208583851e-01
8.115734460934012628e-02
5.843937530966560046e-02
4.124796083876523106e-02
2.832829992733806174e-02
1.860736391339185697e-02
1.116824009224662469e-02
5.211169639020621878e-03
5.881127604994118054e-03
1.260404998304819751e-02
2.099956221462137909e-02
3.197024195400707813e-02
4.655088311797994649e-02
6.595246102482428541e-02
9.159109899269260446e-02
1.251006217801193532e-01
1.683255584068468202e-01
2.232905779124181589e-01
2.921423829019018648e-01
3.770610102877188785e-01
4.801393863550198482e-01
6.032327568429299847e-01
7.477831497794538151e-01
9.146279923813005475e-01
1.103806045887609333e+00
1.314377306505888132e+00
1.544275909561621640e+00
1.790215775261806863e+00
2.047667291629716502e+00
2.310919472431219646e+00
2.573235887209332162e+00
2.827104542707912227e+00
3.064572650673586196e+00
3.277647739786880621e+00
3.458738134440999534e+00
3.601099554344569853e+00
3.699251431694289494e+00
3.749327175607625851e+00
3.749327173667661661e+00
3.699251428336451930e+00
3.601099551508888830e+00
3.458738132756882688e+00
3.277647738550161893e+00
3.064572649688610095e+00
2.827104540960823975e+00
2.573235885893010444e+00
2.310919471834687045e+00
2.047667291032992942e+00
1.790215775060352232e+00
1.544275909292701421e+00
1.314377306419618474e+00
1.103806045722879547e+00
9.146279925953973988e-01
7.477831498198810323e-01
6.032327556090564258e-01
4.801393831801469281e-01
3.770610065190699856e-01
2.921423793069871100e-01
2.232905738179843391e-01
1.683255532769495633e-01
1.251006175695712486e-01
9.159109533710869944e-02
6.595245876204694491e-02
4.655088158521247105e-02
3.197024271422289204e-02
2.099956384482715502e-02
1.260405186298038313e-02
5.881128361210781127e-03
6.548703944896571046e-03
1.403475774642468435e-02
2.338325923289079344e-02
3.559923932266088886e-02
5.183495260267280413e-02
7.343883716751528623e-02
1.019877606367620149e-01
1.393010064889907418e-01
1.874324790373012029e-01
2.486366715447179965e-01
3.253039633146295184e-01
4.198618487498501639e-01
5.346408259438191202e-01
6.717067348923752013e-01
8.326652897911949180e-01
1.018448974751867908e+00
1.229100952809028202e+00
1.463574517073952697e+00
1.719569302821478907e+00
1.993426222225294531e+00
2.280101499742705151e+00
2.573235885326378369e+00
2.865328283780904428e+00
3.148014003099870006e+00
3.412437521655970585e+00
3.649699127632138662e+00
3.851345402659082318e+00
4.009866510684723551e+00
4.119159774915015504e+00
4.174919701437433517e+00
4.174919699681658436e+00
4.119159770186556990e+00
4.009866506200472358e+00
3.851345399469373376e+00
3.649699126066370258e+00
3.412437520054476092e+00
3.148014001814217089e+00
2.865328282804604498e+00
2.573235884966026177e+00
2.280101499922741581e+00
1.993426223025708710e+00
1.719569303213079214e+00
1.463574516950508331e+00
1.229100953896930193e+00
1.018448976703289821e+00
8.326652904343900818e-01
6.717067346398990502e-01
5.346408232905605074e-01
4.198618440706427535e-01
3.253039585222098906e-01
2.486366670483502461e-01
1.874324741030659047e-01
1.393010024897944621e-01
1.019877569686978291e-01
7.343883399951225965e-02
5.183494940278384616e-02
3.559923788749166929e-02
2.338325975755686792e-02
1.403475928373447423e-02
6.548705492182966409e-03
7.194781462278341394e-03
1.541938936273394394e-02
2.569018906357231277e-02
3.911136551308376508e-02
5.694885120943147389e-02
8.068411765898697574e-02
1.120496016511721149e-01
1.530440748537900686e-01
2.059240719458421687e-01
2.731665084338754101e-01
3.573975918438970223e-01
4.612843088358413168e-01
5.873870770364474359e-01
7.379755465024325778e-01
9.148138463708819224e-01
1.118926459402510787e+00
1.350360804785046609e+00
1.607966911078035688e+00
1.889217466288123815e+00
2.190092386372280764e+00
2.505050288589821150e+00
2.827104538595434313e+00
3.148014000847042748e+00
3.458588745325670732e+00
3.749099590011104599e+00
4.009768800718693349e+00
4.231308963668056755e+00
4.405469345144766180e+00
4.525545194446380037e+00
4.586806247416039817e+00
4.586806245339503540e+00
4.525545189034875904e+00
4.405469340515739241e+00
4.231308960153911336e+00
4.009768797919862848e+00
3.749099588596419785e+00
3.458588745550153387e+00
3.148014000933846646e+00
2.827104539215202994e+00
2.505050290877049779e+00
2.190092388237889764e+00
1.889217468103897346e+00
1.607966913077600868e+00
1.350360807756624260e+00
1.118926463016442607e+00
9.148138494483977201e-01
7.379755467931629065e-01
5.873870745895863887e-01
4.612843046997773810e-01
3.573975863061717995e-01
2.731665027628065734e-01
2.059240660951192625e-01
1.530440702058601943e-01
1.120495989730870279e-01
8.068411342929159014e-02
5.694884679209129275e-02
3.911136270816713278e-02
2.569018907054971407e-02
1.541939080304929183e-02
7.194782403767132836e-03
7.799121210798978104e-03
1.671457065643320097e-02
2.784808570072181549e-02
4.239659899829494039e-02
6.173237881096848428e-02
8.746133445176189347e-02
1.214614241932511496e-01
1.658993074547905067e-01
2.232210616709124351e-01
2.961116569524953057e-01
3.874178927250744309e-01
5.000307745110974533e-01
6.367257881672445663e-01
7.999632283174256120e-01
9.916554029758749556e-01
1.212912848379229525e+00
1.463786967969525232e+00
1.743031196998603427e+00
2.047905934969799002e+00
2.374053425306676068e+00
2.715466825892589586e+00
3.064572645004606244e+00
3.412437516635487444e+00
3.749099586906444515e+00
4.064012450668292864e+00
4.346577075080213959e+00
4.586725932552496943e+00
4.775515251186934762e+00
4.905677102633319464e+00
4.972083897720878554e+00
4.972083896419764670e+00
4.905677100313849515e+00
4.775515248239192267e+00
4.586725929906810606e+00
4.346577073136357328e+00
4.064012450115599862e+00
3.749099587534304501e+00
3.412437518013233362e+00
3.064572647550374285e+00
2.715466830068458570e+00
2.374053429730369480e+00
2.047905938761346967e+00
1.743031200471289344e+00
1.463786972824673294e+00
1.212912852655541052e+00
9.916554054968313991e-01
7.999632283294513257e-01
6.367257870209678261e-01
5.000307705691925397e-01
3.874178864250737431e-01
2.961116493385648196e-01
2.232210543287012072e-01
1.658993017662857838e-01
1.214614202650867170e-01
8.746133036593893573e-02
6.173237402764178428e-02
4.239659592566991098e-02
2.784808492635512320e-02
1.671457061996431057e-02
7.799120923480578997e-03
8.341382462702495726e-03
1.787671008651348786e-02
2.978432139412667129e-02
4.534437025098640023e-02
6.602453740481087352e-02
9.354238783441594374e-02
1.299064520828368541e-01
1.774340335482586517e-01
2.387412827532907067e-01
3.166998498300713227e-01
4.143544692538883023e-01
5.347971536054330066e-01
6.809963652723952654e-01
8.555834566870309521e-01
1.060603698244553916e+00
1.297244839125230920e+00
1.565561855716236517e+00
1.864221512363468447e+00
2.190293727873246610e+00
2.539117758139440628e+00
2.904269114738190716e+00
3.277647732257706448e+00
3.649699121486108311e+00
4.009768794548674187e+00
4.346577072160902944e+00
4.648787986335257472e+00
4.905634029836258847e+00
5.107549583057268805e+00
5.246761390795033897e+00
5.317785349956153595e+00
5.317785349998760402e+00
5.246761390171075234e+00
5.107549581393911353e+00
4.905634027347484327e+00
4.648787984007380913e+00
4.346577070801900256e+00
4.009768794887572874e+00
3.649699122727589451e+00
3.277647735180025279e+00
2.904269119663609899e+00
2.539117763559386454e+00
2.190293731977530189e+00
1.864221515445687594e+00
1.565561859967378844e+00
1.297244843606776721e+00
1.060603701909321073e+00
8.555834578369949650e-01
6.809963643675701617e-01
5.347971514063289966e-01
4.143544642820889412e-01
3.166998425309921483e-01
2.387412748541529184e-01
1.774340276505042280e-01
1.299064481484209499e-01
9.354238395296309017e-02
6.602453246071499082e-02
4.534436668883241178e-02
2.978431875680544183e-02
1.787670800709423996e-02
8.341380947916268718e-03
8.802244870599253146e-03
1.886439967456223638e-02
3.142990792448908249e-02
4.784965150222383196e-02
6.967239939440056373e-02
9.871061470914409275e-02
1.370837972492293388e-01
1.872372817390124955e-01
2.519317627673217652e-01
3.341975489977668246e-01
4.372475960683980811e-01
5.643447516579852552e-01
7.186214855580952410e-01
9.028545333165473030e-01
1.119202165951666439e+00
1.368917755862108177e+00
1.652059318264682997e+00
1.967219953455932036e+00
2.311307694672029900e+00
2.679404290010463541e+00
3.064730298365188510e+00
3.458738124639062939e+00
3.851345393859514576e+00
4.231308956083157824e+00
4.586725927690852522e+00
4.905634028253156309e+00
5.176670843531850252e+00
5.389742252808585654e+00
5.536645527618423657e+00
5.611593568843141533e+00
5.611593569334204723e+00
5.536645527405054779e+00
5.389742251122077832e+00
5.176670840267129314e+00
4.905634024219001077e+00
4.586725925430950923e+00
4.231308954891638052e+00
3.851345394935019595e+00
3.458738127677747354e+00
3.064730303367630970e+00
2.679404294831939648e+00
2.311307697564933594e+00
1.967219956327024288e+00
1.652059322035419608e+00
1.368917761574174774e+00
1.119202170855159828e+00
9.028545366110072301e-01
7.186214865316006284e-01
5.643447512261940968e-01
4.372475926310817607e-01
3.341975430438442474e-01
2.519317565963093419e-01
1.872372772227731130e-01
1.370837931577021662e-01
9.871061034082230512e-02
6.967239393802898695e-02
4.784964719933760408e-02
3.142990501940089859e-02
1.886439759908255936e-02
8.802242898435412924e-03
9.164544035849524900e-03
1.964085639356875565e-02
3.272355937724142488e-02
4.981913888801264151e-02
7.254010950443151584e-02
1.027735351588863616e-01
1.427261553184318299e-01
1.949439539400157628e-01
2.623012546073284490e-01
3.479530951195613508e-01
4.552446744579724536e-01
5.875731405009583241e-01
7.481998933488620551e-01
9.400159603723281521e-01
1.165268446478141318e+00
1.425262313264464176e+00
1.720057962965196863e+00
2.048190587481253377e+00
2.406440955852482855e+00
2.789688381176889109e+00
3.190874381154166439e+00
3.601099541345565758e+00
4.009866498686070813e+00
4.405469335450209911e+00
4.775515244284026295e+00
5.107549580050734228e+00
5.389742251570922349e+00
5.611583664999074017e+00
5.764533467874251471e+00
5.842566365580436738e+00
5.842566365956042063e+00
5.764533467858404592e+00
5.611583663168564939e+00
5.389742248437879191e+00
5.107549576015917303e+00
4.775515241175699366e+00
4.405469333482480820e+00
4.009866500290788061e+00
3.601099545860445783e+00
3.190874386448188105e+00
2.789688386741540072e+00
2.406440959430856452e+00
2.048190590467350969e+00
1.720057966529381810e+00
1.425262319666020128e+00
1.165268453842674523e+00
9.400159645480310466e-01
7.481998948757526691e-01
5.875731394149188436e-01
4.552446709460339358e-01
3.479530890383402686e-01
2.623012491173367100e-01
1.949439497490770001e-01
1.427261516785920947e-01
1.027735315996611554e-01
7.254010438489087720e-02
4.981913506762446903e-02
3.272355731932957701e-02
1.964085491044917364e-02
9.164543044854287640e-03
9.414333757744570638e-03
2.017618886787805529e-02
3.361547475677846564e-02
5.117701197570524718e-02
7.451726725472912483e-02
1.055747377765724748e-01
1.466163097638085167e-01
2.002573614553216919e-01
2.694505585202064402e-01
3.574369327151020181e-01
4.676528611909249733e-01
6.035880832129307816e-01
7.685928933908577898e-01
9.656371146913798054e-01
1.197029102046021531e+00
1.464109383285726151e+00
1.766940007410858104e+00
2.104016242053069696e+00
2.472031113178656092e+00
2.865724363269571029e+00
3.277845123014008433e+00
3.699251417037694001e+00
4.119159760988482688e+00
4.525545182199446792e+00
4.905677094020565399e+00
5.246761385561804936e+00
5.536645525228332865e+00
5.764533467043758463e+00
5.921652082611434942e+00
6.001811851464045944e+00
6.001811851731903680e+00
5.921652082406724027e+00
5.764533465277747126e+00
5.536645521479816701e+00
5.246761381433398874e+00
4.905677089903292654e+00
4.525545179614914204e+00
4.119159761508252693e+00
3.699251421226979808e+00
3.277845130452634148e+00
2.865724370120269704e+00
2.472031118501818892e+00
2.104016246647219646e+00
1.766940011979108327e+00
1.464109389485610313e+00
1.197029108375252671e+00
9.656371190133338223e-01
7.685928941552327975e-01
6.035880814582419429e-01
4.676528570075830227e-01
3.574369273033784489e-01
2.694505532296193606e-01
2.002573576812454181e-01
1.466163072352491270e-01
1.055747344810792770e-01
7.451726350438246660e-02
5.117700991409483702e-02
3.361547462613909826e-02
2.017618847905332594e-02
9.414332773207993374e-03
9.541771797311027203e-03
2.044930706538254997e-02
3.407051834359112186e-02
5.186978160331776055e-02
7.552598713862455904e-02
1.070038740674919414e-01
1.486010138873864461e-01
2.029681888581328641e-01
2.730980348465857355e-01
3.622754565017031747e-01
4.739833485396739432e-01
6.117586886619955644e-01
7.789971232286319047e-01
9.787086778696413303e-01
1.213232954393008489e+00
1.483928626837331732e+00
1.790858584527973640e+00
2.132497727008930699e+00
2.505494313485945757e+00
2.904516881561563402e+00
3.322216406866632443e+00
3.749327160822482963e+00
4.174919687674935709e+00
4.586806235489247818e+00
4.972083888019066755e+00
5.317785342327421283e+00
5.611593563954227371e+00
5.842566362618939912e+00
6.001811849568351676e+00
6.083056718568665922e+00
6.083056718779510597e+00
6.001811848536063643e+00
5.842566359866271597e+00
5.611593560359478872e+00
5.317785338911124704e+00
4.972083883718282138e+00
4.586806231917178955e+00
4.174919687354197606e+00
3.749327163936196250e+00
3.322216412501604932e+00
2.904516887704943429e+00
2.505494319700256156e+00
2.132497731889575032e+00
1.790858588844768784e+00
1.483928632060622643e+00
1.213232958932037420e+00
9.787086803320287354e-01
7.789971228766768840e-01
6.117586869412122708e-01
4.739833443069141339e-01
3.622754517850814149e-01
2.730980312741047578e-01
2.029681868068944628e-01
1.486010117014234244e-01
1.070038700569346246e-01
7.552598315664570128e-02
5.186977881979635413e-02
3.407051818956498973e-02
2.044930775889132121e-02
9.541772024522143444e-03
9.541771063991424245e-03
2.044930707441182730e-02
3.407051822318071799e-02
5.186978198455672456e-02
7.552598804800918220e-02
1.070038750644920766e-01
1.486010149834018912e-01
2.029681889534326322e-01
2.730980346334444531e-01
3.622754562746583473e-01
4.739833480933199339e-01
6.117586890161323954e-01
7.789971231291199505e-01
9.787086771321713563e-01
1.213232953381035983e+00
1.483928625657160660e+00
1.790858583223891465e+00
2.132497725433004643e+00
2.505494312619167552e+00
2.904516880756502495e+00
3.322216406276207845e+00
3.749327159669537224e+00
4.174919686651604067e+00
4.586806233402151989e+00
4.972083885247580604e+00
5.317785339367773645e+00
5.611593560610140585e+00
5.842566359520149355e+00
6.001811846644811155e+00
6.083056715549157722e+00
6.083056715287710858e+00
6.001811844840768906e+00
5.842566356376617698e+00
5.611593557080563954e+00
5.317785336219703396e+00
4.972083882092572793e+00
4.586806229979488059e+00
4.174919685399551383e+00
3.749327161630766625e+00
3.322216410558935795e+00
2.904516886208226012e+00
2.505494318617430771e+00
2.132497730759489674e+00
1.790858587643747279e+00
1.483928631043894164e+00
1.213232957717495175e+00
9.787086797589238385e-01
7.789971237186769093e-01
6.117586872653539842e-01
4.739833453015548370e-01
3.622754524480996108e-01
2.730980323880009553e-01
2.029681871467081677e-01
1.486010114882443667e-01
1.070038695129299222e-01
7.552598241487966380e-02
5.186977822247007541e-02
3.407051767812450949e-02
2.044930740428958088e-02
9.541771749383299445e-03
9.414331479417538395e-03
2.017618752234022830e-02
3.361547573737748429e-02
5.117701378350907743e-02
7.451726846984459141e-02
1.055747393541046075e-01
1.466163106907203140e-01
2.002573610169761653e-01
2.694505574095070188e-01
3.574369309869135924e-01
4.676528606840402169e-01
6.035880839278177090e-01
7.685928932169305838e-01
9.656371144970137266e-01
1.197029101434499587e+00
1.464109381321150760e+00
1.766940003536312975e+00
2.104016238135737460e+00
2.472031109067661880e+00
2.865724359767038543e+00
3.277845120672084889e+00
3.699251413478547690e+00
4.119159756109822546e+00
4.525545176301069894e+00
4.905677086836825573e+00
5.246761376169864377e+00
5.536645515336751977e+00
5.764533458326954296e+00
5.921652074967991730e+00
6.001811843335290497e+00
6.001811842739159353e+00
5.921652072793915700e+00
5.764533454893629560e+00
5.536645512612827780e+00
5.246761374181762250e+00
4.905677084063206017e+00
4.525545173098210583e+00
4.119159755831881320e+00
3.699251415186438408e+00
3.277845125347422339e+00
2.865724366083783448e+00
2.472031114952171205e+00
2.104016243222100790e+00
1.766940008560694109e+00
1.464109386504311106e+00
1.197029106170879986e+00
9.656371172193738417e-01
7.685928944385093109e-01
6.035880831047425454e-01
4.676528581668596418e-01
3.574369279111303532e-01
2.694505546420531972e-01
2.002573584438580578e-01
1.466163073211428636e-01
1.055747337815705345e-01
7.451726225651959801e-02
5.117700822908878566e-02
3.361547390582217409e-02
2.017618779132607926e-02
9.414332508508090752e-03
9.164542538124154092e-03
1.964085530516260919e-02
3.272355968540824334e-02
4.981913862538000365e-02
7.254010865785970319e-02
1.027735350438132161e-01
1.427261545288077971e-01
1.949439519392017484e-01
2.623012520754245402e-01
3.479530923712519930e-01
4.552446737181406466e-01
5.875731402439151596e-01
7.481998938433859214e-01
9.400159608841164305e-01
1.165268446175494965e+00
1.425262310812058120e+00
1.720057957342191468e+00
2.048190580978868969e+00
2.406440948474668495e+00
2.789688374441928964e+00
3.190874374058633389e+00
3.601099534917495237e+00
4.009866490643246628e+00
4.405469325240616740e+00
4.775515232582790759e+00
5.107549565627203414e+00
5.389742237299611993e+00
5.611583652277979617e+00
5.764533456661087740e+00
5.842566353179545757e+00
5.842566351902072519e+00
5.764533453162888677e+00
5.611583648268667623e+00
5.389742234778364782e+00
5.107549564252330754e+00
4.775515231094995983e+00
4.405469323405718285e+00
4.009866490708964726e+00
3.601099537358705138e+00
3.190874379381075876e+00
2.789688380811226498e+00
2.406440954553803468e+00
2.048190585258688579e+00
1.720057961671101809e+00
1.425262315007109981e+00
1.165268449614106139e+00
9.400159622042161267e-01
7.481998938623696249e-01
5.875731395326412310e-01
4.552446710654980966e-01
3.479530897222422592e-01
2.623012497178681124e-01
1.949439498122861603e-01
1.427261511258595128e-01
1.027735305664292109e-01
7.254010391048321127e-02
4.981913387370325713e-02
3.272355713791719883e-02
1.964085476414166240e-02
9.164543036925444294e-03
8.802242729286882672e-03
1.886439871887547748e-02
3.142990695657532640e-02
4.784965014540121936e-02
6.967239774159003640e-02
9.871061317163143389e-02
1.370837956075328379e-01
1.872372791211304177e-01
2.519317592295836072e-01
3.341975459837376872e-01
4.372475937259048817e-01
5.643447509605387102e-01
7.186214847586755994e-01
9.028545325341188477e-01
1.119202164112232945e+00
1.368917752629160489e+00
1.652059312635973054e+00
1.967219946152931831e+00
2.311307686841051368e+00
2.679404280936489524e+00
3.064730288584702311e+00
3.458738114187446921e+00
3.851345382171648346e+00
4.231308942414963248e+00
4.586725912050657605e+00
4.905634009567333642e+00
5.176670825346636917e+00
5.389742236451666280e+00
5.536645511681762777e+00
5.611593552481238589e+00
5.611593551149717030e+00
5.536645508331605292e+00
5.389742232320336335e+00
5.176670822385516679e+00
4.905634008654728540e+00
4.586725911400969302e+00
4.231308942163037656e+00
3.851345383255473376e+00
3.458738118224970126e+00
3.064730294298965152e+00
2.679404287175749744e+00
2.311307691162012290e+00
1.967219949332049023e+00
1.652059315519589955e+00
1.368917755779571532e+00
1.119202166110811802e+00
9.028545324428083330e-01
7.186214838405489136e-01
5.643447494693731858e-01
4.372475918735890810e-01
3.341975427702623680e-01
2.519317567267667091e-01
1.872372765190744304e-01
1.370837919273573402e-01
9.871060988322731544e-02
6.967239398379826421e-02
4.784964605391971160e-02
3.142990392301298064e-02
1.886439722693684928e-02
8.802243080378626891e-03
8.341381391865005865e-03
1.787670798597318367e-02
2.978431997718726867e-02
4.534436975504365502e-02
6.602453667920345215e-02
9.354238733726406851e-02
1.299064513507549590e-01
1.774340307479868040e-01
2.387412791926527555e-01
3.166998472046925750e-01
4.143544663649621485e-01
5.347971522407815037e-01
6.809963633055111654e-01
8.555834545658682622e-01
1.060603696339991631e+00
1.297244834806646319e+00
1.565561850163171842e+00
1.864221505466451267e+00
2.190293720740322581e+00
2.539117749074547792e+00
2.904269103844033140e+00
3.277647719940798066e+00
3.649699107965758582e+00
4.009768778990731697e+00
4.346577053718576167e+00
4.648787965591628435e+00
4.905634008674438995e+00
5.107549562863187731e+00
5.246761370279501513e+00
5.317785329699851182e+00
5.317785328736080785e+00
5.246761367727919456e+00
5.107549559341491019e+00
4.905634005571384293e+00
4.648787963855377292e+00
4.346577053191581719e+00
4.009768779354408785e+00
3.649699109210012615e+00
3.277647722826281029e+00
2.904269108689829793e+00
2.539117754058336729e+00
2.190293723369421297e+00
1.864221507359403729e+00
1.565561852734230097e+00
1.297244837165112408e+00
1.060603696442248500e+00
8.555834531745929450e-01
6.809963618583093625e-01
5.347971500898519581e-01
4.143544637130412434e-01
3.166998429877557197e-01
2.387412754498697276e-01
1.774340269358602173e-01
1.299064469249072984e-01
9.354238346656450209e-02
6.602453145210557262e-02
4.534436505387644256e-02
2.978431684152647516e-02
1.787670672818749903e-02
8.341380665827161436e-03
7.799120580668448752e-03
1.671456969744607862e-02
2.784808599685632477e-02
4.239659979684184954e-02
6.173238008146599010e-02
8.746133601928612888e-02
1.214614247493654015e-01
1.658993055241084202e-01
2.232210592928790815e-01
2.961116543109010846e-01
3.874178908744562722e-01
5.000307724780420626e-01
6.367257865372289993e-01
7.999632260758283708e-01
9.916554000640342981e-01
1.212912843855417977e+00
1.463786962412067849e+00
1.743031189684476789e+00
2.047905925997294929e+00
2.374053414421582353e+00
2.715466813571442817e+00
3.064572631829396432e+00
3.412437501987635180e+00
3.749099570285652661e+00
4.064012430749829541e+00
4.346577051791096657e+00
4.586725908302521582e+00
4.775515226198599805e+00
4.905677077986474899e+00
4.972083874053004671e+00
4.972083872955066042e+00
4.905677076404000303e+00
4.775515225085150028e+00
4.586725906348158688e+00
4.346577050348032323e+00
4.064012429860375697e+00
3.749099569478236749e+00
3.412437502609082074e+00
3.064572633059326812e+00
2.715466817701969848e+00
2.374053419445071533e+00
2.047905929149381965e+00
1.743031191235868471e+00
1.463786964684450798e+00
1.212912845427535746e+00
9.916553995483242678e-01
7.999632231517308512e-01
6.367257839332600700e-01
5.000307700058684857e-01
3.874178865051846055e-01
2.961116496923829056e-01
2.232210547029473136e-01
1.658993015845175167e-01
1.214614198609061529e-01
8.746133024730634586e-02
6.173237412280629249e-02
4.239659441600822365e-02
2.784808222324600818e-02
1.671456850499870167e-02
7.799119724645951941e-03
7.194781068726435920e-03
1.541938973503099650e-02
2.569019013833582360e-02
3.911136678922117610e-02
5.694885256219808789e-02
8.068411874115317961e-02
1.120496028443299097e-01
1.530440744774430040e-01
2.059240703661943672e-01
2.731665062967711388e-01
3.573975895044242956e-01
4.612843055793491298e-01
5.873870740479348873e-01
7.379755438824394664e-01
9.148138438982539311e-01
1.118926454719902708e+00
1.350360797673144431e+00
1.607966901316048247e+00
1.889217454726842105e+00
2.190092373401882675e+00
2.505050275424246298e+00
2.827104524272905817e+00
3.148013984714917779e+00
3.458588727212883907e+00
3.749099568507813895e+00
4.009768775328967472e+00
4.231308936818781952e+00
4.405469316488064280e+00
4.525545165092682787e+00
4.586806220746193929e+00
4.586806220462899653e+00
4.525545165520360236e+00
4.405469316440039584e+00
4.231308935558058870e+00
4.009768774387734602e+00
3.749099567496971819e+00
3.458588725996066149e+00
3.148013983878873656e+00
2.827104524913096384e+00
2.505050278772967154e+00
2.190092378312048726e+00
1.889217458617738599e+00
1.607966904224413573e+00
1.350360799744801721e+00
1.118926455571499945e+00
9.148138426740242135e-01
7.379755415556846776e-01
5.873870718758528175e-01
4.612843039050306126e-01
3.573975862034863837e-01
2.731665023605766018e-01
2.059240663850984421e-01
1.530440709476769134e-01
1.120495991704677646e-01
8.068411365205309382e-02
5.694884656093319314e-02
3.911136055777203469e-02
2.569018634574096391e-02
1.541938808065585094e-02
7.194780929786336911e-03
6.548703093666560088e-03
1.403475748638741659e-02
2.338325983762685675e-02
3.559924056356073702e-02
5.183495297255898832e-02
7.343883735493017539e-02
1.019877608387616402e-01
1.393010060661621641e-01
1.874324777007080334e-01
2.486366692204230455e-01
3.253039588033139196e-01
4.198618446003030136e-01
5.346408225785508339e-01
6.717067318364451367e-01
8.326652857914641492e-01
1.018448969720721964e+00
1.229100945028316572e+00
1.463574506475367354e+00
1.719569290313385235e+00
1.993426208543008560e+00
2.280101485084622404e+00
2.573235869989571434e+00
2.865328266365510856e+00
3.148013983640684188e+00
3.412437500288427294e+00
3.649699104068422795e+00
3.851345376143383348e+00
4.009866482083367600e+00
4.119159745979009912e+00
4.174919674136697623e+00
4.174919674633703615e+00
4.119159746810264977e+00
4.009866482813140287e+00
3.851345375757440515e+00
3.649699102370480563e+00
3.412437498289679905e+00
3.148013981974875364e+00
2.865328265314566636e+00
2.573235871332287150e+00
2.280101489281831650e+00
1.993426213773853872e+00
1.719569294478620280e+00
1.463574509843300175e+00
1.229100947274107014e+00
1.018448970537337406e+00
8.326652857176648492e-01
6.717067306214515865e-01
5.346408211291679979e-01
4.198618436178213620e-01
3.253039572142034652e-01
2.486366661963822500e-01
1.874324744274295240e-01
1.393010027459471167e-01
1.019877569754646524e-01
7.343883239597537305e-02
5.183494712901311890e-02
3.559923490730967921e-02
2.338325691738046136e-02
1.403475652858973861e-02
6.548703507977698436e-03
5.881126781303588208e-03
1.260405115583857448e-02
2.099956453161401157e-02
3.197024386461463225e-02
4.655088288640339689e-02
6.595246057462676725e-02
9.159109902219250698e-02
1.251006209729190466e-01
1.683255559553455960e-01
2.232905742640327040e-01
2.921423787834340202e-01
3.770610061359301324e-01
4.801393813784803899e-01
6.032327527358538610e-01
7.477831449952530019e-01
9.146279860454916699e-01
1.103806037808653606e+00
1.314377296031698839e+00
1.544275896201909415e+00
1.790215760223336172e+00
2.047667275337671455e+00
2.310919455313861448e+00
2.573235867883595596e+00
2.827104522667014841e+00
3.064572629602163811e+00
3.277647716947370782e+00
3.458738109511676484e+00
3.601099527991602489e+00
3.699251403860459586e+00
3.749327148482938021e+00
3.749327148690377420e+00
3.699251404543280941e+00
3.601099528937310890e+00
3.458738109818962680e+00
3.277647716171722347e+00
3.064572627998595422e+00
2.827104521025801009e+00
2.573235869080055416e+00
2.310919458197913556e+00
2.047667280355935926e+00
1.790215766334743552e+00
1.544275900309339367e+00
1.314377298930812010e+00
1.103806040330771010e+00
9.146279878315980438e-01
7.477831455419668982e-01
6.032327520143709876e-01
4.801393805745133303e-01
3.770610045598174476e-01
2.921423772994563017e-01
2.232905719954356438e-01
1.683255526592887241e-01
1.251006172262704719e-01
9.159109429549200376e-02
6.595245604519948956e-02
4.655087763052229155e-02
3.197023959112837294e-02
2.099956221171580747e-02
1.260405021444967189e-02
5.881126908913459662e-03
5.211168219730384459e-03
1.116824012130648858e-02
1.860736560790463012e-02
2.832830129519598936e-02
4.124796193400261796e-02
5.843937694290845392e-02
8.115734768705262780e-02
1.108495774706273751e-01
1.491504733795260551e-01
1.978540619599043482e-01
2.588625011201421411e-01
3.341074836004634951e-01
4.254435170109109321e-01
5.345145051638402478e-01
6.625982030120423083e-01
8.104366399083835493e-01
9.780641634156523878e-01
1.164647850328191403e+00
1.368357174325296022e+00
1.586280395573041568e+00
1.814403897619196071e+00
2.047667272971339880e+00
2.280101482204901053e+00
2.505050273682781992e+00
2.715466812012762077e+00
2.904269102197315711e+00
3.064730285783245911e+00
3.190874369363344343e+00
3.277845113248488929e+00
3.322216395565291691e+00
3.322216394963406039e+00
3.277845112158104257e+00
3.190874369291648804e+00
3.064730285101596508e+00
2.904269101367044303e+00
2.715466812154669451e+00
2.505050273896211266e+00
2.280101485244812487e+00
2.047667278565918902e+00
1.814403903441223820e+00
1.586280400192456641e+00
1.368357177981527339e+00
1.164647853964152935e+00
9.780641666138094603e-01
8.104366423316343715e-01
6.625982039084988839e-01
5.345145049816319993e-01
4.254435157307979165e-01
3.341074815506348550e-01
2.588624984393869122e-01
1.978540594134403363e-01
1.491504708208437058e-01
1.108495739163084109e-01
8.115734333800080080e-02
5.843937316269046112e-02
4.124795868902193102e-02
2.832829838600255806e-02
1.860736323931322725e-02
1.116823905435291794e-02
5.211168680557680052e-03
4.555972484184213703e-03
9.764066254483706742e-03
1.626787668481610716e-02
2.476660730693731188e-02
3.606188956311123794e-02
5.109184165316824067e-02
7.095350049043921969e-02
9.691255092457300158e-02
1.303979068278848796e-01
1.729780341049507453e-01
2.263159329247182161e-01
2.921004262873936330e-01
3.719528558935152329e-01
4.673104388748126614e-01
5.792902793118164251e-01
7.085411114655274512e-01
8.550929637414724782e-01
1.018217638241919909e+00
1.196314757054659950e+00
1.386838672109081072e+00
1.586280394878386790e+00
1.790215757978303346e+00
1.993426205413988406e+00
2.190092370966668867e+00
2.374053413257239953e+00
2.539117746776692996e+00
2.679404278497666603e+00
2.789688371356978891e+00
2.865724354889746195e+00
2.904516871398245215e+00
2.904516870123270422e+00
2.865724351944945347e+00
2.789688369027928161e+00
2.679404276823249553e+00
2.539117746175559631e+00
2.374053412689425269e+00
2.190092373056459873e+00
1.993426210458351999e+00
1.790215763550614403e+00
1.586280398819655435e+00
1.386838675572957813e+00
1.196314760790366805e+00
1.018217642167637216e+00
8.550929674403980885e-01
7.085411134617285445e-01
5.792902795918029035e-01
4.673104382061496476e-01
3.719528542259332715e-01
2.921004237415943949e-01
2.263159302392623307e-01
1.729780318946104734e-01
1.303979047352060439e-01
9.691254775242982844e-02
7.095349697461102167e-02
5.109183872810765803e-02
3.606188703613682350e-02
2.476660467452535680e-02
1.626787427749818576e-02
9.764065043520351109e-03
4.555971759601339967e-03
3.930072859929273354e-03
8.422678033262052250e-03
1.403299501521589228e-02
2.136416969334847815e-02
3.110770620084480492e-02
4.407284387630144157e-02
6.120590771779411965e-02
8.359870355713121259e-02
1.124838406245568107e-01
1.492143094738625220e-01
1.952246472420388346e-01
2.519716665854552229e-01
3.208539684626712796e-01
4.031113259879022248e-01
4.997073740888164917e-01
6.112017250531712742e-01
7.376202814536400032e-01
8.783348855514994113e-01
1.031965020515329234e+00
1.196314757897816383e+00
1.368357174944178523e+00
1.544275894768434298e+00
1.719569287305680483e+00
1.889217452069050784e+00
2.047905924117999543e+00
2.190293717746736757e+00
2.311307683574163718e+00
2.406440946113894697e+00
2.472031104384807332e+00
2.505494304836324737e+00
2.505494302981927657e+00
2.472031101158263411e+00
2.406440942984150233e+00
2.311307681153681237e+00
2.190293715438245137e+00
2.047905923368110503e+00
1.889217454133660157e+00
1.719569290918993909e+00
1.544275897767217742e+00
1.368357176527293273e+00
1.196314759912451731e+00
1.031965023693299344e+00
8.783348893295457316e-01
7.376202841817365297e-01
6.112017257904023282e-01
4.997073731149642151e-01
4.031113238976069546e-01
3.208539660558497042e-01
2.519716639976450900e-01
1.952246450219374818e-01
1.492143074834065275e-01
1.124838386945056778e-01
8.359870078119342740e-02
6.120590514294821372e-02
4.407284119238238929e-02
3.110770396284429085e-02
2.136416773213853024e-02
1.403299259689686287e-02
8.422676343106422214e-03
3.930071717803670060e-03
3.344996964530817882e-03
7.168781103823576410e-03
1.194388101631453820e-02
1.818365350711133310e-02
2.647665611089976279e-02
3.751165536834082798e-02
5.209409550199647909e-02
7.115324282679984236e-02
9.573820771547966735e-02
1.270005583762771062e-01
1.661612703488266896e-01
2.144602785021884339e-01
2.730879716059710360e-01
3.430995560495918584e-01
4.253152097447306379e-01
5.202112341452108657e-01
6.278096775676408337e-01
7.475758932411971092e-01
8.783348865000546457e-01
1.018217639741289204e+00
1.164647852246080140e+00
1.314377295642811028e+00
1.463574504395689146e+00
1.607966899081718193e+00
1.743031186534538035e+00
1.864221502380082329e+00
1.967219942610981542e+00
2.048190577531397771e+00
2.104016233225847632e+00
2.132497718207944093e+00
2.132497717458435194e+00
2.104016231831567385e+00
2.048190575483528342e+00
1.967219941158488306e+00
1.864221500170414325e+00
1.743031185394120719e+00
1.607966899263064020e+00
1.463574505755007582e+00
1.314377295581994565e+00
1.164647851472488949e+00
1.018217639892277315e+00
8.783348891960521820e-01
7.475758958614361349e-01
6.278096782770411499e-01
5.202112347313659901e-01
4.253152085019039075e-01
3.430995537718384281e-01
2.730879682073461545e-01
2.144602751127969720e-01
1.661612677381041625e-01
1.270005566866499458e-01
9.573820593346132890e-02
7.115324014863491642e-02
5.209409207732657032e-02
3.751165246028049377e-02
2.647665387155976463e-02
1.818365177067662874e-02
1.194387993403191357e-02
7.168779475872326043e-03
3.344996043249215661e-03
2.809108679639331189e-03
6.020298465956573121e-03
1.003039699785274012e-02
1.527051996223294239e-02
2.223493388975332496e-02
3.150205923533384161e-02
4.374830359048525324e-02
5.975405944068844233e-02
8.040036298190658681e-02
1.066542948154614728e-01
1.395412224382271971e-01
1.801024343057214816e-01
2.293376129232143623e-01
2.881329146765451155e-01
3.571771189245457889e-01
4.368702222559057158e-01
5.272307387455165140e-01
6.278096765434164617e-01
7.376202815918179168e-01
8.550929654473049535e-01
9.780641655451917105e-01
1.103806038537987533e+00
1.229100943874115837e+00
1.350360794701844558e+00
1.463786959223697615e+00
1.565561847226437209e+00
1.652059308689031170e+00
1.720057954026175784e+00
1.766939999590337207e+00
1.790858577443278588e+00
1.790858576986501083e+00
1.766939998387325961e+00
1.720057953791990668e+00
1.652059308832152684e+00
1.565561846076538810e+00
1.463786958041359387e+00
1.350360794101630901e+00
1.229100942578086109e+00
1.103806035893569515e+00
9.780641621879889724e-01
8.550929645938118995e-01
7.376202830587716974e-01
6.278096780525856957e-01
5.272307387470176465e-01
4.368702216927948245e-01
3.571771176666213021e-01
2.881329113925628627e-01
2.293376094384879105e-01
1.801024308974107646e-01
1.395412199958762645e-01
1.066542934106775031e-01
8.040036077591557195e-02
5.975405669219931160e-02
4.374830010702065314e-02
3.150205542044209189e-02
2.223493107719838255e-02
1.527051896496694691e-02
1.003039724148597524e-02
6.020297209871343369e-03
2.809107040923247353e-03
2.327663664669680620e-03
4.988497009205383574e-03
8.311316330942203345e-03
1.265334970093345834e-02
1.842415406989048043e-02
2.610301476873655435e-02
3.625041117988727496e-02
4.951298777010972735e-02
6.662078217748743092e-02
8.837513052868783969e-02
1.156256650295300892e-01
1.492352106100839626e-01
1.900321178214132711e-01
2.387506663186205191e-01
2.959615884051881030e-01
3.619963268519995614e-01
4.368702215454459692e-01
5.202112326082151128e-01
6.112017227394643815e-01
7.085411115272187699e-01
8.104366414574658561e-01
9.146279864358014544e-01
1.018448968058674797e+00
1.118926451212192585e+00
1.212912840603705300e+00
1.297244831087829509e+00
1.368917748736329099e+00
1.425262307089856018e+00
1.464109378009449847e+00
1.483928622069714764e+00
1.483928621469148279e+00
1.464109377204450224e+00
1.425262306996856188e+00
1.368917749402318140e+00
1.297244831755045791e+00
1.212912839630007511e+00
1.118926450282238250e+00
1.018448966456237281e+00
9.146279831060974974e-01
8.104366371381388490e-01
7.085411098000053975e-01
6.112017237326015096e-01
5.202112340300442117e-01
4.368702210919557238e-01
3.619963256494609927e-01
2.959615872410099602e-01
2.387506636973704133e-01
1.900321149762609907e-01
1.492352085727359501e-01
1.156256635107517083e-01
8.837513014778450304e-02
6.662078106747348905e-02
4.951298503612126117e-02
3.625040790620721182e-02
2.610301102351096289e-02
1.842415212064713384e-02
1.265335086710617923e-02
8.311317901674516659e-03
4.988497137073730561e-03
2.327662633993960936e-03
1.903055214484046043e-03
4.078504295008551599e-03
6.795180415214469201e-03
1.034514819652768321e-02
1.506325226783548910e-02
2.134134856769887012e-02
2.963767440153579694e-02
4.048091476224833368e-02
5.446793558970595278e-02
7.225389343306912182e-02
9.453343238486221212e-02
1.220119835341046816e-01
1.553667898464706487e-01
1.951981859295764954e-01
2.419727923827606209e-01
2.959615878631265407e-01
3.571771171570667924e-01
4.253152071912255083e-01
4.997073710073279829e-01
5.792902771055534750e-01
6.625982014750912974e-01
7.477831436317379232e-01
8.326652828897913583e-01
9.148138395173194271e-01
9.916553950562312369e-01
1.060603690502624374e+00
1.119202159125649798e+00
1.165268441321097859e+00
1.197029097307771517e+00
1.213232949716676057e+00
1.213232949148096651e+00
1.197029096595129571e+00
1.165268441303211722e+00
1.119202160433795390e+00
1.060603691251921665e+00
9.916553947458299767e-01
9.148138387315749576e-01
8.326652825127424107e-01
7.477831418131097863e-01
6.625982000206777078e-01
5.792902762837702779e-01
4.997073713623951252e-01
4.253152083519844417e-01
3.571771171414743762e-01
2.959615872253277824e-01
2.419727905764624820e-01
1.951981842674072598e-01
1.553667880902356024e-01
1.220119822687157074e-01
9.453343209597932228e-02
7.225389318706958164e-02
5.446793442427158571e-02
4.048091240054037254e-02
2.963767167844502323e-02
2.134134595279161065e-02
1.506325104459803332e-02
1.034514958922395922e-02
6.795183183654118601e-03
4.078505242523119273e-03
1.903055308453971417e-03
1.535184912772474125e-03
3.290107844072579640e-03
5.481636969265382166e-03
8.345377630727271803e-03
1.215144770369139607e-02
1.721595505423054867e-02
2.390855764770335665e-02
3.265574260990882632e-02
4.393899834163653151e-02
5.828683726085429062e-02
7.625962521435053487e-02
9.842642909337889767e-02
1.253335770956722217e-01
1.574653557443708440e-01
1.951981860193171547e-01
2.387506659272861931e-01
2.881329130183611364e-01
3.430995533033141531e-01
4.031113227912878072e-01
4.673104364708431935e-01
5.345145017953502053e-01
6.032327489650594066e-01
6.717067275957785411e-01
7.379755392579998574e-01
7.999632202969160222e-01
8.555834493276671671e-01
9.028545259089013619e-01
9.400159537367444029e-01
9.656371090002416890e-01
9.787086722517016613e-01
9.787086722477819078e-01
9.656371096403149057e-01
9.400159551393738600e-01
9.028545268140981683e-01
8.555834487534750288e-01
7.999632197376492782e-01
7.379755384042155919e-01
6.717067283743042294e-01
6.032327498652763076e-01
5.345145032665699070e-01
4.673104373819220170e-01
4.031113236615141426e-01
3.430995544399364494e-01
2.881329124808366116e-01
2.387506645530736160e-01
1.951981846575476243e-01
1.574653542777946780e-01
1.253335753294418653e-01
9.842642740424990822e-02
7.625962498321212091e-02
5.828683748337940007e-02
4.393899790442042097e-02
3.265574166228341763e-02
2.390855524618049413e-02
1.721595241811569449e-02
1.215144649278673654e-02
8.345378899528526837e-03
5.481639171202109737e-03
3.290109356230702751e-03
1.535184920292977009e-03
1.221920379326897838e-03
2.618741268483614631e-03
4.363075778281141903e-03
6.642452807114047550e-03
9.671870063852420693e-03
1.370293364409887887e-02
1.902986918838604075e-02
2.599213704149356749e-02
3.497297341316008001e-02
4.639304677320165576e-02
6.069837681844527516e-02
7.834190790556755379e-02
9.975848608835995168e-02
1.253335769370728381e-01
1.553667898268403236e-01
1.900321168270460437e-01
2.293376105657080888e-01
2.730879683126869462e-01
3.208539651263211945e-01
3.719528522057957143e-01
4.254435121579111523e-01
4.801393764891140337e-01
5.346408180308758196e-01
5.873870692955397432e-01
6.367257808868752589e-01
6.809963580748097378e-01
7.186214786516134101e-01
7.481998868856994944e-01
7.685928863465033567e-01
7.789971162118508596e-01
7.789971172057866822e-01
7.685928884658272953e-01
7.481998882124353267e-01
7.186214792495865256e-01
6.809963568696296710e-01
6.367257795182009739e-01
5.873870685145237136e-01
5.346408192844251950e-01
4.801393794744868160e-01
4.254435159642769304e-01
3.719528554153855304e-01
3.208539677779451149e-01
2.730879706330847090e-01
2.293376112616403173e-01
1.900321155814158058e-01
1.553667886590468783e-01
1.253335757848652032e-01
9.975848490835963200e-02
7.834190707352038652e-02
6.069837708033761631e-02
4.639304770685091783e-02
3.497297363948331100e-02
2.599213535434072297e-02
1.902986701731910688e-02
1.370293098456260537e-02
9.671868273766119281e-03
6.642452163126881873e-03
4.363076072984146958e-03
2.618742179797151851e-03
1.221920882427936098e-03
9.595931170596008492e-04
2.056538586432356784e-03
3.426392068966788336e-03
5.216422683070258415e-03
7.595472303475093827e-03
1.076112988726966868e-02
1.494445668828615036e-02
2.041203438200937803e-02
2.746482587960558108e-02
3.643318852299660265e-02
4.766738890387702682e-02
6.152313104039488362e-02
7.834190710036804950e-02
9.842642830065929938e-02
1.220119822310737762e-01
1.492352077189135484e-01
1.801024303884180000e-01
2.144602739885071996e-01
2.519716619748126885e-01
2.921004211130160400e-01
3.341074782112966601e-01
3.770610011163454955e-01
4.198618400044731858e-01
4.612843007191331779e-01
5.000307666866515843e-01
5.347971461277253313e-01
5.643447447097490466e-01
5.875731337198308868e-01
6.035880760054390670e-01
6.117586820482785459e-01
6.117586832860236745e-01
6.035880788291504428e-01
5.875731353526993939e-01
5.643447451655577707e-01
5.347971455590995182e-01
5.000307656463566230e-01
4.612843006719601346e-01
4.198618407898864202e-01
3.770610037189040531e-01
3.341074823398095250e-01
2.921004249727561231e-01
2.519716656446213121e-01
2.144602772578660388e-01
1.801024326400987863e-01
1.492352085469131340e-01
1.220119816597701051e-01
9.842642688644594184e-02
7.834190652675961097e-02
6.152313178993758236e-02
4.766738996741346629e-02
3.643318994422812401e-02
2.746482660602993578e-02
2.041203237057490419e-02
1.494445393915413978e-02
1.076112749937440174e-02
7.595470410536652416e-03
5.216421250835760748e-03
3.426390965171732979e-03
2.056538392740515572e-03
9.595933217128221936e-04
7.434812784292049769e-04
1.593381591661602358e-03
2.654728297981688231e-03
4.041622206742014924e-03
5.884882220749737200e-03
8.337596305699057284e-03
1.157878819185632902e-02
1.581500261695020088e-02
2.127942135611605307e-02
2.822800089827024947e-02
3.693212477701237478e-02
4.766738837501352521e-02
6.069837641566647179e-02
7.625962470541880478e-02
9.453343146235002048e-02
1.156256625544923727e-01
1.395412185724079768e-01
1.661612663343365603e-01
1.952246427532595419e-01
2.263159273732103516e-01
2.588624954228795350e-01
2.921423739136698172e-01
3.253039541897984610e-01
3.573975841905810413e-01
3.874178844844692882e-01
4.143544607569577543e-01
4.372475877529466981e-01
4.552446667368234001e-01
4.676528541827901231e-01
4.739833425002275558e-01
4.739833429427799949e-01
4.676528552270235450e-01
4.552446688228132810e-01
4.372475892437223677e-01
4.143544612286948481e-01
3.874178837064511938e-01
3.573975841082157601e-01
3.253039552577330906e-01
2.921423757619828754e-01
2.588624977783995917e-01
2.263159302954267649e-01
1.952246459096807496e-01
1.661612694594223616e-01
1.395412200903799194e-01
1.156256625759058687e-01
9.453343098853971005e-02
7.625962331858666954e-02
6.069837621991416160e-02
4.766738996199840900e-02
3.693212703527153085e-02
2.822800265634297853e-02
2.127942125804946696e-02
1.581500111416764970e-02
1.157878626069821539e-02
8.337594280036027608e-03
5.884880852488672855e-03
4.041621418253088863e-03
2.654726882037165576e-03
1.593380784256611836e-03
7.434812268780170708e-04
5.682583218784499797e-04
1.217855824958649896e-03
2.029065835739025762e-03
3.089097683430046780e-03
4.497939939711447822e-03
6.372601151916258526e-03
8.849912225212395317e-03
1.208774016067537538e-02
1.626431050803425760e-02
2.157525603807911724e-02
2.822799996765454691e-02
3.643318802320013455e-02
4.639304716287347141e-02
5.828683796567447201e-02
7.225389290059301695e-02
8.837512915016791648e-02
1.066542931424471624e-01
1.270005564711040869e-01
1.492143064282060450e-01
1.729780296052576827e-01
1.978540566830634118e-01
2.232905694790323081e-01
2.486366643558369782e-01
2.731665019953637974e-01
2.961116496071603543e-01
3.166998418015905536e-01
3.341975402883892166e-01
3.479530861279642173e-01
3.574369252832067523e-01
3.622754503492067180e-01
3.622754508015170738e-01
3.574369253289216841e-01
3.479530865217857483e-01
3.341975402230370484e-01
3.166998413992861416e-01
2.961116483069279881e-01
2.731665007068637130e-01
2.486366646156047411e-01
2.232905707106551119e-01
1.978540581590744196e-01
1.729780307920457116e-01
1.492143077119884031e-01
1.270005571870710948e-01
1.066542929776021775e-01
8.837512896561186548e-02
7.225389193806344701e-02
5.828683594558888709e-02
4.639304705405593310e-02
3.643318949914729765e-02
2.822800241089399795e-02
2.157525777753680624e-02
1.626431089785899953e-02
1.208773937845644686e-02
8.849910727315299028e-03
6.372600189170250611e-03
4.497939371407996649e-03
3.089097461757522260e-03
2.029064384959797674e-03
1.217854962102136226e-03
5.682590258099871720e-04
4.283763457071842942e-04
9.180697532795444081e-04
1.529592809709763189e-03
2.328688526147725847e-03
3.390730482818037506e-03
4.803926627416895377e-03
6.671425364071483823e-03
9.112231865530111274e-03
1.226070156406793184e-02
1.626430920980715192e-02
2.127941890812037190e-02
2.746482472708955749e-02
3.497297382870139665e-02
4.393899904165409626e-02
5.446793549582229499e-02
6.662078198389768946e-02
8.040036283344570434e-02
9.573820715956717076e-02
1.124838388299350955e-01
1.303979036684680959e-01
1.491504688941024948e-01
1.683255511380779001e-01
1.874324727973236959e-01
2.059240663278095462e-01
2.232210555993686119e-01
2.387412751379740516e-01
2.519317542195290693e-01
2.623012462186946614e-01
2.694505514853817729e-01
2.730980297785574051e-01
2.730980293702910400e-01
2.694505505328086969e-01
2.623012457420037524e-01
2.519317536577578287e-01
2.387412742533663590e-01
2.232210543023799842e-01
2.059240656461090724e-01
1.874324736271212044e-01
1.683255519460851446e-01
1.491504695701809657e-01
1.303979039052363953e-01
1.124838388652490001e-01
9.573820628378910957e-02
8.040036175527116857e-02
6.662078162571111184e-02
5.446793483387879498e-02
4.393899784362077093e-02
3.497297348231600406e-02
2.746482562817614478e-02
2.127941995274704526e-02
1.626431005274795241e-02
1.226070217302548809e-02
9.112232637185571291e-03
6.671424530180176254e-03
4.803926273978626274e-03
3.390730220403430101e-03
2.328687450860450394e-03
1.529591610926929121e-03
9.180691984547513116e-04
4.283764879288179069e-04
3.183717710139117511e-04
6.823151095683015503e-04
1.136802468756448279e-03
1.730694944331928479e-03
2.520011795580694592e-03
3.570308080500011073e-03
4.958244904645954174e-03
6.772268366071644043e-03
9.112231561646045794e-03
1.208773819234358442e-02
1.581499919685272829e-02
2.041203152340222149e-02
2.599213514660921390e-02
3.265574173647399492e-02
4.048091380967456382e-02
4.951298681531137585e-02
5.975405833892914742e-02
7.115324197561812003e-02
8.359870175326757080e-02
9.691254806108659525e-02
1.108495736627550243e-01
1.251006161338910627e-01
1.393010016231592263e-01
1.530440706471184742e-01
1.658993022648370952e-01
1.774340266029451607e-01
1.872372740649128897e-01
1.949439459595574131e-01
2.002573554908680664e-01
2.029681842659059599e-01
2.029681840185627029e-01
2.002573541294252468e-01
1.949439457583820590e-01
1.872372744037026360e-01
1.774340261920000772e-01
1.658993015420414663e-01
1.530440706554739294e-01
1.393010029156035445e-01
1.251006173349203110e-01
1.108495739975994265e-01
9.691254830602179238e-02
8.359870146502805521e-02
7.115324145256948785e-02
5.975405732928756181e-02
4.951298619812512930e-02
4.048091390117296989e-02
3.265574170128943826e-02
2.599213527917419719e-02
2.041203262544084504e-02
1.581499927498355301e-02
1.208773839291228148e-02
9.112232272614852191e-03
6.772269751500060997e-03
4.958246059459801153e-03
3.570308041088825386e-03
2.520011943776573771e-03
1.730695353407165704e-03
1.136801970867887170e-03
6.823145984244266028e-04
3.183721813980220717e-04
2.330924571535220795e-04
4.995496044555086061e-04
8.322978429658754512e-04
1.267109570344190483e-03
1.844999454016837959e-03
2.613962729341654401e-03
3.630126392740640369e-03
4.958245321910676080e-03
6.671424547909141252e-03
8.849910366559127564e-03
1.157878470572562199e-02
1.494445290851176625e-02
1.902986612681016945e-02
2.390855497445320069e-02
2.963767201597590495e-02
3.625040908425407327e-02
4.374830124367078826e-02
5.209409290829214445e-02
6.120590528011892600e-02
7.095349719788165976e-02
8.115734366740408323e-02
9.159109431254663924e-02
1.019877570324003030e-01
1.120495990426435273e-01
1.214614200868946170e-01
1.299064461925936442e-01
1.370837893570750476e-01
1.427261482369907020e-01
1.466163046278506632e-01
1.486010092647624126e-01
1.486010093984483083e-01
1.466163046198730446e-01
1.427261484358657573e-01
1.370837903317571327e-01
1.299064463707251815e-01
1.214614196463052326e-01
1.120495982931540152e-01
1.019877571108422643e-01
9.159109527302468357e-02
8.115734444620135990e-02
7.095349802410265416e-02
6.120590531382107818e-02
5.209409246670202581e-02
4.374830074559304255e-02
3.625040872667197045e-02
2.963767310649354988e-02
2.390855625272379423e-02
1.902986733720177237e-02
1.494445393525143696e-02
1.157878506675318053e-02
8.849910386647449195e-03
6.671425346538768092e-03
4.958246273272255873e-03
3.630128184622725789e-03
2.613963693525222457e-03
1.845000288011597930e-03
1.267109552033685894e-03
8.322969638830770341e-04
4.995493370322759592e-04
2.330931941599271760e-04
1.678445619278356440e-04
3.597125584606143830e-04
5.993158614019538939e-04
9.124140860081777485e-04
1.328538528310758190e-03
1.882249776042301068e-03
2.613962857952887176e-03
3.570308142399418547e-03
4.803926443384786381e-03
6.372599309004638342e-03
8.337593345331349368e-03
1.076112687030044215e-02
1.370293072102889836e-02
1.721595255006111089e-02
2.134134558577111332e-02
2.610301177214522858e-02
3.150205646591765218e-02
3.751165224973886797e-02
4.407284078579830344e-02
5.109183814088285452e-02
5.843937329331192615e-02
6.595245712393069115e-02
7.343883383688185051e-02
8.068411498815357408e-02
8.746133135918013335e-02
9.354238294886314808e-02
9.871060761194232203e-02
1.027735288790377483e-01
1.055747331144651635e-01
1.070038699382971636e-01
1.070038691007064724e-01
1.055747329680341157e-01
1.027735291925570560e-01
9.871060871761923317e-02
9.354238275488484244e-02
8.746132971611877971e-02
8.068411238017679510e-02
7.343883242646061238e-02
6.595245663361327948e-02
5.843937331870331653e-02
5.109183849180815723e-02
4.407284077746754375e-02
3.751165204771000905e-02
3.150205673440622384e-02
2.610301219789911212e-02
2.134134695784040137e-02
1.721595331608411633e-02
1.370293197569460650e-02
1.076112759199118925e-02
8.337594031810757408e-03
6.372599615592303320e-03
4.803926454846828634e-03
3.570308911946215059e-03
2.613963481561043176e-03
1.882248950961362818e-03
1.328537682828084951e-03
9.124130453366720728e-04
5.993160701790562709e-04
3.597132601009899572e-04
1.678449298678175660e-04
1.184685895773252657e-04
2.538937912967559741e-04
4.230115851265971779e-04
6.440042607224331136e-04
9.377153952808311684e-04
1.328538649511537637e-03
1.844999989959089474e-03
2.520012341840341917e-03
3.390730404834170313e-03
4.497938196481988601e-03
5.884880300728561296e-03
7.595470590313201965e-03
9.671868569679140798e-03
1.215144619432037380e-02
1.506325102954437535e-02
1.842415214628042447e-02
2.223493081826490372e-02
2.647665256231187397e-02
3.110770317860252210e-02
3.606188663591422539e-02
4.124795946303752570e-02
4.655088019062145199e-02
5.183494999817838539e-02
5.694884889196510924e-02
6.173237650328978338e-02
6.602453338517491610e-02
6.967239406001927982e-02
7.254010428692471424e-02
7.451726368459080097e-02
7.552598283804662360e-02
7.552598264910120873e-02
7.451726336933522932e-02
7.254010412822009535e-02
6.967239364624448761e-02
6.602453201057099930e-02
6.173237445291483022e-02
5.694884539578069782e-02
5.183494618392112813e-02
4.655087761565670362e-02
4.124795796400410747e-02
3.606188598862460765e-02
3.110770262302283914e-02
2.647665357748747381e-02
2.223493243935360797e-02
1.842415379892680533e-02
1.506325198644833246e-02
1.215144668778983875e-02
9.671869040092108058e-03
7.595471055672395853e-03
5.884880322098994497e-03
4.497937602588446618e-03
3.390729039686866952e-03
2.520011368251305704e-03
1.844999647423086657e-03
1.328538072454618678e-03
9.377134821170646532e-04
6.440024847628245726e-04
4.230108316252495981e-04
2.538940127451954211e-04
1.184686584760761603e-04
8.136234356585007020e-05
1.743691575408785194e-04
2.905156519434144344e-04
4.422893806013763226e-04
6.440047632446989920e-04
9.124142305995626206e-04
1.267109766594183952e-03
1.730695660620368281e-03
2.328687838876467280e-03
3.089097276830862337e-03
4.041621070789856197e-03
5.216421520354928149e-03
6.642452194813889925e-03
8.345378060474899912e-03
1.034514896731236755e-02
1.265334921040591615e-02
1.527051776636109345e-02
1.818365029341003844e-02
2.136416683146146606e-02
2.476660455404846445e-02
2.832829846523349585e-02
3.197024130009488291e-02
3.559923746485213480e-02
3.911136387470100229e-02
4.239659776669918445e-02
4.534436777328011009e-02
4.784964741158101442e-02
4.981913475373300065e-02
5.117700948887843326e-02
5.186977800866104937e-02
5.186977832986253145e-02
5.117700916371582115e-02
4.981913468068911027e-02
4.784964667377898662e-02
4.534436589055805544e-02
4.239659506401778633e-02
3.911136061702774613e-02
3.559923448402969870e-02
3.197023888172884770e-02
2.832829719302604882e-02
2.476660339200412522e-02
2.136416648822941217e-02
1.818365173085192271e-02
1.527051995621406255e-02
1.265335132992987527e-02
1.034514938760345941e-02
8.345377880371455601e-03
6.642451202134610870e-03
5.216421622896380041e-03
4.041621096658598242e-03
3.089095032968846438e-03
2.328685500760619212e-03
1.730693495052939342e-03
1.267109328098110083e-03
9.124139580772415046e-04
6.440032670641441083e-04
4.422874296641319939e-04
2.905143693239640610e-04
1.743686888796256741e-04
8.136119303587491876e-05
5.344298969211354143e-05
1.145343811657436331e-04
1.908240711129358537e-04
2.905165604550028228e-04
4.230128356882919042e-04
5.993166235175058755e-04
8.322974914819793180e-04
1.136802033643467260e-03
1.529591565273930162e-03
2.029064494751123011e-03
2.654727341218905950e-03
3.426391677047656206e-03
4.363076342350111388e-03
5.481638937000290340e-03
6.795182393129302854e-03
8.311317030958940630e-03
1.003039614206296948e-02
1.194387846012103307e-02
1.403299212608782008e-02
1.626787421644633816e-02
1.860736342095711121e-02
2.099956282032816243e-02
2.338325817889448655e-02
2.569018852483925461e-02
2.784808512813322090e-02
2.978431888839728342e-02
3.142990501929156244e-02
3.272355748087309169e-02
3.361547386673970766e-02
3.407051751302702519e-02
3.407051753597129667e-02
3.361547408429247513e-02
3.272355806515721971e-02
3.142990503296105159e-02
2.978431737171127400e-02
2.784808250221597337e-02
2.569018665494843950e-02
2.338325685757611239e-02
2.099956178751708272e-02
1.860736327042711649e-02
1.626787450970661186e-02
1.403299246750259154e-02
1.194387976742371238e-02
1.003039799131962180e-02
8.311318450028398058e-03
6.795182434543415445e-03
5.481637192018401321e-03
4.363075345309320313e-03
3.426391474300094844e-03
2.654726034357847344e-03
2.029062411646769936e-03
1.529589544600830830e-03
1.136800406033150121e-03
8.322966364740749974e-04
5.993164124348560355e-04
4.230119200438431869e-04
2.905157432660156625e-04
1.908240109764381299e-04
1.145331590938111597e-04
5.344151558467079467e-05
3.207679804649986462e-05
6.874430793121545657e-05
1.145339838992811903e-04
1.743697165282452491e-04
2.538951323005004374e-04
3.597137295472061240e-04
4.995496165662386681e-04
6.823142155408176701e-04
9.180686590491855250e-04
1.217854725190069005e-03
1.593381776546506619e-03
2.056538772487705863e-03
2.618741645854443228e-03
3.290108907772131257e-03
4.078504952365629224e-03
4.988497351713080258e-03
6.020297243581594973e-03
7.168779723545271564e-03
8.422677412453219090e-03
9.764065821097005216e-03
1.116823948385405225e-02
1.260404963123647366e-02
1.403475724709449778e-02
1.541938943775975589e-02
1.671456999103474589e-02
1.787670798730221430e-02
1.886439724589046574e-02
1.964085413045114220e-02
2.017618741947520278e-02
2.044930730760525367e-02
2.044930706733619555e-02
2.017618844994236230e-02
1.964085557364923101e-02
1.886439774378231155e-02
1.787670722739083048e-02
1.671456911224678682e-02
1.541938817179931351e-02
1.403475760094691736e-02
1.260405120051408777e-02
1.116824012375775867e-02
9.764066083737201265e-03
8.422677382184901723e-03
7.168781006561300052e-03
6.020298725727299752e-03
4.988497963848382774e-03
4.078504872635475322e-03
3.290107705363806007e-03
2.618740543944800703e-03
2.056538143576689716e-03
1.593380289886491474e-03
1.217853910073699638e-03
9.180677640143114016e-04
6.823132827508170475e-04
4.995480247101094420e-04
3.597123295741916013e-04
2.538936652333943474e-04
1.743692719007047343e-04
1.145344773849940281e-04
6.874420298103628055e-05
3.207596087910173638e-05
1.496744766077395998e-05
3.207637065040580342e-05
5.344173780107767767e-05
8.136194311021088083e-05
1.184693887902668743e-04
1.678446721477274241e-04
2.330926455522019556e-04
3.183712425362128116e-04
4.283762268062031651e-04
5.682580121722092918e-04
7.434811913409807580e-04
9.595929682427551755e-04
1.221920577506347035e-03
1.535184635723123433e-03
1.903054843285184681e-03
2.327662644684319691e-03
2.809107394967833970e-03
3.344996648612705899e-03
3.930072804994510019e-03
4.555973116881340164e-03
5.211168733750138303e-03
5.881126674283409031e-03
6.548703265963470334e-03
7.194781183570329863e-03
7.799120448113930175e-03
8.341381040167418146e-03
8.802242589085802760e-03
9.164541942154382295e-03
9.414331401384931977e-03
9.541771208049129246e-03
9.541771592021425913e-03
9.414332736836708918e-03
9.164543846270594221e-03
8.802243517868089950e-03
8.341380914771351351e-03
7.799120234842498410e-03
7.194781394986703854e-03
6.548704326958869511e-03
5.881127539709042965e-03
5.211169447227671433e-03
4.555972983119041184e-03
3.930073077677188539e-03
3.344996791972321745e-03
2.809108119299447322e-03
2.327663810261016483e-03
1.903055166643969742e-03
1.535184668114405147e-03
1.221920030731334832e-03
9.595932510448939787e-04
7.434812601282879884e-04
5.682579456232884040e-04
4.283760921875693251e-04
3.183713588838084862e-04
2.330921139409046006e-04
1.678433810556246479e-04
1.184682591906211597e-04
8.136191422468718782e-05
5.344275145188400204e-05
3.207687631844822882e-05
1.496666802747284551e-05
