-5.500000000000000000e+00
-5.313559322033897914e+00
-5.127118644067796716e+00
-4.940677966101694629e+00
-4.754237288135593431e+00
-4.567796610169491345e+00
-4.381355932203389258e+00
-4.194915254237288060e+00
-4.008474576271186862e+00
-3.822033898305084776e+00
-3.635593220338983134e+00
-3.449152542372881491e+00
-3.262711864406779405e+00
-3.076271186440677763e+00
-2.889830508474576121e+00
-2.703389830508474478e+00
-2.516949152542372836e+00
-2.330508474576271194e+00
-2.144067796610169552e+00
-1.957627118644067910e+00
-1.771186440677966267e+00
-1.584745762711864181e+00
-1.398305084745762983e+00
-1.211864406779660897e+00
-1.025423728813558810e+00
-8.389830508474576121e-01
-6.525423728813555257e-01
-4.661016949152543276e-01
-2.796610169491522413e-01
-9.322033898305104316e-02
9.322033898305104316e-02
2.796610169491522413e-01
4.661016949152543276e-01
6.525423728813564139e-01
8.389830508474576121e-01
1.025423728813559698e+00
1.211864406779660897e+00
1.398305084745762983e+00
1.584745762711864181e+00
1.771186440677966267e+00
1.957627118644067465e+00
2.144067796610169552e+00
2.330508474576271638e+00
2.516949152542373724e+00
2.703389830508474034e+00
2.889830508474576121e+00
3.076271186440678207e+00
3.262711864406780293e+00
3.449152542372882380e+00
3.635593220338982690e+00
3.822033898305084776e+00
4.008474576271186862e+00
4.194915254237288949e+00
4.381355932203389258e+00
4.567796610169491345e+00
4.754237288135593431e+00
4.940677966101695517e+00
5.127118644067797604e+00
5.313559322033897914e+00
5.500000000000000000e+00
