(-4.23555e-09,3.4794e-09)
(6.62286e-10,9.59993e-10)
(-4.51291e-09,-8.42571e-09)
(-7.3754e-09,1.06665e-08)
(-1.49541e-08,-1.92916e-08)
(-1.86967e-08,4.77175e-08)
(-4.33974e-08,-4.70467e-08)
(-4.06676e-08,1.25968e-07)
(-8.57032e-08,-9.20395e-08)
(-8.6154e-08,2.51887e-07)
(-1.32657e-07,-1.46564e-07)
(-1.41844e-07,4.14473e-07)
(-1.89342e-07,-2.04953e-07)
(-1.9619e-07,5.78915e-07)
(-2.15677e-07,-2.3372e-07)
(-2.28463e-07,6.71247e-07)
(-1.99512e-07,-2.17539e-07)
(-2.12076e-07,6.15643e-07)
(-1.20456e-07,-1.32068e-07)
(-1.28616e-07,3.74969e-07)
(-6.48136e-09,9.71817e-09)
(1.07616e-08,-1.59343e-09)
(-1.70111e-08,-2.43396e-09)
(1.60792e-08,2.07434e-08)
(-5.39137e-08,-2.61032e-08)
(1.15697e-08,9.54888e-08)
(-1.18471e-07,-7.65034e-08)
(-2.51414e-08,2.62823e-07)
(-2.18053e-07,-1.67717e-07)
(-9.42309e-08,5.40368e-07)
(-3.52888e-07,-2.94876e-07)
(-2.00856e-07,9.17332e-07)
(-4.86854e-07,-4.25223e-07)
(-3.14142e-07,1.30165e-06)
(-5.66913e-07,-5.07253e-07)
(-3.96975e-07,1.5408e-06)
(-5.19325e-07,-4.78769e-07)
(-3.87305e-07,1.43687e-06)
(-3.18348e-07,-2.95922e-07)
(-2.44456e-07,8.83412e-07)
(-1.65196e-08,1.95864e-08)
(5.02014e-08,-1.34185e-08)
(-5.37246e-08,2.17976e-08)
(9.71653e-08,1.06241e-08)
(-1.29675e-07,-2.84134e-10)
(1.31237e-07,1.32994e-07)
(-2.65443e-07,-7.29298e-08)
(1.34138e-07,4.09524e-07)
(-4.74527e-07,-2.13948e-07)
(7.91972e-08,8.91356e-07)
(-7.55428e-07,-4.26896e-07)
(-4.16413e-08,1.56887e-06)
(-1.04252e-06,-6.63544e-07)
(-2.11303e-07,2.30826e-06)
(-1.2144e-06,-8.36105e-07)
(-3.79575e-07,2.81155e-06)
(-1.12415e-06,-8.16927e-07)
(-4.38428e-07,2.68173e-06)
(-6.89662e-07,-5.18489e-07)
(-3.02939e-07,1.67705e-06)
(-4.33548e-08,4.42871e-08)
(1.29022e-07,-4.14102e-08)
(-1.19185e-07,7.52867e-08)
(2.6411e-07,-1.98235e-08)
(-2.66262e-07,6.80211e-08)
(4.06601e-07,1.47009e-07)
(-5.25625e-07,-6.12468e-09)
(5.31318e-07,5.48813e-07)
(-9.32666e-07,-1.87139e-07)
(5.94737e-07,1.29123e-06)
(-1.47037e-06,-4.91652e-07)
(5.53366e-07,2.39842e-06)
(-2.03198e-06,-8.7289e-07)
(3.6336e-07,3.68447e-06)
(-2.37882e-06,-1.19977e-06)
(7.28232e-08,4.65203e-06)
(-2.22075e-06,-1.23868e-06)
(-1.74457e-07,4.56908e-06)
(-1.37188e-06,-8.11946e-07)
(-2.02858e-07,2.91133e-06)
(-8.25556e-08,8.71944e-08)
(2.57515e-07,-8.28847e-08)
(-2.23689e-07,1.63179e-07)
(5.46088e-07,-7.85364e-08)
(-4.84766e-07,1.99062e-07)
(8.84719e-07,1.10026e-07)
(-9.39405e-07,1.57637e-07)
(1.27107e-06,6.34165e-07)
(-1.65376e-06,-2.53014e-08)
(1.636e-06,1.68092e-06)
(-2.60692e-06,-4.03781e-07)
(1.84868e-06,3.33475e-06)
(-3.61833e-06,-9.59361e-07)
(1.77113e-06,5.38501e-06)
(-4.28245e-06,-1.50585e-06)
(1.34468e-06,7.08467e-06)
(-4.03738e-06,-1.69061e-06)
(7.2605e-07,7.19404e-06)
(-2.51411e-06,-1.16525e-06)
(2.29488e-07,4.69558e-06)
(-1.37492e-07,1.4378e-07)
(4.25464e-07,-1.34326e-07)
(-3.62661e-07,2.8222e-07)
(9.19572e-07,-1.72668e-07)
(-7.69167e-07,3.99104e-07)
(1.56624e-06,8.41088e-09)
(-1.48704e-06,4.42631e-07)
(2.38293e-06,6.20909e-07)
(-2.61747e-06,3.27541e-07)
(3.28356e-06,1.93879e-06)
(-4.15205e-06,-6.30767e-08)
(4.05449e-06,4.16414e-06)
(-5.83519e-06,-7.50428e-07)
(4.34753e-06,7.11382e-06)
(-6.99925e-06,-1.56884e-06)
(3.86467e-06,9.79069e-06)
(-6.67654e-06,-2.01138e-06)
(2.65752e-06,1.0325e-05)
(-4.19702e-06,-1.49196e-06)
(1.2173e-06,6.9212e-06)
(-1.92306e-07,1.98523e-07)
(5.86338e-07,-1.83299e-07)
(-4.98146e-07,4.10974e-07)
(1.31181e-06,-2.78096e-07)
(-1.06059e-06,6.29394e-07)
(2.31282e-06,-1.4274e-07)
(-2.05534e-06,8.1364e-07)
(3.67272e-06,4.66852e-07)
(-3.64644e-06,8.51138e-07)
(5.33525e-06,1.91694e-06)
(-5.85494e-06,5.88161e-07)
(6.99026e-06,4.54202e-06)
(-8.34034e-06,-1.18259e-07)
(8.02435e-06,8.25139e-06)
(-1.01397e-05,-1.15087e-06)
(7.7176e-06,1.19312e-05)
(-9.80207e-06,-1.94231e-06)
(5.78703e-06,1.30981e-05)
(-6.21309e-06,-1.62521e-06)
(2.89052e-06,9.05222e-06)
(-2.21727e-07,2.30267e-07)
(6.8115e-07,-2.11686e-07)
(-5.79377e-07,4.91253e-07)
(1.5514e-06,-3.52319e-07)
(-1.23747e-06,8.0021e-07)
(2.82045e-06,-2.98112e-07)
(-2.41505e-06,1.12745e-06)
(4.64968e-06,2.01592e-07)
(-4.32631e-06,1.3856e-06)
(7.04294e-06,1.542e-06)
(-7.04089e-06,1.36954e-06)
(9.68024e-06,4.13572e-06)
(-1.01682e-05,8.64302e-07)
(1.17094e-05,8.0486e-06)
(-1.25373e-05,-1.77536e-07)
(1.18985e-05,1.22396e-05)
(-1.22478e-05,-1.265e-06)
(9.42248e-06,1.40112e-05)
(-7.81609e-06,-1.36709e-06)
(4.90246e-06,9.99608e-06)
(-2.04185e-07,2.10114e-07)
(6.22554e-07,-1.93737e-07)
(-5.34253e-07,4.61146e-07)
(1.44733e-06,-3.44091e-07)
(-1.14656e-06,7.80265e-07)
(2.69687e-06,-3.58215e-07)
(-2.25612e-06,1.17422e-06)
(4.57196e-06,-4.30962e-08)
(-4.08694e-06,1.57415e-06)
(7.1706e-06,9.25628e-07)
(-6.73324e-06,1.82391e-06)
(1.0244e-05,2.94465e-06)
(-9.85452e-06,1.66501e-06)
(1.29291e-05,6.15239e-06)
(-1.22802e-05,9.17686e-07)
(1.37382e-05,9.81449e-06)
(-1.20842e-05,-1.71004e-07)
(1.13376e-05,1.16643e-05)
(-7.714e-06,-7.03997e-07)
(6.0633e-06,8.5694e-06)
(-1.25069e-07,1.26638e-07)
(3.79696e-07,-1.19344e-07)
(-3.27923e-07,2.83403e-07)
(8.91059e-07,-2.17627e-07)
(-7.05527e-07,4.94885e-07)
(1.68534e-06,-2.51582e-07)
(-1.39617e-06,7.71613e-07)
(2.91787e-06,-1.20018e-07)
(-2.54917e-06,1.09395e-06)
(4.68661e-06,3.61773e-07)
(-4.24049e-06,1.37256e-06)
(6.88481e-06,1.4119e-06)
(-6.25819e-06,1.44883e-06)
(8.96636e-06,3.14281e-06)
(-7.85142e-06,1.14574e-06)
(9.85335e-06,5.18234e-06)
(-7.73105e-06,4.86293e-07)
(8.39512e-06,6.30411e-06)
(-4.89966e-06,-6.94362e-08)
(4.57863e-06,4.7097e-06)
(4.54523e-09,5.30442e-10)
(-8.47386e-09,-9.72209e-09)
(5.83092e-09,-1.26989e-08)
(-3.12188e-08,7.14829e-09)
(-6.83165e-09,-3.86357e-08)
(-6.70309e-08,7.98458e-08)
(-4.68534e-08,-9.87788e-08)
(-1.4291e-07,2.37517e-07)
(-1.19917e-07,-1.98784e-07)
(-2.64211e-07,5.00891e-07)
(-2.24084e-07,-3.35774e-07)
(-4.12963e-07,8.67193e-07)
(-3.38009e-07,-4.7383e-07)
(-5.58481e-07,1.24713e-06)
(-4.15707e-07,-5.55839e-07)
(-6.42168e-07,1.48712e-06)
(-3.96359e-07,-5.18551e-07)
(-5.88109e-07,1.39065e-06)
(-2.4798e-07,-3.17927e-07)
(-3.56336e-07,8.57502e-07)
(1.05793e-08,1.11825e-08)
(6.94469e-09,-2.64429e-08)
(1.31464e-09,-7.26321e-09)
(-2.32766e-09,5.6856e-10)
(-5.11304e-08,-5.47301e-08)
(-4.976e-08,1.4639e-07)
(-1.59523e-07,-1.68343e-07)
(-1.62476e-07,4.86607e-07)
(-3.49746e-07,-3.80256e-07)
(-3.73594e-07,1.08439e-06)
(-6.24829e-07,-6.78362e-07)
(-6.63432e-07,1.93079e-06)
(-9.29399e-07,-9.99631e-07)
(-9.80537e-07,2.85464e-06)
(-1.13156e-06,-1.21296e-06)
(-1.19911e-06,3.47944e-06)
(-1.08159e-06,-1.15884e-06)
(-1.14651e-06,3.31789e-06)
(-6.73969e-07,-7.24916e-07)
(-7.16744e-07,2.07443e-06)
(-7.30472e-09,4.13877e-08)
(8.27564e-08,-6.4739e-08)
(-4.70721e-08,4.96739e-08)
(1.48347e-07,-4.49706e-08)
(-1.72636e-07,-2.96927e-09)
(1.72792e-07,1.76561e-07)
(-4.17167e-07,-1.63801e-07)
(1.10684e-07,7.3942e-07)
(-8.3874e-07,-4.94728e-07)
(-9.5191e-08,1.79065e-06)
(-1.43698e-06,-9.98871e-07)
(-4.68488e-07,3.35659e-06)
(-2.09676e-06,-1.59119e-06)
(-9.69425e-07,5.16632e-06)
(-2.55667e-06,-2.05668e-06)
(-1.42107e-06,6.52075e-06)
(-2.4484e-06,-2.04718e-06)
(-1.51973e-06,6.39966e-06)
(-1.53972e-06,-1.31468e-06)
(-1.01457e-06,4.0768e-06)
(-4.84272e-08,1.02579e-07)
(2.42025e-07,-1.41462e-07)
(-1.6453e-07,1.70562e-07)
(4.91799e-07,-1.51045e-07)
(-4.22584e-07,1.58794e-07)
(7.4051e-07,1.30633e-07)
(-9.27702e-07,-1.29749e-08)
(9.28134e-07,9.54946e-07)
(-1.7713e-06,-4.37776e-07)
(9.59145e-07,2.60326e-06)
(-2.96355e-06,-1.18011e-06)
(7.0136e-07,5.21398e-06)
(-4.30221e-06,-2.17202e-06)
(9.13686e-08,8.45497e-06)
(-5.26712e-06,-3.06725e-06)
(-7.1796e-07,1.11397e-05)
(-5.09593e-06,-3.24971e-06)
(-1.27171e-06,1.13243e-05)
(-3.22677e-06,-2.17425e-06)
(-1.03647e-06,7.39371e-06)
(-1.25287e-07,1.99972e-07)
(5.14037e-07,-2.49496e-07)
(-3.61802e-07,3.75051e-07)
(1.09447e-06,-3.41581e-07)
(-8.5609e-07,4.68174e-07)
(1.79532e-06,-4.00411e-08)
(-1.78479e-06,3.83443e-07)
(2.57957e-06,1.03143e-06)
(-3.33196e-06,-4.81932e-08)
(3.28502e-06,3.37331e-06)
(-5.53412e-06,-9.99199e-07)
(3.61522e-06,7.3642e-06)
(-8.07141e-06,-2.47053e-06)
(3.21743e-06,1.26855e-05)
(-9.99164e-06,-4.03115e-06)
(1.99882e-06,1.75736e-05)
(-9.78173e-06,-4.68121e-06)
(4.80033e-07,1.86213e-05)
(-6.26125e-06,-3.31114e-06)
(-3.2408e-07,1.25263e-05)
(-2.3524e-07,3.2723e-07)
(8.80983e-07,-3.90586e-07)
(-6.4631e-07,6.58136e-07)
(1.94987e-06,-6.09999e-07)
(-1.46318e-06,9.51689e-07)
(3.36864e-06,-3.69852e-07)
(-2.99957e-06,1.09282e-06)
(5.19504e-06,8.46066e-07)
(-5.5637e-06,8.38776e-07)
(7.26158e-06,3.81495e-06)
(-9.29035e-06,-1.2992e-07)
(9.03106e-06,9.28773e-06)
(-1.37129e-05,-2.01538e-06)
(9.61552e-06,1.71729e-05)
(-1.72106e-05,-4.42167e-06)
(8.22347e-06,2.51808e-05)
(-1.71077e-05,-5.92974e-06)
(5.07568e-06,2.79701e-05)
(-1.10784e-05,-4.55878e-06)
(1.85942e-06,1.94972e-05)
(-3.50368e-07,4.62216e-07)
(1.2655e-06,-5.27993e-07)
(-9.51003e-07,9.71194e-07)
(2.88182e-06,-9.01019e-07)
(-2.13988e-06,1.53181e-06)
(5.19336e-06,-8.23158e-07)
(-4.36633e-06,2.04553e-06)
(8.44977e-06,3.28171e-07)
(-8.14354e-06,2.2426e-06)
(1.25885e-05,3.57235e-06)
(-1.3764e-05,1.62727e-06)
(1.6895e-05,1.0096e-05)
(-2.06086e-05,-2.92107e-07)
(1.97195e-05,2.02842e-05)
(-2.63118e-05,-3.42086e-06)
(1.89405e-05,3.16852e-05)
(-2.65592e-05,-6.13625e-06)
(1.36872e-05,3.71134e-05)
(-1.73963e-05,-5.39923e-06)
(6.22901e-06,2.69488e-05)
(-4.2917e-07,5.43271e-07)
(1.50685e-06,-6.00674e-07)
(-1.16205e-06,1.18437e-06)
(3.51407e-06,-1.10211e-06)
(-2.61085e-06,1.98305e-06)
(6.56121e-06,-1.23597e-06)
(-5.35644e-06,2.91671e-06)
(1.11542e-05,-4.02565e-07)
(-1.01063e-05,3.7465e-06)
(1.75092e-05,2.49149e-06)
(-1.73298e-05,3.93337e-06)
(2.4933e-05,8.93128e-06)
(-2.64e-05,2.67189e-06)
(3.11368e-05,1.98286e-05)
(-3.42566e-05,-4.87211e-07)
(3.22692e-05,3.31948e-05)
(-3.50517e-05,-4.28456e-06)
(2.53204e-05,4.1153e-05)
(-2.31314e-05,-4.98579e-06)
(1.2442e-05,3.12735e-05)
(-4.08208e-07,5.0182e-07)
(1.40924e-06,-5.49174e-07)
(-1.10992e-06,1.12621e-06)
(3.35305e-06,-1.04932e-06)
(-2.50706e-06,1.97583e-06)
(6.44147e-06,-1.33444e-06)
(-5.18975e-06,3.10241e-06)
(1.1356e-05,-9.51166e-07)
(-9.91557e-06,4.40233e-06)
(1.85959e-05,1.00738e-06)
(-1.72745e-05,5.44356e-06)
(2.78135e-05,5.864e-06)
(-2.67239e-05,5.38005e-06)
(3.67096e-05,1.47302e-05)
(-3.51597e-05,3.28948e-06)
(4.04194e-05,2.64756e-05)
(-3.62551e-05,-5.14282e-07)
(3.3705e-05,3.46728e-05)
(-2.38732e-05,-2.8196e-06)
(1.73053e-05,2.75505e-05)
(-2.56443e-07,3.07405e-07)
(8.69608e-07,-3.32834e-07)
(-6.96522e-07,7.01119e-07)
(2.09602e-06,-6.57771e-07)
(-1.57738e-06,1.2671e-06)
(4.10576e-06,-8.96914e-07)
(-3.29035e-06,2.08003e-06)
(7.42114e-06,-8.24502e-07)
(-6.35601e-06,3.13324e-06)
(1.25304e-05,2.93171e-08)
(-1.12049e-05,4.24551e-06)
(1.94344e-05,2.41115e-06)
(-1.75451e-05,4.90448e-06)
(2.67617e-05,6.98885e-06)
(-2.32643e-05,4.32897e-06)
(3.09088e-05,1.33203e-05)
(-2.39436e-05,2.14328e-06)
(2.70491e-05,1.8079e-05)
(-1.54605e-05,-2.18999e-07)
(1.43374e-05,1.47497e-05)
(3.6207e-08,1.83723e-09)
(-2.98887e-08,-3.25564e-08)
(5.73004e-08,-1.8681e-08)
(-9.02853e-08,-2.9094e-08)
(6.36494e-08,-6.835e-08)
(-1.94712e-07,6.18486e-08)
(3.55599e-08,-1.73094e-07)
(-3.70785e-07,2.98462e-07)
(-4.85186e-08,-3.55977e-07)
(-6.39905e-07,7.31561e-07)
(-1.96249e-07,-6.05096e-07)
(-9.70904e-07,1.36457e-06)
(-3.84469e-07,-8.71372e-07)
(-1.30093e-06,2.07551e-06)
(-5.38028e-07,-1.04154e-06)
(-1.48169e-06,2.57833e-06)
(-5.62956e-07,-9.85294e-07)
(-1.35139e-06,2.48798e-06)
(-3.67369e-07,-6.13312e-07)
(-8.21274e-07,1.56788e-06)
(5.83849e-08,1.63988e-08)
(-2.67385e-08,-8.89652e-08)
(9.53175e-08,-5.90471e-10)
(-9.83641e-08,-1.00384e-07)
(8.46605e-08,-8.81645e-08)
(-2.56428e-07,8.16165e-08)
(-1.48794e-08,-2.96528e-07)
(-5.65374e-07,5.93376e-07)
(-2.54543e-07,-6.81015e-07)
(-1.06829e-06,1.57864e-06)
(-6.62711e-07,-1.24517e-06)
(-1.75701e-06,3.08053e-06)
(-1.17178e-06,-1.87941e-06)
(-2.48969e-06,4.84458e-06)
(-1.6006e-06,-2.34603e-06)
(-2.97951e-06,6.19323e-06)
(-1.64494e-06,-2.2879e-06)
(-2.82064e-06,6.12777e-06)
(-1.07912e-06,-1.4515e-06)
(-1.75855e-06,3.92118e-06)
(6.33883e-08,6.98307e-08)
(6.71824e-08,-1.93896e-07)
(8.45604e-08,8.85092e-08)
(8.95782e-08,-2.54658e-07)
(3.75353e-10,2.63919e-09)
(2.32861e-09,-2.41923e-09)
(-2.7694e-07,-2.91685e-07)
(-2.91565e-07,8.47648e-07)
(-8.53975e-07,-9.03858e-07)
(-9.04467e-07,2.60743e-06)
(-1.78809e-06,-1.88265e-06)
(-1.89065e-06,5.45397e-06)
(-2.96446e-06,-3.11036e-06)
(-3.13527e-06,9.03859e-06)
(-3.95751e-06,-4.14711e-06)
(-4.19e-06,1.20678e-05)
(-4.06494e-06,-4.24538e-06)
(-4.30087e-06,1.23757e-05)
(-2.66606e-06,-2.78853e-06)
(-2.82235e-06,8.12144e-06)
(3.08058e-08,1.77374e-07)
(3.1084e-07,-3.61884e-07)
(-2.42578e-08,3.03568e-07)
(6.12446e-07,-5.48903e-07)
(-2.85665e-07,2.88477e-07)
(8.58601e-07,-2.67613e-07)
(-9.33522e-07,-1.11258e-08)
(9.28903e-07,9.52878e-07)
(-2.18479e-06,-8.18339e-07)
(6.07862e-07,3.75706e-06)
(-4.17803e-06,-2.31359e-06)
(-3.57861e-07,8.65701e-06)
(-6.71174e-06,-4.44108e-06)
(-2.05909e-06,1.53263e-05)
(-8.92473e-06,-6.52647e-06)
(-4.04653e-06,2.16132e-05)
(-9.20504e-06,-7.18271e-06)
(-5.09043e-06,2.31751e-05)
(-6.09739e-06,-4.94043e-06)
(-3.74383e-06,1.57107e-05)
(-6.15699e-08,3.55715e-07)
(7.517e-07,-6.17613e-07)
(-2.7274e-07,6.78571e-07)
(1.61196e-06,-1.02344e-06)
(-8.77758e-07,8.78772e-07)
(2.63594e-06,-8.28128e-07)
(-2.21096e-06,7.51843e-07)
(3.74071e-06,7.12671e-07)
(-4.69172e-06,-6.5608e-08)
(4.60966e-06,4.73977e-06)
(-8.6507e-06,-2.03269e-06)
(4.62658e-06,1.24443e-05)
(-1.37926e-05,-5.32021e-06)
(3.09522e-06,2.38913e-05)
(-1.8423e-05,-9.15143e-06)
(-5.32865e-08,3.59144e-05)
(-1.92436e-05,-1.11457e-05)
(-3.27652e-06,4.06176e-05)
(-1.29075e-05,-8.20009e-06)
(-3.63304e-06,2.86556e-05)
(-2.12509e-07,5.97787e-07)
(1.39303e-06,-9.31836e-07)
(-6.9231e-07,1.22297e-06)
(3.12825e-06,-1.66436e-06)
(-1.84007e-06,1.82991e-06)
(5.50731e-06,-1.73332e-06)
(-4.24711e-06,2.19223e-06)
(8.66208e-06,-1.1785e-07)
(-8.71159e-06,1.78724e-06)
(1.23054e-05,4.97653e-06)
(-1.59171e-05,-2.23225e-07)
(1.53706e-05,1.58113e-05)
(-2.54749e-05,-4.58637e-06)
(1.59185e-05,3.3508e-05)
(-3.44889e-05,-1.07827e-05)
(1.21522e-05,5.42666e-05)
(-3.66328e-05,-1.53899e-05)
(4.9161e-06,6.5318e-05)
(-2.49456e-05,-1.24732e-05)
(-5.88825e-07,4.83493e-05)
(-4.03987e-07,8.57884e-07)
(2.11334e-06,-1.23942e-06)
(-1.2195e-06,1.84621e-06)
(4.91312e-06,-2.35171e-06)
(-3.04914e-06,3.02501e-06)
(9.12472e-06,-2.87808e-06)
(-6.84475e-06,4.24852e-06)
(1.53775e-05,-1.62527e-06)
(-1.39427e-05,4.93051e-06)
(2.37936e-05,3.76978e-06)
(-2.55944e-05,3.86e-06)
(3.30403e-05,1.68609e-05)
(-4.15299e-05,-5.91182e-07)
(3.94274e-05,4.05607e-05)
(-5.72223e-05,-8.97261e-06)
(3.74712e-05,7.16773e-05)
(-6.19042e-05,-1.75265e-05)
(2.46161e-05,9.27049e-05)
(-4.27809e-05,-1.65663e-05)
(8.21075e-06,7.26901e-05)
(-5.6615e-07,1.02604e-06)
(2.61925e-06,-1.40746e-06)
(-1.6589e-06,2.30252e-06)
(6.27831e-06,-2.79993e-06)
(-4.07438e-06,4.03697e-06)
(1.21836e-05,-3.8441e-06)
(-9.11116e-06,6.27105e-06)
(2.17169e-05,-3.435e-06)
(-1.86802e-05,8.62357e-06)
(3.58956e-05,9.66043e-07)
(-3.47859e-05,9.80058e-06)
(5.38993e-05,1.3685e-05)
(-5.74556e-05,7.34528e-06)
(7.05875e-05,3.94836e-05)
(-8.06729e-05,-1.1437e-06)
(7.52592e-05,7.74232e-05)
(-8.86823e-05,-1.35027e-05)
(5.76849e-05,0.000108683)
(-6.17992e-05,-1.74175e-05)
(2.44065e-05,9.11587e-05)
(-5.85771e-07,9.68707e-07)
(2.52778e-06,-1.27865e-06)
(-1.70668e-06,2.24015e-06)
(6.20662e-06,-2.64262e-06)
(-4.18158e-06,4.12903e-06)
(1.24931e-05,-3.94621e-06)
(-9.41087e-06,6.91617e-06)
(2.33073e-05,-4.42785e-06)
(-1.9559e-05,1.05951e-05)
(4.06936e-05,-2.12422e-06)
(-3.7057e-05,1.43459e-05)
(6.51514e-05,6.76343e-06)
(-6.23787e-05,1.57638e-05)
(9.19701e-05,2.72322e-05)
(-8.90288e-05,1.09877e-05)
(0.000107009,6.07366e-05)
(-9.86074e-05,-1.39535e-06)
(9.05746e-05,9.31776e-05)
(-6.80415e-05,-1.12725e-05)
(4.22672e-05,8.40812e-05)
(-3.83623e-07,6.00712e-07)
(1.5918e-06,-7.76574e-07)
(-1.11674e-06,1.41838e-06)
(3.97176e-06,-1.64502e-06)
(-2.74364e-06,2.70845e-06)
(8.19974e-06,-2.58863e-06)
(-6.23603e-06,4.76651e-06)
(1.58122e-05,-3.29707e-06)
(-1.31354e-05,7.8323e-06)
(2.87453e-05,-2.8195e-06)
(-2.52927e-05,1.1763e-05)
(4.83467e-05,7.80096e-07)
(-4.32334e-05,1.535e-05)
(7.24288e-05,1.02661e-05)
(-6.22696e-05,1.56623e-05)
(9.0431e-05,2.69788e-05)
(-6.83335e-05,9.34266e-06)
(8.2849e-05,4.46308e-05)
(-4.4814e-05,-6.33716e-07)
(4.12539e-05,4.24399e-05)
(8.62091e-08,-2.84408e-09)
(-8.68061e-08,-8.59806e-08)
(1.66979e-07,-2.45286e-08)
(-2.16217e-07,-1.25701e-07)
(2.36113e-07,-1.01959e-07)
(-4.39175e-07,-4.66283e-08)
(2.68003e-07,-2.69843e-07)
(-8.05131e-07,2.53873e-07)
(2.30973e-07,-5.60798e-07)
(-1.34038e-06,8.6856e-07)
(8.17218e-08,-9.83902e-07)
(-2.02255e-06,1.85024e-06)
(-1.68609e-07,-1.4485e-06)
(-2.69264e-06,3.04316e-06)
(-4.51335e-07,-1.78319e-06)
(-3.07131e-06,3.99383e-06)
(-5.9266e-07,-1.72227e-06)
(-2.80636e-06,4.02345e-06)
(-4.35994e-07,-1.0868e-06)
(-1.71131e-06,2.59933e-06)
(1.65477e-07,2.57086e-08)
(-1.16413e-07,-2.19027e-07)
(3.20219e-07,4.17284e-09)
(-3.24271e-07,-3.34443e-07)
(4.43921e-07,-1.31256e-07)
(-7.18967e-07,-1.92155e-07)
(4.71574e-07,-4.67745e-07)
(-1.41115e-06,4.41588e-07)
(3.09708e-07,-1.1029e-06)
(-2.50481e-06,1.85645e-06)
(-1.30236e-07,-2.06934e-06)
(-3.97305e-06,4.22263e-06)
(-8.56616e-07,-3.22856e-06)
(-5.54966e-06,7.26823e-06)
(-1.64192e-06,-4.15858e-06)
(-6.59914e-06,9.91797e-06)
(-2.00896e-06,-4.15914e-06)
(-6.2477e-06,1.02981e-05)
(-1.43877e-06,-2.69535e-06)
(-3.9023e-06,6.80702e-06)
(2.32102e-07,1.06807e-07)
(-2.86818e-08,-4.40941e-07)
(4.38508e-07,1.46577e-07)
(-1.71513e-07,-7.25504e-07)
(5.64273e-07,9.958e-09)
(-5.6604e-07,-5.83546e-07)
(4.75784e-07,-4.64541e-07)
(-1.41587e-06,4.44155e-07)
(-3.3604e-08,-1.49865e-06)
(-2.95316e-06,2.99183e-06)
(-1.1704e-06,-3.24738e-06)
(-5.29843e-06,7.61121e-06)
(-2.95687e-06,-5.58291e-06)
(-8.17185e-06,1.40486e-05)
(-4.88857e-06,-7.7217e-06)
(-1.05621e-05,2.02679e-05)
(-5.70729e-06,-8.19556e-06)
(-1.0687e-05,2.20338e-05)
(-4.05411e-06,-5.52024e-06)
(-6.99345e-06,1.50546e-05)
(2.59716e-07,2.79809e-07)
(2.78686e-07,-7.98873e-07)
(4.60349e-07,4.86046e-07)
(4.84566e-07,-1.39883e-06)
(4.63616e-07,4.86965e-07)
(4.84961e-07,-1.40171e-06)
(1.09122e-09,1.15926e-09)
(5.29966e-10,2.92427e-10)
(-1.34477e-06,-1.39059e-06)
(-1.42436e-06,4.09166e-06)
(-4.05627e-06,-4.16803e-06)
(-4.29493e-06,1.22894e-05)
(-8.23162e-06,-8.39114e-06)
(-8.70261e-06,2.48563e-05)
(-1.27448e-05,-1.296e-05)
(-1.34751e-05,3.84473e-05)
(-1.46778e-05,-1.49196e-05)
(-1.55187e-05,4.42727e-05)
(-1.04632e-05,-1.06535e-05)
(-1.1063e-05,3.15746e-05)
(2.15132e-07,5.68233e-07)
(9.08245e-07,-1.31687e-06)
(2.85658e-07,1.1157e-06)
(1.92681e-06,-2.44885e-06)
(-7.38389e-08,1.49958e-06)
(3.07541e-06,-2.86434e-06)
(-1.3882e-06,1.35523e-06)
(4.12887e-06,-1.30911e-06)
(-4.52308e-06,-6.52368e-08)
(4.41637e-06,4.54717e-06)
(-1.05157e-05,-3.81884e-06)
(2.72996e-06,1.78469e-05)
(-1.96745e-05,-1.07036e-05)
(-2.27914e-06,4.04979e-05)
(-2.98189e-05,-1.95873e-05)
(-1.04221e-05,6.81077e-05)
(-3.44724e-05,-2.53046e-05)
(-1.74421e-05,8.40297e-05)
(-2.48893e-05,-1.95686e-05)
(-1.50731e-05,6.31961e-05)
(6.11406e-08,9.82302e-07)
(1.9027e-06,-1.96609e-06)
(-1.83123e-07,2.06392e-06)
(4.33022e-06,-3.84772e-06)
(-1.26506e-06,3.20948e-06)
(7.75406e-06,-5.07881e-06)
(-4.1822e-06,4.04891e-06)
(1.24016e-05,-3.94198e-06)
(-1.06238e-05,3.52544e-06)
(1.77646e-05,3.23355e-06)
(-2.26769e-05,-3.2095e-07)
(2.17587e-05,2.23844e-05)
(-4.13088e-05,-9.83769e-06)
(2.03977e-05,5.91466e-05)
(-6.26363e-05,-2.51103e-05)
(9.77283e-06,0.000109962)
(-7.34384e-05,-3.86861e-05)
(-7.34836e-06,0.000147247)
(-5.39993e-05,-3.35224e-05)
(-1.52939e-05,0.000118215)
(-2.04958e-07,1.4429e-06)
(3.11323e-06,-2.60256e-06)
(-9.4068e-07,3.20469e-06)
(7.42053e-06,-5.33618e-06)
(-3.11864e-06,5.49287e-06)
(1.42728e-05,-7.76841e-06)
(-8.47068e-06,8.15619e-06)
(2.50924e-05,-7.99307e-06)
(-1.9971e-05,1.01409e-05)
(4.05456e-05,-1.12829e-06)
(-4.15735e-05,8.66603e-06)
(5.8544e-05,2.20669e-05)
(-7.56495e-05,-1.07016e-06)
(7.12756e-05,7.33211e-05)
(-0.000116103,-2.28353e-05)
(6.5132e-05,0.00015439)
(-0.000138685,-4.9377e-05)
(3.25595e-05,0.000227991)
(-0.000103854,-5.11202e-05)
(-3.33142e-06,0.000198382)
(-4.95089e-07,1.77202e-06)
(4.07856e-06,-2.9519e-06)
(-1.75685e-06,4.10987e-06)
(1.00976e-05,-6.30991e-06)
(-5.10314e-06,7.58311e-06)
(2.05592e-05,-9.98243e-06)
(-1.31099e-05,1.25933e-05)
(3.88119e-05,-1.23769e-05)
(-3.03686e-05,1.87345e-05)
(6.83784e-05,-8.48546e-06)
(-6.333e-05,2.33309e-05)
(0.000109643,1.28813e-05)
(-0.000116707,1.95395e-05)
(0.000152483,6.94783e-05)
(-0.000182298,-2.57659e-06)
(0.000168401,0.000173233)
(-0.000221434,-4.2977e-05)
(0.000122417,0.00028826)
(-0.000167229,-6.29532e-05)
(3.2604e-05,0.000277001)
(-6.39032e-07,1.70628e-06)
(4.09966e-06,-2.68962e-06)
(-2.12129e-06,4.10333e-06)
(1.04723e-05,-5.95178e-06)
(-5.93976e-06,8.02875e-06)
(2.23267e-05,-1.00547e-05)
(-1.51008e-05,1.44985e-05)
(4.46966e-05,-1.42547e-05)
(-3.51792e-05,2.43195e-05)
(8.44885e-05,-1.50531e-05)
(-7.45088e-05,3.65916e-05)
(0.000147397,-3.17773e-06)
(-0.00014003,4.54366e-05)
(0.000226981,3.89993e-05)
(-0.000222563,3.66905e-05)
(0.000284681,0.000130528)
(-0.000271704,-3.84602e-06)
(0.000246224,0.000253297)
(-0.00020012,-4.84812e-05)
(9.21201e-05,0.000274735)
(-4.64329e-07,1.07451e-06)
(2.64774e-06,-1.63504e-06)
(-1.51318e-06,2.64971e-06)
(6.91481e-06,-3.70654e-06)
(-4.20926e-06,5.40364e-06)
(1.52491e-05,-6.56225e-06)
(-1.07608e-05,1.03522e-05)
(3.18745e-05,-1.01597e-05)
(-2.54368e-05,1.8855e-05)
(6.35987e-05,-1.32784e-05)
(-5.49311e-05,3.19844e-05)
(0.000118603,-1.19397e-05)
(-0.000105263,4.81592e-05)
(0.000198398,2.28721e-06)
(-0.000168946,5.81957e-05)
(0.000275966,4.04329e-05)
(-0.000201413,4.27962e-05)
(0.000272017,9.98631e-05)
(-0.000130826,-1.85219e-06)
(0.000120039,0.000123489)
(1.64065e-07,1.08899e-09)
(-1.66874e-07,-1.73424e-07)
(3.4128e-07,-2.76527e-08)
(-4.17631e-07,-2.92138e-07)
(5.38295e-07,-1.40416e-07)
(-8.32946e-07,-2.71544e-07)
(7.21726e-07,-3.82455e-07)
(-1.50305e-06,2.49156e-08)
(8.35747e-07,-8.18375e-07)
(-2.49549e-06,7.90984e-07)
(7.97722e-07,-1.46979e-06)
(-3.75695e-06,2.14277e-06)
(5.40516e-07,-2.23162e-06)
(-5.02455e-06,3.95807e-06)
(1.03874e-07,-2.82609e-06)
(-5.76564e-06,5.60703e-06)
(-2.923e-07,-2.79198e-06)
(-5.30617e-06,5.95035e-06)
(-3.41441e-07,-1.7976e-06)
(-3.25096e-06,3.98277e-06)
(3.40698e-07,3.75656e-08)
(-2.77822e-07,-4.2451e-07)
(7.15447e-07,9.83802e-09)
(-7.25971e-07,-7.44428e-07)
(1.11823e-06,-1.83058e-07)
(-1.52082e-06,-7.72368e-07)
(1.49e-06,-6.73238e-07)
(-2.88841e-06,-1.56524e-07)
(1.68245e-06,-1.63565e-06)
(-5.01611e-06,1.59196e-06)
(1.4766e-06,-3.17691e-06)
(-7.89935e-06,4.92569e-06)
(6.80974e-07,-5.13571e-06)
(-1.10318e-05,9.7015e-06)
(-5.85191e-07,-6.82483e-06)
(-1.31818e-05,1.44354e-05)
(-1.63746e-06,-7.04824e-06)
(-1.25605e-05,1.59535e-05)
(-1.50692e-06,-4.66888e-06)
(-7.89281e-06,1.0994e-05)
(5.30133e-07,1.529e-07)
(-2.46774e-07,-8.42575e-07)
(1.11107e-06,2.13531e-07)
(-7.28572e-07,-1.54143e-06)
(1.73458e-06,2.86848e-08)
(-1.73722e-06,-1.78579e-06)
(2.25686e-06,-6.78071e-07)
(-3.68433e-06,-8.93108e-07)
(2.3803e-06,-2.29055e-06)
(-7.05339e-06,2.24921e-06)
(1.58319e-06,-5.18206e-06)
(-1.21011e-05,8.91345e-06)
(-5.82986e-07,-9.27942e-06)
(-1.82878e-05,1.94494e-05)
(-3.81988e-06,-1.34086e-05)
(-2.34613e-05,3.112e-05)
(-6.33573e-06,-1.48041e-05)
(-2.37667e-05,3.64857e-05)
(-5.30003e-06,-1.0311e-05)
(-1.56161e-05,2.62681e-05)
(7.09947e-07,4.01298e-07)
(7.05902e-08,-1.50458e-06)
(1.47686e-06,7.22616e-07)
(-7.39128e-08,-2.88962e-06)
(2.24031e-06,7.47793e-07)
(-7.89287e-07,-3.70589e-06)
(2.73992e-06,4.15634e-08)
(-2.70268e-06,-2.77732e-06)
(2.29807e-06,-2.1919e-06)
(-6.77739e-06,2.16477e-06)
(-1.94035e-07,-6.95266e-06)
(-1.40483e-05,1.43359e-05)
(-5.78471e-06,-1.47981e-05)
(-2.46245e-05,3.5894e-05)
(-1.38856e-05,-2.41311e-05)
(-3.57612e-05,6.29794e-05)
(-2.00256e-05,-2.92881e-05)
(-4.01506e-05,7.95202e-05)
(-1.62929e-05,-2.1869e-05)
(-2.84518e-05,6.05822e-05)
(8.18344e-07,8.43783e-07)
(8.60033e-07,-2.47159e-06)
(1.64137e-06,1.69124e-06)
(1.73397e-06,-4.96685e-06)
(2.31391e-06,2.36212e-06)
(2.44605e-06,-6.98536e-06)
(2.23077e-06,2.25157e-06)
(2.35601e-06,-6.71508e-06)
(-4.15458e-10,-4.95925e-10)
(-4.21222e-10,-3.55281e-09)
(-6.75351e-06,-6.69035e-06)
(-7.13357e-06,2.01793e-05)
(-2.04666e-05,-2.01903e-05)
(-2.16193e-05,6.10968e-05)
(-4.01932e-05,-3.96129e-05)
(-4.24539e-05,0.000119954)
(-5.54305e-05,-5.482e-05)
(-5.85521e-05,0.000165619)
(-4.52056e-05,-4.50529e-05)
(-4.77604e-05,0.000135425)
(7.61774e-07,1.48923e-06)
(2.24574e-06,-3.69184e-06)
(1.39051e-06,3.21986e-06)
(5.14246e-06,-7.75524e-06)
(1.43269e-06,5.22183e-06)
(9.25232e-06,-1.18442e-05)
(-3.93459e-07,6.94091e-06)
(1.47275e-05,-1.36339e-05)
(-6.93682e-06,6.49307e-06)
(2.03765e-05,-6.55689e-06)
(-2.31303e-05,-3.2722e-07)
(2.20764e-05,2.27124e-05)
(-5.45124e-05,-1.99179e-05)
(1.16895e-05,9.25481e-05)
(-0.000100027,-5.57946e-05)
(-1.89325e-05,0.00020903)
(-0.000136919,-9.39416e-05)
(-6.14776e-05,0.00032145)
(-0.000113572,-8.84363e-05)
(-7.05115e-05,0.000287081)
(4.82269e-07,2.24672e-06)
(4.09494e-06,-4.90634e-06)
(5.37396e-07,5.14789e-06)
(1.00089e-05,-1.07502e-05)
(-8.42105e-07,9.25383e-06)
(1.99558e-05,-1.77252e-05)
(-6.19604e-06,1.46222e-05)
(3.65775e-05,-2.35926e-05)
(-2.10306e-05,1.96019e-05)
(6.16888e-05,-1.98743e-05)
(-5.506e-05,1.83699e-05)
(9.21792e-05,1.43071e-05)
(-0.000120031,-1.69881e-06)
(0.00011235,0.00011558)
(-0.000215994,-5.61544e-05)
(8.98159e-05,0.000315378)
(-0.000298219,-0.000136623)
(2.36445e-06,0.000554063)
(-0.000252504,-0.000158249)
(-8.00035e-05,0.000552932)
(2.69564e-08,2.82533e-06)
(5.76314e-06,-5.60365e-06)
(-7.73987e-07,6.80601e-06)
(1.4802e-05,-1.27664e-05)
(-4.19377e-06,1.32916e-05)
(3.17706e-05,-2.25685e-05)
(-1.45633e-05,2.37274e-05)
(6.39698e-05,-3.39581e-05)
(-4.13028e-05,3.84599e-05)
(0.000121108,-3.90375e-05)
(-0.000101572,5.29394e-05)
(0.00020948,-1.30059e-05)
(-0.000217501,5.00267e-05)
(0.00031271,9.87066e-05)
(-0.00039258,-5.55824e-06)
(0.000359283,0.000369601)
(-0.000548286,-0.000137386)
(0.000231761,0.000773769)
(-0.00046772,-0.00023496)
(-3.17202e-05,0.00089096)
(-3.68587e-07,2.78607e-06)
(6.09822e-06,-5.13546e-06)
(-1.83669e-06,6.99598e-06)
(1.63035e-05,-1.21024e-05)
(-6.75375e-06,1.46191e-05)
(3.71448e-05,-2.2721e-05)
(-2.08475e-05,2.8712e-05)
(8.06227e-05,-3.78769e-05)
(-5.69623e-05,5.3228e-05)
(0.000167212,-5.38395e-05)
(-0.00013953,9.00321e-05)
(0.000323063,-5.2351e-05)
(-0.000301972,0.000128124)
(0.000553774,1.80509e-05)
(-0.00055196,0.000121808)
(0.0007669,0.000253574)
(-0.000769718,-1.09004e-05)
(0.000686929,0.000706662)
(-0.000624375,-0.000224294)
(0.000137449,0.000991032)
(-3.9247e-07,1.78609e-06)
(4.07264e-06,-3.13775e-06)
(-1.63921e-06,4.62517e-06)
(1.12147e-05,-7.57834e-06)
(-5.59077e-06,1.01558e-05)
(2.66988e-05,-1.48641e-05)
(-1.69072e-05,2.13988e-05)
(6.13654e-05,-2.67227e-05)
(-4.6465e-05,4.37566e-05)
(0.000136723,-4.39052e-05)
(-0.000116034,8.51846e-05)
(0.000288962,-6.23567e-05)
(-0.000256887,0.000151036)
(0.000554975,-6.43175e-05)
(-0.000474187,0.000221619)
(0.000891504,-6.47986e-06)
(-0.000630477,0.000206523)
(0.000986746,0.000165453)
(-0.000378536,-5.35993e-06)
(0.000349639,0.000359684)
(2.6794e-07,2.09689e-10)
(-2.76447e-07,-2.81275e-07)
(5.86011e-07,-3.77918e-08)
(-6.7965e-07,-5.23197e-07)
(9.69154e-07,-1.74819e-07)
(-1.35489e-06,-6.3752e-07)
(1.41331e-06,-4.94694e-07)
(-2.46026e-06,-4.32527e-07)
(1.84339e-06,-1.08612e-06)
(-4.09701e-06,3.55392e-07)
(2.10334e-06,-2.00305e-06)
(-6.21737e-06,1.98851e-06)
(1.99493e-06,-3.13563e-06)
(-8.40323e-06,4.44411e-06)
(1.43286e-06,-4.07412e-06)
(-9.74519e-06,6.97787e-06)
(6.28748e-07,-4.14051e-06)
(-9.05023e-06,7.92747e-06)
(7.05232e-08,-2.71439e-06)
(-5.57995e-06,5.54182e-06)
(5.80746e-07,5.05633e-08)
(-5.03781e-07,-6.91889e-07)
(1.27125e-06,1.95209e-08)
(-1.28579e-06,-1.32255e-06)
(2.13379e-06,-2.25819e-07)
(-2.66559e-06,-1.69324e-06)
(3.14546e-06,-8.84429e-07)
(-5.03204e-06,-1.36711e-06)
(4.14345e-06,-2.21865e-06)
(-8.7547e-06,3.92679e-07)
(4.7046e-06,-4.45005e-06)
(-1.38707e-05,4.45022e-06)
(4.29188e-06,-7.43248e-06)
(-1.9566e-05,1.10975e-05)
(2.62729e-06,-1.02393e-05)
(-2.36348e-05,1.86356e-05)
(3.83073e-07,-1.09255e-05)
(-2.27534e-05,2.23332e-05)
(-7.85387e-07,-7.44299e-06)
(-1.44034e-05,1.62385e-05)
(9.61986e-07,2.02265e-07)
(-5.96114e-07,-1.374e-06)
(2.12653e-06,2.92152e-07)
(-1.61691e-06,-2.71036e-06)
(3.61909e-06,5.48209e-08)
(-3.61991e-06,-3.7214e-06)
(5.44116e-06,-8.98602e-07)
(-7.396e-06,-3.57295e-06)
(7.21775e-06,-3.19069e-06)
(-1.38761e-05,-5.99746e-07)
(8.06254e-06,-7.52388e-06)
(-2.36604e-05,7.62598e-06)
(6.63235e-06,-1.40892e-05)
(-3.5821e-05,2.28215e-05)
(2.18201e-06,-2.13024e-05)
(-4.62838e-05,4.24014e-05)
(-3.49364e-06,-2.46017e-05)
(-4.73149e-05,5.48973e-05)
(-5.2559e-06,-1.7798e-05)
(-3.13291e-05,4.23101e-05)
(1.40477e-06,5.34795e-07)
(-3.60647e-07,-2.4685e-06)
(3.12536e-06,9.75043e-07)
(-1.22349e-06,-5.06488e-06)
(5.41465e-06,1.05529e-06)
(-3.36473e-06,-7.49078e-06)
(8.23686e-06,1.13543e-07)
(-8.11268e-06,-8.34562e-06)
(1.09056e-05,-3.12101e-06)
(-1.74576e-05,-4.2137e-06)
(1.14867e-05,-1.05761e-05)
(-3.35726e-05,1.08646e-05)
(6.87798e-06,-2.38512e-05)
(-5.67578e-05,4.33548e-05)
(-5.05684e-06,-4.12623e-05)
(-8.1262e-05,9.17088e-05)
(-1.97393e-05,-5.31505e-05)
(-9.10693e-05,0.000130834)
(-2.18158e-05,-4.1856e-05)
(-6.48047e-05,0.000108728)
(1.81481e-06,1.13998e-06)
(4.69812e-07,-4.08373e-06)
(4.08236e-06,2.33922e-06)
(6.39315e-07,-8.73743e-06)
(7.12587e-06,3.39216e-06)
(-2.03422e-07,-1.38894e-05)
(1.08149e-05,3.42926e-06)
(-3.71605e-06,-1.75714e-05)
(1.36869e-05,1.93317e-07)
(-1.32461e-05,-1.36269e-05)
(1.17201e-05,-1.06639e-05)
(-3.41228e-05,1.10814e-05)
(-2.22074e-06,-3.48963e-05)
(-7.15872e-05,7.56529e-05)
(-3.39881e-05,-7.39226e-05)
(-0.000122552,0.000188498)
(-7.29302e-05,-0.000110607)
(-0.000160106,0.000302486)
(-7.50496e-05,-9.78778e-05)
(-0.000128726,0.000276269)
(2.04863e-06,2.06491e-06)
(2.1615e-06,-6.15756e-06)
(4.57865e-06,4.58062e-06)
(4.84067e-06,-1.3738e-05)
(7.85027e-06,7.74624e-06)
(8.29148e-06,-2.3433e-05)
(1.11913e-05,1.08942e-05)
(1.18103e-05,-3.32472e-05)
(1.14158e-05,1.09915e-05)
(1.20471e-05,-3.37955e-05)
(4.56626e-09,-6.51553e-10)
(-1.61901e-09,7.59846e-10)
(-3.89825e-05,-3.7094e-05)
(-4.11376e-05,0.000114985)
(-0.000120842,-0.00011519)
(-0.000127526,0.000356623)
(-0.000223177,-0.000214848)
(-0.000235578,0.000660796)
(-0.000227924,-0.000223913)
(-0.000240718,0.00067947)
(1.90551e-06,3.18679e-06)
(4.67693e-06,-8.27343e-06)
(4.0854e-06,7.54639e-06)
(1.16403e-05,-1.92394e-05)
(6.24049e-06,1.42641e-05)
(2.38233e-05,-3.51558e-05)
(6.20593e-06,2.4036e-05)
(4.49463e-05,-5.5503e-05)
(-3.20974e-06,3.48182e-05)
(7.76461e-05,-6.94144e-05)
(-4.00211e-05,3.59761e-05)
(0.000116103,-3.78692e-05)
(-0.000138543,-1.95864e-06)
(0.000129043,0.000132751)
(-0.000335724,-0.000129785)
(4.36789e-05,0.000582196)
(-0.000588956,-0.000361829)
(-0.000200437,0.00129621)
(-0.000609573,-0.000481494)
(-0.000403062,0.00155048)
(1.31842e-06,4.11434e-06)
(7.24489e-06,-9.5442e-06)
(2.33788e-06,1.0305e-05)
(1.92942e-05,-2.3097e-05)
(1.58131e-06,2.13542e-05)
(4.36919e-05,-4.50632e-05)
(-6.2186e-06,4.11051e-05)
(9.39691e-05,-7.86292e-05)
(-3.60705e-05,7.29281e-05)
(0.000191891,-0.000117167)
(-0.000124059,0.000111724)
(0.000360089,-0.000117377)
(-0.000339267,0.000120227)
(0.000580725,6.01497e-05)
(-0.000760426,-1.07681e-05)
(0.000690329,0.000710156)
(-0.00130885,-0.000430898)
(0.000315905,0.00205993)
(-0.00135763,-0.000891103)
(-0.000525668,0.00301354)
(5.10575e-07,4.15633e-06)
(8.1796e-06,-8.8247e-06)
(7.21773e-08,1.09323e-05)
(2.29669e-05,-2.21144e-05)
(-4.18932e-06,2.44941e-05)
(5.6212e-05,-4.57396e-05)
(-2.12359e-05,5.25722e-05)
(0.000133362,-8.7328e-05)
(-7.6036e-05,0.000108498)
(0.000306895,-0.000151474)
(-0.000229178,0.000208442)
(0.000667199,-0.000216775)
(-0.000598972,0.000345007)
(0.00130137,-0.000163657)
(-0.00132053,0.000393663)
(0.00205016,0.000374108)
(-0.00222744,-3.15409e-05)
(0.00195152,0.00200757)
(-0.00212045,-0.00110766)
(-0.000236351,0.00400481)
(-6.96451e-09,2.7157e-06)
(5.69651e-06,-5.42298e-06)
(-9.99862e-07,7.41653e-06)
(1.66386e-05,-1.39378e-05)
(-5.7607e-06,1.76424e-05)
(4.31818e-05,-3.01185e-05)
(-2.29951e-05,4.1223e-05)
(0.000110518,-6.16987e-05)
(-7.77933e-05,9.57134e-05)
(0.000279801,-0.000120854)
(-0.000234177,0.00021737)
(0.000686011,-0.000221384)
(-0.000622966,0.000464036)
(0.00156127,-0.000358996)
(-0.00138233,0.000852302)
(0.00302723,-0.000440127)
(-0.00215097,0.00104718)
(0.0040099,-0.000122856)
(-0.000998136,-1.4133e-05)
(0.000954772,0.0009822)
(3.78168e-07,4.10935e-09)
(-3.84117e-07,-3.93738e-07)
(8.38779e-07,-3.77303e-08)
(-9.47747e-07,-7.76639e-07)
(1.45261e-06,-1.95277e-07)
(-1.90341e-06,-1.06813e-06)
(2.23794e-06,-5.7046e-07)
(-3.4782e-06,-1.0816e-06)
(3.13843e-06,-1.2892e-06)
(-5.86613e-06,-4.77931e-07)
(3.92034e-06,-2.43945e-06)
(-9.02472e-06,1.15643e-06)
(4.22303e-06,-3.91238e-06)
(-1.23694e-05,3.99961e-06)
(3.68374e-06,-5.22879e-06)
(-1.45341e-05,7.34932e-06)
(2.37247e-06,-5.446e-06)
(-1.36352e-05,9.14837e-06)
(9.42445e-07,-3.64864e-06)
(-8.45737e-06,6.76697e-06)
(8.36866e-07,5.89706e-08)
(-7.4766e-07,-9.69776e-07)
(1.88745e-06,2.90533e-08)
(-1.89726e-06,-1.95218e-06)
(3.31938e-06,-2.53777e-07)
(-3.94528e-06,-2.81635e-06)
(5.24718e-06,-1.03506e-06)
(-7.51263e-06,-3.11366e-06)
(7.53085e-06,-2.67953e-06)
(-1.32236e-05,-1.9336e-06)
(9.62317e-06,-5.5318e-06)
(-2.12583e-05,2.07164e-06)
(1.04369e-05,-9.55193e-06)
(-3.04554e-05,9.8793e-06)
(8.88066e-06,-1.36207e-05)
(-3.73439e-05,2.01961e-05)
(5.06238e-06,-1.50485e-05)
(-3.63927e-05,2.70444e-05)
(1.33955e-06,-1.05535e-05)
(-2.31939e-05,2.11125e-05)
(1.44758e-06,2.37729e-07)
(-1.01068e-06,-1.93177e-06)
(3.31289e-06,3.47049e-07)
(-2.70406e-06,-4.02215e-06)
(6.01312e-06,8.39233e-08)
(-5.99098e-06,-6.15918e-06)
(9.82923e-06,-1.058e-06)
(-1.22138e-05,-7.55695e-06)
(1.46332e-05,-3.9352e-06)
(-2.30497e-05,-6.16018e-06)
(1.92354e-05,-9.68177e-06)
(-3.97423e-05,1.65425e-06)
(2.10351e-05,-1.89323e-05)
(-6.10491e-05,1.99082e-05)
(1.68439e-05,-2.99808e-05)
(-8.00887e-05,4.7956e-05)
(6.70101e-06,-3.62932e-05)
(-8.29063e-05,7.1441e-05)
(-1.78961e-06,-2.74029e-05)
(-5.52906e-05,6.03737e-05)
(2.22612e-06,6.33951e-07)
(-9.82584e-07,-3.50746e-06)
(5.2224e-06,1.18174e-06)
(-2.90077e-06,-7.59413e-06)
(9.79845e-06,1.32974e-06)
(-7.20568e-06,-1.24206e-05)
(1.66993e-05,2.36539e-07)
(-1.63868e-05,-1.68581e-05)
(2.587e-05,-3.92147e-06)
(-3.42993e-05,-1.69021e-05)
(3.51074e-05,-1.41948e-05)
(-6.53435e-05,-3.64064e-06)
(3.83085e-05,-3.39375e-05)
(-0.000110657,3.62673e-05)
(2.66167e-05,-6.23976e-05)
(-0.000159564,0.000109624)
(-1.26218e-06,-8.56903e-05)
(-0.000180291,0.000186723)
(-2.13447e-05,-7.17919e-05)
(-0.000128894,0.000174766)
(3.10295e-06,1.3794e-06)
(-3.1423e-07,-5.87696e-06)
(7.45761e-06,2.88907e-06)
(-1.55779e-06,-1.32714e-05)
(1.45197e-05,4.34927e-06)
(-5.50287e-06,-2.32135e-05)
(2.57523e-05,4.65377e-06)
(-1.59217e-05,-3.47636e-05)
(4.1496e-05,5.88575e-07)
(-4.00672e-05,-4.12241e-05)
(5.77286e-05,-1.49015e-05)
(-8.93376e-05,-2.31337e-05)
(6.07825e-05,-5.30969e-05)
(-0.000174827,5.75536e-05)
(2.67599e-05,-0.000121969)
(-0.000289452,0.000240766)
(-5.28144e-05,-0.000198991)
(-0.000372834,0.00048291)
(-0.000105682,-0.000192404)
(-0.000298257,0.00051361)
(3.85252e-06,2.54578e-06)
(1.4099e-06,-8.98671e-06)
(9.46698e-06,5.80059e-06)
(2.66774e-06,-2.11867e-05)
(1.89603e-05,1.0223e-05)
(2.77989e-06,-3.96762e-05)
(3.46946e-05,1.51868e-05)
(-1.7832e-06,-6.54177e-05)
(5.72869e-05,1.65252e-05)
(-2.05959e-05,-8.99577e-05)
(7.90098e-05,1.11974e-06)
(-7.49596e-05,-7.71168e-05)
(7.01476e-05,-6.06434e-05)
(-0.000201152,6.64387e-05)
(-3.05423e-05,-0.000210916)
(-0.000429955,0.000490036)
(-0.000260519,-0.000441877)
(-0.000695841,0.0012045)
(-0.000416632,-0.000521674)
(-0.0006806,0.00150364)
(4.11303e-06,4.02864e-06)
(4.33883e-06,-1.22484e-05)
(1.01674e-05,9.84229e-06)
(1.07329e-05,-3.01593e-05)
(2.04939e-05,1.95241e-05)
(2.16251e-05,-6.04582e-05)
(3.73375e-05,3.50065e-05)
(3.93814e-05,-0.000109585)
(5.92496e-05,5.47955e-05)
(6.24781e-05,-0.000173132)
(6.83984e-05,6.2605e-05)
(7.21051e-05,-0.000199189)
(1.5724e-09,1.97582e-10)
(-1.53973e-09,2.53442e-09)
(-0.000293149,-0.000268079)
(-0.000309038,0.000853453)
(-0.000939747,-0.000875657)
(-0.000991132,0.00275262)
(-0.00141804,-0.00138501)
(-0.00149741,0.00421905)
(3.53473e-06,5.32926e-06)
(7.7525e-06,-1.43184e-05)
(8.49012e-06,1.38673e-05)
(2.1237e-05,-3.67584e-05)
(1.59906e-05,3.04495e-05)
(5.02005e-05,-7.86973e-05)
(2.48394e-05,6.31278e-05)
(0.000114097,-0.000156394)
(2.32929e-05,0.000122674)
(0.000248859,-0.000282517)
(-3.65045e-05,0.000209965)
(0.000502011,-0.000415908)
(-0.000300626,0.00025967)
(0.000861864,-0.000284747)
(-0.00109948,-1.557e-05)
(0.000992274,0.00102078)
(-0.00277139,-0.00127026)
(-0.000168721,0.00516235)
(-0.00405327,-0.00333471)
(-0.00296654,0.0104616)
(2.21591e-06,5.51263e-06)
(9.52668e-06,-1.33721e-05)
(4.63041e-06,1.51895e-05)
(2.8062e-05,-3.56109e-05)
(5.66819e-06,3.64721e-05)
(7.37617e-05,-8.08501e-05)
(-3.68686e-06,8.56216e-05)
(0.00019175,-0.000174928)
(-5.84323e-05,0.000197413)
(0.000493268,-0.000359015)
(-0.000272934,0.000434323)
(0.00122372,-0.000661456)
(-0.00096417,0.000848695)
(0.00277958,-0.000912789)
(-0.00280626,0.00119128)
(0.00516505,-2.24743e-05)
(-0.00636868,-9.01821e-05)
(0.00544498,0.00560141)
(-0.00814641,-0.00578689)
(-0.00402187,0.0182023)
(8.37109e-07,3.67604e-06)
(7.00045e-06,-8.26361e-06)
(1.03549e-06,1.05919e-05)
(2.17584e-05,-2.25884e-05)
(-2.56901e-06,2.73447e-05)
(6.19143e-05,-5.35567e-05)
(-2.33729e-05,7.11596e-05)
(0.000178345,-0.000123894)
(-0.000111093,0.000189336)
(0.000521845,-0.000283594)
(-0.000431239,0.000509667)
(0.00152231,-0.000637749)
(-0.0014567,0.0013443)
(0.00425976,-0.00137734)
(-0.00414608,0.0032186)
(0.0105414,-0.00266911)
(-0.008307,0.00555389)
(0.0183089,-0.00350482)
(-0.00160384,-2.27114e-05)
(0.00187828,0.00193224)
(4.39778e-07,3.75623e-09)
(-4.46424e-07,-4.60786e-07)
(1.00047e-06,-3.54923e-08)
(-1.10847e-06,-9.40057e-07)
(1.78583e-06,-1.92971e-07)
(-2.24566e-06,-1.40724e-06)
(2.88181e-06,-5.74308e-07)
(-4.15372e-06,-1.70041e-06)
(4.25717e-06,-1.32158e-06)
(-7.11019e-06,-1.48354e-06)
(5.67953e-06,-2.54579e-06)
(-1.11119e-05,-2.48375e-07)
(6.60022e-06,-4.17709e-06)
(-1.54719e-05,2.38863e-06)
(6.35068e-06,-5.71361e-06)
(-1.8428e-05,6.01264e-06)
(4.63523e-06,-6.09447e-06)
(-1.74584e-05,8.56088e-06)
(2.16353e-06,-4.16373e-06)
(-1.0869e-05,6.83462e-06)
(9.98718e-07,6.12292e-08)
(-9.05039e-07,-1.13426e-06)
(2.30275e-06,3.19313e-08)
(-2.31589e-06,-2.38389e-06)
(4.22531e-06,-2.45124e-07)
(-4.85988e-06,-3.72362e-06)
(7.02911e-06,-1.04437e-06)
(-9.38388e-06,-4.83107e-06)
(1.0771e-05,-2.77307e-06)
(-1.67972e-05,-4.80527e-06)
(1.48718e-05,-5.88282e-06)
(-2.75177e-05,-2.08185e-06)
(1.78189e-05,-1.04466e-05)
(-4.01775e-05,5.07848e-06)
(1.73461e-05,-1.5361e-05)
(-5.01034e-05,1.64236e-05)
(1.22505e-05,-1.75116e-05)
(-4.93792e-05,2.61967e-05)
(5.00014e-06,-1.26456e-05)
(-3.15812e-05,2.25895e-05)
(1.78277e-06,2.38994e-07)
(-1.34073e-06,-2.28331e-06)
(4.22024e-06,3.64176e-07)
(-3.58336e-06,-4.96234e-06)
(8.03795e-06,1.10935e-07)
(-7.99598e-06,-8.22555e-06)
(1.40327e-05,-1.05592e-06)
(-1.65106e-05,-1.16268e-05)
(2.26201e-05,-4.14168e-06)
(-3.17165e-05,-1.33439e-05)
(3.29102e-05,-1.05703e-05)
(-5.58423e-05,-9.19936e-06)
(4.12235e-05,-2.1476e-05)
(-8.76679e-05,7.02517e-06)
(4.08438e-05,-3.54334e-05)
(-0.000117245,3.86839e-05)
(2.6867e-05,-4.4849e-05)
(-0.000122894,7.31425e-05)
(7.23784e-06,-3.54017e-05)
(-8.20058e-05,7.06899e-05)
(2.87055e-06,6.52019e-07)
(-1.58179e-06,-4.19884e-06)
(7.00442e-06,1.23788e-06)
(-4.55926e-06,-9.51269e-06)
(1.40007e-05,1.45038e-06)
(-1.11543e-05,-1.68309e-05)
(2.58528e-05,3.64907e-07)
(-2.53371e-05,-2.60682e-05)
(4.43797e-05,-4.13772e-06)
(-5.35448e-05,-3.41502e-05)
(6.88544e-05,-1.59921e-05)
(-0.000103742,-3.13314e-05)
(9.12614e-05,-4.02916e-05)
(-0.000179228,2.00619e-06)
(9.22759e-05,-7.83736e-05)
(-0.000263259,8.74433e-05)
(5.25499e-05,-0.000114668)
(-0.000300539,0.000206699)
(-4.19726e-06,-0.000102823)
(-0.000213577,0.000231337)
(4.22209e-06,1.43891e-06)
(-1.28125e-06,-7.15011e-06)
(1.0692e-05,3.07449e-06)
(-4.32892e-06,-1.69279e-05)
(2.24963e-05,4.78209e-06)
(-1.24346e-05,-3.20834e-05)
(4.42472e-05,5.39863e-06)
(-3.26133e-05,-5.44936e-05)
(8.14927e-05,1.15184e-06)
(-7.86559e-05,-8.09154e-05)
(0.000136098,-1.71369e-05)
(-0.000172959,-9.18641e-05)
(0.000192706,-6.65172e-05)
(-0.000338674,-3.28608e-05)
(0.000198672,-0.000165371)
(-0.000563508,0.000188348)
(8.02244e-05,-0.000295159)
(-0.000725316,0.000593542)
(-0.000101087,-0.000316227)
(-0.000568794,0.000796896)
(5.60614e-06,2.70379e-06)
(6.11304e-08,-1.11149e-05)
(1.47014e-05,6.30156e-06)
(-1.30193e-06,-2.75661e-05)
(3.2602e-05,1.15016e-05)
(-7.61307e-06,-5.60807e-05)
(6.83819e-05,1.79345e-05)
(-2.83838e-05,-0.000104589)
(0.000135557,2.09803e-05)
(-8.693e-05,-0.000175492)
(0.000244902,3.46605e-06)
(-0.000232567,-0.000239248)
(0.000372233,-8.01817e-05)
(-0.000545691,-0.000166289)
(0.000384751,-0.000314644)
(-0.00108584,0.000364912)
(1.90729e-05,-0.000748698)
(-0.00167557,0.00169512)
(-0.000616357,-0.00102853)
(-0.00155857,0.00285099)
(6.47896e-06,4.36358e-06)
(2.82323e-06,-1.5394e-05)
(1.75168e-05,1.0949e-05)
(6.20969e-06,-4.00173e-05)
(4.06061e-05,2.26371e-05)
(9.50273e-06,-8.74348e-05)
(9.00842e-05,4.28589e-05)
(7.07795e-06,-0.000179102)
(0.00019074,7.19451e-05)
(-2.32628e-05,-0.000339471)
(0.000369811,9.06878e-05)
(-0.000150771,-0.000550182)
(0.00059379,8.40743e-06)
(-0.000552826,-0.000568706)
(0.00055621,-0.000449002)
(-0.00156406,0.000527699)
(-0.000594994,-0.0017638)
(-0.00337879,0.00459253)
(-0.00292289,-0.00347239)
(-0.00439987,0.0102876)
(6.18531e-06,5.89147e-06)
(6.52667e-06,-1.82508e-05)
(1.69043e-05,1.58493e-05)
(1.78363e-05,-4.96164e-05)
(3.98237e-05,3.65789e-05)
(4.19894e-05,-0.000116103)
(9.00202e-05,8.09571e-05)
(9.48601e-05,-0.000260675)
(0.000193909,0.000170928)
(0.000204229,-0.000557953)
(0.000375687,0.000325411)
(0.000395517,-0.00107507)
(0.000543273,0.000464571)
(0.00057178,-0.00154849)
(2.60574e-09,-1.27625e-09)
(-3.2416e-09,-2.56364e-09)
(-0.00368341,-0.00321226)
(-0.00387849,0.010563)
(-0.0118101,-0.0115482)
(-0.0124714,0.0351516)
(4.45957e-06,6.22556e-06)
(9.05266e-06,-1.72093e-05)
(1.1746e-05,1.78552e-05)
(2.75855e-05,-4.862e-05)
(2.55898e-05,4.5595e-05)
(7.6597e-05,-0.000120772)
(4.92797e-05,0.00011611)
(0.000215128,-0.00029457)
(7.18323e-05,0.000297316)
(0.000613843,-0.000708217)
(-2.13747e-06,0.00074894)
(0.00174189,-0.0016269)
(-0.000644703,0.00174624)
(0.00468636,-0.00324738)
(-0.0037729,0.00310667)
(0.0106686,-0.00357782)
(-0.0156378,-0.000221452)
(0.012878,0.013248)
(-0.0365923,-0.0314343)
(-0.0293662,0.0918646)
(2.04275e-06,4.22631e-06)
(7.13813e-06,-1.06733e-05)
(4.638e-06,1.2786e-05)
(2.34746e-05,-3.09287e-05)
(6.22815e-06,3.55933e-05)
(7.29841e-05,-7.99719e-05)
(-7.1074e-06,0.000102665)
(0.000237293,-0.000206939)
(-0.000110002,0.00031324)
(0.000812683,-0.000546003)
(-0.000645234,0.00101067)
(0.00289398,-0.0014772)
(-0.00302006,0.00338823)
(0.010408,-0.00410679)
(-0.0121323,0.0112092)
(0.0354906,-0.011471)
(-0.0374677,0.0303856)
(0.0926593,-0.0267531)
(0.00809765,0.000114668)
(-0.00355342,-0.0036555)
(4.05208e-07,3.61183e-09)
(-4.10582e-07,-4.21982e-07)
(9.34715e-07,-2.7594e-08)
(-1.02628e-06,-8.90242e-07)
(1.71512e-06,-1.53465e-07)
(-2.09566e-06,-1.40562e-06)
(2.86141e-06,-4.68984e-07)
(-3.92942e-06,-1.88001e-06)
(4.41239e-06,-1.09497e-06)
(-6.8229e-06,-2.05761e-06)
(6.16799e-06,-2.14214e-06)
(-1.08357e-05,-1.49919e-06)
(7.58799e-06,-3.56823e-06)
(-1.53156e-05,2.77485e-07)
(7.78479e-06,-4.95948e-06)
(-1.84764e-05,3.19899e-06)
(6.11971e-06,-5.37211e-06)
(-1.76276e-05,5.79477e-06)
(3.06091e-06,-3.72467e-06)
(-1.09719e-05,5.15343e-06)
(9.32711e-07,4.92525e-08)
(-8.59359e-07,-1.05078e-06)
(2.19914e-06,3.15035e-08)
(-2.20772e-06,-2.27237e-06)
(4.16067e-06,-1.94628e-07)
(-4.6924e-06,-3.76017e-06)
(7.22341e-06,-8.53087e-07)
(-9.19997e-06,-5.3717e-06)
(1.16223e-05,-2.31532e-06)
(-1.67815e-05,-6.51771e-06)
(1.70411e-05,-4.99971e-06)
(-2.80404e-05,-5.8527e-06)
(2.19264e-05,-9.04829e-06)
(-4.17479e-05,-1.49878e-06)
(2.33011e-05,-1.35701e-05)
(-5.29043e-05,7.46851e-06)
(1.83495e-05,-1.58033e-05)
(-5.25723e-05,1.73854e-05)
(8.5549e-06,-1.16621e-05)
(-3.34612e-05,1.75264e-05)
(1.71452e-06,2.01559e-07)
(-1.34357e-06,-2.1339e-06)
(4.15656e-06,3.09206e-07)
(-3.62358e-06,-4.79704e-06)
(8.24849e-06,1.15412e-07)
(-8.19275e-06,-8.42921e-06)
(1.51445e-05,-8.4891e-07)
(-1.72346e-05,-1.31188e-05)
(2.59986e-05,-3.47164e-06)
(-3.38627e-05,-1.78941e-05)
(4.08247e-05,-9.10058e-06)
(-6.11271e-05,-1.9576e-05)
(5.62379e-05,-1.89437e-05)
(-9.83752e-05,-1.18532e-05)
(6.30867e-05,-3.20888e-05)
(-0.000134276,1.20898e-05)
(4.9902e-05,-4.18744e-05)
(-0.000141874,4.73008e-05)
(1.97239e-05,-3.42428e-05)
(-9.32335e-05,5.79445e-05)
(2.85175e-06,5.49027e-07)
(-1.7674e-06,-3.98266e-06)
(7.20015e-06,1.05686e-06)
(-5.10905e-06,-9.35086e-06)
(1.51166e-05,1.27637e-06)
(-1.26203e-05,-1.76042e-05)
(2.97736e-05,4.24916e-07)
(-2.9173e-05,-3.00167e-05)
(5.53173e-05,-3.40353e-06)
(-6.31828e-05,-4.61506e-05)
(9.4677e-05,-1.38849e-05)
(-0.00012601,-5.99227e-05)
(0.000142374,-3.62407e-05)
(-0.000224308,-5.30626e-05)
(0.000172152,-7.31345e-05)
(-0.000337542,6.30225e-06)
(0.000137462,-0.000111983)
(-0.000387535,0.000130389)
(3.60253e-05,-0.000106631)
(-0.000265245,0.000208181)
(4.38011e-06,1.21999e-06)
(-1.86734e-06,-6.88391e-06)
(1.15534e-05,2.64439e-06)
(-6.03636e-06,-1.69643e-05)
(2.58927e-05,4.2101e-06)
(-1.69239e-05,-3.43613e-05)
(5.52001e-05,4.97237e-06)
(-4.43402e-05,-6.44672e-05)
(0.000112388,1.59133e-06)
(-0.000108659,-0.000111783)
(0.000212953,-1.45542e-05)
(-0.000245419,-0.000169978)
(0.000356652,-6.07928e-05)
(-0.000495633,-0.000195055)
(0.000476461,-0.000159929)
(-0.000845602,-6.55582e-05)
(0.000389278,-0.000306485)
(-0.0010871,0.000369543)
(7.85556e-06,-0.000364121)
(-0.000788078,0.000829146)
(6.10421e-06,2.31615e-06)
(-1.19236e-06,-1.08756e-05)
(1.68924e-05,5.48072e-06)
(-5.06031e-06,-2.81992e-05)
(4.05545e-05,1.02583e-05)
(-1.78375e-05,-6.16609e-05)
(9.42452e-05,1.65613e-05)
(-5.63299e-05,-0.00012766)
(0.000212453,2.05761e-05)
(-0.00016296,-0.000250137)
(0.000452353,6.40419e-06)
(-0.000431622,-0.000444024)
(0.000861897,-7.2499e-05)
(-0.00102328,-0.000634761)
(0.001311,-0.000318044)
(-0.0020578,-0.000433038)
(0.00112599,-0.000850052)
(-0.00310904,0.00106992)
(-0.000467303,-0.00139162)
(-0.00249542,0.00366545)
(7.48121e-06,3.78332e-06)
(7.04604e-07,-1.53039e-05)
(2.1662e-05,9.66993e-06)
(-3.19621e-07,-4.17756e-05)
(5.56774e-05,2.05304e-05)
(-9.06468e-06,-9.86722e-05)
(0.000141286,4.02588e-05)
(-4.66938e-05,-0.000225724)
(0.000354784,7.08637e-05)
(-0.000180942,-0.000500963)
(0.000859498,9.68657e-05)
(-0.000605529,-0.00104084)
(0.00190392,2.69578e-05)
(-0.00178845,-0.00183983)
(0.00341611,-0.000475987)
(-0.00451764,-0.00191497)
(0.00321746,-0.00229376)
(-0.00875263,0.00306103)
(-0.0039764,-0.00602546)
(-0.00877858,0.0178373)
(7.64064e-06,5.17859e-06)
(3.7195e-06,-1.83755e-05)
(2.29045e-05,1.4225e-05)
(8.96148e-06,-5.26725e-05)
(6.21541e-05,3.38658e-05)
(1.58862e-05,-0.000133879)
(0.000170011,7.7979e-05)
(1.586e-05,-0.000337233)
(0.000471741,0.000173355)
(-4.15815e-05,-0.00084712)
(0.00130147,0.000355038)
(-0.000374595,-0.00206923)
(0.00340126,0.000572524)
(-0.00178627,-0.00457006)
(0.00745632,0.000105589)
(-0.00679009,-0.00698516)
(0.00789319,-0.00513337)
(-0.0209927,0.00752322)
(-0.0257796,-0.0294121)
(-0.0364942,0.0936328)
(5.96057e-06,5.54608e-06)
(6.28973e-06,-1.7457e-05)
(1.78944e-05,1.63189e-05)
(1.8868e-05,-5.20574e-05)
(4.86946e-05,4.32713e-05)
(5.13022e-05,-0.00014048)
(0.000134237,0.000115834)
(0.000141314,-0.000383688)
(0.000380444,0.000317387)
(0.000400177,-0.00107621)
(0.00110147,0.000881596)
(0.00115753,-0.0030775)
(0.00315122,0.00238395)
(0.00330765,-0.00866244)
(0.00774466,0.00535482)
(0.00811464,-0.0207712)
(1.78917e-08,6.05443e-09)
(1.89067e-09,1.50632e-08)
(-0.151368,-0.14583)
(-0.159781,0.448289)
(2.95228e-06,3.81186e-06)
(5.46393e-06,-1.082e-05)
(8.21891e-06,1.19015e-05)
(1.84677e-05,-3.29529e-05)
(1.87482e-05,3.47904e-05)
(6.05636e-05,-9.15542e-05)
(3.29922e-05,0.000107609)
(0.000215607,-0.000259248)
(-2.45444e-06,0.000364199)
(0.00085113,-0.000764282)
(-0.000506524,0.00137783)
(0.00373464,-0.00239063)
(-0.00414542,0.00591044)
(0.0180787,-0.00826996)
(-0.0266021,0.0286703)
(0.0946287,-0.0338282)
(-0.155436,0.141485)
(0.452634,-0.147023)
(0.148076,0.00209694)
(-0.0808326,-0.0831549)
(2.4553e-07,2.06976e-09)
(-2.50482e-07,-2.56093e-07)
(5.74956e-07,-1.43768e-08)
(-6.27072e-07,-5.50673e-07)
(1.07355e-06,-8.71706e-08)
(-1.2928e-06,-9.01324e-07)
(1.8382e-06,-2.64335e-07)
(-2.4453e-06,-1.27522e-06)
(2.90948e-06,-6.21657e-07)
(-4.30207e-06,-1.55737e-06)
(4.20741e-06,-1.22264e-06)
(-6.91486e-06,-1.49613e-06)
(5.37742e-06,-2.04772e-06)
(-9.89215e-06,-7.85888e-07)
(5.77155e-06,-2.85678e-06)
(-1.20415e-05,6.77815e-07)
(4.75774e-06,-3.10596e-06)
(-1.15269e-05,2.25021e-06)
(2.47943e-06,-2.15738e-06)
(-7.12699e-06,2.34912e-06)
(5.73491e-07,3.05404e-08)
(-5.31662e-07,-6.42331e-07)
(1.37002e-06,1.80585e-08)
(-1.37967e-06,-1.41763e-06)
(2.65599e-06,-1.06155e-07)
(-2.95787e-06,-2.43175e-06)
(4.74022e-06,-4.79263e-07)
(-5.87791e-06,-3.68652e-06)
(7.90339e-06,-1.31288e-06)
(-1.08865e-05,-4.94707e-06)
(1.20812e-05,-2.8548e-06)
(-1.84964e-05,-5.55619e-06)
(1.63624e-05,-5.18922e-06)
(-2.79885e-05,-4.36013e-06)
(1.84874e-05,-7.79828e-06)
(-3.5918e-05,-3.45266e-07)
(1.56455e-05,-9.08216e-06)
(-3.57738e-05,5.40211e-06)
(7.82302e-06,-6.70231e-06)
(-2.2382e-05,7.41294e-06)
(1.07238e-06,1.14753e-07)
(-8.6277e-07,-1.31638e-06)
(2.65286e-06,1.80229e-07)
(-2.34405e-06,-3.02656e-06)
(5.40951e-06,7.65891e-08)
(-5.37428e-06,-5.53157e-06)
(1.03052e-05,-4.61858e-07)
(-1.1499e-05,-9.14667e-06)
(1.84969e-05,-1.95398e-06)
(-2.3062e-05,-1.37896e-05)
(3.07081e-05,-5.16723e-06)
(-4.25885e-05,-1.82311e-05)
(4.53466e-05,-1.07747e-05)
(-7.01265e-05,-1.91331e-05)
(5.55657e-05,-1.81746e-05)
(-9.73913e-05,-1.11891e-05)
(4.92847e-05,-2.35153e-05)
(-0.000102829,7.47362e-06)
(2.26796e-05,-1.9122e-05)
(-6.45675e-05,2.1495e-05)
(1.83023e-06,3.1486e-07)
(-1.2055e-06,-2.48315e-06)
(4.72633e-06,6.14239e-07)
(-3.51572e-06,-5.98345e-06)
(1.02873e-05,7.5785e-07)
(-8.81472e-06,-1.17585e-05)
(2.12195e-05,3.02522e-07)
(-2.08108e-05,-2.14137e-05)
(4.17932e-05,-1.82997e-06)
(-4.62901e-05,-3.64748e-05)
(7.69943e-05,-7.69697e-06)
(-9.52251e-05,-5.652e-05)
(0.000127227,-2.00371e-05)
(-0.000175013,-7.44927e-05)
(0.000174338,-3.97099e-05)
(-0.000269894,-7.00648e-05)
(0.000167125,-5.91273e-05)
(-0.000307727,-1.5491e-05)
(6.62098e-05,-5.54227e-05)
(-0.000188102,6.27613e-05)
(2.89048e-06,7.03562e-07)
(-1.43366e-06,-4.34716e-06)
(7.86215e-06,1.53797e-06)
(-4.63668e-06,-1.10273e-05)
(1.84355e-05,2.4819e-06)
(-1.31273e-05,-2.34494e-05)
(4.17257e-05,3.01687e-06)
(-3.51456e-05,-4.73079e-05)
(9.16663e-05,1.29865e-06)
(-8.89624e-05,-9.15215e-05)
(0.000191367,-7.27849e-06)
(-0.00020929,-0.000166232)
(0.000363603,-3.10878e-05)
(-0.00044184,-0.000269343)
(0.000577725,-7.82829e-05)
(-0.000780959,-0.000344963)
(0.000626836,-0.000139904)
(-0.000988576,-0.000226752)
(0.00019161,-0.000162713)
(-0.000546607,0.000181566)
(4.17069e-06,1.34221e-06)
(-1.30397e-06,-6.95664e-06)
(1.19943e-05,3.1981e-06)
(-5.03172e-06,-1.86513e-05)
(3.05501e-05,6.03775e-06)
(-1.70181e-05,-4.30923e-05)
(7.67457e-05,9.87693e-06)
(-5.37986e-05,-9.67909e-05)
(0.000191081,1.26932e-05)
(-0.000160237,-0.000213915)
(0.000462102,6.54196e-06)
(-0.000445295,-0.000458089)
(0.00104081,-2.81799e-05)
(-0.00111924,-0.000912733)
(0.00200288,-0.00011957)
(-0.00236831,-0.00153634)
(0.00262698,-0.00027017)
(-0.00349828,-0.00161419)
(0.000505716,-0.000462349)
(-0.00147462,0.000478287)
(5.31553e-06,2.2013e-06)
(-5.07474e-07,-9.91012e-06)
(1.62068e-05,5.6532e-06)
(-3.56857e-06,-2.81034e-05)
(4.50239e-05,1.2057e-05)
(-1.71411e-05,-7.0641e-05)
(0.000126606,2.36319e-05)
(-6.95079e-05,-0.000177056)
(0.000362572,4.13677e-05)
(-0.000256722,-0.000449291)
(0.0010396,5.76332e-05)
(-0.000880675,-0.00114464)
(0.00287475,4.07054e-05)
(-0.00276235,-0.00284171)
(0.00707332,-5.35185e-05)
(-0.0074415,-0.00635478)
(0.0122918,-0.000123559)
(-0.0140568,-0.00993231)
(0.000817547,-0.00109198)
(-0.00271853,0.000763585)
(5.68852e-06,3.02089e-06)
(1.01625e-06,-1.20185e-05)
(1.82591e-05,8.32032e-06)
(6.70991e-07,-3.59125e-05)
(5.50285e-05,1.97412e-05)
(-8.42645e-06,-9.76695e-05)
(0.000173144,4.46306e-05)
(-6.23918e-05,-0.00027177)
(0.000575277,9.46074e-05)
(-0.000322711,-0.000790416)
(0.00199869,0.000176234)
(-0.00146866,-0.00241086)
(0.00706897,0.000253786)
(-0.0061415,-0.00761847)
(0.0239424,0.000339052)
(-0.0230192,-0.0236806)
(0.0631944,0.00276406)
(-0.0652625,-0.0580364)
(-0.00404253,-0.000501707)
(0.00771063,-0.00394044)
(4.66541e-06,3.24142e-06)
(2.57566e-06,-1.14577e-05)
(1.53815e-05,9.5217e-06)
(6.41501e-06,-3.5607e-05)
(4.86018e-05,2.49027e-05)
(1.03848e-05,-0.000102576)
(0.000165385,6.38361e-05)
(-6.7702e-06,-0.000308045)
(0.000622625,0.0001576)
(-0.000198667,-0.000994602)
(0.00261828,0.00034445)
(-0.00151448,-0.00354259)
(0.0122834,0.000471573)
(-0.00953028,-0.0143325)
(0.0632473,-0.000973498)
(-0.0561651,-0.0668798)
(0.306804,0.00434474)
(-0.292853,-0.301266)
(-0.0741508,0.00690714)
(0.15708,-0.0718285)
(2.41724e-06,2.22921e-06)
(2.54984e-06,-7.05751e-06)
(7.63082e-06,6.92308e-06)
(8.04522e-06,-2.21613e-05)
(2.21282e-05,1.97579e-05)
(2.33167e-05,-6.39345e-05)
(6.46169e-05,5.72771e-05)
(6.80648e-05,-0.000186249)
(0.000186926,0.000168074)
(0.000196971,-0.00054125)
(0.00049242,0.000476484)
(0.000519851,-0.00146049)
(0.000786298,0.00111469)
(0.000840258,-0.00269581)
(-0.00405512,0.000387026)
(-0.0041572,0.00759596)
(-0.0739255,-0.0090041)
(-0.0762478,0.154983)
(4.78206e-09,2.85607e-09)
(3.27373e-10,7.48164e-09)
