(-5.56226e-06,-1.75329e-05)
(1.13813e-06,-1.17535e-05)
(0.000322125,-0.000262033)
(-4.80131e-05,0.000175545)
(0.00118039,-0.000874348)
(-0.000177817,0.000689489)
(0.00254261,-0.00183988)
(-0.000388532,0.00151559)
(0.0041576,-0.00298567)
(-0.00064291,0.00249736)
(0.00560995,-0.00401042)
(-0.000869882,0.00338382)
(0.00643517,-0.00458525)
(-0.00100229,0.00389297)
(0.00627814,-0.00446497)
(-0.00097957,0.0038052)
(0.00500904,-0.00355813)
(-0.000783341,0.00304106)
(0.00278084,-0.0019754)
(-0.00043547,0.00169032)
(-0.000180655,0.000345126)
(7.85174e-05,0.000170561)
(0.000286555,0.000215164)
(5.02634e-05,0.000712543)
(0.00179558,-0.000679063)
(-0.000147589,0.0018501)
(0.0043181,-0.00233299)
(-0.000514882,0.00354377)
(0.00737628,-0.00442379)
(-0.000978811,0.00548622)
(0.0101639,-0.006383)
(-0.00141616,0.0071903)
(0.0117978,-0.00759596)
(-0.00168754,0.00810808)
(0.0115888,-0.00756754)
(-0.00168495,0.00783227)
(0.00928629,-0.00611405)
(-0.00136263,0.00621261)
(0.00516717,-0.00341733)
(-0.000762548,0.00344038)
(-0.000635169,0.00130357)
(0.00027202,0.000668813)
(-0.000329469,0.00187703)
(0.0003786,0.00183066)
(0.00148955,0.0012513)
(0.000223704,0.00375237)
(0.00480857,-0.00061213)
(-0.000203011,0.00635625)
(0.00897594,-0.00329585)
(-0.000806238,0.00920091)
(0.0128761,-0.00603935)
(-0.00141894,0.0115798)
(0.0152682,-0.00796683)
(-0.00184181,0.0127419)
(0.0151861,-0.00837849)
(-0.00192628,0.0121162)
(0.0122559,-0.00697335)
(-0.00159778,0.00952033)
(0.00684588,-0.00395771)
(-0.000906269,0.00524381)
(-0.00134842,0.00283727)
(0.000573359,0.00147958)
(-0.00152091,0.00469471)
(0.000932083,0.0034961)
(0.000220902,0.00491022)
(0.000933104,0.00632232)
(0.00389365,0.0033616)
(0.000552682,0.00982581)
(0.00874262,0.000491142)
(-0.000105483,0.0134398)
(0.0134356,-0.00280797)
(-0.000838509,0.0163048)
(0.0164835,-0.00548996)
(-0.00142222,0.0175118)
(0.0167062,-0.0066799)
(-0.00165506,0.01639)
(0.0136275,-0.00595722)
(-0.00144886,0.0127506)
(0.00765591,-0.0034953)
(-0.000842007,0.00698341)
(-0.00219325,0.00466123)
(0.000932428,0.00245163)
(-0.00304979,0.00812796)
(0.00160419,0.0054107)
(-0.00171029,0.00956825)
(0.0018382,0.00912354)
(0.00189017,0.00874174)
(0.00159108,0.0133909)
(0.00695729,0.00607178)
(0.000964337,0.0175614)
(0.0120638,0.00248085)
(0.000161717,0.0206797)
(0.0155876,-0.000885529)
(-0.000557715,0.0217538)
(0.016228,-0.00304137)
(-0.000980837,0.0200769)
(0.0134349,-0.00346037)
(-0.000987403,0.0154777)
(0.00760413,-0.00222736)
(-0.00060953,0.00843552)
(-0.00295109,0.00630303)
(0.00125285,0.00332338)
(-0.00450447,0.0112788)
(0.00221907,0.00708385)
(-0.00374265,0.0139713)
(0.00269645,0.0114597)
(-0.000556563,0.014046)
(0.00262419,0.0162023)
(0.00429298,0.0118412)
(0.00208389,0.0206206)
(0.00940054,0.00825155)
(0.00128317,0.0237387)
(0.0131388,0.00441745)
(0.00047011,0.0245655)
(0.0141967,0.00136452)
(-0.000124123,0.0224132)
(0.0119823,-0.000308607)
(-0.000376283,0.0171506)
(0.00684814,-0.000584804)
(-0.000290732,0.00930735)
(-0.00338002,0.00723944)
(0.00143292,0.00382428)
(-0.00542233,0.0131426)
(0.00257778,0.00798491)
(-0.00523256,0.0167248)
(0.00323322,0.0125907)
(-0.00267044,0.017583)
(0.00331959,0.0173662)
(0.00159714,0.0159697)
(0.00290351,0.0216461)
(0.00628916,0.0126728)
(0.00216441,0.0245138)
(0.0099171,0.00873711)
(0.0013389,0.025056)
(0.0112542,0.00513891)
(0.000638549,0.0226588)
(0.00973086,0.00249735)
(0.000192514,0.0172365)
(0.00562604,0.000912051)
(1.33922e-05,0.00932177)
(-0.00329459,0.00706791)
(0.00139413,0.0037363)
(-0.00543782,0.0129425)
(0.00253585,0.00770664)
(-0.00565315,0.0167249)
(0.00323534,0.0119578)
(-0.00379073,0.0180158)
(0.0034186,0.0162319)
(-0.000383543,0.0169759)
(0.00313027,0.0199474)
(0.0035148,0.0142349)
(0.00251703,0.0223294)
(0.00666811,0.0106659)
(0.00177375,0.0226209)
(0.00804551,0.00710134)
(0.00107827,0.0203254)
(0.00715056,0.00410073)
(0.000551956,0.015394)
(0.00418796,0.00181343)
(0.000214821,0.00830328)
(-0.00262745,0.00564346)
(0.00111254,0.00298424)
(-0.00441117,0.0103862)
(0.00203348,0.00610945)
(-0.00477032,0.0135403)
(0.00262094,0.00938851)
(-0.00358638,0.0147836)
(0.00281364,0.0126156)
(-0.00122721,0.0142068)
(0.00264007,0.0153626)
(0.00156287,0.0122475)
(0.00220165,0.0170667)
(0.00389548,0.00952708)
(0.00163683,0.017187)
(0.00502978,0.00665717)
(0.00107824,0.0153755)
(0.00459769,0.00406191)
(0.000613514,0.0116086)
(0.00272661,0.00188394)
(0.000267456,0.00625104)
(-0.00145886,0.0031351)
(0.000617179,0.00165812)
(-0.00247113,0.0057847)
(0.00113252,0.00338027)
(-0.00272629,0.00757621)
(0.00146715,0.00516745)
(-0.00215911,0.0083312)
(0.00158819,0.00690552)
(-0.000954095,0.00808573)
(0.00150804,0.00836666)
(0.000499865,0.00706386)
(0.00127901,0.00925461)
(0.00174131,0.005592)
(0.00097448,0.00928878)
(0.00238173,0.00399095)
(0.000663377,0.00828758)
(0.00222405,0.00248978)
(0.00039285,0.0062462)
(0.00133056,0.00117693)
(0.000177239,0.00336019)
(-0.000163643,-0.000168965)
(-1.77932e-05,-0.000420424)
(0.000317508,-0.00076539)
(-0.000131838,-0.000420626)
(0.00184068,-0.00204795)
(-0.000400279,0.000263443)
(0.00437042,-0.00397842)
(-0.000817717,0.0016308)
(0.00743105,-0.00621304)
(-0.00130937,0.00340652)
(0.0102193,-0.0081739)
(-0.00174634,0.00510905)
(0.0118474,-0.00924027)
(-0.00199075,0.00619631)
(0.0116305,-0.00893341)
(-0.00193739,0.00624392)
(0.00931366,-0.00709083)
(-0.00154307,0.00507648)
(0.00518192,-0.00392649)
(-0.000855941,0.00284766)
(-0.0006494,0.000397998)
(0.000107983,-0.000434235)
(-2.76532e-05,-9.48496e-05)
(1.67302e-05,-8.55802e-05)
(0.00263948,-0.00201143)
(-0.000394021,0.001515)
(0.00731722,-0.00533114)
(-0.00112207,0.00435136)
(0.013099,-0.0094092)
(-0.00202334,0.00786966)
(0.0184494,-0.0131748)
(-0.00286277,0.0111351)
(0.0216697,-0.0154231)
(-0.00337136,0.0131157)
(0.0214341,-0.0152273)
(-0.00334283,0.0129966)
(0.0172441,-0.0122376)
(-0.00269255,0.0104679)
(0.00961579,-0.00682159)
(-0.00150319,0.0058423)
(-0.00163452,0.00213096)
(0.000459965,0.00022795)
(-0.00143552,0.00289371)
(0.000616147,0.0014814)
(0.00173667,0.00141263)
(0.000273426,0.00435798)
(0.00787464,-0.0023621)
(-0.000575363,0.00877847)
(0.0157517,-0.00761919)
(-0.00175076,0.0139324)
(0.0232311,-0.0128798)
(-0.00292257,0.0185001)
(0.0279415,-0.0164743)
(-0.00372223,0.0210311)
(0.0280137,-0.0170626)
(-0.00384901,0.0204085)
(0.0227123,-0.0140844)
(-0.00317569,0.0162347)
(0.0127184,-0.00796126)
(-0.00179381,0.00900095)
(-0.00309011,0.00499842)
(0.00103073,0.00156978)
(-0.0038857,0.00815631)
(0.00165363,0.00426262)
(-0.000928425,0.00823557)
(0.00160342,0.00871007)
(0.00584534,0.00501993)
(0.000837483,0.0147357)
(0.0150006,-0.000609542)
(-0.000440723,0.021308)
(0.0240063,-0.00694324)
(-0.00185519,0.026807)
(0.0299989,-0.0119633)
(-0.00295028,0.0294848)
(0.0307036,-0.0140031)
(-0.00336273,0.0280281)
(0.025181,-0.0122805)
(-0.0029114,0.0220175)
(0.0141845,-0.00714768)
(-0.00168452,0.0121247)
(-0.00475641,0.00846311)
(0.0017098,0.00331438)
(-0.00690599,0.0146749)
(0.00293044,0.0077179)
(-0.00475455,0.0170683)
(0.00332443,0.0137809)
(0.00185415,0.0152232)
(0.00281312,0.0212104)
(0.0114191,0.00995752)
(0.00158369,0.0288196)
(0.0212183,0.00306921)
(4.77127e-05,0.0348041)
(0.0281349,-0.00325477)
(-0.00131592,0.0372599)
(0.0296667,-0.00712781)
(-0.0020818,0.0347991)
(0.0247253,-0.00756408)
(-0.00204082,0.0270354)
(0.0140421,-0.0047562)
(-0.0012444,0.0147973)
(-0.00621192,0.0116124)
(0.00232506,0.0049858)
(-0.00969705,0.0207191)
(0.00410843,0.0109239)
(-0.00865455,0.0255214)
(0.00497245,0.0182628)
(-0.00284404,0.0253971)
(0.00479146,0.0266042)
(0.006308,0.0210307)
(0.00373651,0.0346891)
(0.0161054,0.0141417)
(0.00219489,0.0406739)
(0.0234384,0.0069214)
(0.000660995,0.0426567)
(0.0257645,0.00132463)
(-0.000441853,0.0392842)
(0.0219362,-0.00151688)
(-0.000866086,0.0302457)
(0.0125898,-0.00160523)
(-0.000633108,0.0164709)
(-0.00699072,0.0134502)
(0.00267614,0.00605657)
(-0.0113729,0.0243727)
(0.00481392,0.0128665)
(-0.0113962,0.0309091)
(0.00601755,0.0207321)
(-0.00675492,0.0323137)
(0.00614676,0.0292027)
(0.00128962,0.0290898)
(0.00532715,0.0370528)
(0.0102941,0.0227603)
(0.00391314,0.0425553)
(0.017398,0.0153326)
(0.00234809,0.0439582)
(0.0202393,0.00867262)
(0.00104066,0.040058)
(0.0177003,0.00393931)
(0.00023873,0.0306276)
(0.0102891,0.00130487)
(-4.26402e-05,0.016611)
(-0.00674245,0.0131962)
(0.00261715,0.00610463)
(-0.0112415,0.0241321)
(0.0047537,0.0127473)
(-0.0119743,0.031108)
(0.00605449,0.0200992)
(-0.00862875,0.0333818)
(0.00637438,0.0277208)
(-0.00221076,0.0312804)
(0.00580759,0.0345515)
(0.00527054,0.0260222)
(0.00463125,0.0391225)
(0.0114401,0.0192766)
(0.00321855,0.0399865)
(0.0143107,0.0126376)
(0.00191835,0.0361621)
(0.0129151,0.00716024)
(0.000951012,0.0275063)
(0.0076155,0.00310893)
(0.000356343,0.0148757)
(-0.00534447,0.0105674)
(0.00209121,0.00496454)
(-0.00904155,0.0194251)
(0.00382217,0.0102636)
(-0.00996221,0.0252764)
(0.00491798,0.0159771)
(-0.00785187,0.0275194)
(0.00526736,0.0217578)
(-0.00340776,0.0263385)
(0.00492329,0.026812)
(0.00194329,0.0225762)
(0.00408205,0.0300851)
(0.0065061,0.0174299)
(0.0030102,0.0305339)
(0.00884496,0.0120657)
(0.00196131,0.0274717)
(0.00824345,0.00728621)
(0.0011024,0.0208244)
(0.0049299,0.00335165)
(0.000474296,0.0112399)
(-0.00295804,0.00587888)
(0.0011624,0.00278411)
(-0.00504236,0.0108372)
(0.00213081,0.00572629)
(-0.00565319,0.0141714)
(0.00275812,0.0088553)
(-0.0046476,0.0155438)
(0.00297852,0.011974)
(-0.00238065,0.0150336)
(0.00281964,0.0146655)
(0.000409855,0.0130732)
(0.00238127,0.0163703)
(0.00283602,0.010286)
(0.00180244,0.0165485)
(0.00414849,0.00728892)
(0.0012182,0.0148451)
(0.00396696,0.00451358)
(0.00071357,0.011231)
(0.00239732,0.00212005)
(0.000319534,0.0060557)
(-0.000575219,-0.000535448)
(-6.96996e-05,-0.00146294)
(-0.000216078,-0.0016498)
(-0.000273134,-0.0022614)
(0.00164504,-0.003676)
(-0.000686725,-0.00197142)
(0.00499379,-0.00654012)
(-0.00129848,-0.000534104)
(0.00917443,-0.00974496)
(-0.00199603,0.00170171)
(0.0130703,-0.0124886)
(-0.00260704,0.0040821)
(0.0154465,-0.0138912)
(-0.00293488,0.00585137)
(0.015332,-0.0132981)
(-0.00283167,0.00639026)
(0.0123593,-0.0104921)
(-0.00224519,0.0054241)
(0.00689935,-0.00579143)
(-0.00124206,0.00310855)
(-0.00156838,-2.57199e-05)
(5.94126e-05,-0.00227719)
(-0.00130546,-0.00124543)
(-0.000150642,-0.00332878)
(0.0019182,-0.00437)
(-0.000794697,-0.00236621)
(0.00809094,-0.00932187)
(-0.00186019,0.000684942)
(0.0159836,-0.0151917)
(-0.00314827,0.00512667)
(0.0234614,-0.0204518)
(-0.00432028,0.00969592)
(0.0281511,-0.0234314)
(-0.00500484,0.0129387)
(0.0281876,-0.022841)
(-0.00491375,0.0136836)
(0.0228351,-0.0182174)
(-0.0039351,0.0114231)
(0.0127819,-0.0101152)
(-0.00219002,0.00649341)
(-0.00320715,0.00216504)
(0.000513641,-0.00201444)
(-0.00377766,0.00248716)
(0.000612868,-0.00241334)
(-5.04839e-05,-0.000199003)
(4.05925e-05,-0.000176411)
(0.00802527,-0.00592124)
(-0.00121533,0.00472656)
(0.0187649,-0.0134985)
(-0.00289349,0.0112686)
(0.029221,-0.020853)
(-0.00453517,0.0176559)
(0.0360682,-0.0256437)
(-0.00561352,0.0218549)
(0.0366782,-0.0260237)
(-0.00571959,0.0222592)
(0.0299741,-0.0212437)
(-0.0046797,0.0182079)
(0.0168534,-0.0119389)
(-0.00263232,0.0102432)
(-0.00542838,0.00601195)
(0.00128284,-0.000617284)
(-0.00756478,0.00952889)
(0.00201324,0.00056087)
(-0.0042785,0.00889475)
(0.00182778,0.00463001)
(0.0045796,0.00386696)
(0.000676514,0.0115171)
(0.0170593,-0.00428431)
(-0.00115836,0.0199066)
(0.0296447,-0.0131321)
(-0.00313112,0.0275924)
(0.0383363,-0.0198705)
(-0.00461941,0.0321335)
(0.0399318,-0.0221895)
(-0.00510844,0.0316339)
(0.0330639,-0.0190375)
(-0.00436099,0.0253789)
(0.0187161,-0.0109668)
(-0.00250469,0.0141343)
(-0.00786073,0.0107688)
(0.00221895,0.00157084)
(-0.0119761,0.0184767)
(0.00377109,0.00491135)
(-0.00989025,0.0210146)
(0.00419909,0.011049)
(-0.00131751,0.0178496)
(0.00339101,0.0197658)
(0.0117071,0.0101886)
(0.00162914,0.0295309)
(0.0254004,0.000558847)
(-0.00052258,0.0378945)
(0.0354147,-0.00797664)
(-0.00237584,0.0422007)
(0.0382167,-0.0128123)
(-0.00335664,0.0404341)
(0.0322346,-0.0126104)
(-0.00316969,0.0319191)
(0.0184168,-0.00771041)
(-0.00190467,0.017624)
(-0.00989421,0.0151705)
(0.00307831,0.00390783)
(-0.0158789,0.0269282)
(0.00542017,0.00939295)
(-0.0153488,0.0328275)
(0.0064992,0.0173117)
(-0.00788486,0.0320754)
(0.00615952,0.0273005)
(0.00455962,0.0256661)
(0.00463691,0.0377319)
(0.0182531,0.0160361)
(0.00248641,0.0461004)
(0.0288462,0.00624435)
(0.000386177,0.0497426)
(0.0327603,-0.00099827)
(-0.00106109,0.0467029)
(0.0283344,-0.00416042)
(-0.00152702,0.0364064)
(0.0163831,-0.00330574)
(-0.00104861,0.0199613)
(-0.0108872,0.017825)
(0.00358526,0.00564945)
(-0.0180365,0.0321995)
(0.00643057,0.0125819)
(-0.0189181,0.0405909)
(0.00799994,0.021427)
(-0.0130386,0.0420182)
(0.00809775,0.0317307)
(-0.00211171,0.0372333)
(0.00691468,0.0419071)
(0.0104726,0.0283831)
(0.00493654,0.049598)
(0.0207205,0.0182793)
(0.00279258,0.0523636)
(0.0252984,0.00950094)
(0.00104868,0.04845)
(0.0225984,0.00363009)
(4.43306e-05,0.0374141)
(0.0132645,0.000845596)
(-0.000208727,0.0204086)
(-0.0103523,0.017637)
(0.00352835,0.0061929)
(-0.0174915,0.0321794)
(0.00639863,0.0133273)
(-0.0192225,0.0413106)
(0.0081207,0.0218183)
(-0.0150495,0.0440443)
(0.00850285,0.0311992)
(-0.00634182,0.0408773)
(0.00767733,0.0400801)
(0.00411448,0.0335238)
(0.00603305,0.0464751)
(0.0130006,0.0243257)
(0.00409499,0.048351)
(0.0175167,0.0154851)
(0.00234632,0.0442833)
(0.0162719,0.00844669)
(0.00109205,0.0339715)
(0.00971624,0.00353229)
(0.00037462,0.01846)
(-0.00813276,0.0141917)
(0.00283099,0.0052637)
(-0.0139091,0.0260418)
(0.00516399,0.0111322)
(-0.0157012,0.033779)
(0.00662966,0.0178447)
(-0.013113,0.0365965)
(0.00707061,0.0250103)
(-0.00709042,0.034778)
(0.00656688,0.0316037)
(0.000389484,0.0295181)
(0.00539148,0.0361781)
(0.006954,0.0224876)
(0.0039184,0.0372864)
(0.0105834,0.0153059)
(0.0025029,0.0339225)
(0.0102495,0.00906746)
(0.00136963,0.0259092)
(0.00622661,0.00410184)
(0.000576128,0.0140454)
(-0.00447846,0.00791516)
(0.00157648,0.00301861)
(-0.00771001,0.0145691)
(0.00288546,0.00632978)
(-0.00882689,0.0189991)
(0.00372639,0.0100378)
(-0.00761034,0.0207511)
(0.00401162,0.0139236)
(-0.00453929,0.0199531)
(0.00377811,0.0174365)
(-0.000640077,0.0172113)
(0.00316502,0.0198231)
(0.0028497,0.0134017)
(0.00237067,0.0203215)
(0.00487265,0.0093752)
(0.00157804,0.0184193)
(0.00488166,0.00572601)
(0.000910057,0.0140338)
(0.00300516,0.00265845)
(0.000400822,0.00759708)
(-0.00122494,-0.00110943)
(-0.000157237,-0.00310628)
(-0.00128387,-0.00288162)
(-0.000470172,-0.00531086)
(0.000550643,-0.00567623)
(-0.0010235,-0.00598996)
(0.00428957,-0.00937989)
(-0.00179751,-0.00499448)
(0.00916662,-0.0133722)
(-0.00266023,-0.00268545)
(0.0138552,-0.0166705)
(-0.00339505,0.000181165)
(0.0168666,-0.0182271)
(-0.00376938,0.0026922)
(0.0170215,-0.0172588)
(-0.00360422,0.00407766)
(0.0138522,-0.0135245)
(-0.00284069,0.00394156)
(0.00777171,-0.00743858)
(-0.00156792,0.00239378)
(-0.00290517,-0.000928618)
(-7.01227e-05,-0.0053251)
(-0.00353045,-0.00321728)
(-0.000450916,-0.00896969)
(-0.00043497,-0.00766373)
(-0.00133283,-0.00978555)
(0.00643557,-0.0141168)
(-0.00269514,-0.00752432)
(0.0156376,-0.0214336)
(-0.00428236,-0.00291218)
(0.0246385,-0.0277654)
(-0.00569562,0.00258748)
(0.0305754,-0.0310933)
(-0.0064785,0.00722583)
(0.0311799,-0.0298946)
(-0.00628947,0.0095344)
(0.0255204,-0.0236487)
(-0.00500413,0.00878695)
(0.0143607,-0.0130716)
(-0.00277515,0.00522855)
(-0.00528498,0.00135498)
(0.00041979,-0.00603851)
(-0.00728737,0.000588728)
(0.000358932,-0.00984044)
(-0.00389242,-0.00360051)
(-0.000480242,-0.00991022)
(0.00504053,-0.0111754)
(-0.00209971,-0.00598068)
(0.0175586,-0.0206527)
(-0.00417842,0.000867639)
(0.030141,-0.0294998)
(-0.00615032,0.00855371)
(0.0387895,-0.0349105)
(-0.00739287,0.0146363)
(0.0403066,-0.0346828)
(-0.00741142,0.0170968)
(0.0333295,-0.0279744)
(-0.00600605,0.0149783)
(0.0188554,-0.0156251)
(-0.00336334,0.00871436)
(-0.00825602,0.00572862)
(0.00130391,-0.00509446)
(-0.012405,0.00857384)
(0.00196436,-0.00767426)
(-0.009765,0.00665797)
(0.00156244,-0.00609806)
(-4.53536e-05,-0.000221822)
(4.55958e-05,-0.000184504)
(0.0144821,-0.0104564)
(-0.00222666,0.00867632)
(0.0296255,-0.0211076)
(-0.00460308,0.0179269)
(0.0405779,-0.0287872)
(-0.00632523,0.0246325)
(0.0434384,-0.0307548)
(-0.00678189,0.0264061)
(0.0364892,-0.0258108)
(-0.00570012,0.0221992)
(0.0208044,-0.0147092)
(-0.00325029,0.0126624)
(-0.0113345,0.0113177)
(0.00241008,-0.00284327)
(-0.0180072,0.0190896)
(0.00404044,-0.00317574)
(-0.0169303,0.0208874)
(0.00435805,0.000596626)
(-0.00763557,0.0161862)
(0.00324639,0.008501)
(0.00750336,0.0064935)
(0.00105125,0.0189092)
(0.023982,-0.0050968)
(-0.00153248,0.0289774)
(0.036568,-0.0149039)
(-0.00369051,0.0355099)
(0.0409641,-0.0198284)
(-0.00472674,0.0359694)
(0.0351992,-0.0183318)
(-0.00430534,0.0293355)
(0.0202894,-0.0109234)
(-0.00254722,0.0164771)
(-0.0137834,0.0166189)
(0.00344472,-3.26594e-05)
(-0.0227094,0.0292603)
(0.00602384,0.00221727)
(-0.0235001,0.0351123)
(0.00712808,0.00812978)
(-0.0155425,0.0333026)
(0.00657771,0.0175684)
(-0.00110083,0.0251198)
(0.00467799,0.028777)
(0.0153774,0.0135269)
(0.0020886,0.0388504)
(0.0286599,0.00220969)
(-0.000362104,0.0445848)
(0.0343969,-0.00561342)
(-0.0019628,0.0435147)
(0.0304993,-0.0081616)
(-0.00232736,0.0347326)
(0.0178425,-0.00562488)
(-0.00151627,0.0192935)
(-0.0148269,0.0199448)
(0.00407661,0.00244704)
(-0.0250131,0.0358614)
(0.00728354,0.00678906)
(-0.0273908,0.044807)
(0.00899096,0.0141113)
(-0.0212558,0.0456994)
(0.00898329,0.0241376)
(-0.00859744,0.0395091)
(0.00749302,0.0351461)
(0.00654706,0.0288575)
(0.00511382,0.0444079)
(0.019371,0.0171248)
(0.00260196,0.0489799)
(0.0258214,0.00738116)
(0.000634398,0.0466462)
(0.0238896,0.00146716)
(-0.000394335,0.0366874)
(0.0142391,-0.000495009)
(-0.000485174,0.0202155)
(-0.01389,0.0199724)
(0.00404943,0.00383523)
(-0.0238006,0.0363228)
(0.0073214,0.00909813)
(-0.0269752,0.0463583)
(0.00924626,0.0165587)
(-0.0227363,0.0489633)
(0.00960229,0.0258737)
(-0.0126659,0.0447906)
(0.00855255,0.0355374)
(-8.25241e-05,0.0359422)
(0.00657568,0.0432365)
(0.0110195,0.0252214)
(0.00430157,0.0465274)
(0.0172385,0.0152669)
(0.00230537,0.0436091)
(0.0168342,0.00775419)
(0.000943368,0.0339587)
(0.0102614,0.00299306)
(0.000260683,0.0186114)
(-0.0108122,0.0161807)
(0.0032651,0.00374671)
(-0.0187052,0.0296195)
(0.00594403,0.00843372)
(-0.0216454,0.0382494)
(0.00760295,0.0145363)
(-0.0190911,0.0411481)
(0.00805809,0.0217511)
(-0.0121358,0.0387057)
(0.00741395,0.0289498)
(-0.00313292,0.0323736)
(0.00599955,0.0344626)
(0.00506115,0.0241677)
(0.00427133,0.0365328)
(0.00998934,0.0160118)
(0.00263985,0.0339023)
(0.0103692,0.00918791)
(0.00138581,0.026235)
(0.00646826,0.00403855)
(0.000555266,0.0143299)
(-0.00592375,0.0090579)
(0.00182362,0.00228447)
(-0.0103039,0.0166367)
(0.0033306,0.00503125)
(-0.0120563,0.0216125)
(0.00428821,0.00846538)
(-0.0108826,0.0234666)
(0.00459233,0.012405)
(-0.00733994,0.0223723)
(0.00429051,0.0162528)
(-0.00264651,0.0190745)
(0.00355547,0.0191241)
(0.00170592,0.0146189)
(0.00262082,0.0201124)
(0.0044334,0.0100257)
(0.00170575,0.0185616)
(0.00485157,0.00599084)
(0.000956038,0.0143147)
(0.00308296,0.0027309)
(0.000412931,0.00780564)
(-0.00199125,-0.00178919)
(-0.000264104,-0.00505345)
(-0.00266515,-0.00424562)
(-0.000685333,-0.00898849)
(-0.00117479,-0.00772979)
(-0.00135711,-0.0110052)
(0.00253013,-0.0120781)
(-0.00225058,-0.0108351)
(0.00764753,-0.0165838)
(-0.00321425,-0.00879774)
(0.0127506,-0.0201723)
(-0.00401692,-0.00567956)
(0.0162144,-0.0217022)
(-0.00439646,-0.00246978)
(0.0167473,-0.0203343)
(-0.00416713,-4.98574e-05)
(0.0138031,-0.0158305)
(-0.00326709,0.00108011)
(0.00779547,-0.00867444)
(-0.00179602,0.000930793)
(-0.0044281,-0.00212131)
(-0.000251611,-0.00900292)
(-0.00627655,-0.00563698)
(-0.000829384,-0.0159178)
(-0.00387822,-0.0113214)
(-0.00192188,-0.0192589)
(0.0029011,-0.0189511)
(-0.00349762,-0.01855)
(0.012552,-0.0272298)
(-0.00527779,-0.0144438)
(0.0223437,-0.0341154)
(-0.00681264,-0.00845944)
(0.0291657,-0.0374245)
(-0.0076166,-0.00249931)
(0.0305195,-0.0355147)
(-0.00731578,0.00176503)
(0.0253318,-0.0278695)
(-0.00578131,0.00340183)
(0.0143572,-0.0153394)
(-0.00319451,0.00248014)
(-0.00752549,-8.1861e-05)
(0.000211269,-0.0110585)
(-0.0113327,-0.00234317)
(-7.88197e-05,-0.0193216)
(-0.00899784,-0.00809029)
(-0.00118043,-0.0228198)
(-0.000247675,-0.0171821)
(-0.00307829,-0.020994)
(0.0128632,-0.0279334)
(-0.00540705,-0.0148172)
(0.0265516,-0.0375625)
(-0.00755496,-0.00645414)
(0.0364712,-0.0430078)
(-0.00883914,0.00144258)
(0.0390907,-0.0419146)
(-0.00872293,0.0065686)
(0.0328593,-0.0334286)
(-0.00700669,0.00768917)
(0.0187397,-0.0185594)
(-0.00390449,0.00499592)
(-0.0111194,0.00436183)
(0.00112321,-0.0109444)
(-0.0175969,0.00573918)
(0.00157141,-0.0187161)
(-0.0163597,0.00222456)
(0.000909045,-0.0211247)
(-0.00695215,-0.00628171)
(-0.00090249,-0.0176391)
(0.00824389,-0.0179557)
(-0.00346152,-0.0095333)
(0.0247205,-0.0295453)
(-0.00604521,0.00053452)
(0.0372463,-0.037372)
(-0.00783694,0.0093679)
(0.0415262,-0.038495)
(-0.00817042,0.0142496)
(0.0356005,-0.0316855)
(-0.00676931,0.0137937)
(0.0204983,-0.017882)
(-0.00383186,0.00837691)
(-0.0146578,0.0102794)
(0.00230148,-0.00897343)
(-0.0240604,0.0168645)
(0.00378123,-0.0147352)
(-0.024665,0.0172699)
(0.00388122,-0.0151207)
(-0.0158242,0.0110345)
(0.00249599,-0.00972797)
(-1.56549e-05,-9.23136e-05)
(1.96774e-05,-7.31625e-05)
(0.0179139,-0.0127076)
(-0.00279408,0.0108853)
(0.0322709,-0.0228028)
(-0.00504807,0.019666)
(0.0383298,-0.0270522)
(-0.00600208,0.023378)
(0.0338323,-0.0238632)
(-0.00530005,0.0206412)
(0.0197495,-0.013928)
(-0.0030934,0.0120528)
(-0.0173266,0.0160452)
(0.00342727,-0.00591532)
(-0.0291767,0.0279353)
(0.00593953,-0.00887134)
(-0.0318174,0.0327426)
(0.00689697,-0.00692425)
(-0.0244304,0.0296618)
(0.00612487,0.000135588)
(-0.00937995,0.020172)
(0.00396463,0.0106625)
(0.00854975,0.00755728)
(0.00115148,0.0216246)
(0.0236675,-0.00418311)
(-0.00142273,0.029541)
(0.0311822,-0.0115806)
(-0.00299017,0.0315855)
(0.0287212,-0.0128008)
(-0.00314492,0.02652)
(0.0170867,-0.00816217)
(-0.00197017,0.0151172)
(-0.0182721,0.0198302)
(0.00414182,-0.00274351)
(-0.0313252,0.0354261)
(0.0073614,-0.00298358)
(-0.0355448,0.0437338)
(0.0089961,0.000860596)
(-0.0300393,0.0436792)
(0.00882602,0.00881915)
(-0.0168752,0.0364095)
(0.00712212,0.0192649)
(-0.000396813,0.0248167)
(0.00453671,0.0293444)
(0.0141672,0.0125801)
(0.0018902,0.0358586)
(0.0223576,0.00299913)
(-9.06892e-05,0.036274)
(0.0218908,-0.00200455)
(-0.0009899,0.0295616)
(0.0133552,-0.00241714)
(-0.000819291,0.0166013)
(-0.0168944,0.020175)
(0.0041625,-0.000317333)
(-0.0293103,0.0365382)
(0.0074993,0.00128435)
(-0.0341232,0.0462692)
(0.00940928,0.00597543)
(-0.030483,0.0482521)
(0.00966144,0.0136626)
(-0.0200335,0.0432688)
(0.0084524,0.0229004)
(-0.00634103,0.0336372)
(0.00630344,0.0312825)
(0.0062491,0.0224151)
(0.00390352,0.0361418)
(0.013991,0.0124351)
(0.00186081,0.0354249)
(0.0149111,0.00544587)
(0.000566342,0.0283543)
(0.0093871,0.0017011)
(4.25548e-05,0.0157763)
(-0.0130378,0.0164928)
(0.00337849,0.000864067)
(-0.0227977,0.0300925)
(0.00613476,0.00301415)
(-0.0269673,0.0386311)
(0.00780798,0.00720494)
(-0.0248845,0.0411787)
(0.00820733,0.0132997)
(-0.017678,0.0382039)
(0.007457,0.0202233)
(-0.0078804,0.0313164)
(0.00592573,0.026219)
(0.00139924,0.0227038)
(0.0040923,0.029393)
(0.00746131,0.0144348)
(0.00241239,0.028292)
(0.00884581,0.00785876)
(0.00117816,0.022413)
(0.00576417,0.0032849)
(0.000436947,0.0124032)
(-0.00711031,0.00927476)
(0.00189273,0.000811597)
(-0.0124841,0.0169887)
(0.00345073,0.00226406)
(-0.0148982,0.0219596)
(0.00442427,0.00472237)
(-0.0139833,0.0236602)
(0.00470455,0.00809768)
(-0.0103172,0.0223056)
(0.00435447,0.0118064)
(-0.00521102,0.0187165)
(0.00355465,0.0149334)
(-0.000284421,0.0140318)
(0.00256312,0.0164862)
(0.00304851,0.00934799)
(0.00161458,0.0157212)
(0.00401316,0.00539904)
(0.00087097,0.0123875)
(0.00269412,0.00239218)
(0.000360791,0.00684061)
(-0.0026811,-0.00239225)
(-0.000358798,-0.00679335)
(-0.00398819,-0.00540519)
(-0.000870506,-0.0123346)
(-0.00302628,-0.00934828)
(-0.001614,-0.0156825)
(0.000301748,-0.0140249)
(-0.00255931,-0.0164604)
(0.00522396,-0.0187036)
(-0.00355163,-0.0149209)
(0.0103258,-0.0222905)
(-0.00435221,-0.0118036)
(0.0139884,-0.0236506)
(-0.00470589,-0.00809813)
(0.0148974,-0.0219554)
(-0.0044255,-0.00472659)
(0.0124811,-0.0169908)
(-0.00345108,-0.00226572)
(0.00710639,-0.00927994)
(-0.00189327,-0.0008123)
(-0.00575196,-0.00328055)
(-0.000434999,-0.0123473)
(-0.00881601,-0.00785801)
(-0.00117976,-0.0223393)
(-0.00742839,-0.0144281)
(-0.00241401,-0.0282304)
(-0.00137269,-0.0226924)
(-0.00408874,-0.0293495)
(0.00789823,-0.0312987)
(-0.005922,-0.0261961)
(0.0176915,-0.0381861)
(-0.00745905,-0.0202131)
(0.0248908,-0.0411652)
(-0.00821213,-0.013302)
(0.0269684,-0.0386269)
(-0.00781011,-0.00721064)
(0.0227923,-0.0300991)
(-0.00613724,-0.00301909)
(0.0130343,-0.0165003)
(-0.00337937,-0.000866104)
(-0.00937441,-0.00170007)
(-4.33536e-05,-0.0157353)
(-0.0148836,-0.00545049)
(-0.000568924,-0.028294)
(-0.0139631,-0.012436)
(-0.0018653,-0.0353642)
(-0.00622594,-0.0224112)
(-0.00390383,-0.0360944)
(0.00635755,-0.0336248)
(-0.00630855,-0.0312475)
(0.0200477,-0.0432522)
(-0.00845753,-0.0228857)
(0.0304924,-0.048241)
(-0.0096694,-0.0136591)
(0.0341249,-0.0462675)
(-0.00941421,-0.00597807)
(0.0293071,-0.0365471)
(-0.00750442,-0.00128713)
(0.0168902,-0.0201847)
(-0.00416532,0.000317189)
(-0.013346,0.00241228)
(0.000816155,-0.0165731)
(-0.0218736,0.00199799)
(0.000984495,-0.0295186)
(-0.0223391,-0.00300368)
(8.47113e-05,-0.0362282)
(-0.0141501,-0.0125785)
(-0.00189663,-0.0358157)
(0.000412173,-0.0248062)
(-0.0045413,-0.0293114)
(0.0168881,-0.0363995)
(-0.00713015,-0.0192445)
(0.0300458,-0.0436743)
(-0.00883259,-0.00880913)
(0.0355462,-0.043739)
(-0.00900204,-0.000855175)
(0.0313228,-0.0354387)
(-0.00736765,0.00298625)
(0.0182707,-0.01984)
(-0.00414527,0.00274622)
(-0.0170847,0.00815729)
(0.001968,-0.0150998)
(-0.0287153,0.012797)
(0.00314194,-0.0264951)
(-0.0311746,0.0115772)
(0.00298639,-0.0315577)
(-0.0236579,0.0041854)
(0.0014185,-0.029511)
(-0.00854085,-0.00755057)
(-0.00115455,-0.0215981)
(0.00938723,-0.0201681)
(-0.00396826,-0.0106398)
(0.024436,-0.0296664)
(-0.00612927,-0.00011643)
(0.0318213,-0.0327573)
(-0.00690374,0.00693947)
(0.0291786,-0.0279505)
(-0.00594743,0.00888232)
(0.0173262,-0.0160588)
(-0.00343258,0.00592235)
(-0.019752,0.0139263)
(0.00309421,-0.0120465)
(-0.0338368,0.0238627)
(0.00530082,-0.0206323)
(-0.0383282,0.0270543)
(0.00600232,-0.0233654)
(-0.0322674,0.0228089)
(0.00504617,-0.0196509)
(-0.0179079,0.0127149)
(0.00279397,-0.0108662)
(2.01485e-05,9.44493e-05)
(-1.79322e-05,9.40282e-05)
(0.0158313,-0.0110446)
(-0.00249898,0.00975289)
(0.0246754,-0.0172883)
(-0.00388578,0.0151463)
(0.0240701,-0.0168891)
(-0.00378779,0.0147572)
(0.0146629,-0.0102945)
(-0.00230605,0.00898706)
(-0.0205065,0.0178791)
(0.00383475,-0.00837757)
(-0.0356086,0.0316864)
(0.00677304,-0.0137947)
(-0.0415315,0.0385007)
(0.00817376,-0.0142506)
(-0.0372431,0.0373816)
(0.00783859,-0.00936522)
(-0.0247191,0.0295542)
(0.00605088,-0.000524702)
(-0.00823824,0.0179585)
(0.00346593,0.0095547)
(0.00696341,0.00627334)
(0.000908447,0.0176723)
(0.0163784,-0.00224622)
(-0.000909966,0.0211669)
(0.0176195,-0.00576483)
(-0.00157476,0.0187577)
(0.0111274,-0.00437435)
(-0.00112523,0.0109704)
(-0.0187493,0.018556)
(0.00390867,-0.00499978)
(-0.0328716,0.0334267)
(0.00701426,-0.00769802)
(-0.039099,0.0419209)
(0.00872967,-0.00657884)
(-0.0364753,0.043018)
(0.00884363,-0.00144914)
(-0.0265524,0.0375729)
(0.00756268,0.00645911)
(-0.0128591,0.0279405)
(0.00542145,0.0148377)
(0.000260033,0.0171817)
(0.00309004,0.0210355)
(0.00902283,0.00808137)
(0.00118575,0.0228822)
(0.0113626,0.00232868)
(8.34376e-05,0.0194021)
(0.00753018,8.43392e-05)
(-0.000204132,0.0111148)
(-0.0143665,0.0153331)
(0.00319748,-0.00248493)
(-0.0253442,0.0278665)
(0.00578882,-0.00341105)
(-0.0305304,0.0355192)
(0.00732187,-0.00177724)
(-0.0291719,0.0374341)
(0.00762388,0.00249058)
(-0.022345,0.0341304)
(0.00682813,0.00845775)
(-0.0125494,0.0272447)
(0.00529537,0.0144566)
(-0.00288946,0.018962)
(0.00351356,0.0185875)
(0.00390429,0.0113232)
(0.00193209,0.01934)
(0.00631219,0.00563494)
(0.000839803,0.0160469)
(0.00442644,0.00214612)
(0.00026708,0.00910471)
(-0.00780181,0.0086706)
(0.00179836,-0.000933595)
(-0.0138126,0.0158286)
(0.0032701,-0.00108514)
(-0.0167531,0.0203368)
(0.00417224,4.29921e-05)
(-0.0162191,0.0217087)
(0.00440344,0.00246289)
(-0.0127512,0.0201829)
(0.00402461,0.00567611)
(-0.00764485,0.0165925)
(0.00322844,0.00880145)
(-0.00251903,0.0120786)
(0.00226158,0.0108567)
(0.00120272,0.00771717)
(0.0013628,0.0110611)
(0.00271039,0.00421985)
(0.000688595,0.00909052)
(0.0020087,0.00179197)
(0.000271207,0.00515904)
(-0.00307065,-0.0027313)
(-0.000413749,-0.00778224)
(-0.00483431,-0.0059849)
(-0.000961384,-0.014284)
(-0.00441309,-0.0100165)
(-0.00171057,-0.0185307)
(-0.00168653,-0.0146073)
(-0.00262469,-0.0200897)
(0.00266182,-0.019057)
(-0.00356126,-0.0191119)
(0.0073546,-0.0223559)
(-0.00429653,-0.0162474)
(0.0108927,-0.0234548)
(-0.00459831,-0.0124077)
(0.0120624,-0.0216071)
(-0.00429346,-0.00846774)
(0.0103044,-0.0166393)
(-0.00333616,-0.00503328)
(0.00592395,-0.00906177)
(-0.00182515,-0.00228388)
(-0.00645281,-0.00403445)
(-0.000559562,-0.0142962)
(-0.0103412,-0.00917781)
(-0.00139238,-0.0261883)
(-0.00995924,-0.0159974)
(-0.00265076,-0.0338548)
(-0.00503471,-0.0241484)
(-0.00428084,-0.0364957)
(0.0031574,-0.0323511)
(-0.00601333,-0.0344362)
(0.012156,-0.0386815)
(-0.00742581,-0.0289418)
(0.0191072,-0.0411314)
(-0.00807112,-0.0217508)
(0.0216524,-0.0382438)
(-0.00761451,-0.0145412)
(0.0187072,-0.0296268)
(-0.00595379,-0.00843562)
(0.010812,-0.0161884)
(-0.00327078,-0.00374668)
(-0.0102464,-0.00298891)
(-0.000264065,-0.0185818)
(-0.0168096,-0.00774723)
(-0.000952304,-0.0339144)
(-0.0172123,-0.0152565)
(-0.00231877,-0.0435612)
(-0.0109935,-0.0252062)
(-0.00431836,-0.0464828)
(0.000107176,-0.0359183)
(-0.0065917,-0.0432074)
(0.0126863,-0.0447691)
(-0.00856786,-0.0355216)
(0.0227506,-0.0489485)
(-0.00961719,-0.0258697)
(0.0269792,-0.0463603)
(-0.00926354,-0.0165591)
(0.0238007,-0.0363348)
(-0.00733717,-0.00909899)
(0.0138896,-0.0199828)
(-0.00405891,-0.00383454)
(-0.0142294,0.000498456)
(0.000482941,-0.0201937)
(-0.023872,-0.00145921)
(0.000387781,-0.036654)
(-0.0258026,-0.00737248)
(-0.000646392,-0.0466078)
(-0.01935,-0.0171089)
(-0.00261642,-0.0489425)
(-0.00652882,-0.0288376)
(-0.00512675,-0.0443785)
(0.00861041,-0.0394937)
(-0.00750627,-0.0351272)
(0.0212643,-0.0456958)
(-0.00899896,-0.0241277)
(0.0273952,-0.0448184)
(-0.00900918,-0.0141073)
(0.0250154,-0.0358791)
(-0.00730046,-0.00678753)
(0.0148271,-0.0199598)
(-0.00408723,-0.00244632)
(-0.0178412,0.00562964)
(0.00151717,-0.0192814)
(-0.0304975,0.00816913)
(0.00232542,-0.0347163)
(-0.0343884,0.00562527)
(0.00195629,-0.0434948)
(-0.0286508,-0.00219349)
(0.000355791,-0.0445649)
(-0.0153701,-0.0135116)
(-0.00209392,-0.0388307)
(0.00110525,-0.0251118)
(-0.00468327,-0.0287632)
(0.0155492,-0.0333125)
(-0.00658883,-0.017558)
(0.0235079,-0.0351361)
(-0.00714262,-0.0081265)
(0.0227162,-0.0292959)
(-0.00603921,-0.00221771)
(0.0137871,-0.0166413)
(-0.00345514,3.12128e-05)
(-0.0202973,0.0109263)
(0.00254949,-0.0164756)
(-0.0352053,0.0183437)
(0.00430697,-0.0293333)
(-0.0409678,0.019845)
(0.00472738,-0.0359702)
(-0.0365678,0.014923)
(0.00369226,-0.035508)
(-0.0239846,0.0051102)
(0.00153867,-0.0289759)
(-0.00750419,-0.00649)
(-0.00104796,-0.0189055)
(0.00763932,-0.0162005)
(-0.00324738,-0.00849628)
(0.0169419,-0.0209285)
(-0.00436648,-0.000592047)
(0.0180254,-0.0191379)
(-0.00405353,0.00317419)
(0.0113407,-0.0113486)
(-0.00242179,0.00283824)
(-0.0208146,0.0147145)
(0.00325491,-0.0126675)
(-0.0365033,0.025822)
(0.00570728,-0.0222107)
(-0.0434491,0.0307736)
(0.00678987,-0.026422)
(-0.0405884,0.0288037)
(0.00633631,-0.0246479)
(-0.0296365,0.0211212)
(0.00461715,-0.0179386)
(-0.0144911,0.0104613)
(0.0022434,-0.00868046)
(4.29299e-05,0.000204583)
(-3.56265e-05,0.000188363)
(0.00978092,-0.00670022)
(-0.00156206,0.00611022)
(0.0124357,-0.008631)
(-0.00197236,0.00769282)
(0.00826023,-0.00575509)
(-0.00130828,0.00509711)
(-0.018869,0.0156258)
(0.00336925,-0.00872387)
(-0.0333511,0.0279834)
(0.00601826,-0.0149965)
(-0.0403262,0.0346965)
(0.0074237,-0.0171212)
(-0.0388081,0.0349245)
(0.0074091,-0.014662)
(-0.030158,0.0295129)
(0.00617382,-0.00857395)
(-0.0175782,0.0206619)
(0.00420527,-0.000877968)
(-0.00505519,0.0111792)
(0.00212437,0.00598803)
(0.00390577,0.00358154)
(0.000495844,0.00995662)
(0.00732886,-0.000625769)
(-0.000350348,0.00993801)
(0.00526499,-0.00133808)
(-0.000400305,0.00609609)
(-0.0143746,0.0130722)
(0.00277928,-0.00523774)
(-0.0255413,0.0236527)
(0.00501387,-0.0088041)
(-0.0312011,0.0299041)
(0.00630273,-0.00955725)
(-0.0305959,0.0311047)
(0.00649664,-0.00725107)
(-0.0246594,0.0277785)
(0.00572,-0.00261045)
(-0.0156624,0.0214547)
(0.00431467,0.00289634)
(-0.00645515,0.0141367)
(0.00272427,0.00753752)
(0.000443979,0.00767896)
(0.00135893,0.00988408)
(0.00358185,0.00322598)
(0.000477984,0.00920833)
(0.00281253,0.00105487)
(0.000131472,0.00551747)
(-0.00778055,0.00743698)
(0.00157,-0.00239796)
(-0.0138646,0.0135265)
(0.00284629,-0.00395093)
(-0.0170371,0.0172631)
(0.00361245,-0.00409117)
(-0.0168794,0.0182331)
(0.00378096,-0.00270872)
(-0.0138689,0.0166785)
(0.00341253,-0.00019792)
(-0.00917962,0.0133806)
(0.00268093,0.00267015)
(-0.00429336,0.00937912)
(0.00181444,0.00499393)
(-0.000513086,0.0056351)
(0.00102214,0.00604851)
(0.00141541,0.00274646)
(0.000441839,0.00550945)
(0.00125943,0.00113025)
(0.000179815,0.00342453)
(-0.00299686,-0.00265462)
(-0.000404473,-0.00758403)
(-0.00486649,-0.00571411)
(-0.000913981,-0.0140149)
(-0.00485574,-0.00935874)
(-0.00158385,-0.0184009)
(-0.00283364,-0.0133852)
(-0.00237961,-0.0203056)
(0.000656863,-0.0171958)
(-0.00317578,-0.0198121)
(0.00455225,-0.0199378)
(-0.00378658,-0.0174329)
(0.00762031,-0.0207411)
(-0.00401893,-0.0139226)
(0.00883279,-0.0189946)
(-0.00373338,-0.0100398)
(0.00771107,-0.0145688)
(-0.00288862,-0.00633114)
(0.00447877,-0.00791719)
(-0.00157826,-0.00301738)
(-0.00621274,-0.004094)
(-0.000579281,-0.0140259)
(-0.0102257,-0.00905027)
(-0.0013784,-0.0258806)
(-0.010557,-0.0152831)
(-0.00251518,-0.0338906)
(-0.00692778,-0.0224648)
(-0.00393717,-0.0372583)
(-0.000366344,-0.0294931)
(-0.00540945,-0.0361621)
(0.00711037,-0.0347554)
(-0.00658429,-0.0315942)
(0.013127,-0.0365803)
(-0.00708709,-0.0250089)
(0.0157079,-0.0337754)
(-0.00664553,-0.0178445)
(0.0139105,-0.0260454)
(-0.00517556,-0.011133)
(0.00813226,-0.0141951)
(-0.00283629,-0.00526151)
(-0.00970278,-0.00352231)
(-0.000379764,-0.0184413)
(-0.0162484,-0.00842922)
(-0.00110249,-0.0339385)
(-0.0174897,-0.0154648)
(-0.00236286,-0.0442467)
(-0.0129725,-0.0242999)
(-0.00411426,-0.0483189)
(-0.00409058,-0.0334987)
(-0.00605381,-0.0464517)
(0.00635945,-0.0408533)
(-0.00769688,-0.0400673)
(0.015061,-0.0440341)
(-0.00852564,-0.0311927)
(0.0192268,-0.041315)
(-0.00814269,-0.0218175)
(0.0174926,-0.0321899)
(-0.00641699,-0.0133268)
(0.0103521,-0.0176459)
(-0.00353946,-0.00619159)
(-0.0132552,-0.00083499)
(0.000205985,-0.0203921)
(-0.0225838,-0.00361549)
(-5.1674e-05,-0.037388)
(-0.0252779,-0.00948112)
(-0.00106193,-0.0484216)
(-0.0207004,-0.0182577)
(-0.00280827,-0.0523373)
(-0.0104575,-0.0283595)
(-0.00495292,-0.0495757)
(0.00212204,-0.037216)
(-0.0069332,-0.0418917)
(0.0130452,-0.0420178)
(-0.00811777,-0.0317256)
(0.0189227,-0.0406071)
(-0.00802247,-0.0214291)
(0.01804,-0.032225)
(-0.00645087,-0.012587)
(0.0108886,-0.0178424)
(-0.00359746,-0.00565462)
(-0.0163845,0.00331327)
(0.00104656,-0.0199536)
(-0.0283303,0.0041774)
(0.0015222,-0.0363941)
(-0.0327549,0.0010208)
(0.00105343,-0.0466922)
(-0.0288405,-0.0062203)
(-0.000393996,-0.0497322)
(-0.0182502,-0.0160149)
(-0.00249254,-0.0460909)
(-0.00455833,-0.025657)
(-0.00464542,-0.03773)
(0.00788815,-0.0320877)
(-0.00617205,-0.0273071)
(0.0153566,-0.0328674)
(-0.00651889,-0.017325)
(0.0158908,-0.0269753)
(-0.00543971,-0.00941549)
(0.00990116,-0.0152025)
(-0.00309481,-0.00392593)
(-0.0184237,0.00771881)
(0.00190471,-0.0176243)
(-0.0322455,0.0126284)
(0.00316819,-0.0319233)
(-0.0382259,0.0128362)
(0.00335596,-0.0404435)
(-0.0354235,0.00799944)
(0.00237938,-0.0422132)
(-0.0254097,-0.000540839)
(0.000528774,-0.0379076)
(-0.0117157,-0.0101832)
(-0.00162383,-0.0295502)
(0.00131353,-0.0178749)
(-0.00339564,-0.0197887)
(0.00990295,-0.0210723)
(-0.0042139,-0.0110835)
(0.012005,-0.018557)
(-0.00379808,-0.00495481)
(0.00787048,-0.0108172)
(-0.00224122,-0.00161474)
(-0.0187298,0.0109757)
(0.00250857,-0.0141434)
(-0.0330843,0.0190568)
(0.00436675,-0.0253972)
(-0.0399532,0.0222116)
(0.00511653,-0.0316608)
(-0.0383577,0.0198921)
(0.0046344,-0.0321648)
(-0.0296678,0.0131517)
(0.00315062,-0.0276266)
(-0.0170874,0.00428956)
(0.00117808,-0.0199449)
(-0.00460192,-0.00388549)
(-0.000664742,-0.0115595)
(0.00428996,-0.00896881)
(-0.00183542,-0.00467947)
(0.007619,-0.00965037)
(-0.00204486,-0.000615041)
(0.00542855,-0.00607344)
(-0.00130445,0.000536529)
(-0.0168713,0.0119462)
(0.00263617,-0.0102551)
(-0.0300002,0.0212583)
(0.00468847,-0.0182322)
(-0.0367082,0.0260424)
(0.00573336,-0.0222934)
(-0.0361006,0.0256624)
(0.00563439,-0.0218984)
(-0.0292582,0.0208702)
(0.0045657,-0.0177041)
(-0.0188155,0.0135193)
(0.00293165,-0.0113213)
(-0.00807836,0.00593182)
(0.00125213,-0.00478107)
(3.58843e-05,0.000158695)
(-2.4919e-05,0.000144172)
(0.00386614,-0.00261807)
(-0.00062637,0.00244794)
(0.00309148,-0.00212074)
(-0.000476941,0.00191871)
(-0.0127978,0.0101199)
(0.00219401,-0.00650365)
(-0.0228616,0.0182293)
(0.00394475,-0.0114435)
(-0.0282163,0.0228542)
(0.00492731,-0.0137163)
(-0.0281824,0.0234459)
(0.00502733,-0.0129796)
(-0.0235012,0.0204727)
(0.00435257,-0.00974425)
(-0.0160421,0.0152276)
(0.00319357,-0.0051875)
(-0.00817542,0.00938212)
(0.00191554,-0.000742211)
(-0.0019902,0.00444593)
(0.000844525,0.0023984)
(0.00138906,0.00127284)
(0.00018938,0.00369709)
(0.000912088,0.000651586)
(0.000165766,0.00238739)
(-0.00690943,0.00579293)
(0.00124427,-0.00311365)
(-0.012374,0.0104981)
(0.00225037,-0.00543506)
(-0.0153505,0.0133063)
(0.00284119,-0.00640857)
(-0.0154652,0.0138993)
(0.0029497,-0.0058773)
(-0.0130963,0.0124988)
(0.00262889,-0.00411704)
(-0.00921034,0.00976219)
(0.00202658,-0.00175446)
(-0.00503237,0.00654052)
(0.00132379,0.00044858)
(-0.00158988,0.00353394)
(0.000657231,0.00188101)
(0.000754075,0.000857731)
(8.54062e-05,0.0023898)
(0.000671966,0.00061378)
(0.000130977,0.00243921)
(-0.0023905,-0.0021145)
(-0.00032134,-0.00604961)
(-0.00395557,-0.00449998)
(-0.000716788,-0.0112232)
(-0.00413543,-0.00727254)
(-0.00122214,-0.0148354)
(-0.00282242,-0.0102724)
(-0.00181185,-0.0165391)
(-0.000398426,-0.0130613)
(-0.00239037,-0.0163637)
(0.00238955,-0.0150236)
(-0.00282935,-0.0146607)
(0.00465302,-0.0155372)
(-0.00298659,-0.0119729)
(0.00565578,-0.0141678)
(-0.00276367,-0.00885418)
(0.00504213,-0.0108377)
(-0.00213398,-0.00572474)
(0.002957,-0.00587938)
(-0.00116463,-0.00278138)
(-0.00492012,-0.0033413)
(-0.000477838,-0.0112305)
(-0.00822558,-0.00726734)
(-0.00110737,-0.0208094)
(-0.008823,-0.0120431)
(-0.00197086,-0.0274542)
(-0.0064856,-0.017408)
(-0.00302469,-0.0305176)
(-0.00192653,-0.0225569)
(-0.00409984,-0.030072)
(0.003421,-0.0263225)
(-0.00494048,-0.0268055)
(0.00786073,-0.0275104)
(-0.00528297,-0.0217536)
(0.00996511,-0.0252767)
(-0.00493204,-0.0159765)
(0.00904231,-0.0194286)
(-0.0038311,-0.0102606)
(0.00534428,-0.0105708)
(-0.00209717,-0.0049601)
(-0.00760381,-0.00309752)
(-0.000360655,-0.0148625)
(-0.0128953,-0.00714053)
(-0.000958029,-0.027486)
(-0.0142871,-0.0126151)
(-0.00192915,-0.0361399)
(-0.0114184,-0.0192539)
(-0.0032364,-0.0399658)
(-0.0052541,-0.0260022)
(-0.00465054,-0.0391074)
(0.00222081,-0.0312655)
(-0.00582879,-0.0345404)
(0.00863485,-0.033377)
(-0.00639478,-0.0277169)
(0.0119772,-0.0311148)
(-0.00607401,-0.0200975)
(0.0112437,-0.0241446)
(-0.00476927,-0.0127453)
(0.00674402,-0.0132069)
(-0.00262642,-0.00610247)
(-0.0102822,-0.00129456)
(3.99382e-05,-0.0165985)
(-0.0176869,-0.00392242)
(-0.000243461,-0.0306081)
(-0.0202228,-0.00865187)
(-0.00104999,-0.0400379)
(-0.0173833,-0.0153116)
(-0.00236036,-0.0439398)
(-0.0102826,-0.0227407)
(-0.00392715,-0.04254)
(-0.0012846,-0.0290795)
(-0.00534437,-0.0370447)
(0.00675787,-0.0323172)
(-0.00616574,-0.0292014)
(0.0113992,-0.0309295)
(-0.00603898,-0.0207366)
(0.0113777,-0.0244004)
(-0.00483257,-0.012875)
(0.00699495,-0.0134683)
(-0.00268919,-0.00606189)
(-0.0125899,0.00161424)
(0.000631642,-0.0164636)
(-0.0219361,0.00153212)
(0.000862666,-0.0302374)
(-0.0257626,-0.00130443)
(0.000436241,-0.0392773)
(-0.0234361,-0.00689932)
(-0.000664526,-0.0426511)
(-0.0161065,-0.0141248)
(-0.00220026,-0.0406725)
(-0.00631182,-0.0210249)
(-0.00374417,-0.0346966)
(0.0028425,-0.0254152)
(-0.00480676,-0.026618)
(0.00866362,-0.0255632)
(-0.00499277,-0.0182863)
(0.00971431,-0.0207752)
(-0.00413392,-0.0109557)
(0.006222,-0.0116499)
(-0.00234408,-0.00501534)
(-0.0140516,0.00476393)
(0.00124445,-0.0147983)
(-0.0247378,0.00757989)
(0.00203967,-0.027041)
(-0.0296797,0.00714845)
(0.00208335,-0.0348116)
(-0.0281491,0.00327519)
(0.00132042,-0.0372749)
(-0.0212337,-0.00305179)
(-3.9032e-05,-0.0348247)
(-0.0114363,-0.00995558)
(-0.00157969,-0.0288494)
(-0.00186298,-0.0152484)
(-0.00281937,-0.0212513)
(0.00476835,-0.0171396)
(-0.003349,-0.0138359)
(0.00695022,-0.014782)
(-0.00297483,-0.00779197)
(0.00477394,-0.00853423)
(-0.00174906,-0.00339936)
(-0.0141992,0.00715707)
(0.00168485,-0.0121309)
(-0.0252035,0.0122979)
(0.00291368,-0.0220346)
(-0.0307271,0.0140235)
(0.0033683,-0.0280536)
(-0.0300254,0.0119838)
(0.00296448,-0.0295196)
(-0.0240376,0.00695948)
(0.0018744,-0.0268515)
(-0.015039,0.000620281)
(0.000462695,-0.0213624)
(-0.00587891,-0.00504123)
(-0.000827359,-0.0148086)
(0.00093998,-0.00834)
(-0.00162964,-0.00881939)
(0.00398107,-0.00837593)
(-0.00173973,-0.00441692)
(0.00307494,-0.00512295)
(-0.0011046,-0.00182879)
(-0.012733,0.0079699)
(0.00179505,-0.00901067)
(-0.0227379,0.0141005)
(0.00317965,-0.0162541)
(-0.0280442,0.0170812)
(0.00385839,-0.0204424)
(-0.0279759,0.0164919)
(0.0037409,-0.0210777)
(-0.023276,0.0129015)
(0.0029543,-0.018559)
(-0.0158173,0.0076507)
(0.00179425,-0.0140105)
(-0.00796725,0.00238867)
(0.000621027,-0.00889514)
(-0.00180604,-0.00149524)
(-0.000265933,-0.00454153)
(0.0015925,-0.0032873)
(-0.000732554,-0.00174194)
(0.00114662,-0.00208484)
(-0.000515838,-0.00107794)
(-0.00963136,0.00682771)
(0.00150439,-0.00584922)
(-0.0172669,0.0122494)
(0.00269658,-0.0104858)
(-0.0214635,0.0152414)
(0.00335134,-0.0130274)
(-0.0217035,0.0154387)
(0.00339031,-0.013159)
(-0.0184995,0.0132023)
(0.00289729,-0.0111971)
(-0.0131871,0.00947191)
(0.00208518,-0.00796231)
(-0.0074933,0.00545366)
(0.00121859,-0.00452212)
(-0.00295297,0.00219661)
(0.000520945,-0.00179201)
(-2.30034e-05,-5.65239e-05)
(1.31849e-05,-4.94085e-05)
(-0.00381855,0.0025057)
(0.000490161,-0.00233993)
(-0.00519112,0.0039301)
(0.000856129,-0.00285145)
(-0.00932999,0.00709682)
(0.00154471,-0.0050853)
(-0.0116489,0.00894133)
(0.00194134,-0.00626105)
(-0.0118695,0.00924858)
(0.00200285,-0.00622593)
(-0.0102519,0.00819103)
(0.00177083,-0.00515538)
(-0.00749051,0.00624261)
(0.00135158,-0.00350515)
(-0.00447396,0.00397951)
(0.000881591,-0.00190067)
(-0.00182925,0.00151911)
(0.000383716,-0.00111804)
(0.00189952,-0.00431573)
(-0.00071096,-0.00231151)
(0.00010391,0.000109828)
(5.56839e-05,0.00100296)
(-0.00132815,-0.00117306)
(-0.00017822,-0.00335868)
(-0.00221804,-0.0024825)
(-0.000393185,-0.00624367)
(-0.00237413,-0.00398091)
(-0.000665288,-0.00828442)
(-0.00173545,-0.00558311)
(-0.000979312,-0.0092846)
(-0.000494381,-0.00705776)
(-0.00128592,-0.00925128)
(0.000957683,-0.00808092)
(-0.00151474,-0.00836438)
(0.00216199,-0.00832806)
(-0.00159331,-0.00690429)
(0.00272875,-0.00757562)
(-0.00147118,-0.0051678)
(0.00247062,-0.00578511)
(-0.00113437,-0.00337852)
(0.00145876,-0.00313524)
(-0.000619072,-0.00165418)
(-0.00272097,-0.00187899)
(-0.000268462,-0.00624668)
(-0.00458736,-0.00404977)
(-0.00061651,-0.0116019)
(-0.00501779,-0.0066425)
(-0.00108161,-0.0153679)
(-0.00388553,-0.00951428)
(-0.00164522,-0.0171797)
(-0.00155458,-0.0122385)
(-0.00221147,-0.0170611)
(0.00123223,-0.0142005)
(-0.0026509,-0.015359)
(0.0035905,-0.0147806)
(-0.00282379,-0.0126145)
(0.00477277,-0.0135408)
(-0.00262886,-0.0093874)
(0.00441073,-0.0103892)
(-0.00203957,-0.00610495)
(0.00262779,-0.00564656)
(-0.00111641,-0.00297846)
(-0.00418218,-0.0018057)
(-0.000216268,-0.00829689)
(-0.00714092,-0.0040882)
(-0.000554522,-0.0153829)
(-0.00803284,-0.00708738)
(-0.00108374,-0.0203143)
(-0.00665684,-0.0106529)
(-0.00178157,-0.0226112)
(-0.00350756,-0.0142247)
(-0.00252874,-0.0223224)
(0.000387517,-0.0169686)
(-0.00314327,-0.0199428)
(0.0037927,-0.0180137)
(-0.00343178,-0.0162304)
(0.00565553,-0.0167308)
(-0.00324667,-0.0119585)
(0.00543962,-0.0129514)
(-0.00254552,-0.00770261)
(0.00329519,-0.00707561)
(-0.00140092,-0.00373194)
(-0.00562246,-0.000904378)
(-1.45489e-05,-0.00931379)
(-0.00972414,-0.00248685)
(-0.000195232,-0.0172248)
(-0.0112456,-0.00512653)
(-0.000642297,-0.0226479)
(-0.0099102,-0.00872305)
(-0.00134585,-0.0250463)
(-0.00628504,-0.012662)
(-0.00217303,-0.0245061)
(-0.00159578,-0.0159652)
(-0.00291424,-0.0216442)
(0.00267184,-0.017589)
(-0.00333097,-0.0173677)
(0.00523617,-0.0167394)
(-0.00324668,-0.0125943)
(0.00542568,-0.0131623)
(-0.00259135,-0.00798701)
(0.00338349,-0.00725252)
(-0.00144127,-0.00382488)
(-0.0068493,0.000590015)
(0.000289208,-0.00930225)
(-0.0119832,0.000318124)
(0.000374291,-0.0171446)
(-0.0141967,-0.00135164)
(0.000122567,-0.0224096)
(-0.0131408,-0.00440537)
(-0.000472788,-0.0245636)
(-0.00940263,-0.00824233)
(-0.00128471,-0.0237408)
(-0.00429615,-0.0118411)
(-0.00208876,-0.0206261)
(0.000557719,-0.0140579)
(-0.00263349,-0.0162127)
(0.00375156,-0.0139995)
(-0.00271175,-0.0114734)
(0.00452257,-0.0113171)
(-0.00223824,-0.00710053)
(0.00296378,-0.00633074)
(-0.00126966,-0.00334097)
(-0.00760986,0.00223297)
(0.000608741,-0.00843514)
(-0.0134445,0.00347057)
(0.000987795,-0.0154808)
(-0.0162384,0.00305438)
(0.000981064,-0.0200829)
(-0.0155984,0.00089809)
(0.000561884,-0.0217644)
(-0.012076,-0.00247255)
(-0.000156553,-0.0206929)
(-0.00696877,-0.00606918)
(-0.000961538,-0.0175793)
(-0.00189411,-0.00875712)
(-0.00159808,-0.0134132)
(0.00173228,-0.00961376)
(-0.00186043,-0.0091492)
(0.00310723,-0.00820724)
(-0.00164638,-0.0054411)
(0.00223567,-0.0047325)
(-0.000975124,-0.00250537)
(-0.00766413,0.00350113)
(0.000841876,-0.00698812)
(-0.013642,0.00596866)
(0.00144932,-0.0127597)
(-0.0167227,0.00669272)
(0.00165926,-0.0164068)
(-0.0165014,0.00550235)
(0.00143004,-0.0175342)
(-0.0134563,0.00282017)
(0.000852392,-0.0163318)
(-0.00876746,-0.000481237)
(0.000118621,-0.0134721)
(-0.00390869,-0.00336488)
(-0.000548025,-0.00985917)
(-0.000178721,-0.00497357)
(-0.000957368,-0.00634057)
(0.00170187,-0.00486779)
(-0.00103546,-0.00347526)
(0.0014872,-0.00305116)
(-0.00071184,-0.00164236)
(-0.00685573,0.00396349)
(0.000905851,-0.00524807)
(-0.01227,0.00698402)
(0.00159914,-0.00953311)
(-0.0152038,0.00839023)
(0.00193059,-0.0121369)
(-0.0152896,0.0079797)
(0.00185389,-0.0127715)
(-0.0129061,0.00605814)
(0.00143926,-0.0116172)
(-0.00902009,0.00333426)
(0.000838827,-0.00924243)
(-0.00486161,0.000666104)
(0.000247418,-0.00638326)
(-0.00145944,-0.00123588)
(-0.000206282,-0.00364747)
(0.000930893,-0.00210261)
(-0.000554016,-0.00120779)
(0.00107324,-0.00194042)
(-0.00070542,-0.00114018)
(-0.0051761,0.00342256)
(0.000762088,-0.00344437)
(-0.00930089,0.00612094)
(0.00136393,-0.00622354)
(-0.0116076,0.00757566)
(0.00168798,-0.00785097)
(-0.0118206,0.0076068)
(0.00169824,-0.00813761)
(-0.0101993,0.00641145)
(0.00144203,-0.00722756)
(-0.00744155,0.00449645)
(0.001033,-0.00553462)
(-0.00444765,0.00254267)
(0.000639754,-0.00353817)
(-0.00188478,0.00129619)
(0.000424832,-0.00125616)
(0.00182072,0.00151273)
(0.000280723,0.00436787)
(0.000447168,-0.000550875)
(-0.000431742,-0.000412009)
(-0.00278772,0.00197692)
(0.000434759,-0.00169162)
(-0.00501971,0.00356145)
(0.000782776,-0.00304645)
(-0.00629205,0.00446805)
(0.000980566,-0.00381707)
(-0.00645311,0.0045916)
(0.00100877,-0.00391285)
(-0.00563882,0.00402815)
(0.000889269,-0.00341707)
(-0.00421971,0.00304369)
(0.000688683,-0.00256426)
(-0.00271777,0.00202037)
(0.000522981,-0.00169283)
(-0.0017112,0.00141776)
(0.000564767,-0.00121267)
(-0.000505659,0.000571221)
(0.000346373,-0.000466)
(-7.1754e-06,-1.99782e-05)
(4.64101e-06,-1.92155e-05)
