(-0.000583033,1.62444e-05)
(-0.00164447,-0.000239912)
(-0.00111855,3.11621e-05)
(-0.00315498,-0.000460266)
(-0.00156297,4.35378e-05)
(-0.00440859,-0.000643118)
(-0.0018802,5.23656e-05)
(-0.00530357,-0.000773621)
(-0.00204465,5.69331e-05)
(-0.00576767,-0.000841243)
(-0.00204323,5.68789e-05)
(-0.00576393,-0.000840609)
(-0.00187639,5.22194e-05)
(-0.00529354,-0.000771918)
(-0.00155796,4.33457e-05)
(-0.00439543,-0.000640881)
(-0.00111394,3.09845e-05)
(-0.00314286,-0.000458204)
(-0.000580285,1.61382e-05)
(-0.00163726,-0.000238684)
(-0.00111856,3.11567e-05)
(-0.00315497,-0.000460296)
(-0.00214594,5.97679e-05)
(-0.00605283,-0.000883056)
(-0.00299849,8.34999e-05)
(-0.00845773,-0.00123385)
(-0.00360699,0.000100423)
(-0.0101744,-0.00148418)
(-0.00392232,0.000109173)
(-0.0110644,-0.00161386)
(-0.00391943,0.000109056)
(-0.0110568,-0.00161258)
(-0.00359921,0.000100111)
(-0.010154,-0.00148074)
(-0.00298827,8.30885e-05)
(-0.00843093,-0.00122932)
(-0.00213653,5.93874e-05)
(-0.00602815,-0.000878876)
(-0.00111295,3.09293e-05)
(-0.00314028,-0.000457804)
(-0.00156301,4.35169e-05)
(-0.00440856,-0.000643231)
(-0.00299854,8.34745e-05)
(-0.0084577,-0.00123398)
(-0.00418966,0.00011661)
(-0.0118177,-0.00172413)
(-0.00503965,0.000140226)
(-0.0142158,-0.00207385)
(-0.00547989,0.000152418)
(-0.0154583,-0.00225491)
(-0.00547544,0.000152227)
(-0.0154467,-0.00225296)
(-0.00502768,0.000139709)
(-0.0141844,-0.0020686)
(-0.00417394,0.000115928)
(-0.0117766,-0.00171723)
(-0.00298403,8.2843e-05)
(-0.00841979,-0.00122762)
(-0.00155436,4.31394e-05)
(-0.00438598,-0.000639431)
(-0.00188029,5.23183e-05)
(-0.0053035,-0.000773877)
(-0.00360713,0.00010035)
(-0.0101743,-0.00148458)
(-0.00503976,0.000140165)
(-0.0142157,-0.00207417)
(-0.00606179,0.000168521)
(-0.0170992,-0.00249474)
(-0.00659073,0.000183128)
(-0.0185923,-0.00271233)
(-0.00658468,0.000182841)
(-0.0185765,-0.00270973)
(-0.00604551,0.000167749)
(-0.0170567,-0.00248772)
(-0.00501833,0.000139146)
(-0.0141598,-0.00206492)
(-0.00358733,9.94033e-05)
(-0.0101228,-0.00147602)
(-0.00186848,5.17512e-05)
(-0.00527279,-0.000768763)
(-0.00204481,5.68511e-05)
(-0.00576755,-0.000841686)
(-0.00392259,0.000109033)
(-0.0110642,-0.00161461)
(-0.00548018,0.000152266)
(-0.0154581,-0.00225573)
(-0.00659094,0.000183022)
(-0.0185922,-0.00271291)
(-0.00716522,0.000198816)
(-0.0202135,-0.00294923)
(-0.00715763,0.000198419)
(-0.0201937,-0.00294603)
(-0.00657051,0.000181949)
(-0.0185391,-0.00270428)
(-0.00545325,0.000150844)
(-0.0153883,-0.00224435)
(-0.00389767,0.000107709)
(-0.0109997,-0.00160406)
(-0.00202992,5.60561e-05)
(-0.00572905,-0.000835366)
(-0.00204346,5.67609e-05)
(-0.00576376,-0.000841246)
(-0.00391983,0.000108846)
(-0.0110565,-0.00161372)
(-0.00547592,0.00015197)
(-0.0154463,-0.00225434)
(-0.00658513,0.000182604)
(-0.0185762,-0.00271101)
(-0.00715792,0.000198271)
(-0.0201935,-0.00294683)
(-0.00714912,0.000197758)
(-0.0201707,-0.00294321)
(-0.00656141,0.000181216)
(-0.0185148,-0.00270124)
(-0.00544458,0.000150124)
(-0.0153654,-0.00224142)
(-0.00389075,0.00010712)
(-0.0109816,-0.00160169)
(-0.00202605,5.57215e-05)
(-0.00571903,-0.000834033)
(-0.00187666,5.20755e-05)
(-0.00529333,-0.000772696)
(-0.00359972,9.98456e-05)
(-0.0101536,-0.00148217)
(-0.00502834,0.000139367)
(-0.0141839,-0.00207045)
(-0.00604619,0.000167391)
(-0.0170562,-0.00248964)
(-0.00657108,0.000181649)
(-0.0185386,-0.00270589)
(-0.00656173,0.000181043)
(-0.0185145,-0.00270216)
(-0.00602095,0.000165748)
(-0.0169912,-0.00247955)
(-0.00499491,0.000137172)
(-0.0140981,-0.00205706)
(-0.00356862,9.77848e-05)
(-0.010074,-0.00146967)
(-0.001858,5.08304e-05)
(-0.00524569,-0.000765177)
(-0.00155824,4.31968e-05)
(-0.00439521,-0.000641685)
(-0.00298881,8.28086e-05)
(-0.00843053,-0.00123083)
(-0.00417466,0.000115552)
(-0.011776,-0.00171926)
(-0.00501913,0.000138726)
(-0.0141592,-0.00206718)
(-0.00545401,0.000150445)
(-0.0153877,-0.00224648)
(-0.00544517,0.000149814)
(-0.0153649,-0.00224306)
(-0.00499522,0.000137008)
(-0.0140978,-0.00205792)
(-0.00414291,0.000113247)
(-0.0116948,-0.00170693)
(-0.00295918,8.06333e-05)
(-0.00835509,-0.00121929)
(-0.00154042,4.18777e-05)
(-0.00435001,-0.000634723)
(-0.00111417,3.08601e-05)
(-0.00314268,-0.000458877)
(-0.00213698,5.91504e-05)
(-0.00602781,-0.000880157)
(-0.00298465,8.25167e-05)
(-0.00841932,-0.00122938)
(-0.00358805,9.90229e-05)
(-0.0101223,-0.00147806)
(-0.00389841,0.000107321)
(-0.0109991,-0.00160612)
(-0.0038914,0.000106778)
(-0.0109811,-0.00160349)
(-0.00356907,9.75412e-05)
(-0.0100737,-0.00147093)
(-0.00295939,8.05189e-05)
(-0.00835494,-0.00121987)
(-0.00211334,5.72554e-05)
(-0.00596789,-0.000871233)
(-0.00109993,2.97073e-05)
(-0.00310674,-0.00045348)
(-0.000580421,1.60669e-05)
(-0.00163716,-0.000239069)
(-0.00111321,3.07924e-05)
(-0.00314008,-0.000458544)
(-0.00155472,4.2948e-05)
(-0.0043857,-0.000640461)
(-0.00186891,5.15229e-05)
(-0.00527246,-0.000769987)
(-0.00203037,5.58141e-05)
(-0.00572871,-0.000836653)
(-0.00202647,5.54944e-05)
(-0.00571871,-0.000835221)
(-0.00185833,5.06484e-05)
(-0.00524544,-0.000766107)
(-0.00154062,4.17642e-05)
(-0.00434986,-0.000635282)
(-0.0011,2.96648e-05)
(-0.00310669,-0.000453678)
(-0.000572451,1.53788e-05)
(-0.00161713,-0.000236125)
(-0.00111858,3.11759e-05)
(-0.00315496,-0.000460274)
(-0.00214597,5.98069e-05)
(-0.00605283,-0.000883012)
(-0.00299854,8.35586e-05)
(-0.00845772,-0.00123378)
(-0.00360706,0.000100501)
(-0.0101744,-0.0014841)
(-0.00392241,0.000109267)
(-0.0110644,-0.00161375)
(-0.00391952,0.000109162)
(-0.0110568,-0.00161246)
(-0.00359931,0.000100219)
(-0.010154,-0.00148061)
(-0.00298836,8.31867e-05)
(-0.00843092,-0.0012292)
(-0.00213659,5.94629e-05)
(-0.00602814,-0.00087879)
(-0.00111299,3.09705e-05)
(-0.00314027,-0.000457757)
(-0.002146,5.97957e-05)
(-0.00605281,-0.000883073)
(-0.004117,0.000114706)
(-0.0116122,-0.00169411)
(-0.00575249,0.000160252)
(-0.0162256,-0.00236703)
(-0.00691967,0.000192731)
(-0.0195184,-0.00284717)
(-0.00752431,0.000209521)
(-0.0212249,-0.00309579)
(-0.0075184,0.000209295)
(-0.0212093,-0.00309316)
(-0.00690379,0.000192123)
(-0.0194766,-0.00284009)
(-0.00573163,0.000159451)
(-0.0161708,-0.00235771)
(-0.00409776,0.000113964)
(-0.0115617,-0.0016855)
(-0.00213453,5.93518e-05)
(-0.00602272,-0.000877941)
(-0.00299862,8.3516e-05)
(-0.00845766,-0.00123401)
(-0.00575259,0.000160201)
(-0.0162255,-0.00236731)
(-0.00803752,0.000223791)
(-0.0226709,-0.00330751)
(-0.00966778,0.000269111)
(-0.0272703,-0.00397823)
(-0.0105118,0.000292504)
(-0.0296525,-0.00432532)
(-0.0105026,0.000292127)
(-0.0296285,-0.00432129)
(-0.00964317,0.000268094)
(-0.0272057,-0.00396737)
(-0.00800514,0.000222447)
(-0.022586,-0.00329321)
(-0.0057227,0.000158953)
(-0.0161473,-0.00235409)
(-0.00298078,8.27687e-05)
(-0.00841103,-0.00122611)
(-0.00360724,0.000100405)
(-0.0101743,-0.00148462)
(-0.00691995,0.000192582)
(-0.0195182,-0.00284798)
(-0.00966802,0.000268987)
(-0.0272701,-0.0039789)
(-0.0116281,0.000323394)
(-0.0328002,-0.00478543)
(-0.0126419,0.00035141)
(-0.0356621,-0.00520246)
(-0.0126294,0.000350838)
(-0.0356292,-0.00519701)
(-0.0115942,0.00032185)
(-0.0327116,-0.00477074)
(-0.00962339,0.000266941)
(-0.0271536,-0.00395951)
(-0.00687867,0.000190676)
(-0.0194106,-0.00283001)
(-0.00358258,9.9261e-05)
(-0.0101101,-0.00147386)
(-0.00392272,0.0001091)
(-0.0110641,-0.00161466)
(-0.00752485,0.000209235)
(-0.0212245,-0.00309733)
(-0.0105124,0.000292191)
(-0.0296521,-0.00432701)
(-0.0126424,0.000351191)
(-0.0356618,-0.00520365)
(-0.0137428,0.000381465)
(-0.0387686,-0.00565646)
(-0.0137268,0.000380654)
(-0.038727,-0.00564969)
(-0.0125993,0.000348997)
(-0.0355497,-0.00518539)
(-0.0104556,0.000289273)
(-0.0295044,-0.00430284)
(-0.00747214,0.000206507)
(-0.0210879,-0.00307486)
(-0.00389117,0.000107456)
(-0.0109826,-0.00160117)
(-0.00391998,0.000108921)
(-0.0110564,-0.00161376)
(-0.00751923,0.000208862)
(-0.0212087,-0.0030955)
(-0.0105037,0.000291595)
(-0.0296277,-0.00432415)
(-0.0126303,0.000350341)
(-0.0356285,-0.00519969)
(-0.0137274,0.000380339)
(-0.0387265,-0.00565139)
(-0.0137087,0.000379266)
(-0.0386777,-0.00564365)
(-0.0125796,0.000347429)
(-0.0354969,-0.00517874)
(-0.0104364,0.000287703)
(-0.029454,-0.00429633)
(-0.00745666,0.000205202)
(-0.0210476,-0.00306951)
(-0.00388242,0.000106707)
(-0.01096,-0.00159811)
(-0.00359987,9.99224e-05)
(-0.0101536,-0.00148222)
(-0.00690484,0.000191574)
(-0.0194758,-0.00284306)
(-0.00964454,0.000267377)
(-0.0272047,-0.00397124)
(-0.0115957,0.000321091)
(-0.0327105,-0.00477483)
(-0.0126006,0.000348347)
(-0.0355488,-0.00518888)
(-0.0125803,0.000347046)
(-0.0354964,-0.00518079)
(-0.0115408,0.000317545)
(-0.032569,-0.00475291)
(-0.0095716,0.000262609)
(-0.0270172,-0.003942)
(-0.00683665,0.000187062)
(-0.0193014,-0.00281561)
(-0.00355879,9.71794e-05)
(-0.010049,-0.00146562)
(-0.00298895,8.28786e-05)
(-0.00843047,-0.00123087)
(-0.00573274,0.000158868)
(-0.0161699,-0.00236086)
(-0.00800665,0.000221655)
(-0.0225849,-0.00329749)
(-0.00962511,0.00026604)
(-0.0271523,-0.00396436)
(-0.0104572,0.000288394)
(-0.0295032,-0.00430755)
(-0.0104378,0.000286999)
(-0.029453,-0.00430006)
(-0.00957232,0.000262222)
(-0.0270166,-0.00394403)
(-0.00793617,0.000216484)
(-0.0224047,-0.00327026)
(-0.00566655,0.000153938)
(-0.0160017,-0.00233517)
(-0.00294893,7.98668e-05)
(-0.00832935,-0.00121526)
(-0.00213709,5.92044e-05)
(-0.00602777,-0.000880191)
(-0.00409871,0.000113467)
(-0.011561,-0.00168819)
(-0.00572402,0.000158259)
(-0.0161463,-0.00235783)
(-0.00688024,0.00018985)
(-0.0194094,-0.00283445)
(-0.00747378,0.000205638)
(-0.0210866,-0.00307949)
(-0.00745815,0.000204406)
(-0.0210464,-0.0030737)
(-0.00683775,0.000186463)
(-0.0193006,-0.00281869)
(-0.00566709,0.000153638)
(-0.0160013,-0.00233666)
(-0.00404502,0.000109026)
(-0.0114253,-0.00166814)
(-0.00210453,5.64781e-05)
(-0.00594608,-0.000867963)
(-0.00111327,3.08219e-05)
(-0.00314005,-0.000458563)
(-0.00213508,5.90638e-05)
(-0.0060223,-0.0008795)
(-0.00298156,8.23599e-05)
(-0.00841044,-0.00122832)
(-0.00358353,9.8761e-05)
(-0.0101094,-0.00147655)
(-0.0038922,0.000106907)
(-0.0109818,-0.00160409)
(-0.00388342,0.000106167)
(-0.0109592,-0.00160093)
(-0.00355963,9.67181e-05)
(-0.0100483,-0.00146795)
(-0.00294948,7.95538e-05)
(-0.00832894,-0.00121676)
(-0.00210475,5.63477e-05)
(-0.00594592,-0.00086854)
(-0.00109487,2.91471e-05)
(-0.00309408,-0.000451877)
(-0.00156307,4.35889e-05)
(-0.00440855,-0.000643149)
(-0.00299866,8.362e-05)
(-0.00845767,-0.00123382)
(-0.00418985,0.00011683)
(-0.0118177,-0.00172388)
(-0.0050399,0.00014052)
(-0.0142157,-0.00207351)
(-0.0054802,0.000152778)
(-0.0154583,-0.0022545)
(-0.00547579,0.000152631)
(-0.0154466,-0.0022525)
(-0.00502805,0.000140126)
(-0.0141844,-0.00206813)
(-0.00417427,0.00011631)
(-0.0117765,-0.0017168)
(-0.00298429,8.31385e-05)
(-0.00841974,-0.00122728)
(-0.0015545,4.33007e-05)
(-0.00438596,-0.000639246)
(-0.0029987,8.36032e-05)
(-0.00845765,-0.00123391)
(-0.00575275,0.000160377)
(-0.0162255,-0.00236711)
(-0.00803775,0.000224059)
(-0.0226709,-0.00330721)
(-0.00966809,0.00026947)
(-0.0272702,-0.00397782)
(-0.0105122,0.000292945)
(-0.0296525,-0.00432482)
(-0.0105031,0.000292627)
(-0.0296284,-0.00432072)
(-0.00964362,0.000268612)
(-0.0272056,-0.00396678)
(-0.00800556,0.000222924)
(-0.022586,-0.00329267)
(-0.00572302,0.000159324)
(-0.0161472,-0.00235366)
(-0.00298096,8.29718e-05)
(-0.008411,-0.00122588)
(-0.00418998,0.000116766)
(-0.0118176,-0.00172423)
(-0.0080379,0.00022398)
(-0.0226707,-0.00330763)
(-0.0112301,0.000312887)
(-0.031675,-0.00462106)
(-0.013507,0.000376247)
(-0.0380987,-0.00555775)
(-0.014685,0.000408945)
(-0.0414235,-0.00604206)
(-0.0146707,0.000408402)
(-0.0413859,-0.00603571)
(-0.0134686,0.000374781)
(-0.0379975,-0.00554062)
(-0.0111794,0.000310944)
(-0.0315419,-0.00459846)
(-0.00799108,0.00022217)
(-0.0225479,-0.00328668)
(-0.00416201,0.000115678)
(-0.0117443,-0.00171169)
(-0.00504018,0.000140374)
(-0.0142155,-0.0020743)
(-0.00966853,0.000269241)
(-0.0272699,-0.00397906)
(-0.0135074,0.000376055)
(-0.0380984,-0.00555878)
(-0.0162445,0.000452105)
(-0.0458207,-0.00668496)
(-0.017659,0.000491243)
(-0.0498134,-0.00726665)
(-0.017639,0.000490398)
(-0.049761,-0.00725791)
(-0.0161907,0.000449818)
(-0.0456796,-0.00666139)
(-0.0134363,0.000373011)
(-0.0379124,-0.00552758)
(-0.00960263,0.000266391)
(-0.0270978,-0.00395003)
(-0.00500072,0.000138654)
(-0.0141127,-0.00205688)
(-0.00548069,0.000152521)
(-0.0154579,-0.00225589)
(-0.010513,0.000292504)
(-0.0296518,-0.00432721)
(-0.0146859,0.000408456)
(-0.0414228,-0.0060447)
(-0.0176596,0.000490895)
(-0.0498129,-0.00726853)
(-0.0191941,0.000533145)
(-0.054145,-0.0078998)
(-0.0191682,0.000531907)
(-0.0540774,-0.00788875)
(-0.0175898,0.000487531)
(-0.0496305,-0.00723864)
(-0.0145934,0.000403951)
(-0.0411817,-0.00600496)
(-0.0104268,0.000288257)
(-0.0294281,-0.00429004)
(-0.0054289,0.000149946)
(-0.015324,-0.00223349)
(-0.0054765,0.000152258)
(-0.0154461,-0.00225452)
(-0.0105044,0.000291951)
(-0.0296274,-0.00432438)
(-0.0146723,0.000407563)
(-0.0413846,-0.00604024)
(-0.0176406,0.000489598)
(-0.0497599,-0.00726224)
(-0.0191692,0.000531387)
(-0.0540766,-0.00789156)
(-0.0191381,0.00052968)
(-0.0539954,-0.00787864)
(-0.0175562,0.00048494)
(-0.0495404,-0.00722719)
(-0.0145599,0.000401277)
(-0.0410936,-0.00599337)
(-0.0103991,0.000285974)
(-0.0293562,-0.00428023)
(-0.00541294,0.000148609)
(-0.0152832,-0.00222775)
(-0.00502893,0.000139663)
(-0.0141837,-0.00207064)
(-0.00964527,0.000267746)
(-0.0272044,-0.00397147)
(-0.0134708,0.000373634)
(-0.0379959,-0.00554683)
(-0.0161931,0.000448573)
(-0.0456778,-0.00666811)
(-0.0175919,0.000486431)
(-0.0496289,-0.00724455)
(-0.0175575,0.000484264)
(-0.0495394,-0.0072308)
(-0.0160994,0.000442625)
(-0.0454352,-0.00663065)
(-0.0133452,0.000365528)
(-0.0376726,-0.00549637)
(-0.00952675,0.000259959)
(-0.0269016,-0.00392354)
(-0.00495698,0.000134874)
(-0.0140012,-0.00204134)
(-0.0041752,0.000115825)
(-0.0117758,-0.00171943)
(-0.00800733,0.000221995)
(-0.0225846,-0.0032977)
(-0.0111819,0.000309657)
(-0.03154,-0.00460542)
(-0.0134392,0.000371504)
(-0.0379102,-0.00553571)
(-0.0145963,0.00040242)
(-0.0411795,-0.00601317)
(-0.0145624,0.000399982)
(-0.0410917,-0.00600024)
(-0.0133466,0.000364767)
(-0.0376716,-0.00550034)
(-0.0110569,0.00030037)
(-0.0312203,-0.00455746)
(-0.00788842,0.000212965)
(-0.0222834,-0.00325171)
(-0.00410255,0.000110229)
(-0.0115935,-0.00169107)
(-0.00298508,8.27278e-05)
(-0.00841914,-0.00122951)
(-0.00572455,0.000158525)
(-0.0161461,-0.002358)
(-0.00799326,0.000221029)
(-0.0225462,-0.00329286)
(-0.00960531,0.000264984)
(-0.0270958,-0.00395762)
(-0.0104298,0.000286702)
(-0.0294259,-0.00429835)
(-0.0104019,0.00028445)
(-0.029354,-0.00428824)
(-0.00952905,0.00025871)
(-0.0268999,-0.00392991)
(-0.00788967,0.000212269)
(-0.0222824,-0.0032551)
(-0.00562527,0.000149892)
(-0.0158963,-0.00232154)
(-0.00292413,7.73417e-05)
(-0.00826774,-0.00120688)
(-0.00155495,4.30639e-05)
(-0.00438561,-0.000640534)
(-0.00298186,8.25057e-05)
(-0.00841032,-0.00122841)
(-0.0041633,0.000114999)
(-0.0117433,-0.00171537)
(-0.00500237,0.00013779)
(-0.0141114,-0.00206154)
(-0.0054308,0.000148942)
(-0.0153225,-0.00223883)
(-0.00541493,0.00014754)
(-0.0152816,-0.00223331)
(-0.00495882,0.000133858)
(-0.0139998,-0.0020464)
(-0.00410392,0.000109438)
(-0.0115925,-0.00169473)
(-0.00292476,7.69506e-05)
(-0.00826729,-0.00120849)
(-0.00151991,3.95718e-05)
(-0.00429914,-0.000628186)
(-0.00188043,5.24808e-05)
(-0.00530348,-0.000773693)
(-0.00360742,0.00010068)
(-0.0101743,-0.00148421)
(-0.0050402,0.000140668)
(-0.0142156,-0.0020736)
(-0.00606238,0.000169196)
(-0.0170991,-0.00249398)
(-0.00659146,0.000183961)
(-0.0185922,-0.00271139)
(-0.0065855,0.00018379)
(-0.0185764,-0.00270865)
(-0.00604636,0.000168735)
(-0.0170566,-0.0024866)
(-0.00501913,0.000140058)
(-0.0141597,-0.00206388)
(-0.00358795,0.000100112)
(-0.0101227,-0.00147521)
(-0.00186882,5.21406e-05)
(-0.00527273,-0.000768318)
(-0.00360746,0.000100657)
(-0.0101743,-0.00148433)
(-0.0069204,0.000193094)
(-0.0195181,-0.0028474)
(-0.0096687,0.000269773)
(-0.02727,-0.00397801)
(-0.011629,0.000324457)
(-0.0328,-0.00478423)
(-0.0126431,0.00035273)
(-0.0356619,-0.00520096)
(-0.0126307,0.000352352)
(-0.0356289,-0.00519529)
(-0.0115956,0.000323436)
(-0.0327114,-0.00476894)
(-0.00962468,0.000268419)
(-0.0271534,-0.00395783)
(-0.00687968,0.000191832)
(-0.0194105,-0.00282869)
(-0.00358313,9.98978e-05)
(-0.01011,-0.00147313)
(-0.00504036,0.000140582)
(-0.0142155,-0.00207407)
(-0.0096689,0.000269668)
(-0.0272698,-0.00397858)
(-0.0135079,0.000376713)
(-0.0380983,-0.00555804)
(-0.0162453,0.000453004)
(-0.0458206,-0.00668394)
(-0.01766,0.000492374)
(-0.0498133,-0.00726536)
(-0.0176402,0.000491714)
(-0.0497608,-0.00725642)
(-0.0161919,0.000451216)
(-0.0456794,-0.0066598)
(-0.0134375,0.00037433)
(-0.0379122,-0.00552608)
(-0.00960354,0.000267434)
(-0.0270977,-0.00394884)
(-0.00500123,0.000139232)
(-0.0141126,-0.00205622)
(-0.00606276,0.000168999)
(-0.0170989,-0.00249504)
(-0.0116296,0.000324147)
(-0.0327996,-0.0047859)
(-0.0162458,0.000452742)
(-0.0458202,-0.00668536)
(-0.0195356,0.000544292)
(-0.0551011,-0.00803871)
(-0.0212332,0.000591388)
(-0.0598932,-0.0087366)
(-0.0212049,0.000590323)
(-0.0598184,-0.00872404)
(-0.0194591,0.000541396)
(-0.0548994,-0.0080047)
(-0.0161444,0.000448857)
(-0.0455536,-0.00664012)
(-0.0115351,0.000320474)
(-0.0325521,-0.00474357)
(-0.006006,0.000166765)
(-0.0169506,-0.00246951)
(-0.00659212,0.000183613)
(-0.0185917,-0.00271328)
(-0.0126442,0.000352126)
(-0.035661,-0.00520423)
(-0.0176613,0.000491697)
(-0.0498123,-0.00726903)
(-0.0212342,0.000590897)
(-0.0598925,-0.00873926)
(-0.0230741,0.00064167)
(-0.0650872,-0.009496)
(-0.0230364,0.000640035)
(-0.0649879,-0.00947968)
(-0.021132,0.000586424)
(-0.059624,-0.00869491)
(-0.017525,0.000485638)
(-0.0494558,-0.00720961)
(-0.0125164,0.000346334)
(-0.0353285,-0.00514815)
(-0.00651487,0.000180057)
(-0.0183918,-0.00267921)
(-0.00658648,0.000183278)
(-0.0185756,-0.00271143)
(-0.0126325,0.000351415)
(-0.0356276,-0.00520037)
(-0.0176424,0.000490532)
(-0.0497591,-0.00726283)
(-0.0212071,0.000589166)
(-0.0598167,-0.0087303)
(-0.0230379,0.000639257)
(-0.0649867,-0.00948389)
(-0.022991,0.00063687)
(-0.0648635,-0.00946426)
(-0.0210794,0.000582592)
(-0.0594824,-0.00867668)
(-0.0174706,0.000481516)
(-0.0493125,-0.00719028)
(-0.0124697,0.000342675)
(-0.0352081,-0.00513106)
(-0.00648734,0.000177852)
(-0.0183221,-0.00266887)
(-0.00604759,0.000168093)
(-0.0170556,-0.00249008)
(-0.0115979,0.00032222)
(-0.0327096,-0.00477554)
(-0.0161951,0.000449568)
(-0.0456769,-0.00666873)
(-0.0194626,0.00053955)
(-0.0548967,-0.0080147)
(-0.0211352,0.000584719)
(-0.0596215,-0.00870411)
(-0.0210815,0.000581485)
(-0.0594808,-0.00868262)
(-0.0193153,0.000530561)
(-0.0545132,-0.00795563)
(-0.0159949,0.000437045)
(-0.0451603,-0.00658785)
(-0.0114059,0.000309871)
(-0.0322198,-0.00469705)
(-0.00592937,0.000160338)
(-0.0167578,-0.00244117)
(-0.00502043,0.000139377)
(-0.0141587,-0.00206758)
(-0.00962722,0.000267095)
(-0.0271515,-0.00396502)
(-0.0134411,0.000372447)
(-0.0379095,-0.0055363)
(-0.0161488,0.000446559)
(-0.0455502,-0.00665255)
(-0.0175297,0.000483171)
(-0.0494522,-0.00722289)
(-0.0174749,0.000479274)
(-0.0493093,-0.00720222)
(-0.0159976,0.000435601)
(-0.0451583,-0.00659538)
(-0.0132331,0.000356882)
(-0.0373764,-0.00545703)
(-0.00942465,0.000251442)
(-0.0266405,-0.00388674)
(-0.00489427,0.000129446)
(-0.013846,-0.00201796)
(-0.00358907,9.95304e-05)
(-0.0101219,-0.00147838)
(-0.00688189,0.000190678)
(-0.0194088,-0.00283497)
(-0.0096068,0.000265732)
(-0.0270952,-0.00395809)
(-0.0115393,0.000318272)
(-0.0325489,-0.00475549)
(-0.0125213,0.000343731)
(-0.0353247,-0.00516212)
(-0.012475,0.000339881)
(-0.0352041,-0.00514578)
(-0.0114106,0.000307302)
(-0.0322163,-0.00471011)
(-0.00942756,0.000249792)
(-0.0266383,-0.00389462)
(-0.00670495,0.000174284)
(-0.0189665,-0.00277146)
(-0.00347797,8.90515e-05)
(-0.00985067,-0.0014376)
(-0.00186947,5.18023e-05)
(-0.00527223,-0.000770162)
(-0.00358444,9.92189e-05)
(-0.010109,-0.00147683)
(-0.0050032,0.000138207)
(-0.0141111,-0.0020618)
(-0.00600863,0.000165387)
(-0.0169486,-0.00247697)
(-0.00651816,0.000178324)
(-0.0183893,-0.00268847)
(-0.00649117,0.000175797)
(-0.0183192,-0.00267957)
(-0.00593343,0.000158085)
(-0.0167548,-0.00245227)
(-0.00489784,0.000127336)
(-0.0138434,-0.00202733)
(-0.00347997,8.77365e-05)
(-0.00984927,-0.00144248)
(-0.00180432,4.43744e-05)
(-0.00511498,-0.000748315)
(-0.00204505,5.71327e-05)
(-0.00576751,-0.000841367)
(-0.00392309,0.000109607)
(-0.0110641,-0.00161397)
(-0.00548094,0.000153148)
(-0.015458,-0.00225473)
(-0.00659197,0.000184218)
(-0.018592,-0.00271155)
(-0.00716651,0.000200309)
(-0.0202132,-0.00294754)
(-0.00715913,0.000200139)
(-0.0201935,-0.00294408)
(-0.00657209,0.000183759)
(-0.0185388,-0.00270223)
(-0.00545473,0.000152537)
(-0.015388,-0.00224242)
(-0.00389883,0.000109036)
(-0.0109995,-0.00160254)
(-0.00203056,5.67888e-05)
(-0.00572894,-0.00083453)
(-0.00392314,0.000109579)
(-0.0110641,-0.00161411)
(-0.0075257,0.000210216)
(-0.0212243,-0.00309622)
(-0.0105137,0.000293706)
(-0.0296518,-0.0043253)
(-0.0126442,0.000353264)
(-0.0356615,-0.0052013)
(-0.0137451,0.000384076)
(-0.0387682,-0.0056535)
(-0.0137295,0.000383694)
(-0.0387265,-0.00564625)
(-0.0126022,0.000352231)
(-0.0355493,-0.00518172)
(-0.0104582,0.000292328)
(-0.029504,-0.00429937)
(-0.00747425,0.00020892)
(-0.0210875,-0.00307211)
(-0.00389234,0.000108795)
(-0.0109823,-0.00159964)
(-0.00548114,0.000153042)
(-0.0154578,-0.0022553)
(-0.010514,0.000293577)
(-0.0296516,-0.00432599)
(-0.0146874,0.000410132)
(-0.0414225,-0.00604281)
(-0.0176617,0.000493219)
(-0.0498126,-0.00726589)
(-0.0191966,0.000536121)
(-0.0541445,-0.00789643)
(-0.0191713,0.000535435)
(-0.0540768,-0.00788475)
(-0.0175932,0.000491354)
(-0.0496299,-0.00723429)
(-0.0145966,0.000407624)
(-0.0411812,-0.00600078)
(-0.0104294,0.000291199)
(-0.0294277,-0.00428668)
(-0.00543035,0.00015159)
(-0.0153237,-0.0022316)
(-0.00659244,0.000183975)
(-0.0185916,-0.00271286)
(-0.0126449,0.000352879)
(-0.0356609,-0.00520338)
(-0.0176623,0.000492889)
(-0.0498121,-0.00726768)
(-0.0212356,0.000592583)
(-0.0598922,-0.00873735)
(-0.0230761,0.00064388)
(-0.0650868,-0.0094935)
(-0.0230388,0.000642725)
(-0.0649875,-0.00947663)
(-0.0211346,0.000589419)
(-0.0596235,-0.00869151)
(-0.0175276,0.00048859)
(-0.0494554,-0.00720624)
(-0.0125185,0.000348744)
(-0.0353281,-0.00514539)
(-0.00651608,0.000181419)
(-0.0183916,-0.00267763)
(-0.00716734,0.000199874)
(-0.0202126,-0.0029499)
(-0.0137465,0.000383315)
(-0.0387671,-0.00565762)
(-0.0191983,0.000535254)
(-0.0541433,-0.00790111)
(-0.0230773,0.000643236)
(-0.0650859,-0.00949698)
(-0.0250694,0.000698472)
(-0.0707095,-0.0103158)
(-0.025018,0.000696587)
(-0.0705728,-0.0102932)
(-0.0229373,0.000638032)
(-0.0647147,-0.00943504)
(-0.0190099,0.000528071)
(-0.053647,-0.00781715)
(-0.0135678,0.000376278)
(-0.0383004,-0.00557723)
(-0.00705835,0.000195452)
(-0.0199304,-0.00290044)
(-0.00716037,0.000199491)
(-0.0201925,-0.0029476)
(-0.0137318,0.000382496)
(-0.0387248,-0.00565274)
(-0.0191742,0.00053389)
(-0.0540746,-0.00789312)
(-0.0230418,0.000641165)
(-0.0649852,-0.00948508)
(-0.0250201,0.000695495)
(-0.0705712,-0.0102991)
(-0.0249535,0.000692531)
(-0.0703945,-0.0102708)
(-0.022859,0.000632887)
(-0.0645025,-0.00940715)
(-0.0189249,0.000522233)
(-0.0534223,-0.00778578)
(-0.0134914,0.00037081)
(-0.038104,-0.00554782)
(-0.00701173,0.00019201)
(-0.0198139,-0.00288181)
(-0.00657366,0.000182936)
(-0.0185376,-0.0027067)
(-0.0126052,0.000350647)
(-0.0355469,-0.00519031)
(-0.0175974,0.00048915)
(-0.0496267,-0.00724626)
(-0.0211395,0.000586851)
(-0.0596198,-0.00870545)
(-0.0229421,0.000635531)
(-0.0647111,-0.00944858)
(-0.0228623,0.000631148)
(-0.0645,-0.00941652)
(-0.0209185,0.000574427)
(-0.0590384,-0.0086161)
(-0.0172904,0.00047121)
(-0.0488298,-0.00712064)
(-0.0123024,0.000332166)
(-0.0347757,-0.00506404)
(-0.00638287,0.000170893)
(-0.0180619,-0.00262533)
(-0.00545643,0.000151652)
(-0.0153867,-0.00224723)
(-0.0104616,0.000290575)
(-0.0295014,-0.00430891)
(-0.0146015,0.000405045)
(-0.0411774,-0.00601481)
(-0.0175339,0.000485285)
(-0.0494505,-0.00722421)
(-0.0190171,0.000524273)
(-0.0536415,-0.00783771)
(-0.0189321,0.000518463)
(-0.0534169,-0.00780598)
(-0.0172954,0.000468505)
(-0.0488259,-0.00713483)
(-0.014263,0.000380037)
(-0.0403054,-0.0058863)
(-0.0101183,0.000264005)
(-0.0286396,-0.00417535)
(-0.00523533,0.000134154)
(-0.0148492,-0.00215818)
(-0.0039003,0.000108271)
(-0.0109984,-0.00160672)
(-0.00747723,0.00020737)
(-0.0210852,-0.00308057)
(-0.010434,0.000288819)
(-0.0294242,-0.00429967)
(-0.0125248,0.000345475)
(-0.0353233,-0.00516321)
(-0.0135758,0.000372077)
(-0.0382942,-0.00559997)
(-0.0135009,0.000365774)
(-0.0380968,-0.00557459)
(-0.0123122,0.000326839)
(-0.0347683,-0.00509123)
(-0.0101254,0.000259941)
(-0.0286343,-0.00419454)
(-0.00715602,0.000175555)
(-0.0202881,-0.00296829)
(-0.00369061,8.7335e-05)
(-0.0105012,-0.00152976)
(-0.00203142,5.63403e-05)
(-0.00572828,-0.000836981)
(-0.00389412,0.000107872)
(-0.010981,-0.00160469)
(-0.00543315,0.000150134)
(-0.0153216,-0.00223958)
(-0.00652011,0.000179322)
(-0.0183885,-0.00268909)
(-0.0070639,0.000192547)
(-0.0199261,-0.00291617)
(-0.00701911,0.000188073)
(-0.0198083,-0.00290252)
(-0.0063921,0.000165751)
(-0.018055,-0.0026506)
(-0.0052453,0.000128119)
(-0.014842,-0.00218402)
(-0.00369777,8.23445e-05)
(-0.0104963,-0.0015464)
(-0.00190733,3.92171e-05)
(-0.00544064,-0.000798672)
(-0.00204381,5.71653e-05)
(-0.0057637,-0.000840788)
(-0.00392055,0.000109674)
(-0.0110564,-0.00161278)
(-0.00547704,0.000153253)
(-0.0154461,-0.00225289)
(-0.00658666,0.000184366)
(-0.0185759,-0.00270901)
(-0.00715985,0.000200499)
(-0.0201932,-0.00294431)
(-0.00715138,0.000200362)
(-0.0201703,-0.00294026)
(-0.00656382,0.000183997)
(-0.0185143,-0.00269808)
(-0.00544688,0.000152759)
(-0.015365,-0.00223842)
(-0.00389258,0.000109207)
(-0.0109813,-0.00159932)
(-0.00202706,5.6881e-05)
(-0.00571886,-0.000832708)
(-0.00392061,0.000109643)
(-0.0110563,-0.00161294)
(-0.00752052,0.000210349)
(-0.0212085,-0.00309382)
(-0.0105057,0.000293917)
(-0.0296274,-0.00432153)
(-0.0126331,0.000353561)
(-0.035628,-0.00519605)
(-0.013731,0.000384461)
(-0.0387259,-0.00564672)
(-0.0137129,0.000384152)
(-0.038677,-0.00563811)
(-0.0125842,0.00035272)
(-0.0354961,-0.00517274)
(-0.0104409,0.000292784)
(-0.0294532,-0.00429055)
(-0.00746022,0.000209269)
(-0.021047,-0.00306487)
(-0.00388442,0.00010898)
(-0.0109597,-0.00159551)
(-0.00547726,0.000153135)
(-0.0154459,-0.00225353)
(-0.010506,0.000293771)
(-0.0296271,-0.00432231)
(-0.0146748,0.000410442)
(-0.0413842,-0.00603698)
(-0.0176441,0.000493661)
(-0.0497592,-0.00725764)
(-0.0191738,0.000536699)
(-0.0540758,-0.00788554)
(-0.0191437,0.00053613)
(-0.0539944,-0.00787134)
(-0.0175624,0.0004921)
(-0.0495393,-0.00721907)
(-0.0145661,0.000408312)
(-0.0410925,-0.00598536)
(-0.0104041,0.000291707)
(-0.0293553,-0.00427367)
(-0.0054158,0.000151846)
(-0.0152826,-0.00222402)
(-0.00658719,0.000184089)
(-0.0185755,-0.00271051)
(-0.0126339,0.000353118)
(-0.0356273,-0.00519843)
(-0.0176448,0.000493276)
(-0.0497587,-0.00725972)
(-0.0212106,0.000593139)
(-0.0598161,-0.0087258)
(-0.0230426,0.000644616)
(-0.0649859,-0.00947782)
(-0.0229969,0.00064361)
(-0.0648625,-0.00945662)
(-0.0210861,0.000590356)
(-0.0594812,-0.00866787)
(-0.0174775,0.000489407)
(-0.0493113,-0.00718129)
(-0.0124755,0.000349274)
(-0.0352071,-0.00512348)
(-0.00649072,0.000181628)
(-0.0183216,-0.00266447)
(-0.00716081,0.000199997)
(-0.0201924,-0.00294702)
(-0.0137327,0.000383573)
(-0.0387246,-0.00565152)
(-0.0191758,0.000535669)
(-0.0540743,-0.0078911)
(-0.0230441,0.000643831)
(-0.0649848,-0.00948206)
(-0.0250233,0.000699245)
(-0.0705706,-0.0102948)
(-0.0249578,0.000697477)
(-0.0703937,-0.0102652)
(-0.0228642,0.000638875)
(-0.0645016,-0.00940035)
(-0.0189305,0.000528608)
(-0.0534213,-0.0077785)
(-0.0134963,0.000376327)
(-0.0381031,-0.00554144)
(-0.00701466,0.00019521)
(-0.0198134,-0.00287802)
(-0.00715283,0.000199604)
(-0.0201692,-0.00294437)
(-0.0137156,0.000382729)
(-0.0386749,-0.00564581)
(-0.0191472,0.000534251)
(-0.0539917,-0.00788151)
(-0.0230006,0.000641647)
(-0.0648597,-0.00946725)
(-0.0249605,0.000696036)
(-0.0703916,-0.010273)
(-0.0248715,0.00069296)
(-0.0701515,-0.0102344)
(-0.0227536,0.000632871)
(-0.0641975,-0.00935931)
(-0.0188031,0.000521353)
(-0.0530812,-0.00772888)
(-0.0133747,0.000368983)
(-0.0377906,-0.0054914)
(-0.00693708,0.000190216)
(-0.0196221,-0.00284436)
(-0.0065657,0.000183018)
(-0.0185129,-0.0027034)
(-0.0125878,0.000350804)
(-0.0354933,-0.00518314)
(-0.0175677,0.000489352)
(-0.0495353,-0.00723399)
(-0.0210925,0.000587003)
(-0.0594763,-0.00868607)
(-0.0228709,0.000635405)
(-0.0644965,-0.00941918)
(-0.0227586,0.000630263)
(-0.0641937,-0.00937342)
(-0.020776,0.000571998)
(-0.0586297,-0.00855592)
(-0.0171131,0.000466422)
(-0.048342,-0.00704354)
(-0.0121195,0.000325331)
(-0.0342993,-0.00498081)
(-0.00625916,0.000165169)
(-0.01776,-0.00256573)
(-0.00544893,0.000151691)
(-0.0153634,-0.00224423)
(-0.010445,0.000290622)
(-0.0294501,-0.00430233)
(-0.0145724,0.000405009)
(-0.0410876,-0.00600338)
(-0.0174861,0.000484926)
(-0.0493047,-0.00720575)
(-0.0189412,0.000523042)
(-0.0534132,-0.00780884)
(-0.0188148,0.000515248)
(-0.0530723,-0.00776193)
(-0.0171225,0.000461471)
(-0.0483349,-0.00706986)
(-0.0140299,0.000367333)
(-0.039675,-0.00579655)
(-0.00985669,0.000246837)
(-0.027978,-0.00406835)
(-0.00504776,0.000120981)
(-0.0144168,-0.00207411)
(-0.00389438,0.000108272)
(-0.0109799,-0.00160443)
(-0.00746396,0.000207324)
(-0.0210441,-0.00307552)
(-0.0104101,0.000288583)
(-0.0293507,-0.00429082)
(-0.0124844,0.000344676)
(-0.0352003,-0.00514877)
(-0.0135088,0.000369829)
(-0.0380935,-0.00557711)
(-0.0133915,0.00036016)
(-0.0377777,-0.00553915)
(-0.0121399,0.000314403)
(-0.0342839,-0.00503763)
(-0.00987455,0.000236694)
(-0.0279647,-0.00411661)
(-0.00685145,0.000143704)
(-0.0195313,-0.00286615)
(-0.00346665,6.54884e-05)
(-0.0100109,-0.00144269)
(-0.00202813,5.63281e-05)
(-0.00571804,-0.000835742)
(-0.00388668,0.000107808)
(-0.0109579,-0.00160195)
(-0.00541957,0.000149899)
(-0.0152798,-0.00223478)
(-0.00649661,0.000178596)
(-0.018317,-0.00268131)
(-0.00702376,0.000190517)
(-0.0198064,-0.00290403)
(-0.00695119,0.00018283)
(-0.0196113,-0.00288434)
(-0.0062806,0.000153392)
(-0.0177439,-0.00262486)
(-0.00507719,0.000102992)
(-0.0143955,-0.00214992)
(-0.00349504,4.45648e-05)
(-0.00999195,-0.00150528)
(-0.00178585,1.22663e-05)
(-0.00520109,-0.000772079)
(-0.00187709,5.25694e-05)
(-0.00529325,-0.000772137)
(-0.0036006,0.000100863)
(-0.0101535,-0.00148102)
(-0.00502972,0.000140958)
(-0.0141837,-0.00206865)
(-0.00604811,0.000169604)
(-0.0170559,-0.00248714)
(-0.00657354,0.000184486)
(-0.0185382,-0.00270268)
(-0.00656465,0.000184413)
(-0.018514,-0.00269835)
(-0.00602412,0.000169405)
(-0.0169906,-0.00247541)
(-0.00499797,0.000140689)
(-0.0140975,-0.00205307)
(-0.00357108,0.000100603)
(-0.0100736,-0.00146646)
(-0.00185938,5.24072e-05)
(-0.00524545,-0.000763376)
(-0.00360066,0.000100832)
(-0.0101534,-0.00148119)
(-0.00690647,0.000193459)
(-0.0194756,-0.00284093)
(-0.00964712,0.000270352)
(-0.0272042,-0.00396787)
(-0.0115993,0.000325279)
(-0.0327099,-0.00477009)
(-0.0126053,0.000353805)
(-0.035548,-0.0051827)
(-0.012586,0.000353645)
(-0.0354954,-0.00517332)
(-0.0115471,0.000324841)
(-0.0325679,-0.00474464)
(-0.00957781,0.000269749)
(-0.0270161,-0.00393389)
(-0.00684172,0.000192863)
(-0.0193005,-0.002809)
(-0.00356167,0.00010045)
(-0.0100485,-0.00146187)
(-0.00502995,0.000140836)
(-0.0141835,-0.00206931)
(-0.0096474,0.0002702)
(-0.027204,-0.00396869)
(-0.0134742,0.000377571)
(-0.0379953,-0.00554237)
(-0.016198,0.000454241)
(-0.0456769,-0.00666169)
(-0.0175985,0.000494022)
(-0.0496278,-0.00723596)
(-0.0175657,0.000493733)
(-0.049538,-0.00722009)
(-0.0161088,0.000453441)
(-0.0454336,-0.00661839)
(-0.0133547,0.000376442)
(-0.037671,-0.00548397)
(-0.00953473,0.000269039)
(-0.0269002,-0.00391315)
(-0.00496158,0.000140058)
(-0.0140004,-0.00203535)
(-0.00604866,0.000169314)
(-0.0170555,-0.0024887)
(-0.0116002,0.000324814)
(-0.0327092,-0.00477259)
(-0.0161988,0.00045383)
(-0.0456763,-0.0066639)
(-0.0194682,0.000545889)
(-0.0548958,-0.00800752)
(-0.0211429,0.000593559)
(-0.0596201,-0.0086941)
(-0.0210915,0.000593036)
(-0.059479,-0.00866955)
(-0.0193274,0.000544413)
(-0.0545111,-0.00793993)
(-0.0160077,0.000451672)
(-0.0451581,-0.0065712)
(-0.011417,0.000322463)
(-0.0322179,-0.00468255)
(-0.00593598,0.000167634)
(-0.0167566,-0.00243261)
(-0.00657455,0.000183956)
(-0.0185374,-0.00270554)
(-0.0126071,0.000352857)
(-0.0355466,-0.0051878)
(-0.0176006,0.0004929)
(-0.0496262,-0.007242)
(-0.0211446,0.00059268)
(-0.0596189,-0.00869883)
(-0.0229495,0.000644117)
(-0.0647098,-0.00943885)
(-0.0228727,0.000643095)
(-0.0644982,-0.00940299)
(-0.0209318,0.000589739)
(-0.0590361,-0.00859875)
(-0.0173054,0.000488418)
(-0.0488271,-0.00710102)
(-0.0123162,0.000347661)
(-0.0347732,-0.00504605)
(-0.00639138,0.00017997)
(-0.0180604,-0.00261436)
(-0.0065662,0.000183601)
(-0.0185128,-0.00270273)
(-0.012589,0.000352098)
(-0.0354931,-0.00518167)
(-0.0175697,0.000491638)
(-0.0495349,-0.00723138)
(-0.0210958,0.000590762)
(-0.0594757,-0.0086818)
(-0.022876,0.000641341)
(-0.0644956,-0.00941244)
(-0.0227664,0.000639214)
(-0.0641923,-0.00936328)
(-0.0207868,0.000584497)
(-0.0586278,-0.00854176)
(-0.0171265,0.00048166)
(-0.0483397,-0.00702615)
(-0.0121327,0.000339846)
(-0.034297,-0.00496374)
(-0.00626765,0.000173624)
(-0.0177585,-0.00255492)
(-0.00602615,0.00016834)
(-0.0169891,-0.00248118)
(-0.0115512,0.000322716)
(-0.0325648,-0.00475614)
(-0.0161148,0.00045029)
(-0.045429,-0.00663544)
(-0.0193351,0.000540378)
(-0.0545052,-0.00796177)
(-0.0209403,0.000585278)
(-0.0590296,-0.00862289)
(-0.0207938,0.000580856)
(-0.0586225,-0.00856147)
(-0.0189119,0.000526915)
(-0.053342,-0.00778207)
(-0.0154779,0.000427698)
(-0.0437207,-0.00635723)
(-0.0108504,0.000293529)
(-0.0307638,-0.00443562)
(-0.00554006,0.00014386)
(-0.0158169,-0.00224476)
(-0.00500023,0.000139509)
(-0.0140958,-0.00205948)
(-0.0095825,0.000267303)
(-0.0270125,-0.00394721)
(-0.0133622,0.000372546)
(-0.0376653,-0.00550521)
(-0.0160185,0.000446051)
(-0.0451498,-0.00660191)
(-0.01732,0.000480833)
(-0.048816,-0.00714253)
(-0.0171442,0.000472412)
(-0.0483261,-0.00707669)
(-0.0154942,0.000419156)
(-0.0437082,-0.00640347)
(-0.0125205,0.000324018)
(-0.0354232,-0.00517669)
(-0.00856518,0.000201367)
(-0.0244561,-0.00352288)
(-0.00423892,8.64807e-05)
(-0.0123691,-0.00170636)
(-0.00357309,9.95558e-05)
(-0.0100721,-0.00147219)
(-0.00684604,0.000190622)
(-0.0192972,-0.00282129)
(-0.00954204,0.000265257)
(-0.0268946,-0.003934)
(-0.0114286,0.000316473)
(-0.0322089,-0.00471582)
(-0.0123345,0.000338302)
(-0.0347592,-0.00509835)
(-0.0121609,0.000325373)
(-0.0342754,-0.00504441)
(-0.0108908,0.000272348)
(-0.0307329,-0.00455027)
(-0.00860917,0.000177)
(-0.0244231,-0.00364362)
(-0.00558459,6.30996e-05)
(-0.0161562,-0.00238983)
(-0.00258211,1.63849e-05)
(-0.00794776,-0.00106456)
(-0.00186059,5.17821e-05)
(-0.00524453,-0.000766814)
(-0.00356432,9.90841e-05)
(-0.0100464,-0.00146943)
(-0.00496626,0.000137658)
(-0.0139968,-0.00204877)
(-0.00594398,0.000163576)
(-0.0167505,-0.00245567)
(-0.00640541,0.000172935)
(-0.0180495,-0.00265501)
(-0.00629332,0.000160736)
(-0.0177387,-0.0026293)
(-0.00558842,0.000118542)
(-0.01578,-0.00238181)
(-0.00432632,3.43097e-05)
(-0.0123052,-0.00193515)
(-0.00270278,-7.73008e-05)
(-0.00786911,-0.00131677)
(-0.00141015,-7.51006e-05)
(-0.00447777,-0.000693818)
(-0.00155869,4.37075e-05)
(-0.00439513,-0.000641107)
(-0.00298973,8.38667e-05)
(-0.00843036,-0.00122963)
(-0.0041761,0.000117222)
(-0.0117758,-0.00171737)
(-0.00502116,0.000141075)
(-0.0141588,-0.00206452)
(-0.00545666,0.000153502)
(-0.0153872,-0.00224302)
(-0.00544836,0.000153504)
(-0.0153644,-0.00223889)
(-0.00499874,0.00014108)
(-0.0140972,-0.00205331)
(-0.00414636,0.000117224)
(-0.0116942,-0.00170243)
(-0.00296199,8.38606e-05)
(-0.0083546,-0.00121562)
(-0.00154201,4.36967e-05)
(-0.00434973,-0.000632647)
(-0.00298978,8.38376e-05)
(-0.00843032,-0.00122979)
(-0.00573448,0.000160869)
(-0.0161696,-0.0023586)
(-0.00800942,0.000224848)
(-0.0225844,-0.00329387)
(-0.00962907,0.000270605)
(-0.0271516,-0.0039592)
(-0.0104625,0.000294453)
(-0.0295022,-0.0043007)
(-0.0104443,0.000294479)
(-0.0294519,-0.00429161)
(-0.00957964,0.000270674)
(-0.0270154,-0.00393447)
(-0.0079435,0.000224929)
(-0.0224034,-0.00326069)
(-0.00567264,0.000160915)
(-0.0160006,-0.00232723)
(-0.00295242,8.38383e-05)
(-0.00832874,-0.00121071)
(-0.00417632,0.000117109)
(-0.0117756,-0.00171797)
(-0.00800969,0.000224708)
(-0.0225842,-0.00329463)
(-0.0111857,0.000314073)
(-0.0315394,-0.00460042)
(-0.0134448,0.000377991)
(-0.0379093,-0.00552837)
(-0.014604,0.00041133)
(-0.0411782,-0.0060031)
(-0.0145723,0.000411428)
(-0.04109,-0.0059873)
(-0.0133583,0.000378258)
(-0.0376695,-0.0054851)
(-0.0110691,0.000314401)
(-0.0312181,-0.00454156)
(-0.00789889,0.00022492)
(-0.0222815,-0.00323806)
(-0.0041087,0.000117135)
(-0.0115925,-0.00168308)
(-0.00502167,0.000140806)
(-0.0141585,-0.00206596)
(-0.00962989,0.000270168)
(-0.027151,-0.00396153)
(-0.0134456,0.000377601)
(-0.0379087,-0.00553045)
(-0.0161557,0.000454447)
(-0.045549,-0.00664361)
(-0.0175396,0.000494573)
(-0.0494505,-0.00720999)
(-0.0174883,0.000494813)
(-0.0493069,-0.00718466)
(-0.0160145,0.000455113)
(-0.0451553,-0.00657334)
(-0.0132518,0.000378428)
(-0.0373731,-0.00543261)
(-0.00944158,0.000270642)
(-0.0266375,-0.0038647)
(-0.00490455,0.000140705)
(-0.0138442,-0.00200465)
(-0.00545761,0.000153004)
(-0.0153865,-0.0022457)
(-0.0104642,0.000293552)
(-0.0295009,-0.00430552)
(-0.0146061,0.000410244)
(-0.0411766,-0.0060089)
(-0.0175412,0.000493697)
(-0.0494493,-0.00721466)
(-0.0190284,0.000537311)
(-0.0536395,-0.00782293)
(-0.0189487,0.000537731)
(-0.053414,-0.00778421)
(-0.0173182,0.000494889)
(-0.0488219,-0.00710506)
(-0.0142904,0.000411685)
(-0.0403005,-0.00585044)
(-0.010145,0.000293921)
(-0.0286349,-0.0041407)
(-0.00525229,0.000151748)
(-0.0148462,-0.00213642)
(-0.00544984,0.000152729)
(-0.0153632,-0.00224305)
(-0.0104471,0.000292982)
(-0.0294497,-0.00429963)
(-0.0145762,0.000409349)
(-0.041087,-0.00599842)
(-0.0174927,0.00049247)
(-0.0493036,-0.00719715)
(-0.0189523,0.000535828)
(-0.0534112,-0.0077943)
(-0.0188329,0.000536208)
(-0.0530691,-0.00773818)
(-0.0171502,0.000493589)
(-0.04833,-0.0070336)
(-0.0140672,0.000410306)
(-0.0396685,-0.00574785)
(-0.00989634,0.000290624)
(-0.027971,-0.00401696)
(-0.0050746,0.000145755)
(-0.014412,-0.00204028)
(-0.00500071,0.000140049)
(-0.0140957,-0.00205886)
(-0.00958362,0.000268578)
(-0.0270123,-0.00394574)
(-0.0133644,0.000375045)
(-0.0376649,-0.00550234)
(-0.0160227,0.000450788)
(-0.0451491,-0.00659646)
(-0.0173279,0.000489776)
(-0.0488146,-0.00713228)
(-0.0171588,0.000489043)
(-0.0483235,-0.00705772)
(-0.0155197,0.000448482)
(-0.0437038,-0.00637024)
(-0.0125598,0.00036929)
(-0.0354163,-0.00512539)
(-0.00861209,0.000252231)
(-0.0244478,-0.00346227)
(-0.00427345,0.000110984)
(-0.0123627,-0.0016643)
(-0.00414857,0.000116066)
(-0.0116925,-0.0017087)
(-0.0079482,0.000222469)
(-0.0223998,-0.003274)
(-0.0110769,0.000310314)
(-0.0312122,-0.00456368)
(-0.0132638,0.000372152)
(-0.0373639,-0.00546659)
(-0.014308,0.000402466)
(-0.0402871,-0.00590034)
(-0.0140911,0.000397788)
(-0.0396503,-0.00581561)
(-0.0125849,0.000356103)
(-0.0353971,-0.00519678)
(-0.00986956,0.000274982)
(-0.0278376,-0.00406123)
(-0.00621595,0.000152187)
(-0.0179144,-0.00248794)
(-0.00266328,2.41828e-05)
(-0.00842166,-0.000929481)
(-0.00296399,8.28188e-05)
(-0.00835307,-0.0012213)
(-0.00567705,0.000158622)
(-0.0159973,-0.00233977)
(-0.00790675,0.000220852)
(-0.0222755,-0.00326046)
(-0.00945506,0.000263707)
(-0.0266271,-0.00390329)
(-0.0101684,0.000281965)
(-0.0286168,-0.00420823)
(-0.00993789,0.000269672)
(-0.0279389,-0.00413702)
(-0.00868324,0.000216313)
(-0.0243929,-0.00366784)
(-0.00631272,0.000101525)
(-0.0178406,-0.00276216)
(-0.00274707,-6.08754e-05)
(-0.00834934,-0.00126681)
(-0.000163596,-1.61292e-05)
(-0.00236768,0.000100989)
(-0.00154322,4.30696e-05)
(-0.00434881,-0.000636097)
(-0.00295516,8.24241e-05)
(-0.00832663,-0.00121855)
(-0.00411385,0.000114514)
(-0.0115885,-0.00169789)
(-0.00491417,0.000135916)
(-0.0138367,-0.00203263)
(-0.00527135,0.000142588)
(-0.0148313,-0.00219284)
(-0.00511562,0.000126861)
(-0.0143795,-0.00216411)
(-0.00436902,6.73676e-05)
(-0.012287,-0.00195399)
(-0.00289377,-9.64893e-05)
(-0.00824584,-0.00158267)
(-0.000673008,-0.000429563)
(-0.00204355,-0.000910824)
(-0.00101833,-0.00032719)
(-0.00442759,-0.000772003)
(-0.00111455,3.12871e-05)
(-0.00314261,-0.000458393)
(-0.00213775,6.00394e-05)
(-0.00602767,-0.000879151)
(-0.00298588,8.39309e-05)
(-0.0084191,-0.00122777)
(-0.00358979,0.000101034)
(-0.010122,-0.00147579)
(-0.0039007,0.000109972)
(-0.0109987,-0.00160313)
(-0.0038942,0.000110026)
(-0.0109807,-0.00159983)
(-0.00357221,0.000101181)
(-0.0100731,-0.00146682)
(-0.00296251,8.41283e-05)
(-0.00835439,-0.00121579)
(-0.00211591,6.02202e-05)
(-0.00596744,-0.000867873)
(-0.0011014,3.13906e-05)
(-0.00310648,-0.000451564)
(-0.00213779,6.00172e-05)
(-0.00602764,-0.00087927)
(-0.00410019,0.000115173)
(-0.0115607,-0.00168626)
(-0.0057264,0.00016101)
(-0.0161459,-0.00235472)
(-0.00688369,0.000193835)
(-0.0194088,-0.00282995)
(-0.00747844,0.000211016)
(-0.0210858,-0.00307342)
(-0.007464,0.000211177)
(-0.0210454,-0.00306606)
(-0.0068445,0.000194279)
(-0.0192994,-0.00280988)
(-0.00567398,0.000161612)
(-0.0160001,-0.00232766)
(-0.00405084,0.000115728)
(-0.0114243,-0.00166054)
(-0.00210791,6.03298e-05)
(-0.00594549,-0.000863564)
(-0.00298605,8.38436e-05)
(-0.00841897,-0.00122824)
(-0.00572661,0.0001609)
(-0.0161457,-0.0023553)
(-0.00799666,0.000224949)
(-0.0225456,-0.00328842)
(-0.0096104,0.000270851)
(-0.0270949,-0.00395098)
(-0.0104369,0.000294956)
(-0.0294246,-0.00428903)
(-0.0104113,0.000295358)
(-0.0293524,-0.00427595)
(-0.00954047,0.000271983)
(-0.0268979,-0.00391498)
(-0.00790194,0.000226521)
(-0.0222803,-0.00323905)
(-0.0056361,0.000162362)
(-0.0158944,-0.00230741)
(-0.00293059,8.46377e-05)
(-0.00826661,-0.00119848)
(-0.00359019,0.000100824)
(-0.0101217,-0.00147691)
(-0.00688434,0.000193491)
(-0.0194083,-0.00283177)
(-0.00961098,0.00027054)
(-0.0270944,-0.00395263)
(-0.0115459,0.000325832)
(-0.0325477,-0.00474692)
(-0.0125311,0.000355047)
(-0.035323,-0.00514933)
(-0.0124888,0.000355973)
(-0.0352017,-0.00512766)
(-0.0114288,0.000328506)
(-0.0322131,-0.00468631)
(-0.00944866,0.000274399)
(-0.0266346,-0.00386702)
(-0.00672478,0.000197131)
(-0.018963,-0.00274557)
(-0.00349032,0.000102637)
(-0.0098485,-0.00142161)
(-0.00390145,0.000109579)
(-0.0109982,-0.00160523)
(-0.00747979,0.000210298)
(-0.0210848,-0.00307724)
(-0.0104386,0.000294075)
(-0.0294234,-0.00429369)
(-0.0125325,0.000354319)
(-0.035322,-0.00515316)
(-0.0135883,0.000386501)
(-0.0382921,-0.00558363)
(-0.0135205,0.000388459)
(-0.0380933,-0.00554902)
(-0.0123408,0.000360217)
(-0.0347633,-0.00505385)
(-0.0101622,0.00030312)
(-0.0286278,-0.00414636)
(-0.00719373,0.000219006)
(-0.0202815,-0.00291905)
(-0.00371547,0.000113029)
(-0.0104968,-0.00149788)
(-0.00389537,0.000109407)
(-0.0109798,-0.00160313)
(-0.00746629,0.000209965)
(-0.0210437,-0.00307249)
(-0.0104146,0.000293635)
(-0.0293499,-0.00428503)
(-0.0124926,0.000353961)
(-0.0351988,-0.00513814)
(-0.0135236,0.000386743)
(-0.0380909,-0.00555782)
(-0.0134178,0.000390449)
(-0.0377731,-0.00550483)
(-0.012184,0.000365861)
(-0.0342762,-0.00497994)
(-0.00993972,0.000313671)
(-0.0279533,-0.00403115)
(-0.00692616,0.00022977)
(-0.0195182,-0.00276863)
(-0.00351983,0.000112314)
(-0.0100013,-0.00137612)
(-0.00357379,0.000100347)
(-0.0100719,-0.00147128)
(-0.00684776,0.000192553)
(-0.0192969,-0.00281905)
(-0.0095456,0.000269253)
(-0.026894,-0.00392937)
(-0.0114359,0.000324651)
(-0.0322076,-0.00470633)
(-0.0123497,0.000355339)
(-0.0347565,-0.0050786)
(-0.0121925,0.000361117)
(-0.0342698,-0.00500329)
(-0.010954,0.000345063)
(-0.0307218,-0.00446787)
(-0.00872079,0.000308777)
(-0.0244036,-0.00349727)
(-0.00573102,0.000231802)
(-0.0161305,-0.00219867)
(-0.00269752,7.66972e-05)
(-0.00792614,-0.000928229)
(-0.00296431,8.31787e-05)
(-0.00835302,-0.00122088)
(-0.00567789,0.00015955)
(-0.0159971,-0.00233869)
(-0.00790867,0.000222954)
(-0.0222752,-0.00325797)
(-0.00945955,0.000268573)
(-0.0266263,-0.0038975)
(-0.0101794,0.000293784)
(-0.0286149,-0.00419409)
(-0.00996537,0.000299446)
(-0.0279341,-0.00410151)
(-0.00875126,0.000291493)
(-0.0243809,-0.00357968)
(-0.00646369,0.000275446)
(-0.0178141,-0.00256509)
(-0.00296462,0.000189751)
(-0.00831117,-0.000982813)
(-0.000352809,-0.000147571)
(-0.00232788,0.000279068)
(-0.00211756,5.93565e-05)
(-0.00596618,-0.000872548)
(-0.00405457,0.000113776)
(-0.0114214,-0.00167111)
(-0.00564304,0.000158729)
(-0.0158891,-0.00232707)
(-0.00673749,0.000190476)
(-0.0189533,-0.00278159)
(-0.00721791,0.000206349)
(-0.0202631,-0.00298756)
(-0.00697405,0.0002047)
(-0.0194817,-0.00290433)
(-0.00582489,0.00018266)
(-0.0160589,-0.00246467)
(-0.00310407,0.000116746)
(-0.0082048,-0.00137798)
(0.0042062,-0.000117191)
(0.0118638,0.00173081)
(0.00755122,-0.000402845)
(0.0177983,0.00374761)
(-0.0011024,3.0867e-05)
(-0.00310571,-0.00045443)
(-0.00211026,5.91148e-05)
(-0.00594369,-0.000870268)
(-0.00293523,8.22724e-05)
(-0.00826304,-0.0012118)
(-0.00349965,9.80202e-05)
(-0.00984126,-0.00144884)
(-0.00373587,0.000103589)
(-0.0104807,-0.00155934)
(-0.0035691,9.2583e-05)
(-0.00996108,-0.00153358)
(-0.00282575,4.00702e-05)
(-0.00781492,-0.0013814)
(-0.000664042,-0.00016377)
(-0.00202603,-0.00103469)
(0.00666437,-0.000867138)
(0.0184748,0.00123443)
(-0.00218529,-0.000644204)
(-0.00924799,-0.00159917)
(-0.000580633,1.63115e-05)
(-0.00163712,-0.000238792)
(-0.00111366,3.13034e-05)
(-0.00314,-0.000457966)
(-0.00155543,4.37652e-05)
(-0.00438558,-0.000639537)
(-0.00186992,5.26934e-05)
(-0.00527228,-0.000768664)
(-0.00203172,5.73719e-05)
(-0.00572847,-0.000834894)
(-0.00202813,5.74236e-05)
(-0.00571842,-0.000833046)
(-0.00186022,5.28361e-05)
(-0.00524511,-0.000763642)
(-0.00154251,4.39592e-05)
(-0.00434953,-0.00063281)
(-0.00110157,3.14862e-05)
(-0.00310641,-0.000451623)
(-0.000573354,1.64196e-05)
(-0.00161697,-0.000234946)
(-0.00111368,3.12912e-05)
(-0.00313998,-0.000458031)
(-0.00213594,6.00529e-05)
(-0.00602215,-0.00087838)
(-0.00298296,8.39654e-05)
(-0.00841019,-0.0012265)
(-0.00358556,0.000101109)
(-0.010109,-0.00147389)
(-0.00389497,0.000110116)
(-0.0109813,-0.00160047)
(-0.00388696,0.000110268)
(-0.0109586,-0.00159631)
(-0.00356377,0.000101533)
(-0.0100476,-0.00146254)
(-0.00295377,8.4553e-05)
(-0.00832819,-0.00121115)
(-0.00210843,6.06154e-05)
(-0.00594528,-0.000863739)
(-0.00109702,3.16235e-05)
(-0.00309371,-0.000449071)
(-0.00155552,4.37173e-05)
(-0.00438551,-0.000639792)
(-0.00298307,8.3905e-05)
(-0.00841011,-0.00122683)
(-0.00416533,0.000117331)
(-0.0117429,-0.00171273)
(-0.00500543,0.000141329)
(-0.0141109,-0.00205753)
(-0.00543517,0.000154011)
(-0.0153217,-0.00223311)
(-0.00542083,0.000154393)
(-0.0152806,-0.00222561)
(-0.00496614,0.000142423)
(-0.0139985,-0.00203681)
(-0.00411199,0.000118907)
(-0.0115911,-0.00168417)
(-0.00293202,8.54626e-05)
(-0.00826602,-0.00119898)
(-0.00152431,4.46339e-05)
(-0.00429837,-0.00062245)
(-0.00187014,5.25776e-05)
(-0.00527211,-0.00076928)
(-0.00358592,0.000100919)
(-0.0101088,-0.0014749)
(-0.00500576,0.000141155)
(-0.0141107,-0.00205845)
(-0.00601274,0.000170118)
(-0.0169479,-0.00247161)
(-0.00652445,0.000185607)
(-0.0183882,-0.00268025)
(-0.00650038,0.000186526)
(-0.0183176,-0.00266752)
(-0.00594597,0.000172847)
(-0.0167526,-0.00243584)
(-0.00491295,0.000145335)
(-0.0138407,-0.00200748)
(-0.00349465,0.000105287)
(-0.0098467,-0.00142319)
(-0.00181366,5.51295e-05)
(-0.00511334,-0.000736128)
(-0.00203213,5.71532e-05)
(-0.00572816,-0.000836054)
(-0.00389573,0.000109714)
(-0.0109807,-0.00160259)
(-0.00543611,0.000153512)
(-0.015321,-0.00223572)
(-0.00652523,0.000185185)
(-0.0183876,-0.00268242)
(-0.00707256,0.000202522)
(-0.0199246,-0.00290487)
(-0.00703334,0.000204641)
(-0.0198058,-0.0028839)
(-0.00641413,0.000191852)
(-0.0180511,-0.00262171)
(-0.00527541,0.000164756)
(-0.0148367,-0.00214433)
(-0.00373017,0.000122625)
(-0.0104907,-0.00150352)
(-0.00192938,6.46133e-05)
(-0.00543677,-0.000769895)
(-0.00202879,5.70769e-05)
(-0.00571792,-0.000834882)
(-0.00388824,0.000109583)
(-0.0109577,-0.00159992)
(-0.00542267,0.000153401)
(-0.0152792,-0.00223076)
(-0.00650256,0.000185333)
(-0.018316,-0.00267356)
(-0.00703524,0.000203575)
(-0.0198044,-0.00288907)
(-0.0069732,0.000208187)
(-0.0196075,-0.0028556)
(-0.00632091,0.000201144)
(-0.0177368,-0.00257198)
(-0.00514238,0.00018423)
(-0.0143841,-0.00206362)
(-0.0035747,0.000150782)
(-0.00997824,-0.00139844)
(-0.00184521,8.06445e-05)
(-0.00519067,-0.000694597)
(-0.00186111,5.23647e-05)
(-0.00524444,-0.000766139)
(-0.00356562,0.000100543)
(-0.0100462,-0.00146773)
(-0.00496911,0.000140817)
(-0.0139963,-0.00204507)
(-0.00595024,0.000170479)
(-0.0167494,-0.00244756)
(-0.00641967,0.00018864)
(-0.018047,-0.00263653)
(-0.00632651,0.000197659)
(-0.0177328,-0.00258623)
(-0.00566387,0.00020546)
(-0.0157668,-0.00228332)
(-0.00447837,0.000224755)
(-0.0122788,-0.00173365)
(-0.00291693,0.000242049)
(-0.00783291,-0.00102289)
(-0.00159125,0.000133533)
(-0.00444599,-0.00045741)
(-0.00154354,4.3417e-05)
(-0.00434875,-0.000635689)
(-0.00295602,8.33539e-05)
(-0.00832648,-0.00121745)
(-0.00411595,0.000116758)
(-0.0115881,-0.00169518)
(-0.00491961,0.000141602)
(-0.0138358,-0.00202564)
(-0.00528652,0.00015812)
(-0.0148286,-0.00217342)
(-0.00516034,0.000172244)
(-0.0143716,-0.00210694)
(-0.0045024,0.000205758)
(-0.0122633,-0.00178288)
(-0.00325337,0.000317779)
(-0.00818274,-0.00111325)
(-0.0012263,0.000557285)
(-0.00195306,-0.00011962)
(-0.00158125,0.000321316)
(-0.00432881,-3.71636e-05)
(-0.00110252,3.09888e-05)
(-0.00310569,-0.000454283)
(-0.00211059,5.94649e-05)
(-0.00594363,-0.000869837)
(-0.00293618,8.3223e-05)
(-0.00826287,-0.00121058)
(-0.00350265,0.000100834)
(-0.00984072,-0.00144505)
(-0.00374647,0.000112847)
(-0.0104788,-0.00154608)
(-0.00361059,0.000125934)
(-0.00995353,-0.00148228)
(-0.00299993,0.000168084)
(-0.00778299,-0.00116835)
(-0.00139102,0.000324313)
(-0.00189186,-0.000154608)
(0.00528081,0.000726781)
(0.0187176,0.00304054)
(-0.00330157,0.000641799)
(-0.00905211,-0.000141968)
(-0.000573934,1.61164e-05)
(-0.00161653,-0.000236586)
(-0.0010984,3.0902e-05)
(-0.00309265,-0.000452976)
(-0.00152712,4.31593e-05)
(-0.00429622,-0.000630431)
(-0.00181964,5.19967e-05)
(-0.00510877,-0.000753086)
(-0.00194351,5.72157e-05)
(-0.005426,-0.000809938)
(-0.00188325,6.07266e-05)
(-0.00516165,-0.000802412)
(-0.00170733,7.276e-05)
(-0.00435745,-0.000786369)
(-0.00194207,0.000132413)
(-0.00405358,-0.00105968)
(-0.00401709,0.0002672)
(-0.00850631,-0.00216965)
(0.00151085,-4.20948e-05)
(0.00426145,0.000621703)
