(4.78065e-05,8.42587e-05)
(-3.57152e-05,6.06131e-05)
(0.000215053,0.000235426)
(0.000162975,0.000522823)
(0.000587275,0.000510642)
(0.000736361,0.00159503)
(0.0011799,0.000901557)
(0.00168683,0.0032592)
(0.00187907,0.00136272)
(0.00284462,0.00522002)
(0.00248765,0.00175961)
(0.00388537,0.00695452)
(0.00282569,0.00195063)
(0.00449929,0.00791307)
(0.00274321,0.0018634)
(0.0044106,0.00768249)
(0.00218636,0.00146397)
(0.00353279,0.00610824)
(0.0012161,0.000809755)
(0.00196559,0.00338481)
(3.19495e-05,-0.000266776)
(-0.000206968,1.61594e-07)
(0.000322889,-0.00033489)
(6.28537e-05,0.000758102)
(0.00102798,-0.000100951)
(0.00108594,0.00270913)
(0.00212937,0.00044879)
(0.00285288,0.00582612)
(0.00342303,0.00121313)
(0.00502395,0.00954227)
(0.00458657,0.00194452)
(0.00702789,0.0128583)
(0.00524472,0.00244206)
(0.00822803,0.0147502)
(0.00512037,0.00248979)
(0.00813104,0.0143793)
(0.00408365,0.0020409)
(0.00653685,0.0114722)
(0.00227228,0.00114781)
(0.0036461,0.00636425)
(-4.98449e-05,-0.00126264)
(-0.000570748,-0.000277527)
(0.000252192,-0.00217656)
(-0.000441759,0.000489692)
(0.00115915,-0.00251731)
(0.000782059,0.00299253)
(0.00263952,-0.00223462)
(0.00310605,0.00719283)
(0.00441424,-0.0014411)
(0.00606286,0.0122805)
(0.00602808,-0.000398068)
(0.00887067,0.01693)
(0.00697799,0.000542861)
(0.0106168,0.019648)
(0.00685172,0.00110788)
(0.0106341,0.0193028)
(0.00549019,0.00115759)
(0.00861363,0.0154642)
(0.00305994,0.000723598)
(0.00482524,0.00860227)
(-0.000238046,-0.00288766)
(-0.00110384,-0.000802871)
(-2.2562e-05,-0.00525288)
(-0.00134962,-0.000301214)
(0.000940459,-0.00670924)
(-0.00019293,0.00236146)
(0.00263786,-0.00712334)
(0.00238131,0.00715775)
(0.00472697,-0.00655264)
(0.00583108,0.0131567)
(0.00667445,-0.00531032)
(0.00919181,0.0187484)
(0.00785818,-0.00378356)
(0.011432,0.022152)
(0.00779351,-0.00234851)
(0.0116673,0.0219946)
(0.00628115,-0.00124262)
(0.00955936,0.0177306)
(0.00350537,-0.000497314)
(0.00538008,0.00990016)
(-0.000474704,-0.00483936)
(-0.00173332,-0.00147294)
(-0.000431147,-0.00896993)
(-0.00247863,-0.00144193)
(0.000457647,-0.0118682)
(-0.00161365,0.00101949)
(0.0021854,-0.0132416)
(0.000905337,0.00593173)
(0.00440727,-0.0131279)
(0.00450172,0.0122986)
(0.00652758,-0.0117722)
(0.00817957,0.0183805)
(0.00787551,-0.00962791)
(0.0107541,0.022257)
(0.0079164,-0.00713327)
(0.011305,0.0223987)
(0.00642509,-0.0046177)
(0.00939711,0.0182011)
(0.00360185,-0.00224831)
(0.00533176,0.0101992)
(-0.00069485,-0.0066148)
(-0.00228174,-0.00207525)
(-0.000851985,-0.0123782)
(-0.00353103,-0.0025985)
(-0.000134793,-0.016626)
(-0.00307857,-0.000585437)
(0.00147354,-0.0189881)
(-0.000857916,0.00400343)
(0.00364147,-0.0193714)
(0.00260274,0.0102013)
(0.00575749,-0.0180211)
(0.00627311,0.0162875)
(0.00717338,-0.0153703)
(0.0090139,0.0203332)
(0.00732006,-0.0119037)
(0.00984796,0.0208024)
(0.0059965,-0.00803002)
(0.00836186,0.0170537)
(0.00337454,-0.00402691)
(0.00479095,0.00960184)
(-0.000833509,-0.00764162)
(-0.00257673,-0.00244453)
(-0.00115357,-0.0143775)
(-0.00415727,-0.00340711)
(-0.000642794,-0.0194871)
(-0.00411404,-0.00195113)
(0.000733225,-0.022508)
(-0.00232984,0.00198856)
(0.00266559,-0.0233092)
(0.000712967,0.0075328)
(0.00461739,-0.0220769)
(0.00409947,0.0131187)
(0.0059646,-0.0191945)
(0.00674707,0.0169857)
(0.00620665,-0.015146)
(0.00777737,0.0177058)
(0.00513171,-0.010396)
(0.00677439,0.0146614)
(0.0029033,-0.00527388)
(0.00392857,0.00829954)
(-0.000835313,-0.00748331)
(-0.00248359,-0.00241433)
(-0.00123532,-0.014131)
(-0.00412588,-0.00356467)
(-0.000913653,-0.0192515)
(-0.00434861,-0.00263767)
(0.000153493,-0.0223928)
(-0.00305464,0.000423207)
(0.0017184,-0.0233842)
(-0.000621405,0.00491968)
(0.00334045,-0.0223532)
(0.00218933,0.00956579)
(0.00449777,-0.0196379)
(0.00448471,0.01289)
(0.00477342,-0.0156555)
(0.00553758,0.0136915)
(0.00399258,-0.0108354)
(0.00496678,0.0114523)
(0.00226908,-0.00552697)
(0.00292201,0.00651985)
(-0.000678357,-0.00598835)
(-0.00197518,-0.00194065)
(-0.00103122,-0.0113305)
(-0.00332505,-0.00295494)
(-0.000868987,-0.0154773)
(-0.00363207,-0.0024551)
(-0.000146949,-0.0180674)
(-0.00280895,-0.000379512)
(0.000954712,-0.0189577)
(-0.00112422,0.00277613)
(0.00210933,-0.0182262)
(0.000885628,0.00610127)
(0.00296129,-0.0161031)
(0.0025856,0.00853975)
(0.00319774,-0.0129105)
(0.00343935,0.00922826)
(0.00269449,-0.00897582)
(0.00318381,0.00779418)
(0.0015377,-0.00458628)
(0.00189856,0.00445517)
(-0.000379319,-0.00333103)
(-0.00109216,-0.00108233)
(-0.000585347,-0.00630657)
(-0.00185738,-0.00167126)
(-0.000522342,-0.00862638)
(-0.00206498,-0.001464)
(-0.000157071,-0.0100954)
(-0.00167108,-0.000421325)
(0.000404925,-0.0106183)
(-0.000809551,0.00120183)
(0.00100681,-0.0102336)
(0.00024026,0.00293524)
(0.00145636,-0.00907166)
(0.001142,0.00422353)
(0.00159214,-0.00729549)
(0.00161976,0.00462556)
(0.0013538,-0.0050828)
(0.00153357,0.00393147)
(0.00077805,-0.00260468)
(0.000924984,0.0022534)
(-2.17075e-05,0.000453087)
(-0.000177449,-0.00014729)
(0.000225433,0.00102105)
(0.000107861,0.000471939)
(0.000883641,0.0017874)
(0.00114169,0.00232042)
(0.00196334,0.00271194)
(0.00291526,0.00537182)
(0.00325116,0.00366993)
(0.00509548,0.00903931)
(0.00441284,0.00440828)
(0.00709807,0.0123614)
(0.00508998,0.00469951)
(0.00829118,0.0142896)
(0.00498936,0.00436429)
(0.00818558,0.0139962)
(0.00400046,0.00337983)
(0.00657515,0.0111974)
(0.00222692,0.00184627)
(0.00366355,0.00622396)
(-0.000116836,6.4128e-05)
(-0.000588453,-0.00051496)
(0.000263831,0.000466057)
(-0.00025792,0.000431262)
(0.00147032,0.00135028)
(0.0015531,0.00378606)
(0.00347711,0.00272654)
(0.00483814,0.00947678)
(0.00590949,0.00431757)
(0.00894289,0.0164301)
(0.00814007,0.00574554)
(0.0127901,0.0228129)
(0.00945839,0.0065188)
(0.0151465,0.0265789)
(0.00931687,0.00630864)
(0.0150654,0.0261729)
(0.00747511,0.0050122)
(0.0121565,0.0209963)
(0.00417116,0.00277669)
(0.00679277,0.0116907)
(-0.000375944,-0.00161093)
(-0.00135514,-0.00129137)
(-3.09423e-05,-0.00263195)
(-0.00138111,-0.00048849)
(0.00149971,-0.00267728)
(0.000762277,0.00375737)
(0.00420412,-0.00170757)
(0.00506316,0.0114033)
(0.0075382,5.20615e-05)
(0.0106648,0.0209692)
(0.0106552,0.00203452)
(0.0160353,0.0298812)
(0.0125515,0.00361403)
(0.0194842,0.0353095)
(0.0124512,0.00425864)
(0.0196528,0.0350551)
(0.0100351,0.00374003)
(0.0159922,0.0282599)
(0.00560465,0.00218177)
(0.00896993,0.0157772)
(-0.000784831,-0.00456354)
(-0.00245268,-0.00245653)
(-0.000662096,-0.00821956)
(-0.00322246,-0.00229347)
(0.000940455,-0.0102951)
(-0.0012604,0.00214516)
(0.00401778,-0.0105555)
(0.00348898,0.0108665)
(0.00796086,-0.00920901)
(0.00999465,0.0221257)
(0.0116992,-0.00681407)
(0.0164756,0.0328487)
(0.0140627,-0.00416117)
(0.0208474,0.0396416)
(0.0141054,-0.00194079)
(0.0214959,0.0398285)
(0.0114473,-0.000543816)
(0.0176949,0.0323293)
(0.00641759,-3.97787e-06)
(0.00998736,0.0181114)
(-0.00126591,-0.00823887)
(-0.00367163,-0.00378744)
(-0.00149778,-0.0152109)
(-0.0054394,-0.00462117)
(-5.83027e-05,-0.019962)
(-0.0040669,-0.000628238)
(0.00306873,-0.022043)
(0.000551524,0.00827558)
(0.00724564,-0.0215072)
(0.00737076,0.0202111)
(0.011315,-0.0189174)
(0.0144102,0.0318822)
(0.0140091,-0.0150972)
(0.0194726,0.0395974)
(0.0142663,-0.0108854)
(0.020708,0.0404047)
(0.0116728,-0.0068574)
(0.0173404,0.0330791)
(0.00656906,-0.00326786)
(0.00986518,0.0186139)
(-0.00168309,-0.0116404)
(-0.00472516,-0.00493726)
(-0.00230706,-0.0217417)
(-0.00744934,-0.00682152)
(-0.00119701,-0.0291071)
(-0.00688189,-0.00370357)
(0.00171561,-0.0330502)
(-0.00281393,0.00457861)
(0.00576783,-0.0334947)
(0.00370892,0.0161918)
(0.009846,-0.0309029)
(0.0107727,0.0278658)
(0.0126503,-0.0261149)
(0.0161145,0.0359031)
(0.0131398,-0.0200305)
(0.017929,0.0373349)
(0.0108573,-0.0134018)
(0.0153458,0.0308796)
(0.00613967,-0.0066768)
(0.00882945,0.017466)
(-0.00192085,-0.0137033)
(-0.00525855,-0.00555562)
(-0.00283317,-0.0257494)
(-0.00861644,-0.00821211)
(-0.00208851,-0.0348211)
(-0.00878332,-0.00610311)
(0.00037626,-0.040091)
(-0.00554826,0.000957908)
(0.00399954,-0.0413466)
(0.000201523,0.0113427)
(0.00774419,-0.038971)
(0.006682,0.022067)
(0.0104291,-0.0337099)
(0.0118604,0.029746)
(0.0110693,-0.0264802)
(0.0140243,0.0316019)
(0.00925607,-0.0180909)
(0.0123498,0.026437)
(0.00526392,-0.00914863)
(0.00720132,0.0150471)
(-0.00186595,-0.0135636)
(-0.00503909,-0.00535071)
(-0.00287496,-0.0255884)
(-0.00843844,-0.00822902)
(-0.00246265,-0.0347972)
(-0.00908852,-0.00702776)
(-0.000562119,-0.0403769)
(-0.00675506,-0.00155225)
(0.00237003,-0.0420481)
(-0.00217747,0.00685782)
(0.00548124,-0.0400771)
(0.00321425,0.0157753)
(0.007783,-0.0350892)
(0.00770858,0.0223543)
(0.00846502,-0.0278867)
(0.00986773,0.024293)
(0.00716292,-0.0192471)
(0.00899001,0.0205683)
(0.00409803,-0.00979437)
(0.00532284,0.0117703)
(-0.00148232,-0.0109232)
(-0.00397683,-0.00423767)
(-0.00234055,-0.0206405)
(-0.0067553,-0.00666448)
(-0.00216451,-0.0281601)
(-0.0074955,-0.00610925)
(-0.00089241,-0.0328209)
(-0.00603346,-0.00242282)
(0.00115801,-0.0343697)
(-0.00285956,0.00348894)
(0.00338783,-0.032957)
(0.000996189,0.00985889)
(0.00507296,-0.0290428)
(0.00431305,0.0146831)
(0.00563863,-0.0232276)
(0.00605761,0.0162966)
(0.00482419,-0.0161137)
(0.00571207,0.01394)
(0.00277195,-0.00822813)
(0.0034356,0.00801645)
(-0.000818046,-0.00609347)
(-0.00219631,-0.0023418)
(-0.00131247,-0.011528)
(-0.0037564,-0.00372787)
(-0.00126006,-0.0157566)
(-0.00424035,-0.00354502)
(-0.000623629,-0.0184058)
(-0.00354006,-0.00169109)
(0.000430812,-0.019324)
(-0.00192048,0.00134573)
(0.00158444,-0.0185882)
(8.9201e-05,0.00467014)
(0.00247898,-0.0164369)
(0.00185139,0.00722162)
(0.00280197,-0.0131939)
(0.00281986,0.00813726)
(0.00241318,-0.00917796)
(0.00274083,0.00700912)
(0.00139358,-0.00469495)
(0.00166781,0.00404153)
(-0.000240864,0.00127743)
(-0.000485075,-0.000793358)
(-0.000107994,0.00268802)
(-0.000293944,-0.000494097)
(0.000667662,0.00427021)
(0.000986802,0.00163174)
(0.00205555,0.0059234)
(0.00335095,0.00555857)
(0.00379149,0.00742883)
(0.00631974,0.0105072)
(0.00542357,0.00847088)
(0.00911943,0.015149)
(0.0064228,0.00868293)
(0.01085,0.0180105)
(0.00639948,0.00785956)
(0.0108161,0.0179462)
(0.00517089,0.00598463)
(0.00874236,0.0144933)
(0.0028952,0.00323912)
(0.00488579,0.00809932)
(-0.000583154,0.00135944)
(-0.00125683,-0.00188796)
(-0.000441472,0.00307102)
(-0.00119965,-0.00162132)
(0.000926255,0.00528042)
(0.000999963,0.00217461)
(0.00352329,0.00786835)
(0.00534548,0.00949791)
(0.006812,0.0104675)
(0.0109685,0.0188888)
(0.00993584,0.0124469)
(0.0163387,0.0277919)
(0.0118989,0.0131759)
(0.0197548,0.0333944)
(0.0119101,0.0121949)
(0.0198737,0.0334689)
(0.00965444,0.00941418)
(0.0161406,0.0271284)
(0.00540857,0.00513917)
(0.00904916,0.0151876)
(-0.00111732,-0.000475924)
(-0.00249594,-0.00344545)
(-0.00117508,-0.000287151)
(-0.0030824,-0.00380146)
(0.000524089,0.000981107)
(-0.000568413,0.000894295)
(0.00398494,0.0033106)
(0.00510985,0.0106947)
(0.00851511,0.00625936)
(0.0127606,0.0235934)
(0.0128702,0.00903341)
(0.0202816,0.0360404)
(0.0156892,0.0107251)
(0.0252629,0.044109)
(0.0158511,0.0106657)
(0.0258248,0.0446486)
(0.0129157,0.00860532)
(0.0211676,0.0363952)
(0.0072569,0.00480711)
(0.011918,0.02044)
(-0.00181622,-0.00425884)
(-0.00414191,-0.00539452)
(-0.00228287,-0.00741749)
(-0.00589337,-0.00695779)
(-0.000586836,-0.00869921)
(-0.00371788,-0.00224443)
(0.00334464,-0.00790702)
(0.00250695,0.00887812)
(0.00866522,-0.00540486)
(0.0114094,0.0240469)
(0.0139059,-0.00208416)
(0.0204494,0.0390426)
(0.0174187,0.0010131)
(0.0267738,0.0491063)
(0.0178518,0.00296112)
(0.0280643,0.0504351)
(0.014662,0.00329958)
(0.0233132,0.0414467)
(0.00826845,0.00211103)
(0.0132126,0.0233715)
(-0.00253018,-0.00920918)
(-0.00591109,-0.00741657)
(-0.00356624,-0.0168344)
(-0.00911071,-0.0105278)
(-0.00215039,-0.0217242)
(-0.00782026,-0.00656666)
(0.0018225,-0.0233497)
(-0.00179192,0.00470427)
(0.00745008,-0.0219537)
(0.00749503,0.0207859)
(0.0131611,-0.0183332)
(0.0173539,0.0371081)
(0.0171409,-0.0136618)
(0.0246331,0.0484922)
(0.0179217,-0.00902935)
(0.0268002,0.0507773)
(0.0148756,-0.00516526)
(0.0226923,0.0421593)
(0.00842787,-0.0022627)
(0.0129838,0.0238945)
(-0.00311842,-0.0139611)
(-0.00738081,-0.00902687)
(-0.00469377,-0.0259728)
(-0.0119299,-0.0136043)
(-0.00371403,-0.0344945)
(-0.0117388,-0.0108578)
(-7.23135e-05,-0.0387514)
(-0.00650695,-0.000442928)
(0.00539472,-0.0387039)
(0.00238502,0.0151822)
(0.0111062,-0.035083)
(0.0122388,0.0314931)
(0.0152558,-0.0290459)
(0.0199468,0.0433383)
(0.0163538,-0.021807)
(0.0229039,0.0464938)
(0.0137425,-0.0142998)
(0.0199029,0.0390901)
(0.00784274,-0.00702873)
(0.0115307,0.0223022)
(-0.00337885,-0.0170297)
(-0.00807198,-0.00970552)
(-0.00529735,-0.03193)
(-0.0134292,-0.0152083)
(-0.00479624,-0.0429878)
(-0.0142374,-0.013743)
(-0.00173083,-0.0491821)
(-0.0101191,-0.00493716)
(0.00314237,-0.0503326)
(-0.00231788,0.00901115)
(0.00839137,-0.0470046)
(0.00674694,0.0240082)
(0.0123433,-0.0402618)
(0.0141919,0.035288)
(0.0136315,-0.0313105)
(0.0176162,0.0389468)
(0.0116351,-0.0212067)
(0.0158369,0.0332257)
(0.00668319,-0.0106596)
(0.00931562,0.0190835)
(-0.00318255,-0.0172014)
(-0.0076397,-0.00909048)
(-0.00512874,-0.0323912)
(-0.0129523,-0.0145924)
(-0.00499563,-0.0439118)
(-0.0143291,-0.0141468)
(-0.0026628,-0.0507403)
(-0.0114195,-0.00739308)
(0.00127335,-0.0525801)
(-0.00520599,0.00391322)
(0.00563189,-0.0498133)
(0.00232894,0.016361)
(0.00902373,-0.0433484)
(0.00878177,0.0260145)
(0.0103058,-0.0342327)
(0.012135,0.0296119)
(0.0089317,-0.0234991)
(0.0113691,0.0256331)
(0.00516825,-0.0119191)
(0.00681626,0.0148333)
(-0.00248877,-0.0140059)
(-0.00598804,-0.00706896)
(-0.0040714,-0.0264344)
(-0.0102587,-0.0115201)
(-0.00414472,-0.0359854)
(-0.0116404,-0.0116402)
(-0.00259237,-0.041806)
(-0.0098434,-0.00711311)
(0.000162378,-0.0436022)
(-0.0055448,0.000805488)
(0.00328186,-0.0416256)
(-0.000156843,0.00971895)
(0.00576754,-0.0365083)
(0.00460542,0.0167787)
(0.0067944,-0.0290701)
(0.00727736,0.019663)
(0.00596733,-0.0200885)
(0.00713559,0.0172499)
(0.00347455,-0.0102287)
(0.0043502,0.0100397)
(-0.00136654,-0.00785749)
(-0.00329228,-0.00387138)
(-0.00225344,-0.0148525)
(-0.00567647,-0.006362)
(-0.00234738,-0.020261)
(-0.00652693,-0.00656567)
(-0.00157276,-0.0235996)
(-0.00568508,-0.00431323)
(-0.000161868,-0.0247013)
(-0.00349391,-0.000232135)
(0.00145855,-0.0236682)
(-0.000684077,0.0044027)
(0.00277162,-0.0208509)
(0.0018384,0.00814197)
(0.00334421,-0.0166699)
(0.00332344,0.00974499)
(0.00296939,-0.0115571)
(0.00338115,0.00862844)
(0.0017386,-0.00589533)
(0.00209859,0.00504356)
(-0.000627802,0.00254364)
(-0.000935545,-0.0018971)
(-0.000770098,0.00518076)
(-0.00102409,-0.00237353)
(-9.85942e-05,0.00785686)
(0.000246912,-0.000530832)
(0.0013916,0.0104057)
(0.0028899,0.00367951)
(0.00339964,0.0125133)
(0.00637182,0.00936274)
(0.00536572,0.0137501)
(0.0097381,0.014943)
(0.00666655,0.0137218)
(0.0119237,0.018661)
(0.00681517,0.0121794)
(0.0120707,0.0190903)
(0.00558503,0.00914713)
(0.00983688,0.0156567)
(0.00314824,0.00491597)
(0.00552682,0.00881505)
(-0.00136826,0.00359092)
(-0.00218331,-0.00407123)
(-0.00178305,0.00742727)
(-0.00273896,-0.00538627)
(-0.000612789,0.0115777)
(-0.000609472,-0.00218553)
(0.00216451,0.0157695)
(0.00426423,0.00564366)
(0.00596738,0.0194354)
(0.0108255,0.0164282)
(0.00972664,0.0218198)
(0.0172989,0.0271426)
(0.0122681,0.022128)
(0.0215975,0.0343986)
(0.0126261,0.0198899)
(0.022098,0.0354695)
(0.0103953,0.0150718)
(0.0181205,0.0292109)
(0.00587213,0.00813246)
(0.0102096,0.0164921)
(-0.00226702,0.00214273)
(-0.00393913,-0.00665602)
(-0.00315619,0.00488204)
(-0.00551293,-0.0093871)
(-0.00180059,0.00848487)
(-0.00320554,-0.00563919)
(0.00190087,0.0127865)
(0.0031142,0.00477641)
(0.00710463,0.017111)
(0.0120643,0.0195736)
(0.0123582,0.0204268)
(0.0210986,0.0345627)
(0.0160094,0.0216911)
(0.0273636,0.0449878)
(0.0166884,0.0201296)
(0.0285473,0.0470087)
(0.0138405,0.0155784)
(0.0236478,0.0389985)
(0.00783725,0.00851453)
(0.0133924,0.0220945)
(-0.00326502,-0.00185123)
(-0.00610455,-0.00950652)
(-0.00483903,-0.00263209)
(-0.0092502,-0.014162)
(-0.00361885,-0.00166839)
(-0.0075068,-0.0107935)
(0.000532208,0.00109256)
(-0.000627435,0.000942667)
(0.00664271,0.00501067)
(0.00974766,0.0183356)
(0.0129724,0.0090114)
(0.0206346,0.0363839)
(0.0175064,0.0117978)
(0.0285598,0.0493494)
(0.0186205,0.0123517)
(0.0307211,0.0526034)
(0.0155952,0.0102638)
(0.0258636,0.0440902)
(0.00888031,0.00581845)
(0.0147599,0.0251101)
(-0.0042232,-0.00750534)
(-0.00833525,-0.0122114)
(-0.00656267,-0.0134158)
(-0.0133149,-0.0189633)
(-0.0057422,-0.0165634)
(-0.0127006,-0.016702)
(-0.0016022,-0.0165919)
(-0.00612642,-0.00492376)
(0.00485856,-0.0138798)
(0.00470293,0.0134873)
(0.011747,-0.00952672)
(0.0165409,0.0331275)
(0.0168786,-0.00491929)
(0.0256539,0.0477572)
(0.0184625,-0.00129138)
(0.0289202,0.0523039)
(0.0156736,0.000635488)
(0.02492,0.0444381)
(0.00899015,0.000844699)
(0.0143777,0.0254845)
(-0.00492735,-0.0132382)
(-0.0101045,-0.0141412)
(-0.00790136,-0.0244084)
(-0.0167011,-0.0226638)
(-0.00762951,-0.0319595)
(-0.0174213,-0.0218492)
(-0.00387457,-0.0351026)
(-0.0117959,-0.0111157)
(0.0023875,-0.0340267)
(-0.00147239,0.00675399)
(0.00928009,-0.029664)
(0.0103896,0.0263836)
(0.0146172,-0.0234216)
(0.0199993,0.0415678)
(0.0165749,-0.0166502)
(0.0242282,0.0471533)
(0.014333,-0.0103583)
(0.0215617,0.0407672)
(0.00828262,-0.00487857)
(0.0126263,0.0235594)
(-0.00514521,-0.0172113)
(-0.0108397,-0.0146923)
(-0.00845494,-0.0321363)
(-0.0183272,-0.0240745)
(-0.00866938,-0.04293)
(-0.0201616,-0.0246081)
(-0.00556477,-0.0485883)
(-0.015841,-0.015662)
(8.39226e-06,-0.0490343)
(-0.00677902,0.000274936)
(0.00633856,-0.0450342)
(0.00412151,0.0183101)
(0.0114115,-0.0378518)
(0.013397,0.0327339)
(0.013558,-0.0288654)
(0.018128,0.0387955)
(0.0119675,-0.0192101)
(0.0168548,0.0342086)
(0.00698845,-0.00953786)
(0.0100654,0.0199602)
(-0.00473356,-0.0179669)
(-0.0101322,-0.0134338)
(-0.00788996,-0.0337393)
(-0.0173824,-0.0223527)
(-0.00842292,-0.0455317)
(-0.0197678,-0.0237345)
(-0.00609621,-0.0522583)
(-0.0167942,-0.0169682)
(-0.00159975,-0.0536815)
(-0.00958414,-0.00408615)
(0.00365698,-0.0503641)
(-0.000525305,0.0108952)
(0.00800523,-0.0433344)
(0.00749716,0.0232249)
(0.0100366,-0.0338616)
(0.0120424,0.0289286)
(0.00906283,-0.0230314)
(0.011851,0.0260589)
(0.00533932,-0.0116022)
(0.00723615,0.0153481)
(-0.00363869,-0.0148898)
(-0.00787256,-0.0102916)
(-0.00613598,-0.0280552)
(-0.0136319,-0.0172988)
(-0.0067092,-0.0380688)
(-0.0158175,-0.0188041)
(-0.00518421,-0.0439984)
(-0.014028,-0.014346)
(-0.00204237,-0.0456124)
(-0.00905446,-0.00531816)
(0.00171514,-0.0432299)
(-0.00257246,0.00538823)
(0.00488798,-0.037632)
(0.00333179,0.0144124)
(0.00647874,-0.0297417)
(0.00693459,0.0188599)
(0.00597493,-0.0204221)
(0.00726846,0.0173268)
(0.00355527,-0.0103557)
(0.00455493,0.0102891)
(-0.00197991,-0.00843358)
(-0.00431063,-0.00559004)
(-0.00335382,-0.015916)
(-0.00749751,-0.00944704)
(-0.00372007,-0.0216515)
(-0.00879469,-0.0104064)
(-0.00297478,-0.0251166)
(-0.00797606,-0.00820025)
(-0.00136365,-0.0261509)
(-0.00543957,-0.00356625)
(0.000586364,-0.0249175)
(-0.00206896,0.00202373)
(0.00226544,-0.0218052)
(0.0010638,0.00678072)
(0.00313781,-0.0173231)
(0.00304773,0.00922588)
(0.00294463,-0.0119499)
(0.00339293,0.00859639)
(0.001766,-0.00607645)
(0.00216146,0.00513236)
(-0.00111248,0.00403778)
(-0.00144534,-0.00321989)
(-0.00164351,0.00804457)
(-0.00195487,-0.004806)
(-0.00122711,0.0119203)
(-0.000903998,-0.00368253)
(0.000177519,0.0153872)
(0.00173961,0.000263684)
(0.00224927,0.0180228)
(0.00539926,0.00611428)
(0.00438477,0.0193661)
(0.00907465,0.0121898)
(0.00592531,0.0189798)
(0.0115682,0.0165598)
(0.00630271,0.0166239)
(0.0119667,0.0176647)
(0.00528483,0.0123731)
(0.00987026,0.0148088)
(0.00301043,0.00660895)
(0.00557221,0.00843903)
(-0.00229982,0.0063188)
(-0.00320974,-0.00665838)
(-0.0034789,0.0127265)
(-0.0045712,-0.0101357)
(-0.00281292,0.0190734)
(-0.00289459,-0.00833898)
(-0.000211587,0.0249539)
(0.00194186,-0.00104057)
(0.00370482,0.0296303)
(0.00885564,0.0100558)
(0.00780718,0.0322042)
(0.0158856,0.0217147)
(0.0108014,0.031869)
(0.0208076,0.0302446)
(0.0116177,0.0281223)
(0.02181,0.0326276)
(0.00979365,0.021038)
(0.0181111,0.027518)
(0.00559469,0.0112755)
(0.0102701,0.0157195)
(-0.00358427,0.00571627)
(-0.00544933,-0.0103469)
(-0.0055897,0.0117966)
(-0.0082378,-0.0161631)
(-0.00494833,0.0183006)
(-0.00661272,-0.0144733)
(-0.00152541,0.0248245)
(-0.000366497,-0.00484135)
(0.00384359,0.0304716)
(0.00902591,0.0103669)
(0.00957746,0.0340848)
(0.0188635,0.0266775)
(0.0138559,0.034498)
(0.026018,0.0389013)
(0.01521,0.0309685)
(0.0279315,0.0428071)
(0.0129394,0.0234428)
(0.0234915,0.0364646)
(0.00743053,0.0126458)
(0.013401,0.0209308)
(-0.0049003,0.00205431)
(-0.00804178,-0.0140839)
(-0.00785092,0.00493733)
(-0.0127557,-0.0225817)
(-0.00752992,0.00909325)
(-0.0119309,-0.0217721)
(-0.00373718,0.0143075)
(-0.00521346,-0.0110489)
(0.0025503,0.0197433)
(0.00568468,0.00680543)
(0.00944916,0.0240908)
(0.0175184,0.0264361)
(0.0147704,0.0259727)
(0.0265457,0.0416104)
(0.0167187,0.0243696)
(0.0296519,0.0471876)
(0.0144308,0.0189916)
(0.0254437,0.0407881)
(0.00834399,0.0104088)
(0.0146525,0.0235845)
(-0.00606177,-0.00374234)
(-0.0105942,-0.0173473)
(-0.00992994,-0.00610555)
(-0.0174176,-0.0284391)
(-0.0101491,-0.00616835)
(-0.0179115,-0.0290742)
(-0.0064246,-0.00375336)
(-0.0115922,-0.01849)
(0.000205906,0.000454158)
(-0.00026133,0.000376153)
(0.0077143,0.00519964)
(0.0126253,0.0217345)
(0.0137219,0.00896154)
(0.02296,0.0388155)
(0.0162264,0.0105025)
(0.0273522,0.0459799)
(0.0143036,0.00919769)
(0.0241734,0.0405528)
(0.00834704,0.00535625)
(0.0141142,0.0236587)
(-0.00681142,-0.00996882)
(-0.0125186,-0.0194476)
(-0.0113919,-0.0180791)
(-0.0211003,-0.0324494)
(-0.01219,-0.0228934)
(-0.0230531,-0.0346759)
(-0.00889338,-0.0238999)
(-0.0177749,-0.0252191)
(-0.00248067,-0.0214475)
(-0.00697192,-0.00694797)
(0.00502961,-0.0167054)
(0.0059131,0.0144101)
(0.0112514,-0.0111566)
(0.0167943,0.0320812)
(0.0141782,-0.00622331)
(0.0222307,0.0403948)
(0.0128354,-0.00274654)
(0.0205069,0.0365442)
(0.00757856,-0.000872258)
(0.0122033,0.0215718)
(-0.00693868,-0.0146536)
(-0.0131978,-0.0197078)
(-0.0117537,-0.0271388)
(-0.0226365,-0.033351)
(-0.0130117,-0.0357866)
(-0.025711,-0.0367919)
(-0.0103539,-0.0397072)
(-0.0217727,-0.0290976)
(-0.00466211,-0.0390319)
(-0.0123208,-0.0128395)
(0.00223644,-0.0346736)
(-0.000477079,0.00678485)
(0.00814251,-0.0280124)
(0.00999947,0.0235498)
(0.0112056,-0.0204597)
(0.0159142,0.0321883)
(0.0104875,-0.0130721)
(0.015621,0.0300635)
(0.006283,-0.00628837)
(0.00953172,0.0179846)
(-0.00624946,-0.0161564)
(-0.0121926,-0.0177143)
(-0.0107128,-0.0302122)
(-0.0211572,-0.0302727)
(-0.0121349,-0.0404536)
(-0.0246517,-0.0341485)
(-0.0102026,-0.0459157)
(-0.0220464,-0.0284961)
(-0.00561391,-0.0465017)
(-0.0145449,-0.0153613)
(0.000111046,-0.0428801)
(-0.00469881,0.000930948)
(0.00515253,-0.0362021)
(0.00434026,0.0152515)
(0.00796603,-0.0277584)
(0.00993888,0.0231601)
(0.00774634,-0.0185506)
(0.01062,0.022422)
(0.00471481,-0.0092405)
(0.00669689,0.0136047)
(-0.00474996,-0.0137747)
(-0.00940126,-0.0134127)
(-0.00818672,-0.0258707)
(-0.0164423,-0.023083)
(-0.00942049,-0.034907)
(-0.0194638,-0.0264272)
(-0.00818734,-0.0400409)
(-0.0179693,-0.022783)
(-0.00499525,-0.0411056)
(-0.012797,-0.0136089)
(-0.000909813,-0.0385255)
(-0.0057751,-0.00193473)
(0.00277191,-0.0331269)
(0.000896863,0.00851442)
(0.00493228,-0.0258619)
(0.00527429,0.0145883)
(0.00499742,-0.0175718)
(0.00629105,0.0146109)
(0.00308838,-0.00885552)
(0.00410167,0.0089892)
(-0.00256106,-0.00790797)
(-0.00512238,-0.00723708)
(-0.0044431,-0.014889)
(-0.00899751,-0.0125036)
(-0.0051531,-0.0201635)
(-0.0107447,-0.0144288)
(-0.00456737,-0.0232429)
(-0.0100877,-0.012672)
(-0.00293231,-0.0240137)
(-0.00746812,-0.00794968)
(-0.000804488,-0.0226715)
(-0.00380064,-0.00187134)
(0.00114006,-0.019643)
(-0.000265969,0.00364977)
(0.00231808,-0.0154561)
(0.00214038,0.00694709)
(0.00242108,-0.0105779)
(0.00283919,0.00715046)
(0.00151246,-0.00536058)
(0.00191591,0.00444051)
(-0.00154525,0.00534586)
(-0.00190117,-0.0044408)
(-0.00247649,0.0105645)
(-0.00281336,-0.00711984)
(-0.00238332,0.0154318)
(-0.0021126,-0.00691747)
(-0.00121431,0.0196078)
(0.000281311,-0.00364841)
(0.000730711,0.0226212)
(0.00381809,0.00186416)
(0.00287215,0.023956)
(0.00748406,0.0079433)
(0.00452687,0.0232049)
(0.010111,0.0126579)
(0.00514451,0.0201431)
(0.0107607,0.0144241)
(0.00445129,0.0148926)
(0.00900345,0.0124913)
(0.00257724,0.00792532)
(0.00512593,0.00722895)
(-0.00312979,0.00883737)
(-0.00407594,-0.00897874)
(-0.00507646,0.0175449)
(-0.00623919,-0.0145732)
(-0.00504372,0.0258165)
(-0.00521834,-0.0145646)
(-0.00289181,0.0330771)
(-0.00086084,-0.00852922)
(0.000802788,0.0384578)
(0.00580859,0.00190793)
(0.00490151,0.0410377)
(0.0128461,0.0135704)
(0.00813154,0.0399838)
(0.0180187,0.0227633)
(0.00940016,0.0348802)
(0.0194892,0.0264123)
(0.0082061,0.0258847)
(0.0164592,0.0230702)
(0.00476586,0.0137968)
(0.00940623,0.0134025)
(-0.00475246,0.0092283)
(-0.00666681,-0.0135835)
(-0.00781862,0.0185434)
(-0.0105689,-0.0223848)
(-0.0080566,0.0277394)
(-0.00987261,-0.0231632)
(-0.00525686,0.0361769)
(-0.00428618,-0.0152955)
(-0.000212327,0.0428276)
(0.00477133,-0.00101753)
(0.00551702,0.0464312)
(0.0146105,0.0152951)
(0.0101375,0.0458582)
(0.0221097,0.0284437)
(0.0121192,0.0404242)
(0.0246871,0.0341148)
(0.010731,0.0302238)
(0.0211818,0.0302472)
(0.00627442,0.0161796)
(0.0122029,0.0176943)
(-0.00630177,0.00628954)
(-0.00950454,-0.0179825)
(-0.0105235,0.0130634)
(-0.0155725,-0.0300584)
(-0.0112604,0.0204453)
(-0.0158524,-0.0322146)
(-0.00822049,0.0279859)
(-0.0099279,-0.0236299)
(-0.00232848,0.0346188)
(0.000542888,-0.00689149)
(0.0045789,0.0389771)
(0.0123941,0.0127377)
(0.0103132,0.0396605)
(0.0218255,0.0290202)
(0.0130137,0.0357688)
(0.025744,0.0367348)
(0.0117844,0.0271492)
(0.0226592,0.0333153)
(0.00696014,0.0146679)
(0.0132063,0.0196837)
(-0.00757108,0.000869288)
(-0.0121877,-0.0215849)
(-0.0128365,0.00272395)
(-0.0204779,-0.036557)
(-0.0141984,0.00620163)
(-0.0221861,-0.0404329)
(-0.0113034,0.0111229)
(-0.0167377,-0.0321688)
(-0.00509414,0.0166608)
(-0.00585727,-0.0145227)
(0.00242718,0.02141)
(0.00702371,0.00683152)
(0.00886953,0.0238818)
(0.0178145,0.0251211)
(0.012202,0.0229)
(0.0230844,0.0346109)
(0.0114243,0.0180848)
(0.0211242,0.0324144)
(0.00684076,0.00998957)
(0.0125312,0.0194264)
(-0.00832899,-0.00536914)
(-0.0141121,-0.0236669)
(-0.0142781,-0.00922683)
(-0.0241616,-0.0405667)
(-0.0162402,-0.010538)
(-0.0273256,-0.0460231)
(-0.0137634,-0.00900341)
(-0.022912,-0.0388922)
(-0.00777722,-0.00523934)
(-0.0125791,-0.0218401)
(-0.000252436,-0.000479178)
(0.000295372,-0.00047829)
(0.00639985,0.00375931)
(0.0116305,0.0184055)
(0.0101493,0.00618518)
(0.0179369,0.0290314)
(0.0099522,0.00614175)
(0.0174379,0.0284301)
(0.00607675,0.00376629)
(0.0106053,0.0173423)
(-0.00831075,-0.0104103)
(-0.0146575,-0.023589)
(-0.0144066,-0.0190134)
(-0.0254418,-0.0408029)
(-0.0167237,-0.0244047)
(-0.0296339,-0.0472184)
(-0.0148303,-0.0260114)
(-0.0265065,-0.0416675)
(-0.00951104,-0.0241197)
(-0.0174874,-0.026514)
(-0.00261761,-0.0197516)
(-0.00565037,-0.00689197)
(0.00368623,-0.0142902)
(0.00522829,0.0109897)
(0.00750439,-0.00905059)
(0.0119561,0.0217667)
(0.00783863,-0.00489026)
(0.0127791,0.0226235)
(0.00490202,-0.00202902)
(0.00805674,0.0141112)
(-0.00739775,-0.0126382)
(-0.0134098,-0.020934)
(-0.0129082,-0.0234409)
(-0.0235025,-0.0364657)
(-0.0152159,-0.0309909)
(-0.027924,-0.0428184)
(-0.0138996,-0.0345236)
(-0.0259857,-0.0389326)
(-0.00964643,-0.0341006)
(-0.0188339,-0.0267352)
(-0.00392349,-0.0304735)
(-0.00902137,-0.0104257)
(0.00145231,-0.0248114)
(0.000374754,0.00481364)
(0.00489383,-0.0182823)
(0.00663643,0.0145254)
(0.00556154,-0.0117726)
(0.00825987,0.0162566)
(0.00357442,-0.00571476)
(0.00545944,0.0103984)
(-0.00556425,-0.0112511)
(-0.0102742,-0.0157198)
(-0.00976432,-0.0210242)
(-0.0181236,-0.0275176)
(-0.011613,-0.0281307)
(-0.0218031,-0.0326285)
(-0.0108353,-0.0318856)
(-0.0207918,-0.0302609)
(-0.0078747,-0.0322325)
(-0.0158919,-0.0217358)
(-0.0037834,-0.0296558)
(-0.00886424,-0.0100717)
(0.00013224,-0.0249741)
(-0.00194539,0.0010599)
(0.00275239,-0.019085)
(0.00290828,0.00841089)
(0.00344029,-0.0127447)
(0.00459028,0.0102352)
(0.00227354,-0.0063652)
(0.00322003,0.00670806)
(-0.00298962,-0.00659319)
(-0.00557692,-0.00843972)
(-0.00525969,-0.0123629)
(-0.00987157,-0.0148115)
(-0.00630433,-0.016626)
(-0.0119688,-0.0176672)
(-0.00594285,-0.0189916)
(-0.0115691,-0.0165624)
(-0.00442739,-0.0193892)
(-0.00907058,-0.0121935)
(-0.00230081,-0.0180413)
(-0.00541757,-0.00610651)
(-0.000231458,-0.0153922)
(-0.00174718,-0.000239248)
(0.00118081,-0.0119259)
(0.000909052,0.0037424)
(0.0016144,-0.00806832)
(0.00197099,0.00489957)
(0.00109404,-0.0040838)
(0.00147308,0.00327514)
(-0.00180777,0.00607118)
(-0.00214558,-0.00513674)
(-0.00300075,0.0119096)
(-0.0033508,-0.00859053)
(-0.00321263,0.0172713)
(-0.00300532,-0.00923306)
(-0.00234706,0.0217497)
(-0.0010248,-0.00679219)
(-0.000659469,0.0248403)
(0.00211395,-0.00203239)
(0.00129225,0.0260779)
(0.00548002,0.00355384)
(0.0029263,0.0250596)
(0.00801044,0.00820156)
(0.00369459,0.0216184)
(0.00881923,0.0103982)
(0.00335614,0.0159152)
(0.00751943,0.00943763)
(0.0019831,0.00844265)
(0.00431474,0.00557734)
(-0.00361076,0.0103319)
(-0.00451746,-0.0102965)
(-0.00607361,0.0203638)
(-0.00720865,-0.0173207)
(-0.00659304,0.0296655)
(-0.00685137,-0.0188717)
(-0.00500212,0.0375402)
(-0.00325358,-0.0144381)
(-0.00183144,0.0431279)
(0.00266326,-0.00543566)
(0.00194316,0.0455)
(0.0091293,0.00529599)
(0.00511093,0.0439109)
(0.0140952,0.0143233)
(0.00668522,0.0380204)
(0.0158674,0.0187895)
(0.00614074,0.0280604)
(0.0136668,0.0172737)
(0.00364939,0.0149065)
(0.00789053,0.0102718)
(-0.00539299,0.011576)
(-0.00720217,-0.0153481)
(-0.00914819,0.0229836)
(-0.0117792,-0.0260537)
(-0.0101362,0.0337982)
(-0.0119444,-0.0289476)
(-0.00811895,0.0432555)
(-0.0073843,-0.023288)
(-0.00377619,0.0502501)
(0.000630319,-0.010962)
(0.00150163,0.0535714)
(0.00967385,0.00401918)
(0.00603801,0.0521638)
(0.016866,0.0169165)
(0.00842595,0.0454953)
(0.0198336,0.0236875)
(0.00791719,0.0337456)
(0.0174335,0.0223123)
(0.00475451,0.0179835)
(0.0101599,0.0134046)
(-0.00702193,0.0095117)
(-0.0100396,-0.0199629)
(-0.0120311,0.0191565)
(-0.0167967,-0.0342114)
(-0.0136343,0.0288079)
(-0.0180381,-0.0388276)
(-0.0115112,0.0377684)
(-0.0132942,-0.0328092)
(-0.00643383,0.0449332)
(-0.00403057,-0.0184092)
(-7.21002e-05,0.0489408)
(0.00685695,-0.00037633)
(0.00554369,0.0485252)
(0.0159084,0.0155728)
(0.00869074,0.0429127)
(0.0202197,0.0245382)
(0.00849459,0.0321448)
(0.01837,0.0240229)
(0.00517695,0.0172331)
(0.0108634,0.0146613)
(-0.00828711,0.00484695)
(-0.0126158,-0.0235611)
(-0.0143418,0.010308)
(-0.021525,-0.0407631)
(-0.0166233,0.0165847)
(-0.0241616,-0.0471768)
(-0.0146822,0.0233424)
(-0.0199288,-0.0416281)
(-0.00934074,0.0295865)
(-0.0103285,-0.0264839)
(-0.00241939,0.0339647)
(0.00151782,-0.00685685)
(0.00386986,0.0350883)
(0.0118401,0.0110202)
(0.00766017,0.0319759)
(0.0174544,0.0217936)
(0.00795328,0.0244676)
(0.0167245,0.0226358)
(0.00496027,0.0132765)
(0.0101179,0.0141244)
(-0.00896346,-0.00086517)
(-0.0143726,-0.0254766)
(-0.0156666,-0.000694525)
(-0.0248976,-0.0444331)
(-0.0184822,0.00121917)
(-0.0288796,-0.0523051)
(-0.0169301,0.00484501)
(-0.0256106,-0.0477988)
(-0.0117892,0.00947571)
(-0.0165176,-0.0331907)
(-0.00488747,0.0138546)
(-0.00468329,-0.0135652)
(0.00160401,0.0166056)
(0.00613492,0.00486375)
(0.00577896,0.0166439)
(0.0127063,0.0166826)
(0.00660516,0.0135074)
(0.0133219,0.0189934)
(0.00425926,0.00757091)
(0.00834914,0.0122299)
(-0.00885253,-0.00584238)
(-0.0147635,-0.025099)
(-0.0155703,-0.0103077)
(-0.0258609,-0.0440688)
(-0.018633,-0.0124153)
(-0.0307054,-0.0525883)
(-0.0175399,-0.0118383)
(-0.0285449,-0.0493605)
(-0.0130131,-0.00903323)
(-0.0206292,-0.036422)
(-0.006675,-0.0050052)
(-0.00976491,-0.0183866)
(-0.000531865,-0.00103061)
(0.000609957,-0.000964485)
(0.00364695,0.00177204)
(0.0074909,0.0108453)
(0.00488396,0.00275325)
(0.00924787,0.0142661)
(0.00329827,0.00192151)
(0.00610523,0.00956815)
(-0.00779953,-0.00851436)
(-0.0134008,-0.0220775)
(-0.0137931,-0.0156043)
(-0.023665,-0.0389698)
(-0.0166761,-0.0201588)
(-0.0285467,-0.0469815)
(-0.0160282,-0.021702)
(-0.0273634,-0.0449773)
(-0.012404,-0.0204162)
(-0.0211193,-0.0345788)
(-0.00713769,-0.0170775)
(-0.0121014,-0.0195957)
(-0.00190488,-0.0127463)
(-0.00316244,-0.00475448)
(0.00182278,-0.00840666)
(0.00316117,0.00575427)
(0.00322276,-0.00479934)
(0.00549487,0.0095753)
(0.00229494,-0.00212291)
(0.00392275,0.0067369)
(-0.00583219,-0.00813011)
(-0.0102129,-0.0164776)
(-0.0103477,-0.0150742)
(-0.0181322,-0.0291872)
(-0.0126028,-0.0198992)
(-0.0221081,-0.0354461)
(-0.0122757,-0.0221251)
(-0.0216115,-0.0343847)
(-0.00975892,-0.0218019)
(-0.0173251,-0.0271431)
(-0.00599899,-0.0194314)
(-0.0108784,-0.0164221)
(-0.00218764,-0.0157481)
(-0.00431468,-0.00560663)
(0.000623568,-0.0115595)
(0.000544434,0.00231302)
(0.00185772,-0.00746023)
(0.00270278,0.00565454)
(0.00139373,-0.00373972)
(0.00213282,0.00415048)
(-0.00312196,-0.00490587)
(-0.00552772,-0.00881259)
(-0.00555747,-0.00914572)
(-0.00984357,-0.0156473)
(-0.00679015,-0.0121781)
(-0.0120782,-0.0190785)
(-0.00667073,-0.0137151)
(-0.0119343,-0.01865)
(-0.0053839,-0.0137409)
(-0.00976352,-0.0149387)
(-0.00342714,-0.0125029)
(-0.00640589,-0.009354)
(-0.00141396,-0.0103906)
(-0.00292197,-0.00364846)
(0.000109754,-0.00783337)
(-0.000253444,0.000644608)
(0.000830033,-0.00516419)
(0.00110483,0.00265829)
(0.000637687,-0.00271863)
(0.00101505,0.00205179)
(-0.00176973,0.0058754)
(-0.00207567,-0.0050491)
(-0.0030282,0.0115003)
(-0.00335141,-0.00863069)
(-0.00341267,0.0165933)
(-0.00328298,-0.0097461)
(-0.00283974,0.020775)
(-0.00178541,-0.00815205)
(-0.00153131,0.0235966)
(0.00074148,-0.00441858)
(0.000106175,0.024628)
(0.00353711,0.000224722)
(0.00153418,0.023545)
(0.00571704,0.00430078)
(0.00233026,0.0202266)
(0.00655281,0.00655789)
(0.00225811,0.0148364)
(0.00568394,0.00635201)
(0.00137162,0.00785699)
(0.00329501,0.00385657)
(-0.00352868,0.010191)
(-0.0043239,-0.0100444)
(-0.00606134,0.0200068)
(-0.00707574,-0.0172495)
(-0.00690216,0.0289632)
(-0.00719864,-0.0196771)
(-0.00587916,0.0364011)
(-0.00450049,-0.0168091)
(-0.00338302,0.0415075)
(0.000253645,-0.00974118)
(-0.000245963,0.0434881)
(0.00562864,-0.000839848)
(0.00254282,0.0417107)
(0.00991185,0.00708539)
(0.00413606,0.0359364)
(0.0116958,0.0116048)
(0.00408789,0.0264175)
(0.0102923,0.0114902)
(0.00250533,0.0140006)
(0.0059991,0.00703987)
(-0.00522213,0.0118716)
(-0.00677938,-0.0148347)
(-0.00902664,0.0234153)
(-0.0112991,-0.0256503)
(-0.0104189,0.0341352)
(-0.0120335,-0.0296456)
(-0.00914761,0.0432268)
(-0.00866943,-0.0260652)
(-0.00573793,0.0496898)
(-0.00221826,-0.0164248)
(-0.00134456,0.05245)
(0.00529749,-0.00397727)
(0.00263532,0.0506532)
(0.0115064,0.00732383)
(0.00501583,0.043874)
(0.0143978,0.0140884)
(0.005166,0.0323812)
(0.0130001,0.0145393)
(0.00321025,0.0172052)
(0.00766575,0.00905301)
(-0.00672352,0.0106096)
(-0.00928926,-0.0190942)
(-0.0116992,0.0211357)
(-0.0157787,-0.0332444)
(-0.013727,0.0312175)
(-0.0175258,-0.038982)
(-0.0124425,0.0401601)
(-0.0140916,-0.0353495)
(-0.00846777,0.0468872)
(-0.00665378,-0.0241001)
(-0.00318225,0.050225)
(0.00240121,-0.00911554)
(0.0017362,0.0491211)
(0.010185,0.00484875)
(0.00483992,0.0429745)
(0.0142916,0.0136755)
(0.0053549,0.031954)
(0.0134653,0.01516)
(0.00341811,0.0170505)
(0.008089,0.00968034)
(-0.00784354,0.00699288)
(-0.0115065,-0.0223031)
(-0.0137757,0.0142245)
(-0.0198534,-0.0390974)
(-0.0164035,0.0217107)
(-0.0228325,-0.0465081)
(-0.0153144,0.0289445)
(-0.0198738,-0.0433857)
(-0.011149,0.0349863)
(-0.012183,-0.031577)
(-0.00540643,0.0386363)
(-0.00234071,-0.0152679)
(9.86174e-05,0.0387368)
(0.00653561,0.000375435)
(0.00377682,0.0345539)
(0.0117624,0.0108166)
(0.0047617,0.0260477)
(0.0119363,0.0136086)
(0.00315822,0.0140183)
(0.00739447,0.00902736)
(-0.00841401,0.00222809)
(-0.012967,-0.0238883)
(-0.0148624,0.00509472)
(-0.0226525,-0.042144)
(-0.0179336,0.00894253)
(-0.0267508,-0.0507633)
(-0.0171675,0.0135867)
(-0.0245961,-0.0484996)
(-0.0131854,0.0182761)
(-0.0173352,-0.0371487)
(-0.00745151,0.021928)
(-0.00749511,-0.0208254)
(-0.00177797,0.0234013)
(0.00179024,-0.00473421)
(0.0022237,0.0218344)
(0.0078064,0.00659986)
(0.00364015,0.0169879)
(0.00911044,0.010604)
(0.0025781,0.00930786)
(0.00591841,0.00746172)
(-0.00823379,-0.002143)
(-0.0132096,-0.0233484)
(-0.0146244,-0.00336465)
(-0.0232993,-0.0414075)
(-0.0178352,-0.00302231)
(-0.0280434,-0.0503919)
(-0.0174257,-0.00105523)
(-0.0267708,-0.0490822)
(-0.0139199,0.00206119)
(-0.020465,-0.0390419)
(-0.00864646,0.00543271)
(-0.011444,-0.0240517)
(-0.003284,0.00798303)
(-0.00255715,-0.00885754)
(0.000678238,0.00888159)
(0.0036657,0.00235431)
(0.00239784,0.00765675)
(0.005873,0.00714529)
(0.00186293,0.0044361)
(0.00412676,0.0054676)
(-0.00720787,-0.00482895)
(-0.0119149,-0.0204161)
(-0.012861,-0.00864287)
(-0.0211654,-0.0363503)
(-0.0158122,-0.0106996)
(-0.0258241,-0.0445987)
(-0.0156757,-0.010732)
(-0.0252742,-0.044062)
(-0.0128731,-0.00900344)
(-0.0203223,-0.0360158)
(-0.00849384,-0.00621712)
(-0.0128374,-0.0235825)
(-0.00393651,-0.00322151)
(-0.00522116,-0.0106555)
(-0.000412323,-0.000791443)
(0.000442851,-0.00073284)
(0.00138774,0.00056964)
(0.00300529,0.00414034)
(0.00118517,0.000613695)
(0.00236886,0.00349727)
(-0.00536502,-0.00514954)
(-0.00904999,-0.015171)
(-0.00959387,-0.00944062)
(-0.0161483,-0.0270979)
(-0.0118704,-0.0122052)
(-0.0198787,-0.0334217)
(-0.0118882,-0.0131616)
(-0.0197777,-0.0333551)
(-0.00994357,-0.0124174)
(-0.0163833,-0.0277752)
(-0.00681858,-0.0104341)
(-0.0110535,-0.01888)
(-0.00350218,-0.00782535)
(-0.00549112,-0.00949526)
(-0.000815,-0.00519649)
(-0.00122594,-0.00202812)
(0.000773026,-0.00302883)
(0.00100272,0.00217666)
(0.000643022,-0.00178676)
(0.000791867,0.00161839)
(-0.0028667,-0.00323961)
(-0.00488614,-0.00809427)
(-0.00513932,-0.00599494)
(-0.00874524,-0.0144817)
(-0.0063718,-0.00786605)
(-0.0108254,-0.0179258)
(-0.00641996,-0.00867053)
(-0.0108679,-0.017989)
(-0.00542744,-0.00844424)
(-0.00915162,-0.0151403)
(-0.00380255,-0.00740933)
(-0.00637737,-0.0105153)
(-0.00205311,-0.00586827)
(-0.0034166,-0.00556367)
(-0.000594339,-0.00407914)
(-0.00103598,-0.00148763)
(0.000423271,-0.00214052)
(0.000507084,0.00137624)
(0.000255613,-0.00181051)
(0.000781366,0.00116368)
(-0.00142135,0.00467003)
(-0.00165529,-0.0040405)
(-0.00246075,0.00911774)
(-0.00271819,-0.00699906)
(-0.00285721,0.0131209)
(-0.00279287,-0.00813361)
(-0.00253632,0.0163749)
(-0.00180247,-0.00722755)
(-0.00163187,0.0185317)
(-4.43844e-05,-0.0046796)
(-0.000465212,0.0192725)
(0.00196316,-0.00136309)
(0.000607614,0.0183647)
(0.00357139,0.00167829)
(0.0012589,0.0157263)
(0.00425715,0.00352691)
(0.00132375,0.0115161)
(0.00376203,0.00370839)
(0.000828813,0.00608692)
(0.00220006,0.00232221)
(-0.00281263,0.00818202)
(-0.00341195,-0.00801322)
(-0.00489909,0.0160296)
(-0.00567575,-0.0139338)
(-0.00573176,0.0231262)
(-0.00599946,-0.0162996)
(-0.00516041,0.028942)
(-0.00423581,-0.014699)
(-0.00345739,0.0328632)
(-0.000910943,-0.00988927)
(-0.00120699,0.0342833)
(0.00293405,-0.00351822)
(0.000870751,0.0327558)
(0.00609106,0.00238423)
(0.0021759,0.028129)
(0.00753929,0.00607632)
(0.00236122,0.0206251)
(0.00677479,0.00662315)
(0.00149821,0.0109191)
(0.00398914,0.00420116)
(-0.00414816,0.00974421)
(-0.00529475,-0.0117815)
(-0.00724857,0.0191599)
(-0.00894237,-0.0205829)
(-0.00856813,0.0277862)
(-0.00980037,-0.0243162)
(-0.00787881,0.0349847)
(-0.00761365,-0.0223942)
(-0.00555078,0.0399763)
(-0.00312091,-0.0158247)
(-0.0024018,0.0419571)
(0.00226534,-0.00692282)
(0.000563668,0.0403146)
(0.00682467,0.00149448)
(0.00249299,0.0347725)
(0.00914121,0.00696856)
(0.00291042,0.02559)
(0.00847052,0.00817225)
(0.00188806,0.0135768)
(0.00505517,0.00531048)
(-0.00529715,0.00910376)
(-0.00717927,-0.0150655)
(-0.00932031,0.0180177)
(-0.0123102,-0.0264662)
(-0.0111508,0.0263903)
(-0.0139604,-0.0316399)
(-0.0105044,0.0336157)
(-0.0117859,-0.0298026)
(-0.00780032,0.0388748)
(-0.00661006,-0.022145)
(-0.00401012,0.0412719)
(-0.000133266,-0.0114241)
(-0.00034924,0.04005)
(0.00560121,-0.00103344)
(0.00214562,0.0348279)
(0.00882498,0.00604184)
(0.00289214,0.0257825)
(0.00863799,0.00817115)
(0.00195216,0.0137265)
(0.00527257,0.00552262)
(-0.00614847,0.00663946)
(-0.00881123,-0.0174797)
(-0.0108761,0.0133398)
(-0.0153082,-0.0308932)
(-0.0131752,0.0199508)
(-0.0178752,-0.0373562)
(-0.0126921,0.0260277)
(-0.0160701,-0.0359469)
(-0.00986649,0.0308294)
(-0.0107304,-0.0279275)
(-0.00575225,0.0334458)
(-0.00367787,-0.0162484)
(-0.00166139,0.0330625)
(0.00284304,-0.0046307)
(0.00126739,0.0291703)
(0.00689286,0.00368254)
(0.00237664,0.0218383)
(0.00745755,0.00683033)
(0.00172318,0.0117068)
(0.0047289,0.00494522)
(-0.00654491,0.00323884)
(-0.00985091,-0.0186109)
(-0.0116522,0.00680101)
(-0.0173074,-0.0330675)
(-0.0142592,0.0108171)
(-0.0206756,-0.0403864)
(-0.0140084,0.0150366)
(-0.0194497,-0.039602)
(-0.0113092,0.0188678)
(-0.0144118,-0.0319005)
(-0.00720704,0.0215012)
(-0.0073758,-0.0202271)
(-0.0029991,0.022094)
(-0.000561627,-0.00827208)
(0.000156649,0.0201005)
(0.00405696,0.000671984)
(0.0015831,0.0154028)
(0.00544037,0.00470954)
(0.00130812,0.00837878)
(0.00367591,0.00383038)
(-0.00637771,-2.79251e-05)
(-0.00997263,-0.0181022)
(-0.0113982,0.000489598)
(-0.0176716,-0.0322965)
(-0.0140754,0.0018898)
(-0.0214725,-0.0397921)
(-0.0140429,0.00412754)
(-0.0208499,-0.0396061)
(-0.0116775,0.00681263)
(-0.0164976,-0.0328199)
(-0.00791075,0.00922793)
(-0.010046,-0.0221079)
(-0.003932,0.0106491)
(-0.00355096,-0.0108292)
(-0.000826025,0.0105292)
(0.00120641,-0.00201328)
(0.000816518,0.00860882)
(0.00321493,0.00251653)
(0.000817938,0.00489113)
(0.00240504,0.00249666)
(-0.00556786,-0.00220723)
(-0.00895862,-0.0157611)
(-0.00997918,-0.00378232)
(-0.0159755,-0.0282324)
(-0.0124053,-0.00428943)
(-0.0196403,-0.0350037)
(-0.0125265,-0.00361064)
(-0.0194929,-0.0352536)
(-0.0106376,-0.0020063)
(-0.0160833,-0.0298403)
(-0.00750884,-9.67792e-06)
(-0.0107565,-0.0209478)
(-0.00414124,0.0018038)
(-0.00520635,-0.011378)
(-0.00135837,0.00300329)
(-0.000968912,-0.00362544)
(0.000356196,0.00338379)
(0.00121649,0.000947854)
(0.000296699,0.00227305)
(0.000926653,0.000933931)
(-0.00412775,-0.00279259)
(-0.00678444,-0.0116856)
(-0.00742603,-0.00503708)
(-0.0121447,-0.0209729)
(-0.00927056,-0.00632129)
(-0.0150546,-0.026132)
(-0.0094384,-0.00650144)
(-0.015158,-0.0265391)
(-0.0081326,-0.00571487)
(-0.0128369,-0.0227862)
(-0.00591278,-0.00430232)
(-0.00906242,-0.0164563)
(-0.00347967,-0.00267131)
(-0.00506542,-0.00955205)
(-0.00135486,-0.00114015)
(-0.00207691,-0.00384158)
(0.000363619,0.000392285)
(-0.000479892,0.000354644)
(-0.000590231,-0.000198633)
(-0.00259964,-0.00295201)
(-0.00220141,-0.0018554)
(-0.00365673,-0.006223)
(-0.00395985,-0.00339046)
(-0.0065657,-0.0111928)
(-0.00496021,-0.00436874)
(-0.00817439,-0.0139811)
(-0.0050763,-0.00468274)
(-0.00829785,-0.0142635)
(-0.00441594,-0.00438978)
(-0.00713227,-0.0123575)
(-0.00326779,-0.00364448)
(-0.00516294,-0.00907327)
(-0.00199671,-0.00258996)
(-0.00304809,-0.00549792)
(-0.00080219,-0.000942136)
(-0.00136465,-0.00245506)
(0.00102057,0.0039365)
(0.000284546,0.00182886)
(-0.000373192,-0.000217402)
(0.00035146,-0.00025908)
(-0.00078826,0.00258747)
(-0.000918166,-0.00224799)
(-0.00137936,0.00505096)
(-0.00152748,-0.00392252)
(-0.00162482,0.00725158)
(-0.00160637,-0.0046184)
(-0.00148132,0.00903133)
(-0.0011173,-0.00422566)
(-0.00102881,0.0102037)
(-0.000208611,-0.00294158)
(-0.00041722,0.0105918)
(0.00083774,-0.00121125)
(0.000150008,0.0100742)
(0.00168994,0.000410916)
(0.000518969,0.00861494)
(0.00207752,0.00145743)
(0.00059423,0.00629963)
(0.00185984,0.00165642)
(0.000383802,0.0033265)
(0.00109588,0.00106097)
(-0.00156146,0.00456453)
(-0.00189002,-0.00445417)
(-0.00273904,0.0089231)
(-0.00316358,-0.00779141)
(-0.00324965,0.0128461)
(-0.00341619,-0.0092275)
(-0.00300376,0.0160443)
(-0.00254257,-0.00854702)
(-0.00214222,0.0181807)
(-0.000839977,-0.0061147)
(-0.000969703,0.0189191)
(0.00116893,-0.00279488)
(0.000141076,0.0180381)
(0.00284537,0.000361412)
(0.000874415,0.0154599)
(0.00365457,0.00243251)
(0.00104887,0.0113241)
(0.00333799,0.00291911)
(0.000687054,0.00599023)
(0.00198237,0.00190577)
(-0.00229494,0.00549373)
(-0.00291083,-0.00652643)
(-0.00403586,0.0107811)
(-0.00494707,-0.0114664)
(-0.00483001,0.0155944)
(-0.00550367,-0.0137063)
(-0.00454768,0.0195783)
(-0.0044422,-0.0129102)
(-0.00336974,0.0223002)
(-0.0021352,-0.00959238)
(-0.00172673,0.0233365)
(0.000673079,-0.00495286)
(-0.000143069,0.022358)
(0.00309802,-0.000455494)
(0.000932499,0.0192442)
(0.00437674,0.00260945)
(0.0012583,0.0141367)
(0.00414351,0.00351866)
(0.000852544,0.00749528)
(0.00249599,0.00237674)
(-0.00292193,0.00524156)
(-0.00391845,-0.00831766)
(-0.00516606,0.0103519)
(-0.00675304,-0.0146875)
(-0.00625088,0.0150939)
(-0.00774892,-0.017732)
(-0.00600217,0.0191331)
(-0.00670659,-0.0170212)
(-0.00463814,0.0220235)
(-0.00405801,-0.0131644)
(-0.00266243,0.0232716)
(-0.000672576,-0.00757187)
(-0.000710493,0.0224993)
(0.00235882,-0.00202584)
(0.000677064,0.0194991)
(0.00413752,0.00191817)
(0.00119767,0.0144048)
(0.00417401,0.00337046)
(0.000856664,0.00765943)
(0.00258194,0.00241256)
(-0.00337573,0.00400603)
(-0.00477824,-0.00961669)
(-0.00600461,0.00799283)
(-0.0083412,-0.0170719)
(-0.00733748,0.0118544)
(-0.00982512,-0.0208188)
(-0.00718392,0.015324)
(-0.00898688,-0.0203588)
(-0.00576254,0.0179823)
(-0.00625663,-0.0163159)
(-0.00362457,0.0193572)
(-0.00258568,-0.0102335)
(-0.00144137,0.0189993)
(0.000872111,-0.00402522)
(0.000183174,0.01667)
(0.00308984,0.000577797)
(0.000898158,0.0124379)
(0.00353698,0.00260616)
(0.000722935,0.00665377)
(0.00228999,0.00207712)
(-0.00358776,0.00222774)
(-0.00532052,-0.0102037)
(-0.00640467,0.00458198)
(-0.00938287,-0.018198)
(-0.00790223,0.00709127)
(-0.0112845,-0.0223976)
(-0.0078656,0.0095924)
(-0.0107477,-0.0222561)
(-0.00651057,0.0117545)
(-0.00818174,-0.0183916)
(-0.0043761,0.0131224)
(-0.00450783,-0.0123082)
(-0.00213278,0.0132737)
(-0.000901824,-0.0059271)
(-0.000397895,0.0119453)
(0.00162303,-0.000975779)
(0.000493624,0.00908692)
(0.0025003,0.00153202)
(0.000504917,0.00493979)
(0.00175177,0.00151573)
(-0.0034843,0.000478281)
(-0.00536994,-0.00989123)
(-0.00624761,0.00120715)
(-0.00954263,-0.0177175)
(-0.00776599,0.00231749)
(-0.0116573,-0.0219683)
(-0.00783914,0.00376682)
(-0.0114306,-0.0221272)
(-0.00665544,0.00530726)
(-0.00921332,-0.0187318)
(-0.00468978,0.00656448)
(-0.0058557,-0.01314)
(-0.0025847,0.00715752)
(-0.00240353,-0.00711869)
(-0.000866585,0.00683087)
(0.000181495,-0.00223776)
(0.000158845,0.00547821)
(0.00144227,0.000574237)
(0.000282003,0.00316181)
(0.0011968,0.00092452)
(-0.00303368,-0.000741063)
(-0.00481425,-0.0085996)
(-0.00546259,-0.00118538)
(-0.00859946,-0.0154435)
(-0.00682774,-0.00112581)
(-0.0106213,-0.0192722)
(-0.00696326,-0.00054327)
(-0.0106237,-0.0196104)
(-0.00601422,0.000409373)
(-0.00889589,-0.0168981)
(-0.00439732,0.00143307)
(-0.00611656,-0.0122614)
(-0.00261519,0.00224055)
(-0.0031874,-0.00715443)
(-0.00106133,0.00258054)
(-0.000840911,-0.00279194)
(0.00017432,0.00242479)
(0.000712995,0.000450064)
(9.16249e-05,0.00194012)
(0.000908248,0.000510884)
(-0.00224833,-0.00116332)
(-0.00363638,-0.0063621)
(-0.00405046,-0.00205403)
(-0.00652525,-0.0114579)
(-0.00508869,-0.00249298)
(-0.00811531,-0.0143558)
(-0.0052283,-0.00242844)
(-0.00822725,-0.0147155)
(-0.00458212,-0.00194351)
(-0.00705972,-0.0128443)
(-0.00343759,-0.00123667)
(-0.00509581,-0.00954384)
(-0.00217282,-0.000580101)
(-0.00300634,-0.005882)
(-0.000997807,-0.000456127)
(-0.00138982,-0.00247267)
(0.00111649,-0.00184549)
(0.000310487,0.00292786)
(-0.000127604,-0.000251323)
(0.000223953,-0.000173413)
(-0.00119493,-0.000812625)
(-0.00195837,-0.00338844)
(-0.00215846,-0.0014687)
(-0.00352063,-0.0061056)
(-0.00271438,-0.00185749)
(-0.00439711,-0.00766861)
(-0.00280419,-0.0019392)
(-0.00449583,-0.00789431)
(-0.00247806,-0.00175008)
(-0.00390707,-0.00694638)
(-0.00190002,-0.00138826)
(-0.00289158,-0.00526506)
(-0.00129281,-0.000994932)
(-0.00180761,-0.00348062)
(-0.000933998,-0.000771201)
(-0.000943206,-0.00227878)
(-0.000231595,-0.000388558)
(0.000395275,-0.000388009)
(0.000117466,0.000134246)
(-0.000156656,0.00012854)
