(-4.23845e-05,0.00166134)
(0.000114863,-0.000571836)
(-8.133e-05,0.00318734)
(0.000220363,-0.00109707)
(-0.000113678,0.0044538)
(0.000307911,-0.00153295)
(-0.00013681,0.00535795)
(0.000370399,-0.0018441)
(-0.000148856,0.00582679)
(0.000402783,-0.00200539)
(-0.000148847,0.005823)
(0.000402489,-0.002004)
(-0.000136787,0.00534777)
(0.000369608,-0.00184037)
(-0.000113651,0.00444045)
(0.000306873,-0.00152805)
(-8.13079e-05,0.00317504)
(0.000219406,-0.00109256)
(-4.23728e-05,0.00165403)
(0.000114293,-0.000569147)
(-8.12985e-05,0.00318733)
(0.00022036,-0.00109708)
(-0.000155998,0.00611492)
(0.000422751,-0.00210474)
(-0.00021804,0.00854448)
(0.00059069,-0.00294092)
(-0.0002624,0.0102788)
(0.000710541,-0.00353774)
(-0.000285497,0.0111778)
(0.000772629,-0.00384702)
(-0.000285472,0.0111701)
(0.000772023,-0.00384419)
(-0.000262336,0.0102581)
(0.000708914,-0.00353013)
(-0.000217962,0.0085173)
(0.000588552,-0.00293092)
(-0.000155934,0.00608989)
(0.000420779,-0.00209552)
(-8.12637e-05,0.00317243)
(0.000219185,-0.0010916)
(-0.000113561,0.00445379)
(0.000307897,-0.001533)
(-0.000217899,0.00854446)
(0.000590673,-0.00294097)
(-0.000304547,0.0119389)
(0.000825286,-0.00410923)
(-0.000366489,0.0143616)
(0.000992677,-0.0049429)
(-0.000398725,0.0156168)
(0.00107934,-0.0053747)
(-0.000398669,0.015605)
(0.00107839,-0.00537035)
(-0.000366344,0.0143298)
(0.000990139,-0.0049312)
(-0.00030437,0.0118972)
(0.000821948,-0.00409385)
(-0.000217749,0.00850603)
(0.000587591,-0.00292678)
(-0.000113479,0.00443089)
(0.000306059,-0.00152454)
(-0.000136546,0.00535793)
(0.000370368,-0.0018442)
(-0.000261991,0.0102787)
(0.000710492,-0.00353789)
(-0.00036615,0.0143615)
(0.000992637,-0.00494303)
(-0.000440587,0.0172747)
(0.00119387,-0.00594545)
(-0.000479297,0.018783)
(0.00129795,-0.00646426)
(-0.000479187,0.018767)
(0.00129664,-0.00645834)
(-0.000440301,0.0172316)
(0.00119035,-0.00592953)
(-0.000365798,0.0143049)
(0.000987997,-0.00492208)
(-0.000261691,0.0102265)
(0.000706202,-0.00351854)
(-0.000136379,0.00532679)
(0.000367806,-0.00183265)
(-0.000148399,0.00582675)
(0.000402729,-0.00200556)
(-0.000284718,0.0111778)
(0.000772536,-0.00384731)
(-0.000397877,0.0156167)
(0.00107924,-0.00537501)
(-0.000478707,0.018783)
(0.00129788,-0.00646448)
(-0.000520696,0.0204209)
(0.00141081,-0.00702777)
(-0.000520504,0.0204009)
(0.00140914,-0.00702036)
(-0.000478206,0.0187292)
(0.00129336,-0.00644453)
(-0.000397255,0.015546)
(0.00107327,-0.00534872)
(-0.000284184,0.0111124)
(0.000767007,-0.00382298)
(-0.0001481,0.00578774)
(0.000399421,-0.00199102)
(-0.00014819,0.00582294)
(0.000402411,-0.00200425)
(-0.000284298,0.01117)
(0.000771884,-0.00384462)
(-0.000397243,0.0156049)
(0.00107822,-0.00537087)
(-0.000477867,0.0187669)
(0.00129648,-0.00645883)
(-0.000519681,0.0204008)
(0.00140904,-0.00702066)
(-0.000519381,0.0203777)
(0.00140704,-0.00701208)
(-0.000477082,0.0187047)
(0.00129109,-0.00643568)
(-0.000396263,0.0155229)
(0.00107109,-0.0053403)
(-0.000283451,0.0110942)
(0.000765253,-0.00381626)
(-0.000147715,0.00577764)
(0.000398434,-0.00198726)
(-0.000135985,0.0053477)
(0.000369513,-0.00184066)
(-0.000260858,0.0102579)
(0.000708739,-0.00353067)
(-0.000364438,0.0143296)
(0.000989912,-0.0049319)
(-0.000438314,0.0172314)
(0.00119011,-0.00593027)
(-0.000476545,0.018729)
(0.00129316,-0.00644514)
(-0.000476132,0.0187046)
(0.00129098,-0.00643603)
(-0.00043723,0.0171656)
(0.00118421,-0.00590567)
(-0.000363076,0.0142427)
(0.000982082,-0.00489933)
(-0.000259675,0.0101774)
(0.000701434,-0.00350037)
(-0.000135318,0.00529948)
(0.000365121,-0.00182248)
(-0.000112821,0.00444037)
(0.000306774,-0.00152836)
(-0.000216404,0.00851715)
(0.000588367,-0.00293149)
(-0.000302281,0.011897)
(0.0008217,-0.00409462)
(-0.000363472,0.0143047)
(0.000987719,-0.00492294)
(-0.000395054,0.0155458)
(0.001073,-0.00534954)
(-0.000394568,0.0155228)
(0.00107088,-0.00534093)
(-0.000362191,0.0142426)
(0.000981972,-0.00489966)
(-0.000300661,0.0118149)
(0.000814045,-0.00406372)
(-0.000214984,0.00844086)
(0.0005812,-0.00290266)
(-0.000112019,0.00439465)
(0.000302452,-0.00151102)
(-8.06138e-05,0.00317498)
(0.000219324,-0.00109281)
(-0.000154612,0.00608977)
(0.000420622,-0.00209601)
(-0.000215934,0.00850586)
(0.000587375,-0.00292745)
(-0.000259585,0.0102263)
(0.00070595,-0.00351931)
(-0.000282051,0.0111122)
(0.000766749,-0.00382377)
(-0.000281595,0.011094)
(0.000765025,-0.00381695)
(-0.000258375,0.0101772)
(0.000701271,-0.00350085)
(-0.00021439,0.0084408)
(0.000581122,-0.00290289)
(-0.000153249,0.00602921)
(0.000414747,-0.00207303)
(-7.9839e-05,0.00313865)
(0.000215772,-0.00107897)
(-4.19754e-05,0.00165399)
(0.000114246,-0.000569293)
(-8.05006e-05,0.00317236)
(0.000219094,-0.00109188)
(-0.000112415,0.0044308)
(0.000305932,-0.00152493)
(-0.000135116,0.00532667)
(0.000367654,-0.00183312)
(-0.000146774,0.00578762)
(0.000399259,-0.00199151)
(-0.000146489,0.00577753)
(0.000398282,-0.00198772)
(-0.000134359,0.00529939)
(0.000364998,-0.00182284)
(-0.000111442,0.00439459)
(0.000302375,-0.00151124)
(-7.96344e-05,0.00313863)
(0.000215743,-0.00107905)
(-4.14805e-05,0.00163375)
(0.000112216,-0.000561555)
(-8.13196e-05,0.00318733)
(0.000220382,-0.0010971)
(-0.00015604,0.00611491)
(0.000422794,-0.00210476)
(-0.000218103,0.00854446)
(0.000590756,-0.00294096)
(-0.000262485,0.0102788)
(0.000710629,-0.00353779)
(-0.000285599,0.0111778)
(0.000772736,-0.00384709)
(-0.000285587,0.0111701)
(0.000772143,-0.00384426)
(-0.000262454,0.010258)
(0.000709036,-0.0035302)
(-0.00021807,0.00851726)
(0.000588664,-0.00293099)
(-0.000156017,0.00608986)
(0.000420865,-0.00209558)
(-8.13089e-05,0.00317242)
(0.000219231,-0.00109162)
(-0.000155977,0.0061149)
(0.000422787,-0.00210479)
(-0.000299293,0.0117313)
(0.00081109,-0.00403794)
(-0.000418323,0.016392)
(0.00113328,-0.00564203)
(-0.000503432,0.0197186)
(0.00136318,-0.0067868)
(-0.000547747,0.0214425)
(0.00148225,-0.00737984)
(-0.000547707,0.0214267)
(0.00148102,-0.00737406)
(-0.000503332,0.0196762)
(0.00135989,-0.00677126)
(-0.000418209,0.0163364)
(0.00112895,-0.00562161)
(-0.000299205,0.0116801)
(0.000807096,-0.0040191)
(-0.000155934,0.00608438)
(0.000420405,-0.00209356)
(-0.000217868,0.00854443)
(0.000590728,-0.00294104)
(-0.000418038,0.016392)
(0.00113324,-0.00564214)
(-0.000584268,0.0229034)
(0.00158333,-0.0078832)
(-0.000703099,0.02755)
(0.0019044,-0.00948218)
(-0.000764943,0.0299566)
(0.00207056,-0.01031)
(-0.000764844,0.0299322)
(0.00206864,-0.0103011)
(-0.000702847,0.0274845)
(0.00189923,-0.00945809)
(-0.000583971,0.0228174)
(0.00157651,-0.00785152)
(-0.0004178,0.0163126)
(0.00112694,-0.00561289)
(-0.000217743,0.00849714)
(0.000586968,-0.00292359)
(-0.00026195,0.0102787)
(0.000710565,-0.00353799)
(-0.0005026,0.0197185)
(0.00136308,-0.00678711)
(-0.000702407,0.0275499)
(0.00190432,-0.00948243)
(-0.000845189,0.0331367)
(0.00229027,-0.0114049)
(-0.000919438,0.0360278)
(0.00248979,-0.0123993)
(-0.000919229,0.0359945)
(0.00248709,-0.012387)
(-0.000844652,0.0330469)
(0.00228301,-0.0113718)
(-0.000701762,0.0274318)
(0.00189474,-0.0094388)
(-0.000502071,0.0196094)
(0.00135421,-0.00674674)
(-0.000261667,0.0102136)
(0.000705256,-0.00351387)
(-0.000284668,0.0111777)
(0.000772625,-0.00384743)
(-0.000546154,0.0214423)
(0.00148206,-0.00738043)
(-0.000763199,0.0299564)
(0.00207036,-0.0103107)
(-0.000918214,0.0360277)
(0.00248964,-0.0123998)
(-0.000998721,0.0391663)
(0.00270606,-0.0134791)
(-0.000998334,0.0391242)
(0.00270255,-0.0134636)
(-0.000917214,0.0359142)
(0.00248018,-0.0123577)
(-0.000761983,0.0298068)
(0.00205785,-0.0102551)
(-0.000545144,0.0213039)
(0.00147043,-0.00732894)
(-0.000284122,0.011095)
(0.000765654,-0.00381661)
(-0.000284241,0.01117)
(0.000771984,-0.00384476)
(-0.00054529,0.0214265)
(0.00148074,-0.00737494)
(-0.000761885,0.0299319)
(0.00206829,-0.0103021)
(-0.000916458,0.0359942)
(0.00248676,-0.012388)
(-0.00099658,0.039124)
(0.00270234,-0.0134642)
(-0.000995944,0.0390746)
(0.0026981,-0.0134459)
(-0.000914806,0.0358611)
(0.00247529,-0.0123385)
(-0.000759858,0.029756)
(0.00205306,-0.0102366)
(-0.000543588,0.0212633)
(0.00146652,-0.0073139)
(-0.000283316,0.0110723)
(0.000763432,-0.00380811)
(-0.0002608,0.0102579)
(0.00070884,-0.00353081)
(-0.000500269,0.0196759)
(0.00135953,-0.00677238)
(-0.000698857,0.0274841)
(0.00189875,-0.00945956)
(-0.000840432,0.0330465)
(0.00228251,-0.0113733)
(-0.000913615,0.0359139)
(0.00247975,-0.0123591)
(-0.000912698,0.0358609)
(0.00247503,-0.0123393)
(-0.000838035,0.0329033)
(0.00226971,-0.0113199)
(-0.000695885,0.0272944)
(0.00188169,-0.00938849)
(-0.000497747,0.0194994)
(0.00134352,-0.00670594)
(-0.000259423,0.010152)
(0.000699172,-0.00349079)
(-0.000216351,0.0085171)
(0.00058846,-0.00293162)
(-0.000414957,0.0163361)
(0.00112856,-0.0056228)
(-0.000579561,0.022817)
(0.00157599,-0.00785314)
(-0.000696761,0.0274314)
(0.00189414,-0.00944064)
(-0.000757133,0.0298063)
(0.00205726,-0.0102569)
(-0.000756005,0.0297556)
(0.00205259,-0.010238)
(-0.000693796,0.0272942)
(0.00188143,-0.00938926)
(-0.000575839,0.0226347)
(0.00155894,-0.00778456)
(-0.000411759,0.0161659)
(0.00111248,-0.0055584)
(-0.000214592,0.0084148)
(0.000578706,-0.00289269)
(-0.000154571,0.00608973)
(0.000420694,-0.00209611)
(-0.000296431,0.0116798)
(0.000806767,-0.00402012)
(-0.000413937,0.0163123)
(0.00112649,-0.00561431)
(-0.000497493,0.019609)
(0.00135366,-0.00674843)
(-0.000540369,0.0213034)
(0.00146985,-0.00733071)
(-0.000539268,0.0212629)
(0.00146599,-0.00731551)
(-0.000494573,0.0194991)
(0.00134312,-0.00670714)
(-0.000410222,0.0161658)
(0.00111228,-0.00555899)
(-0.000293191,0.0115427)
(0.000793289,-0.00396797)
(-0.000152773,0.00600715)
(0.000412488,-0.00206449)
(-8.04783e-05,0.00317234)
(0.000219133,-0.00109193)
(-0.000154325,0.00608423)
(0.000420215,-0.00209415)
(-0.000215467,0.00849693)
(0.000586697,-0.00292443)
(-0.000258899,0.0102134)
(0.000704924,-0.0035149)
(-0.000281115,0.0110947)
(0.000765289,-0.00381772)
(-0.00028041,0.011072)
(0.000763071,-0.0038092)
(-0.000257016,0.0101517)
(0.00069886,-0.0034917)
(-0.00021304,0.00841465)
(0.000578491,-0.00289329)
(-0.000152176,0.00600709)
(0.000412397,-0.00206473)
(-7.92725e-05,0.0031259)
(0.000214363,-0.00107408)
(-0.000113639,0.00445376)
(0.000307979,-0.00153305)
(-0.000218057,0.00854441)
(0.000590838,-0.00294107)
(-0.000304787,0.0119388)
(0.000825535,-0.00410938)
(-0.000366809,0.0143615)
(0.00099301,-0.00494311)
(-0.000399117,0.0156167)
(0.00107974,-0.00537495)
(-0.000399111,0.0156049)
(0.00107885,-0.00537063)
(-0.0003668,0.0143297)
(0.000990611,-0.00493149)
(-0.000304789,0.0118971)
(0.000822381,-0.00409411)
(-0.000218073,0.00850592)
(0.000587926,-0.00292699)
(-0.000113656,0.00443084)
(0.000306242,-0.00152465)
(-0.000217962,0.0085444)
(0.000590827,-0.0029411)
(-0.000418229,0.0163919)
(0.00113344,-0.00564226)
(-0.00058456,0.0229034)
(0.00158363,-0.00788338)
(-0.00070349,0.0275499)
(0.00190481,-0.00948242)
(-0.000765424,0.0299564)
(0.00207106,-0.0103103)
(-0.00076539,0.029932)
(0.00206921,-0.0103014)
(-0.000703414,0.0274843)
(0.00189982,-0.00945845)
(-0.000584495,0.0228172)
(0.00157705,-0.00785185)
(-0.000418207,0.0163125)
(0.00112737,-0.00561314)
(-0.000217967,0.00849707)
(0.000587198,-0.00292373)
(-0.000304429,0.0119388)
(0.000825493,-0.00410951)
(-0.000584125,0.0229033)
(0.00158358,-0.00788354)
(-0.00081639,0.0319999)
(0.00221243,-0.0110144)
(-0.000982423,0.0384894)
(0.00266094,-0.0132477)
(-0.00106884,0.0418482)
(0.00289289,-0.014403)
(-0.00106873,0.04181)
(0.00288993,-0.0143891)
(-0.00098215,0.0383868)
(0.00265298,-0.01321)
(-0.000816104,0.0318649)
(0.00220193,-0.0109649)
(-0.000583939,0.0227787)
(0.00157386,-0.00783771)
(-0.000304357,0.0118645)
(0.000819679,-0.00408213)
(-0.000365993,0.0143614)
(0.000992913,-0.00494341)
(-0.000702215,0.0275497)
(0.00190466,-0.00948289)
(-0.000981354,0.0384893)
(0.00266081,-0.013248)
(-0.00118081,0.0462907)
(0.00319985,-0.0159327)
(-0.00128452,0.0503243)
(0.00347824,-0.01732)
(-0.00128424,0.0502711)
(0.00347403,-0.0173005)
(-0.00118011,0.0461476)
(0.00318847,-0.01588)
(-0.000980572,0.0383007)
(0.00264577,-0.0131786)
(-0.000701644,0.0273752)
(0.00189068,-0.00941843)
(-0.000365729,0.0142571)
(0.000984529,-0.00490481)
(-0.000397685,0.0156166)
(0.00107957,-0.00537547)
(-0.000762962,0.0299562)
(0.00207077,-0.0103112)
(-0.00106612,0.0418479)
(0.00289257,-0.014404)
(-0.00128259,0.0503241)
(0.00347801,-0.0173207)
(-0.00139496,0.0547005)
(0.00377981,-0.0188258)
(-0.00139438,0.0546319)
(0.00377421,-0.0188005)
(-0.00128112,0.0501393)
(0.00346286,-0.0172525)
(-0.00106442,0.0416036)
(0.00287244,-0.0143136)
(-0.000761664,0.0297294)
(0.00205197,-0.010227)
(-0.000397054,0.0154808)
(0.00106825,-0.00532487)
(-0.000397026,0.0156047)
(0.0010786,-0.00537139)
(-0.000761617,0.0299317)
(0.00206876,-0.0103028)
(-0.00106405,0.0418096)
(0.00288938,-0.0143908)
(-0.00127978,0.0502707)
(0.0034735,-0.0173021)
(-0.00139149,0.0546317)
(0.00377387,-0.0188016)
(-0.00139044,0.0545494)
(0.0037669,-0.0187712)
(-0.00127711,0.0500485)
(0.0034546,-0.0172198)
(-0.00106089,0.0415148)
(0.00286413,-0.0142811)
(-0.000759137,0.0296569)
(0.00204501,-0.0102)
(-0.000395792,0.0154396)
(0.00106423,-0.00530937)
(-0.000364214,0.0143294)
(0.000990306,-0.00493244)
(-0.000698579,0.0274839)
(0.00189924,-0.00946023)
(-0.000975749,0.0383862)
(0.00265222,-0.0132124)
(-0.00117318,0.046147)
(0.00318765,-0.0158826)
(-0.00127501,0.0501387)
(0.00346213,-0.0172547)
(-0.00127339,0.0500482)
(0.00345415,-0.0172211)
(-0.00116897,0.0459016)
(0.0031659,-0.0157913)
(-0.000970671,0.0380591)
(0.00262294,-0.01309)
(-0.000694488,0.0271774)
(0.00187147,-0.00934474)
(-0.000362145,0.0141446)
(0.000973384,-0.00486234)
(-0.000302076,0.0118968)
(0.000822061,-0.00409511)
(-0.000579304,0.0228168)
(0.00157644,-0.00785376)
(-0.000808924,0.0318642)
(0.00220108,-0.0109675)
(-0.000972186,0.0382999)
(0.00264477,-0.0131816)
(-0.00105595,0.0416028)
(0.00287142,-0.0143167)
(-0.00105381,0.0415141)
(0.00286326,-0.0142837)
(-0.000966575,0.0380587)
(0.00262243,-0.0130915)
(-0.000801983,0.031541)
(0.00217074,-0.0108459)
(-0.000573557,0.0225121)
(0.00154738,-0.0077381)
(-0.00029912,0.0117124)
(0.000804227,-0.00402446)
(-0.000215775,0.00850571)
(0.000587655,-0.00292783)
(-0.000413737,0.0163121)
(0.00112684,-0.00561479)
(-0.000577566,0.0227781)
(0.0015731,-0.00784005)
(-0.000693819,0.0273745)
(0.00188974,-0.00942131)
(-0.000753095,0.0297286)
(0.00205094,-0.0102301)
(-0.000750872,0.0296561)
(0.002044,-0.0102031)
(-0.00068791,0.0271767)
(0.00187063,-0.00934721)
(-0.00057006,0.0225117)
(0.0015469,-0.00773944)
(-0.000407322,0.0160598)
(0.0011015,-0.00551841)
(-0.0002124,0.00835267)
(0.000572014,-0.00286868)
(-0.000112328,0.00443072)
(0.000306086,-0.00152514)
(-0.000215357,0.00849683)
(0.00058689,-0.00292469)
(-0.000300566,0.0118641)
(0.00081923,-0.00408353)
(-0.000360931,0.0142567)
(0.000983956,-0.00490658)
(-0.000391542,0.0154803)
(0.00106759,-0.00532691)
(-0.000390052,0.015439)
(0.00106351,-0.00531151)
(-0.000356918,0.0141441)
(0.000972696,-0.00486432)
(-0.000295341,0.011712)
(0.00080368,-0.00402594)
(-0.000210746,0.00835249)
(0.000571735,-0.00286937)
(-0.000109836,0.0043434)
(0.000296703,-0.0014912)
(-0.000136723,0.00535787)
(0.000370552,-0.00184431)
(-0.00026235,0.0102786)
(0.000710865,-0.00353811)
(-0.000366698,0.0143614)
(0.000993206,-0.00494337)
(-0.000441323,0.0172744)
(0.00119463,-0.00594592)
(-0.000480206,0.0187827)
(0.00129889,-0.00646483)
(-0.000480222,0.0187667)
(0.00129771,-0.00645899)
(-0.000441379,0.0172312)
(0.00119146,-0.00593021)
(-0.000366797,0.0143046)
(0.000989032,-0.00492271)
(-0.000262469,0.0102263)
(0.000707006,-0.00351903)
(-0.000136806,0.00532666)
(0.000368247,-0.00183292)
(-0.000262224,0.0102786)
(0.00071085,-0.00353816)
(-0.000503158,0.0197183)
(0.00136366,-0.00678746)
(-0.000703262,0.0275496)
(0.00190521,-0.00948297)
(-0.000846347,0.0331363)
(0.00229148,-0.0114056)
(-0.000920877,0.0360274)
(0.00249128,-0.0124002)
(-0.000920882,0.035994)
(0.0024888,-0.0123881)
(-0.000846387,0.0330464)
(0.00228481,-0.0113729)
(-0.000703382,0.0274313)
(0.00189642,-0.00943982)
(-0.000503341,0.019609)
(0.00135552,-0.00674755)
(-0.000262368,0.0102134)
(0.000705978,-0.00351432)
(-0.00036622,0.0143613)
(0.000993149,-0.00494355)
(-0.000702679,0.0275496)
(0.00190514,-0.00948318)
(-0.000982072,0.0384891)
(0.00266155,-0.0132485)
(-0.00118179,0.0462904)
(0.00320086,-0.0159333)
(-0.00128576,0.0503239)
(0.00347952,-0.0173208)
(-0.00128568,0.0502707)
(0.00347552,-0.0173014)
(-0.00118164,0.0461472)
(0.00319006,-0.015881)
(-0.000982018,0.0383003)
(0.00264726,-0.0131795)
(-0.000702789,0.0273749)
(0.00189186,-0.00941915)
(-0.000366366,0.0142569)
(0.000985184,-0.00490521)
(-0.000440225,0.0172743)
(0.0011945,-0.00594632)
(-0.00084462,0.0331361)
(0.00229127,-0.0114063)
(-0.00118033,0.0462903)
(0.00320069,-0.0159338)
(-0.00142018,0.0556663)
(0.0038487,-0.0191604)
(-0.00154489,0.0605073)
(0.00418296,-0.0208255)
(-0.00154459,0.0604315)
(0.00417711,-0.0207978)
(-0.00141949,0.0554618)
(0.00383289,-0.0190856)
(-0.00117971,0.0460198)
(0.00317967,-0.0158346)
(-0.000844378,0.0328851)
(0.00227164,-0.0113138)
(-0.000440253,0.0171239)
(0.00118268,-0.00589076)
(-0.000478261,0.0187825)
(0.00129866,-0.00646555)
(-0.000917508,0.0360271)
(0.00249088,-0.0124015)
(-0.00128198,0.0503235)
(0.00347908,-0.0173222)
(-0.00154215,0.0605071)
(0.00418263,-0.0208265)
(-0.00167713,0.0657549)
(0.00454464,-0.0226313)
(-0.00167638,0.0656542)
(0.00453664,-0.0225944)
(-0.00154032,0.0602349)
(0.0041609,-0.0207266)
(-0.0012801,0.0499622)
(0.00345,-0.0171889)
(-0.000916396,0.0356899)
(0.0024635,-0.0122765)
(-0.000477949,0.0185798)
(0.00128206,-0.00639002)
(-0.000477358,0.0187664)
(0.00129737,-0.00646004)
(-0.000915648,0.0359935)
(0.00248818,-0.01239)
(-0.00127907,0.0502701)
(0.00347474,-0.0173038)
(-0.00153813,0.0604309)
(0.00417634,-0.0208002)
(-0.00167204,0.0656538)
(0.00453612,-0.022596)
(-0.0016705,0.0655291)
(0.00452581,-0.0225501)
(-0.00153429,0.0600923)
(0.0041482,-0.0206754)
(-0.00127485,0.0498177)
(0.00343672,-0.017136)
(-0.000912819,0.0355683)
(0.00245197,-0.0122311)
(-0.000476329,0.0185094)
(0.00127522,-0.00636326)
(-0.000437785,0.0172309)
(0.00119104,-0.00593153)
(-0.000839581,0.0330457)
(0.002284,-0.0113754)
(-0.00117243,0.0461463)
(0.00318897,-0.0158844)
(-0.00140918,0.0554608)
(0.00383166,-0.0190894)
(-0.00153084,0.060234)
(0.00415977,-0.0207301)
(-0.00152817,0.0600917)
(0.00414746,-0.0206776)
(-0.00140237,0.0550728)
(0.00379783,-0.0189457)
(-0.00116455,0.0456235)
(0.00314269,-0.0156892)
(-0.000833887,0.0325497)
(0.00223927,-0.0111882)
(-0.000435491,0.0169291)
(0.00116335,-0.00581634)
(-0.000362981,0.0143042)
(0.000988582,-0.00492411)
(-0.000695966,0.0274306)
(0.00189554,-0.00944254)
(-0.000971476,0.0382993)
(0.00264602,-0.0131833)
(-0.00116689,0.0460187)
(0.00317815,-0.0158393)
(-0.00126641,0.0499609)
(0.00344837,-0.017194)
(-0.00126254,0.0498165)
(0.00343523,-0.0171406)
(-0.00115678,0.0456227)
(0.00314172,-0.0156921)
(-0.00095921,0.0377604)
(0.00259541,-0.012981)
(-0.000686474,0.0269137)
(0.00184577,-0.00924556)
(-0.000358868,0.0139877)
(0.000957405,-0.00480146)
(-0.000259203,0.010226)
(0.000706622,-0.00352022)
(-0.000496869,0.0196084)
(0.00135475,-0.00674992)
(-0.000693256,0.027374)
(0.00189073,-0.00942265)
(-0.000832087,0.0328839)
(0.00227018,-0.0113183)
(-0.000901991,0.0356885)
(0.00246177,-0.0122818)
(-0.000897637,0.0355669)
(0.00245011,-0.0122367)
(-0.000820413,0.0325484)
(0.00223754,-0.0111933)
(-0.00067834,0.0269129)
(0.00184463,-0.00924871)
(-0.000484464,0.0191618)
(0.0013086,-0.00657832)
(-0.000253414,0.0099518)
(0.000677459,-0.00341252)
(-0.000134906,0.00532648)
(0.000368024,-0.00183362)
(-0.000258555,0.0102131)
(0.00070553,-0.00351572)
(-0.000360618,0.0142564)
(0.000984507,-0.00490732)
(-0.00043256,0.0171232)
(0.00118177,-0.00589359)
(-0.000468392,0.0185789)
(0.00128091,-0.00639355)
(-0.000465287,0.0185083)
(0.00127384,-0.00636738)
(-0.000424036,0.016928)
(0.00116182,-0.00582072)
(-0.000349191,0.0139867)
(0.000955929,-0.00480533)
(-0.000248367,0.00995124)
(0.000676502,-0.00341471)
(-0.000129773,0.0051678)
(0.000349658,-0.00177067)
(-0.000148705,0.00582666)
(0.000403048,-0.00200576)
(-0.000285343,0.0111776)
(0.000773186,-0.0038477)
(-0.000398838,0.0156164)
(0.00108023,-0.00537562)
(-0.000480012,0.0187825)
(0.00129923,-0.0064653)
(-0.000522324,0.0204203)
(0.0014125,-0.00702879)
(-0.000522381,0.0204003)
(0.00141108,-0.00702154)
(-0.000480184,0.0187286)
(0.00129541,-0.00644577)
(-0.000399108,0.0155454)
(0.00107519,-0.00534989)
(-0.00028564,0.0111119)
(0.000768512,-0.0038239)
(-0.000148906,0.00578749)
(0.000400252,-0.00199153)
(-0.00028519,0.0111776)
(0.000773168,-0.00384776)
(-0.000547223,0.021442)
(0.00148317,-0.0073811)
(-0.00076485,0.0299559)
(0.00207207,-0.0103117)
(-0.000920474,0.036027)
(0.00249199,-0.0124012)
(-0.00100157,0.0391654)
(0.00270902,-0.0134809)
(-0.00100165,0.0391231)
(0.002706,-0.0134656)
(-0.000920748,0.0359131)
(0.00248385,-0.01236)
(-0.000765329,0.0298057)
(0.00206131,-0.0102573)
(-0.000547795,0.0213031)
(0.00147317,-0.00733061)
(-0.000285597,0.0110946)
(0.000767173,-0.00381754)
(-0.000398254,0.0156164)
(0.00108016,-0.00537583)
(-0.000764133,0.0299558)
(0.00207199,-0.010312)
(-0.00106794,0.0418473)
(0.00289446,-0.0144052)
(-0.00128512,0.0503233)
(0.00348064,-0.0173223)
(-0.00139821,0.0546995)
(0.00378318,-0.0188278)
(-0.00139823,0.0546307)
(0.00377821,-0.0188029)
(-0.00128529,0.050138)
(0.00346719,-0.0172551)
(-0.00106844,0.0416023)
(0.0028766,-0.0143161)
(-0.0007649,0.0297284)
(0.00205531,-0.010229)
(-0.000398871,0.0154802)
(0.00107012,-0.00532602)
(-0.000478657,0.0187824)
(0.00129907,-0.00646579)
(-0.000918329,0.0360268)
(0.00249173,-0.012402)
(-0.00128328,0.0503231)
(0.00348043,-0.017323)
(-0.00154398,0.0605065)
(0.00418454,-0.0208277)
(-0.00167954,0.0657541)
(0.00454714,-0.0226328)
(-0.00167932,0.0656533)
(0.00453969,-0.0225962)
(-0.0015436,0.0602339)
(0.0041643,-0.0207287)
(-0.00128334,0.0499612)
(0.00345335,-0.017191)
(-0.000919056,0.035689)
(0.00246623,-0.0122781)
(-0.000479463,0.0185793)
(0.00128361,-0.00639098)
(-0.000519898,0.0204201)
(0.00141222,-0.00702968)
(-0.000997325,0.039165)
(0.00270851,-0.0134825)
(-0.00139337,0.054699)
(0.00378261,-0.0188296)
(-0.00167595,0.0657538)
(0.00454672,-0.0226341)
(-0.00182247,0.0714348)
(0.00493891,-0.024588)
(-0.00182161,0.0712962)
(0.00492834,-0.0245376)
(-0.00167407,0.0653775)
(0.00451785,-0.022497)
(-0.00139198,0.0541957)
(0.00374358,-0.0186451)
(-0.000997419,0.0386915)
(0.00267127,-0.0133075)
(-0.000520785,0.0201336)
(0.00138938,-0.00692302)
(-0.00051876,0.0203999)
(0.00141066,-0.00702287)
(-0.000994952,0.0391225)
(0.0027052,-0.0134681)
(-0.0013896,0.0546299)
(0.00377718,-0.0188061)
(-0.0016706,0.0656525)
(0.00453865,-0.0225994)
(-0.00181551,0.0712956)
(0.00492762,-0.0245399)
(-0.0018134,0.0711167)
(0.00491341,-0.0244748)
(-0.00166557,0.0651636)
(0.00449951,-0.0224207)
(-0.0013848,0.0539689)
(0.00372343,-0.0185624)
(-0.0009931,0.0384929)
(0.00265293,-0.0132332)
(-0.000519397,0.0200156)
(0.00137808,-0.00687765)
(-0.000475574,0.0187281)
(0.00129486,-0.00644747)
(-0.000911881,0.0359123)
(0.0024828,-0.0123632)
(-0.00127296,0.0501368)
(0.00346574,-0.0172597)
(-0.00152923,0.0602326)
(0.0041626,-0.0207339)
(-0.00166011,0.0653762)
(0.0045162,-0.0225021)
(-0.00165591,0.0651627)
(0.00449836,-0.0224243)
(-0.00151872,0.0596445)
(0.00411288,-0.0205182)
(-0.00126163,0.0493301)
(0.003396,-0.0169601)
(-0.000905555,0.0351308)
(0.00241325,-0.0120679)
(-0.000475107,0.0182455)
(0.00125065,-0.00626148)
(-0.000394144,0.0155449)
(0.0010746,-0.00535171)
(-0.00075549,0.0298048)
(0.00206015,-0.0102609)
(-0.00105397,0.041601)
(0.0028749,-0.0143214)
(-0.00126482,0.0499594)
(0.00345116,-0.0171978)
(-0.00137078,0.0541937)
(0.00374107,-0.0186529)
(-0.00136396,0.053967)
(0.00372092,-0.0185701)
(-0.001247,0.0493287)
(0.00339419,-0.0169656)
(-0.00103277,0.0407198)
(0.00279284,-0.013992)
(-0.00074099,0.0289328)
(0.00197576,-0.00992704)
(-0.000390783,0.0150002)
(0.00101987,-0.00513678)
(-0.000281336,0.0111115)
(0.000768007,-0.00382547)
(-0.000539067,0.0213022)
(0.00147215,-0.00733381)
(-0.000751504,0.0297272)
(0.00205374,-0.0102339)
(-0.000900682,0.0356873)
(0.00246407,-0.0122849)
(-0.000973967,0.0386893)
(0.00266849,-0.0133162)
(-0.000965495,0.0384904)
(0.00264958,-0.0132434)
(-0.000877508,0.0351281)
(0.00240966,-0.0120785)
(-0.000721181,0.0289309)
(0.00197296,-0.00993474)
(-0.000514582,0.0204977)
(0.00138633,-0.00702264)
(-0.000272895,0.0106086)
(0.000711819,-0.00362236)
(-0.000146378,0.00578726)
(0.000399956,-0.00199246)
(-0.00028039,0.0110941)
(0.000766565,-0.00381945)
(-0.000390648,0.0154794)
(0.00106916,-0.00532903)
(-0.000467645,0.0185782)
(0.00128222,-0.00639531)
(-0.000504566,0.0201321)
(0.00138746,-0.00692898)
(-0.000498038,0.0200136)
(0.00137545,-0.0068856)
(-0.00044903,0.018243)
(0.00124714,-0.00627145)
(-0.000364089,0.0149974)
(0.00101561,-0.00514763)
(-0.000255657,0.0106065)
(0.000708115,-0.00363027)
(-0.000135362,0.00549729)
(0.000362041,-0.00187307)
(-0.000148631,0.00582281)
(0.000402869,-0.00200452)
(-0.000285201,0.0111697)
(0.000772822,-0.00384519)
(-0.000398642,0.0156044)
(0.00107968,-0.00537175)
(-0.000479788,0.0187663)
(0.00129848,-0.00646003)
(-0.00052211,0.0204)
(0.00141156,-0.00702219)
(-0.000522222,0.0203768)
(0.00140999,-0.00701386)
(-0.000480119,0.0187037)
(0.00129424,-0.00643759)
(-0.000399146,0.015522)
(0.00107408,-0.00534212)
(-0.000285741,0.0110935)
(0.00076762,-0.0038177)
(-0.000148991,0.00577724)
(0.00039975,-0.00198807)
(-0.000285029,0.0111697)
(0.000772802,-0.00384525)
(-0.000546911,0.021426)
(0.00148242,-0.00737596)
(-0.000764416,0.0299311)
(0.00207092,-0.0103037)
(-0.00091997,0.0359931)
(0.00249041,-0.0123902)
(-0.00100107,0.0391226)
(0.00270701,-0.013467)
(-0.00100127,0.0390729)
(0.00270364,-0.0134492)
(-0.000920585,0.0358592)
(0.00248128,-0.0123422)
(-0.00076542,0.0297543)
(0.00205881,-0.0102401)
(-0.000548055,0.0212619)
(0.00147113,-0.00731672)
(-0.000285823,0.0110715)
(0.000766012,-0.0038097)
(-0.000397983,0.0156044)
(0.0010796,-0.00537199)
(-0.000763602,0.029931)
(0.00207082,-0.010304)
(-0.00106719,0.0418086)
(0.00289264,-0.0143927)
(-0.00128421,0.0502693)
(0.0034781,-0.0173049)
(-0.00139728,0.0546298)
(0.00377988,-0.0188052)
(-0.00139748,0.0545472)
(0.00377421,-0.0187756)
(-0.00128493,0.050046)
(0.00346271,-0.0172247)
(-0.0010686,0.0415123)
(0.0028721,-0.0142859)
(-0.000765452,0.0296549)
(0.00205152,-0.010204)
(-0.000399381,0.0154385)
(0.00106791,-0.00531164)
(-0.000478245,0.0187661)
(0.00129829,-0.0064606)
(-0.000917507,0.0359929)
(0.00249011,-0.0123912)
(-0.00128207,0.0502691)
(0.00347784,-0.0173057)
(-0.00154246,0.0604295)
(0.00418084,-0.0208029)
(-0.00167789,0.065652)
(0.00454219,-0.0225997)
(-0.00167785,0.0655268)
(0.00453345,-0.0225548)
(-0.00154277,0.0600897)
(0.004157,-0.0206807)
(-0.00128351,0.0498149)
(0.00344567,-0.0171415)
(-0.000920121,0.035566)
(0.00245947,-0.0122357)
(-0.000480556,0.018508)
(0.00127951,-0.00636595)
(-0.000519313,0.0203998)
(0.00141123,-0.00702322)
(-0.00099613,0.0391221)
(0.00270642,-0.0134688)
(-0.00139154,0.0546293)
(0.0037792,-0.0188073)
(-0.00167351,0.0656516)
(0.00454167,-0.0226013)
(-0.00181961,0.0712944)
(0.00493187,-0.0245425)
(-0.0018188,0.071115)
(0.00491901,-0.0244781)
(-0.00167211,0.0651615)
(0.00450629,-0.0224248)
(-0.0013918,0.0539667)
(0.00373066,-0.0185668)
(-0.000999245,0.038491)
(0.0026592,-0.0132371)
(-0.000523041,0.0200145)
(0.00138173,-0.00687999)
(-0.000517988,0.0203764)
(0.00140949,-0.00701542)
(-0.00099333,0.0390722)
(0.00270269,-0.0134521)
(-0.00138699,0.0545463)
(0.00377296,-0.0187794)
(-0.00166689,0.0655258)
(0.00453215,-0.0225588)
(-0.00181075,0.0711142)
(0.00491806,-0.0244811)
(-0.00180808,0.0708711)
(0.00489994,-0.0243939)
(-0.001661,0.0648548)
(0.00448162,-0.0223169)
(-0.00138303,0.0536231)
(0.0037019,-0.0184425)
(-0.00099557,0.0381745)
(0.00263134,-0.0131185)
(-0.000523785,0.0198202)
(0.00136366,-0.00680439)
(-0.000474643,0.0187032)
(0.00129359,-0.0064396)
(-0.000909863,0.0358582)
(0.00248002,-0.0123461)
(-0.00126955,0.0500446)
(0.0034609,-0.0172303)
(-0.00152401,0.0600879)
(0.00415478,-0.0206876)
(-0.0016527,0.0651597)
(0.004504,-0.022432)
(-0.00164644,0.0648535)
(0.0044799,-0.0223222)
(-0.00150873,0.0592315)
(0.00408632,-0.0203782)
(-0.00125491,0.0488363)
(0.00336123,-0.0167863)
(-0.000906815,0.0346472)
(0.00237551,-0.0118889)
(-0.000482658,0.0179379)
(0.00122403,-0.00614054)
(-0.000393153,0.0155215)
(0.00107337,-0.00534431)
(-0.000753275,0.0297531)
(0.00205739,-0.0102445)
(-0.00105002,0.0415106)
(0.00286992,-0.0142927)
(-0.00125829,0.0498126)
(0.00344271,-0.0171507)
(-0.00136052,0.0539638)
(0.00372698,-0.0185783)
(-0.00134895,0.0536199)
(0.00369786,-0.018455)
(-0.00122777,0.0488338)
(0.00335793,-0.0167963)
(-0.00101435,0.0400834)
(0.0027408,-0.0137644)
(-0.00073427,0.0282627)
(0.00191448,-0.00967213)
(-0.000400315,0.0145597)
(0.000975086,-0.00495416)
(-0.000280471,0.011093)
(0.000767003,-0.00381963)
(-0.000537073,0.0212609)
(0.00146985,-0.00732074)
(-0.000747767,0.0296533)
(0.00204946,-0.0102105)
(-0.000894042,0.0355636)
(0.00245644,-0.0122452)
(-0.000962464,0.0384876)
(0.00265492,-0.0132505)
(-0.000946324,0.0381699)
(0.00262551,-0.0131366)
(-0.000848209,0.0346417)
(0.00236819,-0.0119108)
(-0.00068446,0.0282578)
(0.00190751,-0.00969144)
(-0.000486912,0.0197345)
(0.0013033,-0.00672789)
(-0.000275572,0.0101106)
(0.000652317,-0.00340536)
(-0.000145863,0.00577695)
(0.000399385,-0.00198921)
(-0.000279177,0.0110709)
(0.000765241,-0.00381212)
(-0.000388285,0.0154374)
(0.00106663,-0.00531569)
(-0.0004632,0.0185065)
(0.00127752,-0.00637227)
(-0.000496229,0.020012)
(0.00137865,-0.00688976)
(-0.000482558,0.0198164)
(0.00135877,-0.00681954)
(-0.000421652,0.017932)
(0.00121606,-0.00616366)
(-0.000321983,0.0145516)
(0.000962348,-0.00498622)
(-0.000210663,0.0101025)
(0.000636509,-0.00343688)
(-0.000120953,0.00525669)
(0.000314883,-0.00175792)
(-0.000136523,0.00534753)
(0.000370072,-0.001841)
(-0.000261968,0.0102576)
(0.000709891,-0.00353137)
(-0.000366172,0.0143291)
(0.000991714,-0.00493299)
(-0.000440724,0.0172306)
(0.00119261,-0.00593178)
(-0.000479636,0.018728)
(0.00129637,-0.00644709)
(-0.000479805,0.0187035)
(0.00129479,-0.00643834)
(-0.000441219,0.0171643)
(0.00118835,-0.00590818)
(-0.000366919,0.0142415)
(0.000986066,-0.00490175)
(-0.000262764,0.0101764)
(0.000704629,-0.00350231)
(-0.000137052,0.00529894)
(0.00036691,-0.00182357)
(-0.000261792,0.0102576)
(0.00070987,-0.00353143)
(-0.000502324,0.0196753)
(0.00136166,-0.00677367)
(-0.0007021,0.0274831)
(0.00190212,-0.0094616)
(-0.000844997,0.0330451)
(0.00228725,-0.0113762)
(-0.000919562,0.035912)
(0.00248593,-0.0123628)
(-0.000919889,0.0358586)
(0.00248251,-0.0123438)
(-0.000845993,0.0329008)
(0.00227798,-0.0113249)
(-0.000703692,0.0272919)
(0.00188978,-0.0093934)
(-0.000504117,0.0194974)
(0.0013501,-0.00670996)
(-0.000263033,0.0101508)
(0.000702884,-0.00349307)
(-0.000365493,0.014329)
(0.000991633,-0.00493324)
(-0.000701257,0.027483)
(0.00190202,-0.00946191)
(-0.000980044,0.0383849)
(0.00265668,-0.0132151)
(-0.00117936,0.0461451)
(0.00319407,-0.0158865)
(-0.00128328,0.0501361)
(0.00347073,-0.0172599)
(-0.0012837,0.0500449)
(0.00346488,-0.0172276)
(-0.00118077,0.0458979)
(0.00317815,-0.0157987)
(-0.000982616,0.0380554)
(0.00263531,-0.0130975)
(-0.000704491,0.0271742)
(0.00188177,-0.00935106)
(-0.000367911,0.0141428)
(0.000979275,-0.004866)
(-0.000439119,0.0172305)
(0.00119242,-0.00593237)
(-0.000842414,0.0330448)
(0.00228694,-0.0113772)
(-0.00117708,0.0461448)
(0.0031938,-0.0158873)
(-0.0014161,0.0554586)
(0.00383884,-0.0190937)
(-0.00154048,0.060231)
(0.00416978,-0.0207362)
(-0.00154075,0.0600878)
(0.00416055,-0.0206855)
(-0.00141748,0.0550681)
(0.00381352,-0.0189552)
(-0.00118058,0.0456184)
(0.00315927,-0.0156994)
(-0.000847839,0.0325453)
(0.00225357,-0.011197)
(-0.000443729,0.0169265)
(0.00117166,-0.00582161)
(-0.000476691,0.0187278)
(0.00129602,-0.00644817)
(-0.000914298,0.0359115)
(0.00248531,-0.0123647)
(-0.00127706,0.0501355)
(0.00346998,-0.0172622)
(-0.0015356,0.0602306)
(0.0041692,-0.0207379)
(-0.00166948,0.0653733)
(0.00452592,-0.022508)
(-0.00166893,0.0651586)
(0.00451189,-0.0224325)
(-0.00153543,0.0596393)
(0.00413022,-0.0205287)
(-0.00128052,0.0493242)
(0.00341551,-0.0169721)
(-0.000922878,0.0351253)
(0.00243087,-0.012079)
(-0.000485662,0.0182422)
(0.00126103,-0.00626833)
(-0.000475281,0.018703)
(0.00129425,-0.00644)
(-0.00091128,0.0358578)
(0.00248148,-0.012347)
(-0.00127205,0.0500438)
(0.00346349,-0.0172319)
(-0.00152812,0.0600866)
(0.00415904,-0.0206902)
(-0.00165918,0.0651577)
(0.00451072,-0.0224361)
(-0.00165621,0.0648504)
(0.00449004,-0.0223284)
(-0.00152236,0.0592272)
(0.00410048,-0.0203867)
(-0.00127166,0.0488311)
(0.00337851,-0.0167968)
(-0.000923244,0.034642)
(0.00239205,-0.0118994)
(-0.000493057,0.0179346)
(0.0012338,-0.00614746)
(-0.000435274,0.0171638)
(0.00118765,-0.00591036)
(-0.000834133,0.0328997)
(0.00227657,-0.0113292)
(-0.00116319,0.0458963)
(0.00317607,-0.0158051)
(-0.00139496,0.055066)
(0.00381085,-0.0189635)
(-0.00151053,0.059637)
(0.00412727,-0.0205379)
(-0.00150204,0.0592253)
(0.00409807,-0.0203942)
(-0.00137484,0.0538891)
(0.00372583,-0.0185487)
(-0.00114773,0.0441655)
(0.00304581,-0.0151813)
(-0.000844655,0.0310704)
(0.00212898,-0.0106435)
(-0.000469523,0.0159685)
(0.0010811,-0.00543545)
(-0.000360306,0.0142409)
(0.000985287,-0.00490418)
(-0.000689965,0.0272907)
(0.00188816,-0.00939844)
(-0.000960713,0.0380533)
(0.00263273,-0.0131055)
(-0.00114891,0.0456155)
(0.00315556,-0.0157109)
(-0.00123772,0.0493202)
(0.00341051,-0.0169877)
(-0.00121954,0.0488262)
(0.00337241,-0.0168159)
(-0.00110005,0.0441611)
(0.00304016,-0.0151988)
(-0.000904324,0.035788)
(0.00244219,-0.0122842)
(-0.000674704,0.0246993)
(0.00165069,-0.00840702)
(-0.000415542,0.0124793)
(0.000803945,-0.00416289)
(-0.000256858,0.0101758)
(0.000703938,-0.00350448)
(-0.000491444,0.0194962)
(0.00134862,-0.0067146)
(-0.000682992,0.0271722)
(0.00187929,-0.00935891)
(-0.000813542,0.0325422)
(0.00224964,-0.0112095)
(-0.000868956,0.0351204)
(0.00242474,-0.0120986)
(-0.000840072,0.0346344)
(0.00238256,-0.0119296)
(-0.000726429,0.0310594)
(0.00211496,-0.010687)
(-0.000550119,0.0246873)
(0.00163414,-0.00845451)
(-0.000384092,0.0163275)
(0.00100906,-0.00549303)
(-0.000298411,0.00801319)
(0.000453948,-0.00254194)
(-0.000133507,0.00529861)
(0.000366498,-0.00182487)
(-0.00025524,0.0101501)
(0.000701986,-0.00349591)
(-0.000354076,0.0141415)
(0.000977704,-0.00487102)
(-0.000419958,0.0169243)
(0.00116902,-0.00583018)
(-0.000443765,0.0182384)
(0.00125648,-0.00628334)
(-0.000416392,0.0179276)
(0.00122545,-0.00617495)
(-0.000328204,0.0159554)
(0.00106435,-0.00548741)
(-0.000179234,0.0124552)
(0.000767348,-0.00425787)
(-3.65198e-05,0.00797843)
(0.00038208,-0.00267676)
(-7.54414e-05,0.00453058)
(0.00016508,-0.00140246)
(-0.000113378,0.0044402)
(0.000307352,-0.00152871)
(-0.000217557,0.00851679)
(0.000589566,-0.00293222)
(-0.000304101,0.0118965)
(0.00082359,-0.00409576)
(-0.00036603,0.0143039)
(0.000990379,-0.00492454)
(-0.000398382,0.0155447)
(0.00107647,-0.00535163)
(-0.000398585,0.0155215)
(0.00107506,-0.00534345)
(-0.000366626,0.0142412)
(0.000986583,-0.00490245)
(-0.000304999,0.0118136)
(0.000818549,-0.00406645)
(-0.000218516,0.00843975)
(0.000584857,-0.00290489)
(-0.000114018,0.00439402)
(0.000304515,-0.00151228)
(-0.000217397,0.00851678)
(0.000589546,-0.00293228)
(-0.000417139,0.0163354)
(0.00113083,-0.00562418)
(-0.000583043,0.0228159)
(0.0015796,-0.00785533)
(-0.000701734,0.0274298)
(0.00189931,-0.00944377)
(-0.000763728,0.0298043)
(0.00206412,-0.0102611)
(-0.000764145,0.0297531)
(0.00206106,-0.0102431)
(-0.000702998,0.0272913)
(0.001891,-0.00939504)
(-0.000585053,0.0226319)
(0.00156851,-0.00779035)
(-0.000419404,0.0161635)
(0.00112039,-0.00556322)
(-0.000218973,0.00841342)
(0.000583212,-0.00289546)
(-0.000303478,0.0118964)
(0.000823515,-0.00409599)
(-0.000582264,0.0228158)
(0.00157951,-0.00785562)
(-0.000813741,0.0318627)
(0.00220609,-0.0109705)
(-0.000979256,0.0382977)
(0.00265211,-0.0131861)
(-0.00106565,0.0415998)
(0.00288151,-0.0143228)
(-0.00106626,0.0415102)
(0.00287622,-0.0142915)
(-0.000981254,0.0380541)
(0.0026377,-0.0131007)
(-0.00081729,0.0315362)
(0.00218663,-0.0108555)
(-0.000586697,0.0225079)
(0.00156094,-0.00774639)
(-0.000306812,0.01171)
(0.000812077,-0.00402935)
(-0.000364544,0.0143037)
(0.000990201,-0.00492509)
(-0.000699325,0.0274296)
(0.00189902,-0.00944466)
(-0.000977105,0.0382975)
(0.00265185,-0.0131869)
(-0.00117549,0.046016)
(0.00318709,-0.0158447)
(-0.00127883,0.049957)
(0.00346128,-0.0172018)
(-0.00127944,0.0498112)
(0.00345282,-0.0171512)
(-0.001178,0.0456161)
(0.00316381,-0.0157055)
(-0.000982715,0.0377531)
(0.00261982,-0.0129958)
(-0.000707687,0.0269071)
(0.00186756,-0.00925899)
(-0.000371673,0.0139836)
(0.000970244,-0.00480969)
(-0.000395624,0.0155445)
(0.00107613,-0.00535264)
(-0.00075875,0.0298038)
(0.00206352,-0.0102629)
(-0.00105966,0.0415992)
(0.00288079,-0.014325)
(-0.00127401,0.0499566)
(0.0034607,-0.0172035)
(-0.001385,0.0541892)
(0.00375584,-0.0186618)
(-0.00138493,0.0539604)
(0.00374274,-0.0185832)
(-0.00127566,0.0493197)
(0.00342406,-0.0169836)
(-0.00106729,0.040709)
(0.00282869,-0.0140137)
(-0.000774342,0.0289223)
(0.00200976,-0.00994824)
(-0.000411716,0.0149935)
(0.00104009,-0.00515051)
(-0.000394294,0.0155211)
(0.00107455,-0.00534503)
(-0.000755869,0.0297523)
(0.00206006,-0.0102462)
(-0.00105479,0.0415091)
(0.00287484,-0.0142957)
(-0.00126657,0.04981)
(0.00345126,-0.017156)
(-0.00137452,0.0539594)
(0.00374147,-0.0185871)
(-0.00137182,0.0536127)
(0.0037216,-0.0184694)
(-0.00126268,0.0488228)
(0.00339429,-0.0168182)
(-0.00106123,0.0400687)
(0.00278948,-0.0137939)
(-0.00078373,0.0282471)
(0.00196436,-0.00970378)
(-0.00043283,0.0145492)
(0.00100405,-0.00497641)
(-0.000360902,0.0142407)
(0.0009859,-0.00490456)
(-0.000691375,0.0272902)
(0.00188961,-0.00939933)
(-0.000963478,0.0380525)
(0.00263557,-0.0131073)
(-0.00115415,0.0456138)
(0.00316094,-0.0157143)
(-0.00124759,0.0493171)
(0.00342066,-0.016994)
(-0.0012378,0.0488205)
(0.00339127,-0.0168274)
(-0.00113204,0.0441511)
(0.00307338,-0.0152189)
(-0.000953711,0.0357725)
(0.00249347,-0.0123153)
(-0.000733031,0.0246809)
(0.00170877,-0.00844463)
(-0.000455918,0.0124659)
(0.000833948,-0.00419276)
(-0.000298533,0.011813)
(0.000817783,-0.00406883)
(-0.000571322,0.0226306)
(0.00156688,-0.0077954)
(-0.000794477,0.031534)
(0.00218393,-0.0108639)
(-0.000947684,0.0377498)
(0.00261566,-0.0130087)
(-0.00101584,0.0407042)
(0.00282259,-0.0140326)
(-0.000991362,0.0400622)
(0.00278119,-0.0138196)
(-0.000880105,0.0357657)
(0.00248475,-0.0123423)
(-0.000717486,0.0281232)
(0.0019444,-0.00968003)
(-0.0005855,0.0180768)
(0.00120391,-0.00610015)
(-0.000511884,0.00845732)
(0.000475396,-0.00262061)
(-0.000212657,0.00843921)
(0.000584169,-0.00290703)
(-0.000406468,0.0161624)
(0.00111888,-0.00556796)
(-0.000563604,0.0225058)
(0.00155826,-0.00775483)
(-0.000667901,0.0269034)
(0.00186301,-0.00927345)
(-0.00070473,0.028916)
(0.00200196,-0.00997341)
(-0.000659976,0.0282359)
(0.00195075,-0.00974827)
(-0.000521132,0.0246616)
(0.00168544,-0.00852084)
(-0.000302729,0.0180506)
(0.00117039,-0.00620411)
(-0.000167182,0.00844324)
(0.000405776,-0.00271762)
(-0.000500972,0.00231628)
(1.18421e-05,-0.000163962)
(-0.000110461,0.00439369)
(0.000304102,-0.00151358)
(-0.000210885,0.00841268)
(0.000582284,-0.0028984)
(-0.000291547,0.0117086)
(0.000810366,-0.00403487)
(-0.000342842,0.013981)
(0.000967155,-0.00481998)
(-0.000353588,0.0149884)
(0.00103429,-0.00517085)
(-0.000305294,0.0145383)
(0.000992387,-0.00502004)
(-0.000157585,0.0124404)
(0.000807167,-0.00429434)
(0.000161659,0.0083948)
(0.000395552,-0.00286823)
(0.000551149,0.00216839)
(-0.000309234,-0.000736097)
(1.01194e-05,0.00449438)
(-0.000149793,-0.00105906)
(-8.10796e-05,0.00317483)
(0.000219807,-0.0010931)
(-0.000155582,0.00608946)
(0.000421629,-0.00209662)
(-0.000217475,0.00850537)
(0.000588977,-0.00292842)
(-0.000261774,0.0102256)
(0.000708227,-0.00352069)
(-0.000284935,0.0111113)
(0.000769751,-0.00382558)
(-0.000285126,0.0110929)
(0.000768702,-0.00381916)
(-0.000262331,0.010176)
(0.000705391,-0.00350334)
(-0.000218317,0.00843957)
(0.000585209,-0.00290535)
(-0.000156483,0.00602819)
(0.000418105,-0.00207507)
(-8.16833e-05,0.00313807)
(0.00021768,-0.00108013)
(-0.000155458,0.00608945)
(0.000421614,-0.00209666)
(-0.000298293,0.0116792)
(0.0008087,-0.00402129)
(-0.000416935,0.0163113)
(0.0011296,-0.00561619)
(-0.000501831,0.0196076)
(0.00135817,-0.00675116)
(-0.000546217,0.0213016)
(0.00147594,-0.00733438)
(-0.000546623,0.0212606)
(0.00147365,-0.00732013)
(-0.000503058,0.0194964)
(0.00135196,-0.00671246)
(-0.000418887,0.0161631)
(0.00112131,-0.00556442)
(-0.000300502,0.0115404)
(0.00080088,-0.00397257)
(-0.000157007,0.00600582)
(0.000416856,-0.00206716)
(-0.000216994,0.00850533)
(0.000588919,-0.0029286)
(-0.00041633,0.0163113)
(0.00112953,-0.00561642)
(-0.000581842,0.0227767)
(0.00157754,-0.00784274)
(-0.000700211,0.0273725)
(0.00189639,-0.00942533)
(-0.000762071,0.0297258)
(0.00206028,-0.0102358)
(-0.000762711,0.0296524)
(0.00205634,-0.0102105)
(-0.000702292,0.0271722)
(0.00188565,-0.00935622)
(-0.000585512,0.0225069)
(0.00156303,-0.00774913)
(-0.000420925,0.0160555)
(0.00111562,-0.00552697)
(-0.000220491,0.00835012)
(0.0005803,-0.00287381)
(-0.000260618,0.0102255)
(0.000708087,-0.00352112)
(-0.000499945,0.0196075)
(0.00135794,-0.00675186)
(-0.00069851,0.0273723)
(0.00189618,-0.00942596)
(-0.000840334,0.0328813)
(0.00227874,-0.0113235)
(-0.000914305,0.0356847)
(0.00247458,-0.0122895)
(-0.000915089,0.0355614)
(0.00246832,-0.0122476)
(-0.00084333,0.0325412)
(0.00226152,-0.0112076)
(-0.000704916,0.0269046)
(0.00187246,-0.00926533)
(-0.000509388,0.0191539)
(0.00133447,-0.00659399)
(-0.000268805,0.00994694)
(0.000692941,-0.00342238)
(-0.000282771,0.0111111)
(0.000769489,-0.00382638)
(-0.000542278,0.0213012)
(0.00147546,-0.00733584)
(-0.000757266,0.0297254)
(0.00205969,-0.0102376)
(-0.000910362,0.0356843)
(0.0024741,-0.012291)
(-0.000989703,0.0386843)
(0.00268483,-0.0133261)
(-0.000990117,0.0384826)
(0.00267525,-0.0132588)
(-0.000913501,0.0351168)
(0.0024474,-0.012101)
(-0.000767571,0.0289164)
(0.00202175,-0.00996368)
(-0.000561983,0.0204828)
(0.00143554,-0.00705245)
(-0.000303563,0.0105988)
(0.000741357,-0.00364251)
(-0.000281722,0.0110926)
(0.000768291,-0.00382042)
(-0.000539985,0.0212599)
(0.00147285,-0.00732258)
(-0.00075334,0.0296515)
(0.00205519,-0.010214)
(-0.000904275,0.0355604)
(0.00246697,-0.0122517)
(-0.000981043,0.0384818)
(0.0026741,-0.0132622)
(-0.000979366,0.0381595)
(0.00265981,-0.0131574)
(-0.00090375,0.0346243)
(0.00242638,-0.0119455)
(-0.000766743,0.0282321)
(0.00199443,-0.00974262)
(-0.000580802,0.019705)
(0.00140079,-0.00678692)
(-0.000339552,0.0100898)
(0.000707482,-0.00344983)
(-0.000257737,0.0101756)
(0.000704837,-0.00350503)
(-0.000493592,0.0194955)
(0.00135081,-0.00671596)
(-0.000687449,0.0271708)
(0.00188383,-0.00936174)
(-0.000822678,0.0325393)
(0.00225894,-0.0112153)
(-0.000887961,0.0351144)
(0.00244411,-0.0121106)
(-0.000879659,0.0346219)
(0.00242315,-0.0119547)
(-0.000805755,0.0310346)
(0.00219733,-0.0107369)
(-0.000691034,0.0246432)
(0.00178293,-0.00854218)
(-0.000568128,0.0162698)
(0.00120015,-0.00560874)
(-0.000429102,0.00796876)
(0.000532956,-0.00264546)
(-0.000213061,0.00843908)
(0.000584579,-0.00290729)
(-0.000407515,0.016162)
(0.00111994,-0.00556863)
(-0.000565994,0.0225051)
(0.00156066,-0.00775636)
(-0.000673478,0.0269017)
(0.00186857,-0.00927705)
(-0.000718338,0.0289117)
(0.00201547,-0.0099822)
(-0.000694149,0.028225)
(0.00198476,-0.00977032)
(-0.000605985,0.0246349)
(0.00177106,-0.00857513)
(-0.000492458,0.0179911)
(0.00136739,-0.0063234)
(-0.00044059,0.00835747)
(0.00068966,-0.00288952)
(-0.000669724,0.00224686)
(-8.56157e-05,-0.000372722)
(-0.000151663,0.00602774)
(0.000417533,-0.00207684)
(-0.000289606,0.0115394)
(0.000799588,-0.00397657)
(-0.000400652,0.0160536)
(0.00111322,-0.00553442)
(-0.000472243,0.0191505)
(0.00133007,-0.00660764)
(-0.000491338,0.0204762)
(0.00142717,-0.00707842)
(-0.000440869,0.019692)
(0.0013842,-0.00683836)
(-0.000293842,0.0162443)
(0.00116764,-0.00570958)
(-3.31056e-05,0.00831964)
(0.000641355,-0.00303933)
(0.000305778,-0.0119855)
(-0.000828663,0.00412543)
(-0.000675621,-0.018176)
(-0.00167733,0.00737358)
(-7.8729e-05,0.0031378)
(0.000217335,-0.00108121)
(-0.000150096,0.00600519)
(0.000416057,-0.00206968)
(-0.00020676,0.00834887)
(0.000578755,-0.00287878)
(-0.000240742,0.00994442)
(0.000689973,-0.00343236)
(-0.00024026,0.0105933)
(0.000735514,-0.00366422)
(-0.000177541,0.0100769)
(0.00069639,-0.00350173)
(3.63614e-05,0.00793599)
(0.000518602,-0.00277805)
(0.000676191,0.00217213)
(-4.88097e-05,-0.000682195)
(0.00191587,-0.0184166)
(-0.00198454,0.00642085)
(8.00552e-06,0.00938523)
(-0.000264357,-0.00226288)
(-4.22421e-05,0.00165391)
(0.000114523,-0.000569461)
(-8.10577e-05,0.00317218)
(0.000219673,-0.00109223)
(-0.000113306,0.00443052)
(0.000306858,-0.00152549)
(-0.00013639,0.00532627)
(0.000368979,-0.00183392)
(-0.000148467,0.00578709)
(0.000401023,-0.00199258)
(-0.000148584,0.00577687)
(0.000400466,-0.00198903)
(-0.000136732,0.00529865)
(0.000367474,-0.00182432)
(-0.000113823,0.00439385)
(0.000304859,-0.00151273)
(-8.16132e-05,0.00313801)
(0.000217804,-0.00108029)
(-4.26156e-05,0.00163339)
(0.000113395,-0.000562269)
(-8.09905e-05,0.00317218)
(0.000219665,-0.00109225)
(-0.000155404,0.00608389)
(0.000421335,-0.00209483)
(-0.000217217,0.00849638)
(0.000588515,-0.00292553)
(-0.000261455,0.0102126)
(0.000707583,-0.0035165)
(-0.000284602,0.0110936)
(0.000768922,-0.00381991)
(-0.000284857,0.0110706)
(0.000767712,-0.00381198)
(-0.000262226,0.0101501)
(0.000704307,-0.00349496)
(-0.000218445,0.00841296)
(0.000584146,-0.00289667)
(-0.000156799,0.00600564)
(0.000417225,-0.00206762)
(-8.19737e-05,0.00312505)
(0.000217167,-0.00107578)
(-0.000113042,0.00443049)
(0.000306826,-0.00152559)
(-0.000216885,0.00849635)
(0.000588475,-0.00292565)
(-0.000303109,0.0118633)
(0.000821871,-0.00408512)
(-0.000364785,0.0142555)
(0.000987963,-0.004909)
(-0.000397049,0.0154785)
(0.00107332,-0.00533037)
(-0.000397472,0.0154367)
(0.00107127,-0.00531616)
(-0.000366152,0.0141412)
(0.000982379,-0.00487009)
(-0.000305513,0.0117088)
(0.00081438,-0.00403229)
(-0.0002199,0.00834963)
(0.000581355,-0.00287508)
(-0.000115358,0.00434167)
(0.000302437,-0.00149467)
(-0.000135754,0.00532621)
(0.000368902,-0.00183415)
(-0.000260415,0.0102125)
(0.000707456,-0.00351689)
(-0.00036384,0.0142554)
(0.000987847,-0.00490935)
(-0.000437722,0.0171216)
(0.00118713,-0.00589683)
(-0.000476308,0.0185764)
(0.00128915,-0.00639852)
(-0.000476885,0.0185047)
(0.00128598,-0.00637464)
(-0.000439862,0.016923)
(0.00117849,-0.00583057)
(-0.000368305,0.0139807)
(0.00097623,-0.00481718)
(-0.000266943,0.00994544)
(0.000696287,-0.0034262)
(-0.000141506,0.00516412)
(0.00036184,-0.00177805)
(-0.00014727,0.00578698)
(0.000400877,-0.00199302)
(-0.000282414,0.0110934)
(0.000768654,-0.00382072)
(-0.000394356,0.0154783)
(0.00107299,-0.00533137)
(-0.00047407,0.0185762)
(0.00128887,-0.00639936)
(-0.000515448,0.0201287)
(0.00139875,-0.00693582)
(-0.000515959,0.020008)
(0.00139419,-0.00689681)
(-0.000476851,0.0182343)
(0.0012766,-0.00628873)
(-0.000402318,0.0149855)
(0.00105683,-0.00517109)
(-0.000296959,0.0105937)
(0.000753306,-0.00365537)
(-0.000163067,0.00548859)
(0.000390807,-0.00189049)
(-0.00014669,0.00577669)
(0.000400235,-0.00198974)
(-0.000281139,0.0110703)
(0.000767255,-0.00381337)
(-0.000392161,0.0154362)
(0.0010706,-0.00531815)
(-0.000470657,0.0185041)
(0.00128517,-0.00637699)
(-0.000510629,0.0200075)
(0.00139347,-0.00689886)
(-0.00051022,0.0198077)
(0.00138749,-0.00683693)
(-0.000472569,0.0179161)
(0.00126995,-0.00619529)
(-0.000405116,0.0145258)
(0.00105346,-0.00503669)
(-0.000313638,0.0100709)
(0.000754697,-0.00349738)
(-0.000195547,0.00523329)
(0.000392335,-0.00180482)
(-0.000134157,0.0052984)
(0.00036716,-0.00182528)
(-0.000256874,0.0101496)
(0.000703646,-0.00349695)
(-0.000357632,0.0141404)
(0.0009813,-0.00487329)
(-0.000427768,0.0169219)
(0.00117689,-0.00583519)
(-0.000461552,0.0182328)
(0.00127438,-0.00629474)
(-0.000457847,0.0179146)
(0.00126747,-0.0062014)
(-0.000423024,0.0159256)
(0.0011628,-0.00554702)
(-0.000373343,0.012395)
(0.000980816,-0.00437542)
(-0.000320002,0.00789293)
(0.000733115,-0.00283365)
(-0.000303039,0.00445918)
(0.000401398,-0.00154557)
(-0.000110854,0.00439357)
(0.000304498,-0.00151383)
(-0.000211948,0.00841235)
(0.000583345,-0.00289909)
(-0.000294153,0.0117078)
(0.000812934,-0.00403656)
(-0.000349566,0.0139789)
(0.000973681,-0.00482438)
(-0.000372271,0.0149824)
(0.00105217,-0.00518317)
(-0.00036029,0.0145207)
(0.0010447,-0.00505642)
(-0.000322201,0.012388)
(0.000966169,-0.00440233)
(-0.000290265,0.00825302)
(0.000864791,-0.00315238)
(-0.000213257,0.00194507)
(0.000757138,-0.00111406)
(-0.000697333,0.00427244)
(0.000584767,-0.00150387)
(-7.88697e-05,0.00313775)
(0.000217474,-0.0010813)
(-0.00015051,0.00600506)
(0.000416459,-0.00206995)
(-0.000207929,0.00834849)
(0.000579853,-0.00287956)
(-0.000244382,0.00994325)
(0.000693254,-0.00343484)
(-0.000252998,0.0105892)
(0.000746434,-0.0036731)
(-0.000226821,0.0100607)
(0.000736291,-0.00353696)
(-0.000168185,0.00786839)
(0.000674295,-0.002928)
(-0.000168399,0.00189068)
(0.000555466,-0.00131589)
(0.000177074,-0.0189621)
(-0.000179111,0.00532758)
(-0.00139489,0.00894512)
(0.00119229,-0.00314495)
(-4.09238e-05,0.00163323)
(0.000113195,-0.000562891)
(-7.7948e-05,0.00312468)
(0.00021669,-0.00107726)
(-0.000107128,0.00434091)
(0.000301461,-0.0014977)
(-0.000124019,0.00516249)
(0.000359767,-0.00178448)
(-0.000121776,0.00548476)
(0.000385912,-0.00190567)
(-8.43731e-05,0.00522297)
(0.000379156,-0.00184569)
(3.61708e-05,0.00442769)
(0.000361187,-0.00167027)
(0.000357049,0.00417456)
(0.000459777,-0.00189151)
(0.000695975,0.00875102)
(0.000944436,-0.00391363)
(0.000109835,-0.00430516)
(-0.000297653,0.00148184)
