(5.46432e-08,-4.72062e-08)
(1.01462e-07,-1.74299e-07)
(1.90324e-07,-5.60413e-08)
(2.26617e-07,-3.39324e-07)
(2.98113e-07,-8.13837e-08)
(4.0448e-07,-5.42547e-07)
(4.42928e-07,-1.44919e-07)
(5.97207e-07,-8.27308e-07)
(5.90583e-07,-1.86295e-07)
(8.32583e-07,-1.09522e-06)
(7.61228e-07,-3.05941e-07)
(1.04388e-06,-1.32985e-06)
(8.53329e-07,-3.32314e-07)
(1.17776e-06,-1.47063e-06)
(8.24837e-07,-3.9668e-07)
(1.16955e-06,-1.44831e-06)
(6.93494e-07,-3.27306e-07)
(9.73075e-07,-1.15989e-06)
(3.94128e-07,-2.01078e-07)
(5.49738e-07,-6.51148e-07)
(1.65894e-07,-7.13515e-08)
(2.62126e-07,-3.70758e-07)
(3.45198e-07,-9.94755e-08)
(5.335e-07,-7.46e-07)
(6.24701e-07,-1.95276e-07)
(8.62409e-07,-1.22106e-06)
(8.93505e-07,-2.83944e-07)
(1.303e-06,-1.82379e-06)
(1.27052e-06,-4.68525e-07)
(1.79954e-06,-2.47541e-06)
(1.63361e-06,-6.17468e-07)
(2.31768e-06,-3.05462e-06)
(1.87481e-06,-8.33389e-07)
(2.64173e-06,-3.42692e-06)
(1.91082e-06,-9.24586e-07)
(2.69289e-06,-3.36204e-06)
(1.60012e-06,-8.1508e-07)
(2.23345e-06,-2.74194e-06)
(9.32079e-07,-4.88062e-07)
(1.28742e-06,-1.53366e-06)
(3.01528e-07,-8.54205e-08)
(4.19009e-07,-5.55041e-07)
(5.97043e-07,-1.55633e-07)
(8.59303e-07,-1.25024e-06)
(9.56685e-07,-2.60471e-07)
(1.43284e-06,-2.09831e-06)
(1.50357e-06,-5.1995e-07)
(2.19038e-06,-3.18546e-06)
(2.15814e-06,-8.06762e-07)
(3.11724e-06,-4.38744e-06)
(2.81946e-06,-1.19557e-06)
(4.04459e-06,-5.54488e-06)
(3.36032e-06,-1.58846e-06)
(4.75647e-06,-6.31968e-06)
(3.46515e-06,-1.78494e-06)
(4.88324e-06,-6.30464e-06)
(2.9694e-06,-1.61673e-06)
(4.13247e-06,-5.16349e-06)
(1.72131e-06,-9.82453e-07)
(2.38955e-06,-2.92945e-06)
(4.03028e-07,-9.64136e-08)
(5.86049e-07,-8.73209e-07)
(8.16622e-07,-1.87849e-07)
(1.24931e-06,-1.92254e-06)
(1.45662e-06,-4.42096e-07)
(2.11356e-06,-3.26501e-06)
(2.28311e-06,-7.63176e-07)
(3.31462e-06,-4.98028e-06)
(3.31822e-06,-1.31443e-06)
(4.79806e-06,-7.03912e-06)
(4.47134e-06,-2.01429e-06)
(6.36349e-06,-9.12181e-06)
(5.39454e-06,-2.71191e-06)
(7.68224e-06,-1.05817e-05)
(5.7127e-06,-3.16633e-06)
(8.03703e-06,-1.07545e-05)
(4.93295e-06,-2.92001e-06)
(6.88567e-06,-8.94001e-06)
(2.93545e-06,-1.81519e-06)
(4.02786e-06,-5.11325e-06)
(4.81663e-07,-1.00244e-07)
(7.42514e-07,-1.20293e-06)
(1.11375e-06,-3.07655e-07)
(1.65405e-06,-2.6824e-06)
(1.95454e-06,-6.02091e-07)
(2.87719e-06,-4.652e-06)
(3.14984e-06,-1.14948e-06)
(4.59727e-06,-7.2618e-06)
(4.70468e-06,-2.00019e-06)
(6.79102e-06,-1.0504e-05)
(6.44637e-06,-3.11727e-06)
(9.27357e-06,-1.38967e-05)
(8.01893e-06,-4.34058e-06)
(1.14093e-05,-1.65411e-05)
(8.67181e-06,-5.15911e-06)
(1.22357e-05,-1.7099e-05)
(7.66577e-06,-4.91161e-06)
(1.06831e-05,-1.4412e-05)
(4.57311e-06,-3.08224e-06)
(6.32725e-06,-8.30861e-06)
(6.02507e-07,-1.40362e-07)
(8.98219e-07,-1.535e-06)
(1.36011e-06,-3.81282e-07)
(2.00592e-06,-3.44544e-06)
(2.41872e-06,-8.33411e-07)
(3.57176e-06,-6.0933e-06)
(3.98881e-06,-1.5907e-06)
(5.84364e-06,-9.74433e-06)
(6.0477e-06,-2.78324e-06)
(8.83295e-06,-1.4417e-05)
(8.53497e-06,-4.46122e-06)
(1.23279e-05,-1.95894e-05)
(1.08696e-05,-6.35862e-06)
(1.55593e-05,-2.38334e-05)
(1.20666e-05,-7.74412e-06)
(1.70433e-05,-2.51345e-05)
(1.08723e-05,-7.54963e-06)
(1.5193e-05,-2.15109e-05)
(6.59254e-06,-4.82537e-06)
(9.12635e-06,-1.24858e-05)
(6.26079e-07,-1.53702e-07)
(9.42734e-07,-1.75169e-06)
(1.47652e-06,-4.75071e-07)
(2.19674e-06,-3.99331e-06)
(2.70659e-06,-1.0176e-06)
(4.02232e-06,-7.19865e-06)
(4.49596e-06,-1.94557e-06)
(6.66432e-06,-1.18077e-05)
(7.01691e-06,-3.47558e-06)
(1.02952e-05,-1.78965e-05)
(1.00857e-05,-5.6904e-06)
(1.46807e-05,-2.48747e-05)
(1.31691e-05,-8.29651e-06)
(1.88909e-05,-3.10113e-05)
(1.49689e-05,-1.03833e-05)
(2.12044e-05,-3.33753e-05)
(1.37647e-05,-1.03348e-05)
(1.92831e-05,-2.89599e-05)
(8.48331e-06,-6.75061e-06)
(1.1762e-05,-1.69303e-05)
(6.14525e-07,-1.85153e-07)
(9.05138e-07,-1.75097e-06)
(1.4143e-06,-4.86834e-07)
(2.12779e-06,-4.03829e-06)
(2.62407e-06,-1.04769e-06)
(3.93392e-06,-7.46541e-06)
(4.44556e-06,-2.07325e-06)
(6.61523e-06,-1.24526e-05)
(7.01954e-06,-3.76974e-06)
(1.03878e-05,-1.93135e-05)
(1.03055e-05,-6.26797e-06)
(1.50812e-05,-2.74831e-05)
(1.36859e-05,-9.32204e-06)
(1.9821e-05,-3.50453e-05)
(1.5867e-05,-1.1881e-05)
(2.26489e-05,-3.84806e-05)
(1.48916e-05,-1.20649e-05)
(2.09841e-05,-3.38469e-05)
(9.3273e-06,-7.97349e-06)
(1.29691e-05,-1.98911e-05)
(4.7382e-07,-1.50043e-07)
(7.27847e-07,-1.46011e-06)
(1.11146e-06,-4.188e-07)
(1.68878e-06,-3.39042e-06)
(2.0986e-06,-9.03156e-07)
(3.17247e-06,-6.32972e-06)
(3.58846e-06,-1.79729e-06)
(5.38355e-06,-1.07465e-05)
(5.73278e-06,-3.29914e-06)
(8.56018e-06,-1.69875e-05)
(8.49967e-06,-5.56657e-06)
(1.25757e-05,-2.4664e-05)
(1.14265e-05,-8.38346e-06)
(1.67012e-05,-3.20712e-05)
(1.34234e-05,-1.08286e-05)
(1.93632e-05,-3.58073e-05)
(1.27749e-05,-1.10924e-05)
(1.81395e-05,-3.18813e-05)
(8.08258e-06,-7.39831e-06)
(1.1327e-05,-1.87731e-05)
(2.66345e-07,-8.31718e-08)
(4.02145e-07,-8.28497e-07)
(6.32925e-07,-2.41543e-07)
(9.51012e-07,-1.93307e-06)
(1.16847e-06,-5.14012e-07)
(1.77281e-06,-3.67513e-06)
(2.00593e-06,-1.04948e-06)
(3.03392e-06,-6.31911e-06)
(3.21897e-06,-1.95191e-06)
(4.82897e-06,-1.01096e-05)
(4.78225e-06,-3.318e-06)
(7.12945e-06,-1.48934e-05)
(6.44576e-06,-5.0212e-06)
(9.53346e-06,-1.96303e-05)
(7.58041e-06,-6.51058e-06)
(1.10631e-05,-2.2205e-05)
(7.23654e-06,-6.67156e-06)
(1.03841e-05,-1.99174e-05)
(4.59543e-06,-4.42591e-06)
(6.49049e-06,-1.17245e-05)
(1.98084e-07,-7.06729e-08)
(2.1174e-07,-3.59648e-07)
(3.44664e-07,-1.005e-07)
(5.29059e-07,-7.15818e-07)
(6.12147e-07,-1.88139e-07)
(8.99929e-07,-1.2032e-06)
(8.75774e-07,-2.58592e-07)
(1.33838e-06,-1.805e-06)
(1.28505e-06,-4.48004e-07)
(1.84238e-06,-2.41423e-06)
(1.67486e-06,-5.70785e-07)
(2.36198e-06,-2.98466e-06)
(1.93259e-06,-7.57349e-07)
(2.69119e-06,-3.37296e-06)
(1.95871e-06,-8.50049e-07)
(2.74852e-06,-3.31951e-06)
(1.63804e-06,-7.4982e-07)
(2.26317e-06,-2.69071e-06)
(9.57421e-07,-4.59939e-07)
(1.30343e-06,-1.49928e-06)
(3.35238e-07,-1.31586e-07)
(5.06286e-07,-7.56518e-07)
(7.64954e-07,-2.08069e-07)
(1.12378e-06,-1.63295e-06)
(1.26255e-06,-3.27504e-07)
(1.94784e-06,-2.70333e-06)
(2.01638e-06,-6.18682e-07)
(2.92295e-06,-4.02963e-06)
(2.86791e-06,-9.39416e-07)
(4.09987e-06,-5.49395e-06)
(3.73957e-06,-1.42007e-06)
(5.29198e-06,-6.96202e-06)
(4.42178e-06,-1.85227e-06)
(6.22681e-06,-7.89052e-06)
(4.5345e-06,-2.11625e-06)
(6.35403e-06,-7.87269e-06)
(3.87113e-06,-1.91109e-06)
(5.36198e-06,-6.42692e-06)
(2.24338e-06,-1.1568e-06)
(3.08823e-06,-3.64154e-06)
(5.88487e-07,-1.2309e-07)
(8.72968e-07,-1.27064e-06)
(1.22006e-06,-2.42008e-07)
(1.88116e-06,-2.76001e-06)
(2.20892e-06,-5.73839e-07)
(3.1961e-06,-4.70387e-06)
(3.44116e-06,-1.04082e-06)
(4.99135e-06,-7.12682e-06)
(4.99503e-06,-1.75328e-06)
(7.16262e-06,-9.97845e-06)
(6.67008e-06,-2.63802e-06)
(9.50992e-06,-1.28436e-05)
(8.03191e-06,-3.5915e-06)
(1.13454e-05,-1.48666e-05)
(8.44382e-06,-4.20212e-06)
(1.18631e-05,-1.50198e-05)
(7.26659e-06,-3.8967e-06)
(1.01305e-05,-1.24722e-05)
(4.29092e-06,-2.38843e-06)
(5.91536e-06,-7.10164e-06)
(8.10341e-07,-1.62866e-07)
(1.23307e-06,-1.90313e-06)
(1.86386e-06,-4.4916e-07)
(2.76013e-06,-4.25718e-06)
(3.28216e-06,-8.69813e-07)
(4.80598e-06,-7.33754e-06)
(5.27219e-06,-1.65604e-06)
(7.64955e-06,-1.14245e-05)
(7.80284e-06,-2.8749e-06)
(1.12897e-05,-1.64212e-05)
(1.0724e-05,-4.53596e-06)
(1.53264e-05,-2.16263e-05)
(1.32706e-05,-6.3458e-06)
(1.88069e-05,-2.56302e-05)
(1.43106e-05,-7.61937e-06)
(2.01141e-05,-2.64365e-05)
(1.26163e-05,-7.30451e-06)
(1.75444e-05,-2.223e-05)
(7.51755e-06,-4.61414e-06)
(1.03789e-05,-1.27987e-05)
(1.07276e-06,-2.35326e-07)
(1.67193e-06,-2.64922e-06)
(2.48485e-06,-5.99435e-07)
(3.69559e-06,-6.00105e-06)
(4.5129e-06,-1.28879e-06)
(6.62078e-06,-1.06244e-05)
(7.38317e-06,-2.49441e-06)
(1.08277e-05,-1.69727e-05)
(1.12842e-05,-4.46093e-06)
(1.63715e-05,-2.50687e-05)
(1.59081e-05,-7.24271e-06)
(2.28507e-05,-3.39373e-05)
(2.02777e-05,-1.0464e-05)
(2.8875e-05,-4.12501e-05)
(2.25383e-05,-1.29698e-05)
(3.16881e-05,-4.34964e-05)
(2.03206e-05,-1.27952e-05)
(2.82668e-05,-3.72122e-05)
(1.23497e-05,-8.27424e-06)
(1.7002e-05,-2.15987e-05)
(1.33552e-06,-2.86595e-07)
(2.00635e-06,-3.44559e-06)
(3.08545e-06,-8.04694e-07)
(4.59851e-06,-7.83782e-06)
(5.66553e-06,-1.76587e-06)
(8.39745e-06,-1.41765e-05)
(9.47776e-06,-3.48734e-06)
(1.40083e-05,-2.32518e-05)
(1.48781e-05,-6.38803e-06)
(2.17574e-05,-3.53063e-05)
(2.15912e-05,-1.06582e-05)
(3.12447e-05,-4.91588e-05)
(2.83824e-05,-1.58803e-05)
(4.05347e-05,-6.15003e-05)
(3.24654e-05,-2.02886e-05)
(4.5785e-05,-6.63792e-05)
(3.00814e-05,-2.06125e-05)
(4.18864e-05,-5.77977e-05)
(1.86004e-05,-1.36285e-05)
(2.56535e-05,-3.38509e-05)
(1.4461e-06,-3.69684e-07)
(2.2064e-06,-3.99081e-06)
(3.42163e-06,-9.98421e-07)
(5.12895e-06,-9.247e-06)
(6.36229e-06,-2.15655e-06)
(9.53945e-06,-1.70955e-05)
(1.09394e-05,-4.35113e-06)
(1.6237e-05,-2.87268e-05)
(1.75476e-05,-8.1799e-06)
(2.5852e-05,-4.48659e-05)
(2.6178e-05,-1.40159e-05)
(3.8098e-05,-6.44125e-05)
(3.53842e-05,-2.14969e-05)
(5.08416e-05,-8.28519e-05)
(4.16724e-05,-2.82915e-05)
(5.90447e-05,-9.17475e-05)
(3.96741e-05,-2.95773e-05)
(5.54241e-05,-8.13155e-05)
(2.51002e-05,-2.00249e-05)
(3.46042e-05,-4.79775e-05)
(1.40522e-06,-3.68885e-07)
(2.13536e-06,-4.05453e-06)
(3.30087e-06,-1.03569e-06)
(5.00989e-06,-9.54297e-06)
(6.26715e-06,-2.32651e-06)
(9.42276e-06,-1.79466e-05)
(1.09279e-05,-4.74256e-06)
(1.63501e-05,-3.09572e-05)
(1.78729e-05,-9.05025e-06)
(2.65458e-05,-4.96691e-05)
(2.72036e-05,-1.58763e-05)
(4.00111e-05,-7.33274e-05)
(3.76774e-05,-2.49284e-05)
(5.46327e-05,-9.70555e-05)
(4.55391e-05,-3.36305e-05)
(6.50455e-05,-0.000110145)
(4.45076e-05,-3.59884e-05)
(6.25144e-05,-9.93279e-05)
(2.87495e-05,-2.48822e-05)
(3.97727e-05,-5.88783e-05)
(1.09212e-06,-3.3266e-07)
(1.70433e-06,-3.4107e-06)
(2.63836e-06,-9.05641e-07)
(4.02831e-06,-8.06363e-06)
(5.05416e-06,-2.00961e-06)
(7.66945e-06,-1.54615e-05)
(8.88935e-06,-4.16389e-06)
(1.34406e-05,-2.7174e-05)
(1.4721e-05,-8.07981e-06)
(2.21173e-05,-4.46303e-05)
(2.2707e-05,-1.44141e-05)
(3.37621e-05,-6.75605e-05)
(3.18908e-05,-2.30083e-05)
(4.68373e-05,-9.16473e-05)
(3.91823e-05,-3.14975e-05)
(5.66305e-05,-0.000106409)
(3.89597e-05,-3.41591e-05)
(5.52832e-05,-9.73952e-05)
(2.55877e-05,-2.38523e-05)
(3.56451e-05,-5.77359e-05)
(6.19415e-07,-1.86389e-07)
(9.51736e-07,-1.94932e-06)
(1.46561e-06,-5.25283e-07)
(2.2541e-06,-4.66923e-06)
(2.82799e-06,-1.18093e-06)
(4.30073e-06,-9.0575e-06)
(4.9855e-06,-2.48899e-06)
(7.58548e-06,-1.61597e-05)
(8.26442e-06,-4.85317e-06)
(1.25394e-05,-2.69757e-05)
(1.27688e-05,-8.72957e-06)
(1.92364e-05,-4.15645e-05)
(1.79419e-05,-1.39969e-05)
(2.67344e-05,-5.74505e-05)
(2.20298e-05,-1.91909e-05)
(3.23314e-05,-6.78045e-05)
(2.19051e-05,-2.06972e-05)
(3.15223e-05,-6.26657e-05)
(1.43733e-05,-1.42759e-05)
(2.02749e-05,-3.69178e-05)
(2.72651e-07,-5.46326e-08)
(4.08866e-07,-5.48207e-07)
(6.00661e-07,-1.11684e-07)
(9.11673e-07,-1.22175e-06)
(9.77427e-07,-2.0577e-07)
(1.51888e-06,-2.05875e-06)
(1.58447e-06,-4.06526e-07)
(2.28504e-06,-3.08457e-06)
(2.28859e-06,-6.28454e-07)
(3.25414e-06,-4.19879e-06)
(3.01249e-06,-9.59567e-07)
(4.24038e-06,-5.33281e-06)
(3.55886e-06,-1.29727e-06)
(5.01029e-06,-6.07589e-06)
(3.64876e-06,-1.48531e-06)
(5.11624e-06,-6.05516e-06)
(3.10676e-06,-1.38743e-06)
(4.31785e-06,-4.97294e-06)
(1.81802e-06,-8.32078e-07)
(2.49331e-06,-2.80817e-06)
(5.82599e-07,-1.20051e-07)
(8.65757e-07,-1.25871e-06)
(1.21827e-06,-2.50045e-07)
(1.91252e-06,-2.70702e-06)
(2.25568e-06,-4.87276e-07)
(3.30526e-06,-4.6025e-06)
(3.5212e-06,-8.82273e-07)
(5.13099e-06,-6.97722e-06)
(5.17189e-06,-1.51828e-06)
(7.37256e-06,-9.75322e-06)
(6.89042e-06,-2.29883e-06)
(9.8126e-06,-1.25694e-05)
(8.29001e-06,-3.19076e-06)
(1.16967e-05,-1.45334e-05)
(8.71429e-06,-3.76388e-06)
(1.22339e-05,-1.46836e-05)
(7.51878e-06,-3.53673e-06)
(1.04253e-05,-1.21791e-05)
(4.42436e-06,-2.18428e-06)
(6.09424e-06,-6.94373e-06)
(9.18335e-07,-1.48964e-07)
(1.42702e-06,-2.12181e-06)
(2.18435e-06,-3.79541e-07)
(3.19173e-06,-4.71413e-06)
(3.83439e-06,-8.28949e-07)
(5.64258e-06,-8.11527e-06)
(6.17962e-06,-1.59546e-06)
(8.97221e-06,-1.26264e-05)
(9.16419e-06,-2.77894e-06)
(1.32403e-05,-1.81281e-05)
(1.26001e-05,-4.47398e-06)
(1.79578e-05,-2.38176e-05)
(1.55784e-05,-6.36437e-06)
(2.2041e-05,-2.82006e-05)
(1.67883e-05,-7.76951e-06)
(2.35275e-05,-2.9084e-05)
(1.47762e-05,-7.51516e-06)
(2.05106e-05,-2.44408e-05)
(8.80435e-06,-4.79758e-06)
(1.21333e-05,-1.40867e-05)
(1.42745e-06,-2.36527e-07)
(2.13159e-06,-3.28424e-06)
(3.23669e-06,-5.8724e-07)
(4.8146e-06,-7.36914e-06)
(5.91889e-06,-1.31844e-06)
(8.65217e-06,-1.30102e-05)
(9.64299e-06,-2.60902e-06)
(1.41233e-05,-2.0772e-05)
(1.48218e-05,-4.78634e-06)
(2.14189e-05,-3.06723e-05)
(2.09499e-05,-7.95854e-06)
(3.00036e-05,-4.15272e-05)
(2.6766e-05,-1.17837e-05)
(3.79531e-05,-5.05643e-05)
(2.97778e-05,-1.4917e-05)
(4.17588e-05,-5.33334e-05)
(2.68793e-05,-1.49809e-05)
(3.72827e-05,-4.56983e-05)
(1.63413e-05,-9.80308e-06)
(2.24554e-05,-2.65364e-05)
(1.90304e-06,-2.99392e-07)
(2.8793e-06,-4.6673e-06)
(4.43987e-06,-9.00575e-07)
(6.63243e-06,-1.06593e-05)
(8.22883e-06,-1.96841e-06)
(1.22168e-05,-1.93173e-05)
(1.39728e-05,-4.04843e-06)
(2.05161e-05,-3.17801e-05)
(2.20631e-05,-7.67544e-06)
(3.21153e-05,-4.84199e-05)
(3.23081e-05,-1.32874e-05)
(4.64917e-05,-6.77344e-05)
(4.27494e-05,-2.04334e-05)
(6.0809e-05,-8.51036e-05)
(4.9217e-05,-2.68934e-05)
(6.91147e-05,-9.22913e-05)
(4.58624e-05,-2.80347e-05)
(6.35631e-05,-8.06626e-05)
(2.84607e-05,-1.88727e-05)
(3.90312e-05,-4.73543e-05)
(2.34996e-06,-4.35765e-07)
(3.58768e-06,-6.14084e-06)
(5.58122e-06,-1.20273e-06)
(8.41815e-06,-1.42501e-05)
(1.0576e-05,-2.74704e-06)
(1.58047e-05,-2.64641e-05)
(1.84076e-05,-5.80491e-06)
(2.72603e-05,-4.48618e-05)
(3.00566e-05,-1.14109e-05)
(4.40586e-05,-7.06757e-05)
(4.55288e-05,-2.04147e-05)
(6.59478e-05,-0.000102475)
(6.25617e-05,-3.26104e-05)
(8.93996e-05,-0.000133165)
(7.47848e-05,-4.46322e-05)
(0.000105302,-0.000148877)
(7.20808e-05,-4.83137e-05)
(9.99905e-05,-0.000133)
(4.59564e-05,-3.36092e-05)
(6.29155e-05,-7.88575e-05)
(2.65993e-06,-5.41991e-07)
(4.0311e-06,-7.25936e-06)
(6.27584e-06,-1.48797e-06)
(9.53918e-06,-1.71882e-05)
(1.21714e-05,-3.48584e-06)
(1.8297e-05,-3.26991e-05)
(2.17191e-05,-7.56029e-06)
(3.24444e-05,-5.71844e-05)
(3.65068e-05,-1.52265e-05)
(5.39684e-05,-9.3307e-05)
(5.71401e-05,-2.80888e-05)
(8.35103e-05,-0.000140233)
(8.14167e-05,-4.64797e-05)
(0.000117209,-0.000189011)
(0.000101114,-6.60411e-05)
(0.000143202,-0.000218199)
(0.000101176,-7.42441e-05)
(0.00014074,-0.00019948)
(6.64344e-05,-5.3405e-05)
(9.09425e-05,-0.000119128)
(2.55173e-06,-5.85969e-07)
(3.92686e-06,-7.52816e-06)
(6.19099e-06,-1.62227e-06)
(9.42827e-06,-1.80526e-05)
(1.21445e-05,-3.84164e-06)
(1.84368e-05,-3.52312e-05)
(2.21e-05,-8.49093e-06)
(3.33364e-05,-6.34449e-05)
(3.79962e-05,-1.74867e-05)
(5.68753e-05,-0.000107053)
(6.11679e-05,-3.32062e-05)
(9.0391e-05,-0.000166831)
(8.98482e-05,-5.65821e-05)
(0.000130841,-0.000233046)
(0.000115531,-8.28936e-05)
(0.000165179,-0.000278081)
(0.000119833,-9.62527e-05)
(0.000167757,-0.000260076)
(8.12382e-05,-7.13639e-05)
(0.000111386,-0.000155659)
(2.05875e-06,-5.03307e-07)
(3.17276e-06,-6.36371e-06)
(4.98026e-06,-1.42403e-06)
(7.68193e-06,-1.55527e-05)
(9.88552e-06,-3.44159e-06)
(1.51279e-05,-3.09181e-05)
(1.8195e-05,-7.70403e-06)
(2.77802e-05,-5.71491e-05)
(3.17157e-05,-1.61703e-05)
(4.80833e-05,-9.92843e-05)
(5.18005e-05,-3.128e-05)
(7.77683e-05,-0.000159744)
(7.75066e-05,-5.42721e-05)
(0.000114684,-0.000230762)
(0.000101819,-8.09989e-05)
(0.000147815,-0.000283976)
(0.000108239,-9.55676e-05)
(0.000153472,-0.000270904)
(7.52481e-05,-7.19033e-05)
(0.000103966,-0.000161058)
(1.13997e-06,-3.03682e-07)
(1.76777e-06,-3.71398e-06)
(2.79725e-06,-8.53275e-07)
(4.31247e-06,-9.10187e-06)
(5.52993e-06,-2.06627e-06)
(8.54706e-06,-1.83981e-05)
(1.02029e-05,-4.69247e-06)
(1.57484e-05,-3.45958e-05)
(1.78016e-05,-9.93987e-06)
(2.73908e-05,-6.13923e-05)
(2.90477e-05,-1.9386e-05)
(4.43476e-05,-0.000101163)
(4.32427e-05,-3.37956e-05)
(6.53436e-05,-0.000149864)
(5.6348e-05,-5.0206e-05)
(8.37187e-05,-0.000188776)
(5.93335e-05,-5.8257e-05)
(8.60318e-05,-0.000182395)
(4.10295e-05,-4.24264e-05)
(5.77347e-05,-0.000106301)
(4.11592e-07,-3.74907e-08)
(5.89675e-07,-8.35061e-07)
(8.68532e-07,-1.10352e-07)
(1.35223e-06,-1.82162e-06)
(1.57724e-06,-2.68792e-07)
(2.301e-06,-3.09872e-06)
(2.48795e-06,-4.5675e-07)
(3.60113e-06,-4.70089e-06)
(3.66949e-06,-8.34011e-07)
(5.21814e-06,-6.61163e-06)
(4.89946e-06,-1.33252e-06)
(6.98638e-06,-8.57051e-06)
(5.92008e-06,-1.90908e-06)
(8.38257e-06,-9.91907e-06)
(6.24295e-06,-2.33451e-06)
(8.76311e-06,-1.00734e-05)
(5.40502e-06,-2.22506e-06)
(7.5042e-06,-8.35241e-06)
(3.18262e-06,-1.40939e-06)
(4.37819e-06,-4.78508e-06)
(8.31804e-07,-8.10243e-08)
(1.2976e-06,-1.83642e-06)
(1.96517e-06,-2.74412e-07)
(2.92799e-06,-4.08211e-06)
(3.46809e-06,-5.43286e-07)
(5.14923e-06,-7.01466e-06)
(5.65815e-06,-1.10428e-06)
(8.18221e-06,-1.0925e-05)
(8.39162e-06,-1.97298e-06)
(1.20962e-05,-1.56716e-05)
(1.1534e-05,-3.27763e-06)
(1.64304e-05,-2.0602e-05)
(1.42711e-05,-4.81199e-06)
(2.01665e-05,-2.43862e-05)
(1.5362e-05,-6.00708e-06)
(2.15217e-05,-2.51324e-05)
(1.35089e-05,-5.92439e-06)
(1.8736e-05,-2.11158e-05)
(8.05163e-06,-3.81819e-06)
(1.10704e-05,-1.21671e-05)
(1.47247e-06,-1.61211e-07)
(2.20006e-06,-3.21985e-06)
(3.33258e-06,-4.27505e-07)
(4.98541e-06,-7.18819e-06)
(6.12978e-06,-9.72577e-07)
(8.9976e-06,-1.26868e-05)
(1.00227e-05,-1.99986e-06)
(1.46827e-05,-2.02635e-05)
(1.54462e-05,-3.83284e-06)
(2.22801e-05,-2.98622e-05)
(2.18459e-05,-6.58657e-06)
(3.12224e-05,-4.04144e-05)
(2.78662e-05,-1.00645e-05)
(3.94491e-05,-4.91712e-05)
(3.0978e-05,-1.30692e-05)
(4.33702e-05,-5.18238e-05)
(2.79095e-05,-1.34142e-05)
(3.86663e-05,-4.44379e-05)
(1.69333e-05,-8.88279e-06)
(2.32614e-05,-2.57987e-05)
(2.20247e-06,-2.01051e-07)
(3.29992e-06,-5.05518e-06)
(5.15912e-06,-6.6021e-07)
(7.66172e-06,-1.1562e-05)
(9.53955e-06,-1.57082e-06)
(1.41442e-05,-2.08856e-05)
(1.62829e-05,-3.42079e-06)
(2.38329e-05,-3.44001e-05)
(2.58011e-05,-6.82507e-06)
(3.74398e-05,-5.24263e-05)
(3.78924e-05,-1.23253e-05)
(5.43856e-05,-7.34342e-05)
(5.0273e-05,-1.96896e-05)
(7.133e-05,-9.23407e-05)
(5.79316e-05,-2.67735e-05)
(8.11681e-05,-0.000100338)
(5.39872e-05,-2.86277e-05)
(7.47117e-05,-8.78342e-05)
(3.35109e-05,-1.96462e-05)
(4.58721e-05,-5.16547e-05)
(3.03362e-06,-3.35335e-07)
(4.5798e-06,-7.39514e-06)
(7.20269e-06,-9.91916e-07)
(1.08497e-05,-1.71772e-05)
(1.38154e-05,-2.43521e-06)
(2.05461e-05,-3.19845e-05)
(2.42446e-05,-5.51525e-06)
(3.5765e-05,-5.44447e-05)
(3.99892e-05,-1.14594e-05)
(5.83607e-05,-8.62168e-05)
(6.11292e-05,-2.16376e-05)
(8.82007e-05,-0.00012563)
(8.46501e-05,-3.62066e-05)
(0.000120502,-0.000164206)
(0.000101881,-5.16318e-05)
(0.000142942,-0.000184552)
(9.86763e-05,-5.78802e-05)
(0.000136343,-0.000165669)
(6.30548e-05,-4.13089e-05)
(8.59888e-05,-9.85355e-05)
(3.84697e-06,-4.75476e-07)
(5.85066e-06,-9.90876e-06)
(9.25643e-06,-1.38808e-06)
(1.40185e-05,-2.35216e-05)
(1.81887e-05,-3.52696e-06)
(2.72952e-05,-4.51646e-05)
(3.30737e-05,-8.27592e-06)
(4.91689e-05,-7.9743e-05)
(5.66067e-05,-1.78542e-05)
(8.32906e-05,-0.000131567)
(9.03277e-05,-3.50851e-05)
(0.000131217,-0.0002001)
(0.00013099,-6.14628e-05)
(0.000187457,-0.000272874)
(0.000165282,-9.20963e-05)
(0.000232596,-0.000318637)
(0.000167444,-0.000108524)
(0.000231372,-0.000294133)
(0.000110828,-8.09771e-05)
(0.000150564,-0.000176687)
(4.35297e-06,-5.94367e-07)
(6.65053e-06,-1.20021e-05)
(1.0678e-05,-1.81347e-06)
(1.62607e-05,-2.90695e-05)
(2.14357e-05,-4.6699e-06)
(3.24724e-05,-5.75641e-05)
(4.0194e-05,-1.12568e-05)
(6.03409e-05,-0.00010557)
(7.12942e-05,-2.50417e-05)
(0.000106021,-0.000181675)
(0.000118592,-5.10806e-05)
(0.000173954,-0.000289146)
(0.0001801,-9.34444e-05)
(0.000259989,-0.00041267)
(0.000238871,-0.000146739)
(0.000338246,-0.000502568)
(0.000254374,-0.000181852)
(0.000352346,-0.000478076)
(0.000175579,-0.00014242)
(0.000237867,-0.000288849)
(4.30228e-06,-6.90208e-07)
(6.6165e-06,-1.26425e-05)
(1.06403e-05,-2.04207e-06)
(1.63626e-05,-3.13358e-05)
(2.181e-05,-5.42898e-06)
(3.33624e-05,-6.38338e-05)
(4.1828e-05,-1.32661e-05)
(6.36566e-05,-0.000121473)
(7.6483e-05,-3.03239e-05)
(0.000115228,-0.000217949)
(0.000131663,-6.38808e-05)
(0.000195898,-0.000362839)
(0.000208292,-0.000120981)
(0.000304728,-0.000542854)
(0.000289554,-0.000197754)
(0.00041459,-0.000691066)
(0.000324331,-0.000255949)
(0.000452402,-0.000677995)
(0.000234548,-0.00020987)
(0.000317852,-0.000408221)
(3.47462e-06,-6.23201e-07)
(5.37733e-06,-1.09296e-05)
(8.68324e-06,-1.89645e-06)
(1.34422e-05,-2.74645e-05)
(1.79444e-05,-5.061e-06)
(2.77821e-05,-5.75111e-05)
(3.48977e-05,-1.26274e-05)
(5.38619e-05,-0.000112924)
(6.47535e-05,-2.94351e-05)
(9.93643e-05,-0.000210235)
(0.00011364,-6.32554e-05)
(0.000172469,-0.00036495)
(0.00018396,-0.000122483)
(0.000274995,-0.000571002)
(0.000263329,-0.000204266)
(0.00038493,-0.000758821)
(0.000306077,-0.000269899)
(0.000433939,-0.00076586)
(0.00023065,-0.000226276)
(0.000314899,-0.000451177)
(1.94689e-06,-3.78719e-07)
(3.02017e-06,-6.41425e-06)
(4.85827e-06,-1.16263e-06)
(7.5914e-06,-1.63455e-05)
(1.00629e-05,-3.15681e-06)
(1.57549e-05,-3.48086e-05)
(1.95722e-05,-7.96524e-06)
(3.06845e-05,-6.99333e-05)
(3.62124e-05,-1.87601e-05)
(5.66512e-05,-0.000133829)
(6.29449e-05,-4.06958e-05)
(9.80895e-05,-0.000239807)
(0.000100241,-7.87018e-05)
(0.000154791,-0.000388493)
(0.000139978,-0.00012934)
(0.000212512,-0.000534104)
(0.000157984,-0.000163808)
(0.000232766,-0.000548778)
(0.000116965,-0.000126829)
(0.000164141,-0.000306409)
(5.42252e-07,-2.17161e-08)
(8.03909e-07,-1.12357e-06)
(1.24105e-06,-1.16916e-07)
(1.85259e-06,-2.48974e-06)
(2.20115e-06,-1.95171e-07)
(3.27575e-06,-4.2921e-06)
(3.60738e-06,-4.63063e-07)
(5.23577e-06,-6.66235e-06)
(5.38628e-06,-9.12945e-07)
(7.78075e-06,-9.61553e-06)
(7.41979e-06,-1.59074e-06)
(1.0596e-05,-1.26544e-05)
(9.21402e-06,-2.49292e-06)
(1.3035e-05,-1.50327e-05)
(9.94894e-06,-3.20192e-06)
(1.39391e-05,-1.55164e-05)
(8.74467e-06,-3.26174e-06)
(1.21363e-05,-1.30561e-05)
(5.20358e-06,-2.13118e-06)
(7.17507e-06,-7.53474e-06)
(1.21286e-06,-4.51951e-08)
(1.80027e-06,-2.5066e-06)
(2.71483e-06,-1.622e-07)
(4.1265e-06,-5.61388e-06)
(5.03824e-06,-4.62437e-07)
(7.42334e-06,-9.91038e-06)
(8.30422e-06,-1.06024e-06)
(1.21004e-05,-1.57828e-05)
(1.27476e-05,-2.23016e-06)
(1.83695e-05,-2.31986e-05)
(1.79647e-05,-4.05969e-06)
(2.56676e-05,-3.13407e-05)
(2.28553e-05,-6.44318e-06)
(3.23613e-05,-3.80167e-05)
(2.53079e-05,-8.66217e-06)
(3.54274e-05,-3.99841e-05)
(2.27181e-05,-9.09542e-06)
(3.1494e-05,-3.42249e-05)
(1.37346e-05,-6.11096e-06)
(1.8881e-05,-1.98626e-05)
(2.05713e-06,-5.68436e-08)
(3.09569e-06,-4.47873e-06)
(4.85338e-06,-2.92623e-07)
(7.201e-06,-1.0175e-05)
(8.94748e-06,-8.29661e-07)
(1.32571e-05,-1.83503e-05)
(1.52853e-05,-2.04717e-06)
(2.23214e-05,-3.01015e-05)
(2.41483e-05,-4.4253e-06)
(3.50023e-05,-4.57191e-05)
(3.53675e-05,-8.45671e-06)
(5.07137e-05,-6.38405e-05)
(4.67552e-05,-1.41632e-05)
(6.62792e-05,-8.0013e-05)
(5.36241e-05,-2.0004e-05)
(7.5114e-05,-8.67152e-05)
(4.97092e-05,-2.19887e-05)
(6.88386e-05,-7.57826e-05)
(3.07226e-05,-1.53741e-05)
(4.21057e-05,-4.45497e-05)
(3.16118e-06,-1.12359e-07)
(4.78634e-06,-7.20549e-06)
(7.55352e-06,-4.64737e-07)
(1.13153e-05,-1.67519e-05)
(1.44949e-05,-1.37046e-06)
(2.14865e-05,-3.11193e-05)
(2.54765e-05,-3.56913e-06)
(3.74936e-05,-5.28298e-05)
(4.20846e-05,-8.1554e-06)
(6.12431e-05,-8.3546e-05)
(6.43291e-05,-1.6551e-05)
(9.26245e-05,-0.000121554)
(8.89846e-05,-2.93581e-05)
(0.000126443,-0.000158683)
(0.000106818,-4.38271e-05)
(0.000149744,-0.000178265)
(0.000103118,-5.09358e-05)
(0.000142408,-0.000160078)
(6.56477e-05,-3.72539e-05)
(8.95103e-05,-9.52793e-05)
(4.49088e-06,-1.82631e-07)
(6.83945e-06,-1.07622e-05)
(1.0896e-05,-6.96599e-07)
(1.64353e-05,-2.5576e-05)
(2.15457e-05,-2.21037e-06)
(3.21828e-05,-4.91256e-05)
(3.94875e-05,-5.99341e-06)
(5.84294e-05,-8.69657e-05)
(6.80694e-05,-1.43549e-05)
(9.97396e-05,-0.000143819)
(0.000109338,-3.07205e-05)
(0.000158194,-0.000219363)
(0.000159293,-5.75957e-05)
(0.000227261,-0.000300094)
(0.000201589,-9.13999e-05)
(0.000282881,-0.000351755)
(0.000204348,-0.000112797)
(0.000281652,-0.000325929)
(0.000135095,-8.71104e-05)
(0.000183014,-0.000196434)
(5.78991e-06,-2.52556e-07)
(8.84155e-06,-1.47851e-05)
(1.43544e-05,-1.07915e-06)
(2.18188e-05,-3.59987e-05)
(2.93068e-05,-3.37348e-06)
(4.41571e-05,-7.17596e-05)
(5.58473e-05,-9.43622e-06)
(8.33999e-05,-0.000132704)
(0.000100868,-2.36226e-05)
(0.000149033,-0.000230445)
(0.00017064,-5.29905e-05)
(0.000248779,-0.000370326)
(0.000263168,-0.000105173)
(0.000377627,-0.000534085)
(0.000353487,-0.000177408)
(0.000497659,-0.000657328)
(0.00037966,-0.000233825)
(0.000522869,-0.00063139)
(0.000263038,-0.000192216)
(0.000354093,-0.000384102)
(6.70361e-06,-3.85096e-07)
(1.03324e-05,-1.82958e-05)
(1.69141e-05,-1.4657e-06)
(2.59108e-05,-4.57662e-05)
(3.55452e-05,-4.78771e-06)
(5.41091e-05,-9.46807e-05)
(7.02722e-05,-1.36941e-05)
(0.000106155,-0.000183208)
(0.000132728,-3.5326e-05)
(0.000198317,-0.00033498)
(0.000236416,-8.27433e-05)
(0.000348494,-0.000569187)
(0.00038674,-0.000172734)
(0.000560226,-0.000869976)
(0.000554291,-0.000309249)
(0.000785492,-0.0011314)
(0.000636338,-0.000435746)
(0.000878018,-0.00113174)
(0.000467078,-0.000384117)
(0.000625291,-0.000689828)
(6.71937e-06,-4.80105e-07)
(1.03963e-05,-1.97783e-05)
(1.72078e-05,-1.8834e-06)
(2.66119e-05,-5.0603e-05)
(3.69249e-05,-6.02721e-06)
(5.69721e-05,-0.000108572)
(7.52739e-05,-1.73918e-05)
(0.000115394,-0.000219648)
(0.000147497,-4.60531e-05)
(0.000224022,-0.000422711)
(0.000274797,-0.00011132)
(0.000411832,-0.000760692)
(0.000474567,-0.000242214)
(0.000698332,-0.00123629)
(0.000725171,-0.00045548)
(0.00104114,-0.00170768)
(0.000894493,-0.000681254)
(0.00124343,-0.00178531)
(0.000703281,-0.000644014)
(0.000939104,-0.00107242)
(5.4656e-06,-5.14086e-07)
(8.56266e-06,-1.73511e-05)
(1.41393e-05,-1.91642e-06)
(2.21374e-05,-4.54494e-05)
(3.07564e-05,-6.1421e-06)
(4.81857e-05,-0.000100603)
(6.36881e-05,-1.79174e-05)
(9.95219e-05,-0.000211788)
(0.000127159,-4.80678e-05)
(0.000197596,-0.000427199)
(0.000242567,-0.000118677)
(0.000373216,-0.000811603)
(0.000432192,-0.000263682)
(0.00065407,-0.00140086)
(0.000689353,-0.00050752)
(0.00101679,-0.00205695)
(0.000901049,-0.000779343)
(0.00127858,-0.00224568)
(0.000759055,-0.000765739)
(0.0010192,-0.00128164)
(3.08273e-06,-3.45563e-07)
(4.82921e-06,-1.03368e-05)
(7.93891e-06,-1.27272e-06)
(1.25565e-05,-2.74454e-05)
(1.7254e-05,-4.1056e-06)
(2.74438e-05,-6.21747e-05)
(3.55676e-05,-1.20576e-05)
(5.67677e-05,-0.000134728)
(7.0177e-05,-3.26909e-05)
(0.000112334,-0.000281629)
(0.000130746,-8.09466e-05)
(0.000209425,-0.000558145)
(0.000223668,-0.000178446)
(0.000357314,-0.00101147)
(0.000335727,-0.000331126)
(0.000529834,-0.00156152)
(0.000407886,-0.000463218)
(0.000621065,-0.00175421)
(0.000329338,-0.000377678)
(0.000460768,-0.000874723)
(7.12977e-07,-6.03208e-09)
(1.00301e-06,-1.40314e-06)
(1.57686e-06,4.60919e-09)
(2.36848e-06,-3.12265e-06)
(2.89456e-06,-6.63109e-08)
(4.26532e-06,-5.45563e-06)
(4.78703e-06,-2.89089e-07)
(6.97365e-06,-8.65737e-06)
(7.32741e-06,-7.72747e-07)
(1.06111e-05,-1.2773e-05)
(1.03516e-05,-1.60265e-06)
(1.48384e-05,-1.72582e-05)
(1.31728e-05,-2.7305e-06)
(1.86899e-05,-2.0926e-05)
(1.4557e-05,-3.87622e-06)
(2.041e-05,-2.19818e-05)
(1.30309e-05,-4.21633e-06)
(1.81051e-05,-1.88041e-05)
(7.85843e-06,-2.8909e-06)
(1.08215e-05,-1.09206e-05)
(1.51396e-06,6.4938e-08)
(2.29979e-06,-3.18143e-06)
(3.58494e-06,-3.25075e-09)
(5.34134e-06,-7.15137e-06)
(6.65091e-06,-1.6011e-07)
(9.81859e-06,-1.28213e-05)
(1.12854e-05,-6.93023e-07)
(1.64762e-05,-2.09395e-05)
(1.77298e-05,-1.87599e-06)
(2.57167e-05,-3.16146e-05)
(2.57951e-05,-4.04138e-06)
(3.70003e-05,-4.38538e-05)
(3.37965e-05,-7.31977e-06)
(4.7993e-05,-5.45838e-05)
(3.84444e-05,-1.08911e-05)
(5.39496e-05,-5.88162e-05)
(3.53248e-05,-1.23965e-05)
(4.90425e-05,-5.11621e-05)
(2.16864e-05,-8.85295e-06)
(2.97912e-05,-3.00154e-05)
(2.68577e-06,7.94662e-08)
(4.06706e-06,-5.71625e-06)
(6.37193e-06,4.68411e-08)
(9.5454e-06,-1.32009e-05)
(1.21898e-05,-2.37342e-07)
(1.8034e-05,-2.43977e-05)
(2.13058e-05,-1.25684e-06)
(3.12994e-05,-4.10906e-05)
(3.49296e-05,-3.73893e-06)
(5.07962e-05,-6.44597e-05)
(5.29275e-05,-8.65754e-06)
(7.6203e-05,-9.30036e-05)
(7.25367e-05,-1.6823e-05)
(0.000103141,-0.000120447)
(8.61503e-05,-2.66726e-05)
(0.00012097,-0.0001344)
(8.23008e-05,-3.23405e-05)
(0.000113914,-0.000120129)
(5.19293e-05,-2.42868e-05)
(7.10259e-05,-7.13596e-05)
(4.2294e-06,1.40205e-07)
(6.42527e-06,-9.398e-06)
(1.02573e-05,1.78126e-07)
(1.53926e-05,-2.22818e-05)
(2.02053e-05,-3.20512e-07)
(3.01321e-05,-4.253e-05)
(3.69589e-05,-2.1583e-06)
(5.45585e-05,-7.48014e-05)
(6.34385e-05,-7.00217e-06)
(9.27654e-05,-0.000122827)
(0.000101311,-1.76646e-05)
(0.000146387,-0.000186103)
(0.000146515,-3.68445e-05)
(0.000208971,-0.000253068)
(0.000183746,-6.29647e-05)
(0.000258016,-0.000295192)
(0.000184393,-8.19301e-05)
(0.000254515,-0.000272745)
(0.000120764,-6.55634e-05)
(0.000163907,-0.000164314)
(6.10718e-06,2.58354e-07)
(9.30686e-06,-1.43696e-05)
(1.51963e-05,2.71574e-07)
(2.29948e-05,-3.49319e-05)
(3.11182e-05,-5.21546e-07)
(4.66705e-05,-6.94558e-05)
(5.94731e-05,-3.66319e-06)
(8.84743e-05,-0.000128033)
(0.000107697,-1.27935e-05)
(0.000158487,-0.000221755)
(0.000182281,-3.45189e-05)
(0.000264924,-0.000355457)
(0.000280647,-7.7497e-05)
(0.000401799,-0.00051182)
(0.00037532,-0.00014295)
(0.000527724,-0.000629603)
(0.00040027,-0.00020152)
(0.000550954,-0.000605408)
(0.000274998,-0.000173754)
(0.000369972,-0.000369285)
(8.08174e-06,3.0084e-07)
(1.2399e-05,-2.02283e-05)
(2.05641e-05,3.23333e-07)
(3.13764e-05,-5.06448e-05)
(4.37519e-05,-9.5694e-07)
(6.62396e-05,-0.000105069)
(8.76998e-05,-6.24521e-06)
(0.000131642,-0.000203947)
(0.000167864,-2.24117e-05)
(0.000249234,-0.000374349)
(0.000302606,-6.39138e-05)
(0.00044333,-0.000639276)
(0.000499623,-0.000153357)
(0.000719857,-0.000982925)
(0.000719895,-0.000305806)
(0.00101558,-0.00128739)
(0.000826765,-0.00046979)
(0.00113621,-0.00129836)
(0.000603915,-0.000442325)
(0.00080472,-0.000797823)
(9.5312e-06,3.46552e-07)
(1.4738e-05,-2.57041e-05)
(2.48707e-05,1.59034e-07)
(3.83003e-05,-6.62857e-05)
(5.47223e-05,-1.9155e-06)
(8.3845e-05,-0.000143719)
(0.000114893,-1.03201e-05)
(0.000174542,-0.00029455)
(0.000232249,-3.69197e-05)
(0.00034918,-0.000575245)
(0.000446628,-0.000108878)
(0.000662148,-0.00105246)
(0.000794746,-0.000276506)
(0.00115673,-0.00174211)
(0.00124558,-0.000593299)
(0.00176965,-0.00245502)
(0.0015631,-0.000996216)
(0.0021511,-0.00262083)
(0.00123561,-0.00103744)
(0.00163119,-0.00160258)
(9.70776e-06,2.01724e-07)
(1.51639e-05,-2.83499e-05)
(2.57681e-05,-2.57908e-07)
(4.01676e-05,-7.5415e-05)
(5.84124e-05,-3.44512e-06)
(9.07985e-05,-0.000170766)
(0.00012722,-1.56303e-05)
(0.000196619,-0.000369238)
(0.000269558,-5.43098e-05)
(0.000412715,-0.000768233)
(0.000549526,-0.000162915)
(0.000830125,-0.00151096)
(0.00105134,-0.000430107)
(0.00155764,-0.00271031)
(0.00180011,-0.000979057)
(0.00259515,-0.00415085)
(0.00250142,-0.00178207)
(0.00346949,-0.00473681)
(0.00218547,-0.00206532)
(0.00286616,-0.00280334)
(8.00306e-06,2.89355e-08)
(1.25933e-05,-2.541e-05)
(2.14395e-05,-7.64816e-07)
(3.39256e-05,-6.93596e-05)
(4.93352e-05,-4.76276e-06)
(7.8126e-05,-0.000163271)
(0.000109492,-1.92594e-05)
(0.000173209,-0.0003708)
(0.000237506,-6.52106e-05)
(0.000374149,-0.000818684)
(0.000499692,-0.000195395)
(0.000780014,-0.00172758)
(0.00100006,-0.000522448)
(0.00153523,-0.0033618)
(0.0018304,-0.00121479)
(0.00273018,-0.00562387)
(0.00279726,-0.00228952)
(0.00397833,-0.00689606)
(0.0027418,-0.00285146)
(0.00360404,-0.00368011)
(4.48886e-06,-7.77026e-08)
(7.15969e-06,-1.53205e-05)
(1.20363e-05,-7.86546e-07)
(1.93183e-05,-4.2627e-05)
(2.75833e-05,-3.92171e-06)
(4.46038e-05,-0.0001032)
(6.0475e-05,-1.51507e-05)
(9.85814e-05,-0.000243194)
(0.000127667,-5.04643e-05)
(0.000210111,-0.000562166)
(0.000255155,-0.000149729)
(0.000424895,-0.00125555)
(0.000467409,-0.000389874)
(0.000788556,-0.00261532)
(0.000745398,-0.000841235)
(0.00126632,-0.00471688)
(0.000953909,-0.00130862)
(0.00157184,-0.00608993)
(0.000856168,-0.00105622)
(0.00119253,-0.00231711)
(7.86433e-07,8.24426e-08)
(1.17596e-06,-1.56433e-06)
(1.83008e-06,1.0573e-07)
(2.71692e-06,-3.52242e-06)
(3.40848e-06,1.14897e-07)
(5.00276e-06,-6.26096e-06)
(5.73314e-06,4.59123e-09)
(8.39693e-06,-1.01921e-05)
(8.98969e-06,-3.35727e-07)
(1.30667e-05,-1.53332e-05)
(1.30176e-05,-1.06797e-06)
(1.87035e-05,-2.1138e-05)
(1.69509e-05,-2.3028e-06)
(2.41239e-05,-2.61793e-05)
(1.91414e-05,-3.81298e-06)
(2.69342e-05,-2.80794e-05)
(1.74437e-05,-4.58313e-06)
(2.43104e-05,-2.43309e-05)
(1.06384e-05,-3.41292e-06)
(1.46729e-05,-1.42434e-05)
(1.76633e-06,1.49187e-07)
(2.6624e-06,-3.58478e-06)
(4.16599e-06,2.93204e-07)
(6.25657e-06,-8.20648e-06)
(7.94586e-06,3.39681e-07)
(1.17552e-05,-1.50279e-05)
(1.37894e-05,1.65201e-07)
(2.0229e-05,-2.50427e-05)
(2.23167e-05,-6.49378e-07)
(3.24591e-05,-3.87831e-05)
(3.33531e-05,-2.60818e-06)
(4.80652e-05,-5.52111e-05)
(4.4987e-05,-6.27278e-06)
(6.41363e-05,-7.0599e-05)
(5.2561e-05,-1.10529e-05)
(7.40971e-05,-7.78681e-05)
(4.94249e-05,-1.42789e-05)
(6.87632e-05,-6.90038e-05)
(3.08113e-05,-1.10968e-05)
(4.23769e-05,-4.08106e-05)
(3.16663e-06,3.06079e-07)
(4.78325e-06,-6.57549e-06)
(7.6101e-06,6.22524e-07)
(1.14206e-05,-1.54544e-05)
(1.48843e-05,8.64142e-07)
(2.21476e-05,-2.91584e-05)
(2.69049e-05,6.08514e-07)
(3.96236e-05,-5.05743e-05)
(4.55031e-05,-9.16237e-07)
(6.64826e-05,-8.17642e-05)
(7.14666e-05,-5.37014e-06)
(0.000103367,-0.000121965)
(0.000101503,-1.46196e-05)
(0.000145072,-0.000163346)
(0.000124814,-2.85456e-05)
(0.000175912,-0.000188003)
(0.000122858,-4.0132e-05)
(0.000170454,-0.000172026)
(7.91702e-05,-3.35642e-05)
(0.000108127,-0.000103199)
(5.06922e-06,5.72904e-07)
(7.71024e-06,-1.10406e-05)
(1.25551e-05,1.20817e-06)
(1.89396e-05,-2.66408e-05)
(2.55303e-05,1.77112e-06)
(3.8158e-05,-5.23667e-05)
(4.83132e-05,1.66173e-06)
(7.1662e-05,-9.51792e-05)
(8.63938e-05,-1.06805e-06)
(0.000126954,-0.00016245)
(0.00014412,-1.05626e-05)
(0.000209391,-0.000256529)
(0.000218125,-3.31535e-05)
(0.000312641,-0.000364172)
(0.000286072,-7.21257e-05)
(0.000403408,-0.000442524)
(0.000298828,-0.000112009)
(0.000413105,-0.000421882)
(0.000201394,-0.00010237)
(0.000272415,-0.000256692)
(7.52088e-06,9.25651e-07)
(1.14951e-05,-1.72458e-05)
(1.91359e-05,2.03858e-06)
(2.9037e-05,-4.29513e-05)
(4.05916e-05,3.23697e-06)
(6.11654e-05,-8.82301e-05)
(8.10429e-05,3.44213e-06)
(0.000121128,-0.000169475)
(0.000154187,-1.24178e-06)
(0.000228137,-0.00030755)
(0.000275484,-2.075e-05)
(0.000402671,-0.00051933)
(0.000449237,-7.36215e-05)
(0.000646866,-0.00079022)
(0.000636842,-0.000178633)
(0.000899508,-0.00102628)
(0.000716971,-0.000309213)
(0.000987924,-0.00102998)
(0.00051265,-0.000314179)
(0.000685116,-0.000633768)
(1.01678e-05,1.3334e-06)
(1.5625e-05,-2.4889e-05)
(2.66683e-05,3.00401e-06)
(4.08077e-05,-6.40107e-05)
(5.9117e-05,5.03468e-06)
(8.99243e-05,-0.000138178)
(0.000124914,5.60245e-06)
(0.000188464,-0.000281757)
(0.000253887,-2.61033e-06)
(0.000379173,-0.000547666)
(0.000489441,-4.09804e-05)
(0.000721523,-0.000997808)
(0.000869281,-0.000158255)
(0.00126007,-0.00164695)
(0.00135196,-0.000424949)
(0.00191663,-0.00231953)
(0.00167183,-0.000825885)
(0.0022988,-0.00248395)
(0.00129353,-0.000950392)
(0.00170461,-0.00153297)
(1.22653e-05,1.61985e-06)
(1.90393e-05,-3.23255e-05)
(3.30681e-05,3.75224e-06)
(5.11662e-05,-8.62133e-05)
(7.66334e-05,6.28508e-06)
(0.00011796,-0.000196008)
(0.000171056,6.33269e-06)
(0.000261459,-0.00042588)
(0.0003719,-8.71813e-06)
(0.000562643,-0.000891692)
(0.000777021,-8.0852e-05)
(0.00115961,-0.00176804)
(0.00151723,-0.000320456)
(0.00222297,-0.00320548)
(0.00263121,-0.000936933)
(0.00375816,-0.00498007)
(0.00365957,-0.0020482)
(0.00503738,-0.00579474)
(0.00314859,-0.00272477)
(0.00408911,-0.00352361)
(1.26938e-05,1.60637e-06)
(1.99179e-05,-3.64965e-05)
(3.50809e-05,3.63477e-06)
(5.50397e-05,-0.000100812)
(8.41762e-05,5.51829e-06)
(0.000131722,-0.000241286)
(0.000197016,2.51718e-06)
(0.0003066,-0.000559241)
(0.000454782,-2.60735e-05)
(0.000701667,-0.00126492)
(0.00102584,-0.000151582)
(0.00156193,-0.00274719)
(0.00220892,-0.000582598)
(0.00329823,-0.00553433)
(0.00433028,-0.00179649)
(0.00628213,-0.00966057)
(0.00696328,-0.00436638)
(0.00966555,-0.0124998)
(0.00691251,-0.00683028)
(0.00887468,-0.00718527)
(1.05689e-05,1.18195e-06)
(1.68345e-05,-3.33253e-05)
(2.95562e-05,2.37646e-06)
(4.71508e-05,-9.50106e-05)
(7.22743e-05,2.22346e-06)
(0.000115563,-0.000238235)
(0.000173131,-6.90738e-06)
(0.000276945,-0.000586316)
(0.000412367,-5.44882e-05)
(0.0006578,-0.00142854)
(0.000973112,-0.000240975)
(0.00154046,-0.00339903)
(0.00224669,-0.000862699)
(0.00349858,-0.00764917)
(0.00491318,-0.00263847)
(0.00741732,-0.0152021)
(0.00927093,-0.00667171)
(0.01325,-0.0223233)
(0.0110934,-0.0119528)
(0.0142379,-0.0106997)
(5.94632e-06,5.29779e-07)
(9.57884e-06,-2.03581e-05)
(1.65854e-05,8.05557e-07)
(2.69606e-05,-5.94115e-05)
(4.01218e-05,-9.70519e-07)
(6.59064e-05,-0.000154203)
(9.3712e-05,-1.25612e-05)
(0.000156169,-0.000397244)
(0.000211649,-6.31051e-05)
(0.000360184,-0.00102666)
(0.000451175,-0.000246608)
(0.000793126,-0.00263414)
(0.000866455,-0.00080995)
(0.00160363,-0.00651894)
(0.00137534,-0.00214095)
(0.00275787,-0.014517)
(0.0015563,-0.00371257)
(0.0033773,-0.0235695)
(0.00154206,-0.0022188)
(0.00212559,-0.00435713)
(7.78797e-07,8.14742e-08)
(1.17433e-06,-1.50741e-06)
(1.85122e-06,2.14122e-07)
(2.74686e-06,-3.47489e-06)
(3.47798e-06,3.41939e-07)
(5.16002e-06,-6.30471e-06)
(6.02441e-06,4.16058e-07)
(8.80242e-06,-1.04276e-05)
(9.61899e-06,3.41989e-07)
(1.39889e-05,-1.59724e-05)
(1.42077e-05,-7.82503e-08)
(2.04812e-05,-2.24897e-05)
(1.88767e-05,-1.08179e-06)
(2.69988e-05,-2.84336e-05)
(2.17283e-05,-2.59618e-06)
(3.07546e-05,-3.10086e-05)
(2.01117e-05,-3.84699e-06)
(2.81621e-05,-2.72434e-05)
(1.2385e-05,-3.17707e-06)
(1.71487e-05,-1.6037e-05)
(1.80138e-06,2.82144e-07)
(2.69842e-06,-3.54774e-06)
(4.28818e-06,5.43798e-07)
(6.41781e-06,-8.23445e-06)
(8.30222e-06,9.3458e-07)
(1.22714e-05,-1.53143e-05)
(1.47164e-05,1.25045e-06)
(2.16459e-05,-2.6082e-05)
(2.43793e-05,1.29753e-06)
(3.56008e-05,-4.13171e-05)
(3.7387e-05,3.14711e-07)
(5.41661e-05,-6.02844e-05)
(5.17711e-05,-2.50857e-06)
(7.42424e-05,-7.89887e-05)
(6.1985e-05,-7.51056e-06)
(8.78373e-05,-8.91385e-05)
(5.94779e-05,-1.23598e-05)
(8.31295e-05,-8.0327e-05)
(3.75236e-05,-1.11078e-05)
(5.17419e-05,-4.78121e-05)
(3.24498e-06,5.37968e-07)
(4.91136e-06,-6.62398e-06)
(7.95717e-06,1.21457e-06)
(1.19235e-05,-1.57564e-05)
(1.59239e-05,2.11224e-06)
(2.36962e-05,-3.03905e-05)
(2.94782e-05,3.23461e-06)
(4.36136e-05,-5.40051e-05)
(5.14246e-05,3.86114e-06)
(7.55584e-05,-8.98699e-05)
(8.34874e-05,2.30674e-06)
(0.000121443,-0.000138229)
(0.000122581,-4.55817e-06)
(0.000176306,-0.000191184)
(0.000155681,-1.9247e-05)
(0.000220813,-0.00022686)
(0.0001574,-3.69454e-05)
(0.000219448,-0.000212351)
(0.000103131,-3.71537e-05)
(0.000141028,-0.000128195)
(5.33003e-06,9.91636e-07)
(8.10991e-06,-1.13066e-05)
(1.34195e-05,2.3473e-06)
(2.0262e-05,-2.77746e-05)
(2.80195e-05,4.46184e-06)
(4.20494e-05,-5.59156e-05)
(5.48463e-05,7.40082e-06)
(8.17503e-05,-0.000104881)
(0.000101928,1.01272e-05)
(0.000150586,-0.000185403)
(0.000177202,8.46619e-06)
(0.000259145,-0.000304651)
(0.000280048,-7.01832e-06)
(0.000404472,-0.000451151)
(0.000383261,-4.91012e-05)
(0.000544519,-0.000571419)
(0.000415381,-0.000112465)
(0.000577397,-0.00056257)
(0.000286342,-0.000129605)
(0.000386947,-0.000343812)
(8.069e-06,1.65354e-06)
(1.2332e-05,-1.80474e-05)
(2.09877e-05,4.1458e-06)
(3.19452e-05,-4.57763e-05)
(4.60136e-05,8.42407e-06)
(6.96496e-05,-9.69832e-05)
(9.58524e-05,1.52504e-05)
(0.000143938,-0.000193429)
(0.000191219,2.33168e-05)
(0.000284657,-0.000366968)
(0.000360089,2.40941e-05)
(0.000530306,-0.000651725)
(0.000621279,-9.14545e-06)
(0.000902189,-0.00104873)
(0.000932629,-0.000126438)
(0.00132886,-0.00144282)
(0.00110575,-0.000348754)
(0.00153265,-0.00151795)
(0.000817005,-0.000470907)
(0.0010864,-0.000933765)
(1.11478e-05,2.4972e-06)
(1.71769e-05,-2.65118e-05)
(3.00474e-05,6.5268e-06)
(4.61415e-05,-6.99796e-05)
(6.94871e-05,1.41268e-05)
(0.00010614,-0.000156685)
(0.000154513,2.75786e-05)
(0.000234357,-0.000334519)
(0.000333287,4.66814e-05)
(0.000500955,-0.000687023)
(0.00068717,5.544e-05)
(0.00102096,-0.00133529)
(0.00131432,-1.25973e-05)
(0.00192292,-0.00237422)
(0.00221104,-0.00032729)
(0.00316502,-0.00362629)
(0.00294745,-0.00108156)
(0.00407814,-0.00417366)
(0.00239876,-0.00175233)
(0.00312543,-0.00255386)
(1.37345e-05,3.24536e-06)
(2.1373e-05,-3.52072e-05)
(3.83351e-05,8.81179e-06)
(5.95531e-05,-9.66758e-05)
(9.33656e-05,2.00212e-05)
(0.000144386,-0.000229614)
(0.000221938,4.18818e-05)
(0.000340954,-0.0005276)
(0.000519579,7.6396e-05)
(0.000791063,-0.00118253)
(0.00118323,9.76624e-05)
(0.00177963,-0.00254664)
(0.00255007,-4.15019e-05)
(0.00377133,-0.00509883)
(0.00493541,-0.00083672)
(0.00712134,-0.00888812)
(0.00768284,-0.00323751)
(0.0106455,-0.0115925)
(0.00718103,-0.00647364)
(0.00914721,-0.00690482)
(1.44948e-05,3.47939e-06)
(2.28441e-05,-4.04999e-05)
(4.16349e-05,9.5841e-06)
(6.55949e-05,-0.00011587)
(0.000106022,2.24608e-05)
(0.000166683,-0.000292054)
(0.000267286,4.82228e-05)
(0.000418207,-0.000723655)
(0.000675887,8.90179e-05)
(0.00104915,-0.00177985)
(0.00170241,9.94507e-05)
(0.00261103,-0.00429388)
(0.00418636,-0.000208211)
(0.00630554,-0.00987125)
(0.00960812,-0.00202948)
(0.0140771,-0.0202988)
(0.0184185,-0.00872782)
(0.0257549,-0.0315651)
(0.0210709,-0.0222463)
(0.0263445,-0.017487)
(1.22033e-05,2.80624e-06)
(1.95123e-05,-3.76e-05)
(3.56144e-05,7.66371e-06)
(5.71917e-05,-0.000111579)
(9.27834e-05,1.71362e-05)
(0.000149332,-0.000296976)
(0.000241315,3.30653e-05)
(0.000388828,-0.000790252)
(0.000637823,4.22274e-05)
(0.00102622,-0.00212975)
(0.00172084,-5.66329e-05)
(0.00275074,-0.00577724)
(0.00473569,-0.000772385)
(0.00745118,-0.0154491)
(0.0130588,-0.0042306)
(0.0199174,-0.0385999)
(0.0328856,-0.0175504)
(0.0474322,-0.0756339)
(0.0505255,-0.0570297)
(0.0633348,-0.0324)
(6.87587e-06,1.44016e-06)
(1.11712e-05,-2.3242e-05)
(1.9925e-05,3.60884e-06)
(3.26953e-05,-7.08389e-05)
(5.09433e-05,6.34978e-06)
(8.47655e-05,-0.000196242)
(0.000126717,3.1393e-06)
(0.000215416,-0.000551606)
(0.000305014,-4.5843e-05)
(0.000537712,-0.0015991)
(0.000681732,-0.000327504)
(0.00128687,-0.00478407)
(0.00127612,-0.00156219)
(0.00280201,-0.0145912)
(0.00135357,-0.00570213)
(0.00486989,-0.0433664)
(-0.00221261,-0.0114888)
(0.00332902,-0.103529)
(-0.00362911,0.00219434)
(-0.00521612,0.00849606)
(6.42161e-07,1.30046e-07)
(9.70893e-07,-1.23338e-06)
(1.54899e-06,2.48442e-07)
(2.29771e-06,-2.83331e-06)
(2.95855e-06,4.40053e-07)
(4.34212e-06,-5.21895e-06)
(5.13839e-06,6.57228e-07)
(7.56674e-06,-8.74804e-06)
(8.35975e-06,8.73496e-07)
(1.22086e-05,-1.36159e-05)
(1.25417e-05,8.80142e-07)
(1.82022e-05,-1.94782e-05)
(1.69698e-05,4.21091e-07)
(2.43899e-05,-2.49992e-05)
(1.98005e-05,-6.74961e-07)
(2.8213e-05,-2.76368e-05)
(1.85288e-05,-1.96008e-06)
(2.61074e-05,-2.45324e-05)
(1.14573e-05,-2.06763e-06)
(1.59669e-05,-1.44773e-05)
(1.49079e-06,2.81618e-07)
(2.25825e-06,-2.88989e-06)
(3.61873e-06,6.61051e-07)
(5.38885e-06,-6.79001e-06)
(7.09393e-06,1.19618e-06)
(1.05232e-05,-1.28243e-05)
(1.27866e-05,1.98829e-06)
(1.88559e-05,-2.21803e-05)
(2.15932e-05,2.85506e-06)
(3.17179e-05,-3.57857e-05)
(3.3852e-05,3.33532e-06)
(4.92773e-05,-5.32601e-05)
(4.78428e-05,2.41143e-06)
(6.90582e-05,-7.12046e-05)
(5.83846e-05,-9.36214e-07)
(8.33289e-05,-8.18283e-05)
(5.67336e-05,-5.93978e-06)
(7.99153e-05,-7.46848e-05)
(3.59778e-05,-7.47695e-06)
(4.98932e-05,-4.4562e-05)
(2.74725e-06,5.9474e-07)
(4.14536e-06,-5.48511e-06)
(6.79558e-06,1.43972e-06)
(1.02288e-05,-1.31889e-05)
(1.38427e-05,2.86346e-06)
(2.06745e-05,-2.58406e-05)
(2.62414e-05,5.05214e-06)
(3.90018e-05,-4.68554e-05)
(4.69614e-05,8.08321e-06)
(6.92885e-05,-7.97625e-05)
(7.82802e-05,1.08496e-05)
(0.00011463,-0.00012585)
(0.000118129,1.03858e-05)
(0.000171317,-0.000178732)
(0.00015372,1.64305e-06)
(0.000220163,-0.000217468)
(0.00015814,-1.64518e-05)
(0.000222615,-0.000207234)
(0.000103907,-2.69033e-05)
(0.000143019,-0.000124891)
(4.56818e-06,1.13346e-06)
(6.95411e-06,-9.5105e-06)
(1.16948e-05,2.90328e-06)
(1.7705e-05,-2.36095e-05)
(2.49984e-05,6.11939e-06)
(3.76397e-05,-4.85074e-05)
(5.03499e-05,1.18936e-05)
(7.53093e-05,-9.32036e-05)
(9.65686e-05,2.10884e-05)
(0.000143571,-0.00016963)
(0.000173861,3.25215e-05)
(0.000256358,-0.000287922)
(0.000284815,3.80987e-05)
(0.000415633,-0.000441772)
(0.000402975,1.80118e-05)
(0.000579758,-0.000579853)
(0.000446909,-4.65058e-05)
(0.000629261,-0.000586055)
(0.000307966,-0.000106109)
(0.000418602,-0.000354668)
(7.05429e-06,1.98179e-06)
(1.07915e-05,-1.53399e-05)
(1.87028e-05,5.32083e-06)
(2.85407e-05,-3.96439e-05)
(4.22531e-05,1.20795e-05)
(6.41249e-05,-8.60084e-05)
(9.11721e-05,2.56676e-05)
(0.000137616,-0.000176796)
(0.000189541,5.08962e-05)
(0.000284128,-0.000347631)
(0.000373659,8.96316e-05)
(0.000555465,-0.00064399)
(0.000676674,0.000125402)
(0.000995018,-0.00108761)
(0.00106425,8.9727e-05)
(0.00154044,-0.00157601)
(0.00130528,-0.000138274)
(0.00183912,-0.00172975)
(0.00095933,-0.000460674)
(0.00127877,-0.0010373)
(9.93596e-06,3.09943e-06)
(1.5337e-05,-2.29447e-05)
(2.74604e-05,8.78049e-06)
(4.22792e-05,-6.17209e-05)
(6.5878e-05,2.13895e-05)
(0.000100963,-0.000142288)
(0.000153266,4.99783e-05)
(0.000233635,-0.000315171)
(0.000348683,0.000110817)
(0.000527858,-0.000677118)
(0.000763912,0.000223683)
(0.00114643,-0.00139031)
(0.00156191,0.000370896)
(0.00231754,-0.00264261)
(0.00281301,0.000350559)
(0.00410276,-0.00436341)
(0.00396288,-0.000440695)
(0.0055949,-0.00540806)
(0.00320642,-0.00218287)
(0.00414985,-0.00314853)
(1.24882e-05,4.22281e-06)
(1.94708e-05,-3.09051e-05)
(3.59586e-05,1.24719e-05)
(5.59704e-05,-8.69134e-05)
(9.16639e-05,3.27825e-05)
(0.000142203,-0.000213708)
(0.000230717,8.38885e-05)
(0.000356004,-0.000513337)
(0.000578901,0.000208322)
(0.000886833,-0.00121718)
(0.00143054,0.000482459)
(0.00217178,-0.00281701)
(0.00338808,0.000947684)
(0.00508153,-0.00619217)
(0.00727896,0.00112633)
(0.0107162,-0.0121709)
(0.0125053,-0.00154162)
(0.0177357,-0.0181944)
(0.0118515,-0.0111315)
(0.0147397,-0.0100749)
(1.34133e-05,4.7181e-06)
(2.11817e-05,-3.60751e-05)
(4.00212e-05,1.45619e-05)
(6.31924e-05,-0.000106034)
(0.000107663,4.04856e-05)
(0.000169607,-0.000278236)
(0.000291627,0.000112011)
(0.000457369,-0.000726811)
(0.000806678,0.000307467)
(0.00125664,-0.00191651)
(0.00227123,0.000809466)
(0.00350417,-0.00508086)
(0.00640689,0.00186587)
(0.00975097,-0.013327)
(0.0173886,0.0026368)
(0.0259222,-0.0330727)
(0.0401623,-0.00600891)
(0.0575239,-0.066345)
(0.0500566,-0.0598401)
(0.059705,-0.0348582)
(1.14417e-05,4.02049e-06)
(1.83401e-05,-3.38749e-05)
(3.478e-05,1.25207e-05)
(5.59164e-05,-0.000103572)
(9.64234e-05,3.5369e-05)
(0.000155363,-0.000288257)
(0.000272608,9.97403e-05)
(0.000439374,-0.000814859)
(0.000804946,0.000281547)
(0.0012942,-0.00238643)
(0.00252,0.000769996)
(0.00402338,-0.00730188)
(0.00850156,0.00181787)
(0.013375,-0.0234495)
(0.0311547,0.00154913)
(0.0477135,-0.0781677)
(0.112962,-0.0238603)
(0.165503,-0.238652)
(0.21974,-0.285316)
(0.261174,-0.101384)
(6.43789e-06,2.15684e-06)
(1.04965e-05,-2.10705e-05)
(1.9405e-05,6.39482e-06)
(3.19422e-05,-6.62436e-05)
(5.23046e-05,1.61052e-05)
(8.73723e-05,-0.000192233)
(0.000138386,3.46559e-05)
(0.000236903,-0.000575006)
(0.000353804,3.95129e-05)
(0.000634941,-0.00182041)
(0.000808508,-0.000213511)
(0.00162311,-0.00623273)
(0.00118143,-0.00241649)
(0.00359222,-0.0237275)
(-0.00315588,-0.0164813)
(0.00431724,-0.102791)
(-0.0449598,-0.0632147)
(-0.0271182,-0.448808)
(-0.0725002,0.0504856)
(-0.103736,0.173592)
(3.65438e-07,7.17432e-08)
(5.65688e-07,-6.9327e-07)
(8.88538e-07,1.74168e-07)
(1.31587e-06,-1.60797e-06)
(1.70132e-06,3.23018e-07)
(2.53245e-06,-2.98734e-06)
(3.00332e-06,5.36096e-07)
(4.41909e-06,-5.03635e-06)
(4.91725e-06,7.84161e-07)
(7.23315e-06,-7.91086e-06)
(7.48714e-06,9.83027e-07)
(1.08877e-05,-1.14419e-05)
(1.02288e-05,9.74482e-07)
(1.47599e-05,-1.48241e-05)
(1.20239e-05,5.60164e-07)
(1.72228e-05,-1.65214e-05)
(1.12722e-05,-2.25039e-07)
(1.60016e-05,-1.47156e-05)
(6.94866e-06,-6.65652e-07)
(9.7596e-06,-8.67703e-06)
(8.69585e-07,1.95273e-07)
(1.29253e-06,-1.63018e-06)
(2.10484e-06,4.50097e-07)
(3.13434e-06,-3.86519e-06)
(4.13676e-06,9.0659e-07)
(6.13111e-06,-7.35058e-06)
(7.52879e-06,1.56944e-06)
(1.11705e-05,-1.28821e-05)
(1.29225e-05,2.5353e-06)
(1.90234e-05,-2.10286e-05)
(2.0514e-05,3.59507e-06)
(3.00211e-05,-3.16703e-05)
(2.93715e-05,4.17877e-06)
(4.2639e-05,-4.28298e-05)
(3.61344e-05,3.30484e-06)
(5.20236e-05,-4.9715e-05)
(3.5199e-05,4.80719e-07)
(5.00551e-05,-4.55907e-05)
(2.20805e-05,-2.04336e-06)
(3.09681e-05,-2.70529e-05)
(1.58172e-06,4.0048e-07)
(2.40785e-06,-3.12919e-06)
(3.96723e-06,1.03343e-06)
(5.96789e-06,-7.56931e-06)
(8.1893e-06,2.11339e-06)
(1.22655e-05,-1.49978e-05)
(1.57332e-05,4.08093e-06)
(2.34494e-05,-2.75295e-05)
(2.86325e-05,7.28118e-06)
(4.24869e-05,-4.75527e-05)
(4.85946e-05,1.17217e-05)
(7.16032e-05,-7.61465e-05)
(7.44783e-05,1.60253e-05)
(0.000109001,-0.000109755)
(9.7973e-05,1.62409e-05)
(0.000142052,-0.000135255)
(0.000100461,7.48961e-06)
(0.000143767,-0.000129421)
(6.41915e-05,-5.68447e-06)
(8.98375e-05,-7.66971e-05)
(2.68379e-06,7.88231e-07)
(4.07848e-06,-5.45952e-06)
(6.93342e-06,2.08019e-06)
(1.04912e-05,-1.36953e-05)
(1.50275e-05,4.69656e-06)
(2.26585e-05,-2.84928e-05)
(3.08312e-05,9.90927e-06)
(4.63481e-05,-5.55806e-05)
(6.04625e-05,1.977e-05)
(9.03952e-05,-0.000102853)
(0.000111332,3.63454e-05)
(0.000165556,-0.000177813)
(0.000186232,5.84861e-05)
(0.000275233,-0.000278023)
(0.000266658,7.34889e-05)
(0.000390909,-0.000370672)
(0.000292067,5.12391e-05)
(0.000422158,-0.000375459)
(0.000187014,-1.56602e-05)
(0.000261321,-0.000216937)
(4.17155e-06,1.41117e-06)
(6.39864e-06,-8.91443e-06)
(1.12491e-05,3.96524e-06)
(1.71767e-05,-2.32372e-05)
(2.59077e-05,9.61397e-06)
(3.94649e-05,-5.11683e-05)
(5.73295e-05,2.24534e-05)
(8.69081e-05,-0.000107004)
(0.000122628,5.05326e-05)
(0.000185081,-0.000214695)
(0.000249184,0.000107397)
(0.00037437,-0.000406564)
(0.000463999,0.000205111)
(0.000693997,-0.000702548)
(0.000740601,0.000318231)
(0.00110171,-0.0010382)
(0.000881763,0.000301058)
(0.00129649,-0.00113789)
(0.000540798,-4.23313e-05)
(0.000753985,-0.000604827)
(5.97508e-06,2.27717e-06)
(9.22104e-06,-1.34423e-05)
(1.68024e-05,6.7535e-06)
(2.59357e-05,-3.65794e-05)
(4.13812e-05,1.78799e-05)
(6.36195e-05,-8.57165e-05)
(9.94868e-05,4.64901e-05)
(0.000152336,-0.000193642)
(0.000235122,0.000119507)
(0.000358448,-0.000425467)
(0.000536893,0.000297192)
(0.000815645,-0.000895895)
(0.00114208,0.00068502)
(0.00173116,-0.00174977)
(0.00210177,0.00133548)
(0.00318396,-0.00296257)
(0.00280829,0.00170096)
(0.00424216,-0.00366127)
(0.00145688,-0.000103468)
(0.00202563,-0.00155028)
(7.62056e-06,3.18945e-06)
(1.18931e-05,-1.82525e-05)
(2.24508e-05,1.00673e-05)
(3.50042e-05,-5.19977e-05)
(5.91947e-05,2.90482e-05)
(9.20125e-05,-0.000130096)
(0.00015559,8.47715e-05)
(0.000240787,-0.000319025)
(0.000411118,0.000250966)
(0.000633457,-0.00077415)
(0.0010776,0.000742155)
(0.00165496,-0.00183884)
(0.00271003,0.00211417)
(0.00416043,-0.00416554)
(0.00606171,0.00536128)
(0.00935709,-0.00847232)
(0.00971448,0.0096081)
(0.0152411,-0.0128123)
(0.00284112,-0.000158423)
(0.00392717,-0.00269883)
(8.30615e-06,3.70545e-06)
(1.31117e-05,-2.1454e-05)
(2.54866e-05,1.23255e-05)
(4.02387e-05,-6.38309e-05)
(7.16238e-05,3.8681e-05)
(0.000112759,-0.000170295)
(0.000205398,0.000126082)
(0.000321823,-0.00045285)
(0.000610696,0.000431774)
(0.000951237,-0.00121539)
(0.00187574,0.00154099)
(0.00290628,-0.0032827)
(0.00583314,0.0055963)
(0.00902211,-0.00883633)
(0.0172819,0.0195615)
(0.0269603,-0.0230333)
(0.0382722,0.0547897)
(0.0624552,-0.0499895)
(-0.00460885,0.000640347)
(-0.00657494,0.00724534)
(7.14151e-06,3.26005e-06)
(1.14555e-05,-2.01812e-05)
(2.24921e-05,1.12219e-05)
(3.60971e-05,-6.23752e-05)
(6.5724e-05,3.69226e-05)
(0.000105309,-0.000175509)
(0.000200016,0.000129978)
(0.000318895,-0.000498525)
(0.000652768,0.000501081)
(0.00103137,-0.00145014)
(0.00233562,0.00214021)
(0.00364245,-0.00434483)
(0.00934735,0.0101541)
(0.0143677,-0.0136464)
(0.0419501,0.0529938)
(0.0638936,-0.0470715)
(0.168875,0.275943)
(0.269441,-0.175841)
(-0.0966358,0.0122048)
(-0.137209,0.142782)
(4.032e-06,1.79137e-06)
(6.57011e-06,-1.25414e-05)
(1.25588e-05,5.97694e-06)
(2.05649e-05,-3.96106e-05)
(3.55322e-05,1.83672e-05)
(5.86027e-05,-0.000114352)
(0.000100293,5.70948e-05)
(0.00016683,-0.000330799)
(0.00027908,0.000177253)
(0.000468954,-0.000948351)
(0.0007133,0.00052045)
(0.00121576,-0.00252628)
(0.0012331,0.0011909)
(0.00217581,-0.00480946)
(-0.00339601,-0.000377316)
(-0.00525396,0.0088372)
(-0.0667591,-0.0128638)
(-0.104669,0.181996)
(0.0421257,-0.00889796)
(0.0617192,-0.088998)
