          1
          1
          1
          1
          1
          1
          1
          1
          1
          1
          1
          1
          1
          1
          1
          1
          1
          1
          1
          1
          1
          1
          1
          1
          1
          1
          1
          1
          1
          1
          1
          1
          1
          1
          1
          1
          1
          1
          1
          1
          1
          1
          1
          1
          1
          1
          1
          1
          1
          1
          1
          1
          1
          1
          1
          1
          1
          1
          1
          1
          1
          1
          1
          1
          1
          1
          1
          1
          1
          1
          1
          1
          1
          1
          1
          1
          1
          1
          1
          1
          1
          1
          1
          1
          1
          1
          1
          1
          1
          1
          1
          1
          1
          1
          1
          1
          1
          1
          1
          1
          1
          1
          1
          1
          1
          1
          1
          1
          1
          1
          1
          1
          1
          1
          1
          1
          1
          1
          1
          1
          1
          1
          1
          1
   0.999999
   0.999999
          1
          1
          1
          1
          1
          1
          1
   0.999715
   0.877861
   0.877819
   0.999716
          1
          1
          1
          1
          1
   0.999999
   0.877955
 0.00311626
 0.00311418
   0.877815
   0.999999
          1
          1
          1
          1
   0.999999
   0.877977
 0.00311747
  0.0031118
   0.878273
   0.999999
          1
          1
          1
          1
          1
   0.999715
   0.877852
   0.878182
   0.999714
          1
          1
          1
          1
          1
          1
          1
   0.999999
   0.999999
          1
          1
          1
          1
          1
          1
          1
          1
          1
          1
          1
          1
          1
          1
          1
          1
          1
          1
          1
          1
          1
          1
          1
          1
          1
          1
          1
          1
          1
          1
          1
          1
          1
          1
          1
          1
          1
          1
   0.999999
   0.999999
          1
          1
          1
          1
          1
          1
          1
   0.999996
   0.990017
   0.990009
   0.999996
          1
          1
          1
          1
          1
   0.999996
   0.736158
5.69701e-08
5.69938e-08
   0.735156
   0.999996
          1
          1
          1
   0.999999
   0.990013
 5.6968e-08
1.26934e-12
1.27009e-12
 5.7005e-08
   0.990052
   0.999999
          1
          1
   0.999999
   0.990005
5.69665e-08
1.26829e-12
1.27146e-12
5.69896e-08
    0.98992
   0.999999
          1
          1
          1
   0.999996
   0.735679
5.69611e-08
5.69764e-08
   0.735939
   0.999996
          1
          1
          1
          1
          1
   0.999996
   0.990005
   0.989915
   0.999996
          1
          1
          1
          1
          1
          1
          1
   0.999999
   0.999999
          1
          1
          1
          1
          1
          1
          1
          1
          1
          1
          1
          1
          1
          1
          1
          1
          1
          1
          1
          1
          1
          1
          1
          1
          1
          1
          1
   0.999732
   0.883939
   0.883888
   0.999732
          1
          1
          1
          1
          1
   0.999997
   0.797942
5.44519e-08
5.44278e-08
   0.797279
   0.999997
          1
          1
          1
   0.999732
   0.798529
1.03982e-05
7.15912e-06
7.15885e-06
1.04131e-05
   0.798498
   0.999733
          1
          1
   0.884114
5.44303e-08
7.15584e-06
0.000122529
0.000122546
7.15505e-06
5.44068e-08
    0.88396
          1
          1
    0.88406
5.44737e-08
7.15719e-06
0.000122425
0.000122531
7.16188e-06
5.44429e-08
   0.884352
          1
          1
   0.999732
   0.797597
1.04029e-05
7.16041e-06
7.16521e-06
1.03682e-05
   0.799225
   0.999731
          1
          1
          1
   0.999997
   0.796744
5.44944e-08
5.44643e-08
    0.79838
   0.999997
          1
          1
          1
          1
          1
   0.999731
   0.883897
   0.884182
    0.99973
          1
          1
          1
          1
          1
          1
          1
          1
          1
          1
          1
          1
          1
          1
          1
          1
          1
          1
          1
          1
          1
          1
          1
          1
          1
   0.999999
   0.889026
 0.00339408
 0.00339539
   0.888884
   0.999999
          1
          1
          1
   0.999999
   0.990563
 5.5251e-08
1.13579e-12
1.13485e-12
5.52772e-08
     0.9906
   0.999999
          1
          1
   0.889128
5.52303e-08
6.89946e-06
0.000118319
0.000118238
 6.8985e-06
5.52448e-08
   0.888963
          1
          1
 0.00339616
1.13485e-12
 0.00011829
   0.984522
   0.984524
0.000118185
1.13308e-12
 0.00339952
          1
          1
 0.00339586
1.13471e-12
0.000118255
   0.984524
   0.984522
0.000118269
1.13536e-12
  0.0033948
          1
          1
   0.889099
5.52353e-08
6.90196e-06
0.000118301
0.000118328
6.90424e-06
5.52378e-08
   0.889289
          1
          1
   0.999999
    0.99054
 5.5262e-08
1.13616e-12
1.13748e-12
5.52714e-08
   0.990496
   0.999999
          1
          1
          1
   0.999999
   0.889046
 0.00339254
 0.00338984
   0.889234
   0.999999
          1
          1
          1
          1
          1
          1
          1
          1
          1
          1
          1
          1
          1
          1
          1
          1
          1
          1
          1
          1
          1
          1
          1
          1
   0.999999
    0.88911
 0.00339228
 0.00339269
   0.888982
   0.999999
          1
          1
          1
   0.999999
   0.990543
5.52714e-08
1.13652e-12
 1.1361e-12
5.52611e-08
   0.990565
   0.999999
          1
          1
   0.889176
 5.5235e-08
6.90135e-06
0.000118317
0.000118301
6.90089e-06
5.52333e-08
   0.889026
          1
          1
 0.00339691
1.13451e-12
0.000118255
   0.984521
   0.984524
0.000118253
1.13423e-12
  0.0033971
          1
          1
 0.00340074
1.13264e-12
0.000118191
   0.984524
   0.984522
0.000118282
1.13491e-12
 0.00339595
          1
          1
   0.888882
5.52387e-08
6.89577e-06
0.000118241
0.000118313
6.90052e-06
5.52373e-08
   0.889077
          1
          1
   0.999999
   0.990637
5.52702e-08
1.13403e-12
  1.136e-12
5.52586e-08
   0.990574
   0.999999
          1
          1
          1
   0.999999
   0.888785
 0.00339762
  0.0033935
   0.888974
   0.999999
          1
          1
          1
          1
          1
          1
          1
          1
          1
          1
          1
          1
          1
          1
          1
          1
          1
          1
          1
          1
          1
          1
          1
          1
          1
   0.999731
   0.884043
   0.883922
   0.999732
          1
          1
          1
          1
          1
   0.999997
   0.798345
5.44355e-08
5.44836e-08
   0.796869
   0.999997
          1
          1
          1
   0.999732
   0.799097
1.03839e-05
7.16209e-06
7.16001e-06
1.04049e-05
   0.798053
   0.999732
          1
          1
   0.884241
5.44135e-08
7.15893e-06
0.000122582
0.000122446
7.15623e-06
5.44624e-08
   0.884015
          1
          1
   0.883934
5.43845e-08
7.15231e-06
0.000122583
0.000122529
7.15676e-06
5.44305e-08
    0.88415
          1
          1
   0.999733
   0.798285
1.04226e-05
7.15534e-06
7.16018e-06
1.03931e-05
   0.799005
   0.999732
          1
          1
          1
   0.999997
   0.797513
5.44049e-08
5.44521e-08
     0.7983
   0.999997
          1
          1
          1
          1
          1
   0.999733
   0.883778
   0.884002
   0.999732
          1
          1
          1
          1
          1
          1
          1
          1
          1
          1
          1
          1
          1
          1
          1
          1
          1
          1
          1
          1
          1
          1
          1
          1
          1
          1
          1
   0.999999
   0.999999
          1
          1
          1
          1
          1
          1
          1
   0.999996
   0.989965
   0.989997
   0.999996
          1
          1
          1
          1
          1
   0.999996
   0.735802
5.69814e-08
5.69601e-08
   0.735547
   0.999996
          1
          1
          1
   0.999999
   0.989965
5.69966e-08
1.27134e-12
1.26867e-12
5.69662e-08
   0.990018
   0.999999
          1
          1
   0.999999
   0.990062
5.69986e-08
1.26978e-12
1.26987e-12
5.69704e-08
   0.989996
   0.999999
          1
          1
          1
   0.999997
    0.73492
5.69876e-08
5.69717e-08
   0.736168
   0.999996
          1
          1
          1
          1
          1
   0.999997
   0.990048
   0.989992
   0.999996
          1
          1
          1
          1
          1
          1
          1
   0.999999
   0.999999
          1
          1
          1
          1
          1
          1
          1
          1
          1
          1
          1
          1
          1
          1
          1
          1
          1
          1
          1
          1
          1
          1
          1
          1
          1
          1
          1
          1
          1
          1
          1
          1
          1
          1
          1
          1
          1
          1
   0.999999
   0.999999
          1
          1
          1
          1
          1
          1
          1
   0.999715
   0.878015
   0.877888
   0.999715
          1
          1
          1
          1
          1
   0.999999
   0.878124
 0.00311238
 0.00311673
   0.877946
   0.999999
          1
          1
          1
          1
   0.999999
   0.877798
 0.00311505
 0.00311507
   0.878039
   0.999999
          1
          1
          1
          1
          1
   0.999716
   0.877731
   0.877978
   0.999715
          1
          1
          1
          1
          1
          1
          1
   0.999999
   0.999999
          1
          1
          1
          1
          1
          1
          1
          1
          1
          1
          1
          1
          1
          1
          1
          1
          1
          1
          1
          1
          1
          1
          1
          1
          1
          1
          1
          1
          1
          1
          1
          1
          1
          1
          1
          1
          1
          1
          1
          1
          1
          1
          1
          1
          1
          1
          1
          1
          1
          1
          1
          1
          1
          1
          1
          1
          1
          1
          1
          1
          1
          1
          1
          1
          1
          1
          1
          1
          1
          1
          1
          1
          1
          1
          1
          1
          1
          1
          1
          1
          1
          1
          1
          1
          1
          1
          1
          1
          1
          1
          1
          1
          1
          1
          1
          1
          1
          1
          1
          1
          1
          1
          1
          1
          1
          1
          1
          1
          1
          1
          1
          1
          1
          1
          1
          1
          1
          1
          1
          1
          1
          1
          1
          1
